	mass A		
t	x	y	
0.000000E0	-1.597147E-2	1.253174E-2
2.000000E-2	1.132617E-1	8.314579E-2
4.000000E-2	3.678385E-1	3.310588E-1
6.000000E-2	5.208901E-1	5.682224E-1
8.000000E-2	9.655108E-1	4.862095E-1
1.000000E-1	1.406306E0	4.877719E-1
1.200000E-1	1.636140E0	3.762523E-1
1.400000E-1	2.049914E0	4.837646E-1
1.600000E-1	2.708211E0	8.109773E-1
1.800000E-1	3.411360E0	1.209137E0
2.000000E-1	3.782628E0	1.649739E0
2.200000E-1	3.997880E0	1.811610E0
2.400000E-1	4.038984E0	2.111672E0
2.600000E-1	4.120827E0	2.173508E0
2.800000E-1	4.291858E0	1.679091E0
3.000000E-1	4.463771E0	1.243389E0
3.200000E-1	4.689354E0	1.032365E0
3.400000E-1	4.751296E0	1.043264E0
3.600000E-1	4.751754E0	1.000940E0
3.800000E-1	4.730295E0	1.049216E0
4.000000E-1	4.736411E0	1.278653E0
4.200000E-1	4.898072E0	1.220081E0
4.400000E-1	5.192287E0	1.096018E0
4.600000E-1	5.174296E0	8.182342E-1
4.800000E-1	5.212724E0	4.390387E-1
5.000000E-1	5.215560E0	5.036495E-1
5.200000E-1	5.216027E0	5.727572E-1
5.400000E-1	5.205529E0	5.872363E-1
5.600000E-1	5.259443E0	5.766000E-1
5.800000E-1	5.255298E0	6.004969E-1
6.000000E-1	5.263710E0	6.085245E-1
6.200000E-1	5.308064E0	5.023287E-1
6.400000E-1	5.372600E0	3.322884E-1
6.600000E-1	5.528853E0	4.952162E-1
6.800000E-1	5.669642E0	5.291342E-1
7.000000E-1	5.881419E0	4.422104E-1
7.200000E-1	6.075019E0	6.240395E-1
7.400000E-1	6.227781E0	9.466693E-1
7.600000E-1	6.263552E0	1.139706E0
7.800000E-1	6.252493E0	1.090122E0
8.000000E-1	6.213969E0	1.236420E0
8.200000E-1	6.318640E0	1.441123E0
8.400000E-1	6.546045E0	1.079536E0
8.600000E-1	6.770776E0	5.105337E-1
8.800000E-1	6.741620E0	4.567239E-1
9.000000E-1	6.877454E0	7.051016E-1
9.200000E-1	7.102549E0	7.991042E-1
9.400000E-1	7.087088E0	9.463884E-1
9.600000E-1	7.143270E0	1.224268E0
9.800000E-1	7.244934E0	1.482844E0
1.000000E0	7.358614E0	1.835305E0
1.020000E0	7.405207E0	1.827372E0
1.040000E0	7.473396E0	1.847177E0
1.060000E0	7.697065E0	1.947033E0
1.080000E0	7.960603E0	2.199369E0
1.100000E0	8.304342E0	2.234599E0
1.120000E0	8.764081E0	2.195300E0
1.140000E0	9.010131E0	1.731275E0
1.160000E0	9.180849E0	1.361323E0
1.180000E0	9.422320E0	1.404264E0
1.200000E0	9.478042E0	1.784859E0
1.220000E0	9.333173E0	2.515089E0
1.240000E0	9.304203E0	3.079951E0
1.260000E0	9.537179E0	3.344983E0
1.280000E0	9.867832E0	3.350397E0
1.300000E0	1.000024E1	2.832148E0
1.320000E0	1.017468E1	2.300364E0
1.340000E0	1.032073E1	2.017044E0
1.360000E0	1.032100E1	2.016481E0
1.380000E0	1.034299E1	2.021339E0
1.400000E0	1.031071E1	2.056284E0
1.420000E0	1.028807E1	2.173586E0
1.440000E0	1.027292E1	2.228881E0
1.460000E0	1.036926E1	2.075384E0
1.480000E0	1.036547E1	1.763293E0
1.500000E0	1.043111E1	1.507513E0
1.520000E0	1.044840E1	1.175675E0
1.540000E0	1.054878E1	1.149803E0
1.560000E0	1.071698E1	1.149270E0
1.580000E0	1.082384E1	9.028707E-1
1.600000E0	1.091376E1	8.013066E-1
1.620000E0	1.099544E1	8.858087E-1
1.640000E0	1.105240E1	1.154110E0
1.660000E0	1.107102E1	1.077627E0
1.680000E0	1.111323E1	1.226450E0
1.700000E0	1.115011E1	1.499758E0
1.720000E0	1.140792E1	1.593563E0
1.740000E0	1.159921E1	1.417758E0
1.760000E0	1.177546E1	1.380231E0
1.780000E0	1.207574E1	1.547801E0
1.800000E0	1.234579E1	1.650276E0
1.820000E0	1.235630E1	1.598129E0
1.840000E0	1.226859E1	1.713894E0
1.860000E0	1.228471E1	2.117569E0
1.880000E0	1.234120E1	2.436800E0
1.900000E0	1.239418E1	2.273442E0
1.920000E0	1.261260E1	2.134146E0
1.940000E0	1.261274E1	2.286391E0
1.960000E0	1.294297E1	2.587311E0
1.980000E0	1.343753E1	2.609465E0
2.000000E0	1.388912E1	2.433624E0
2.020000E0	1.423399E1	2.295121E0
2.040000E0	1.409869E1	2.555659E0
2.060000E0	1.378642E1	3.311818E0
2.080000E0	1.330654E1	4.061400E0
2.100000E0	1.275736E1	4.608186E0
2.120000E0	1.269355E1	4.468306E0
2.140000E0	1.315810E1	3.751084E0
2.160000E0	1.373607E1	2.956770E0
2.180000E0	1.422024E1	2.238462E0
2.200000E0	1.454991E1	2.278557E0
2.220000E0	1.452392E1	2.980406E0
2.240000E0	1.421227E1	3.551690E0
2.260000E0	1.418581E1	4.166250E0
2.280000E0	1.430837E1	4.208586E0
2.300000E0	1.464234E1	3.963226E0
2.320000E0	1.483608E1	3.444346E0
2.340000E0	1.498519E1	2.857576E0
2.360000E0	1.510585E1	2.500938E0
2.380000E0	1.512836E1	2.510350E0
2.400000E0	1.514630E1	2.271897E0
2.420000E0	1.522728E1	2.180405E0
2.440000E0	1.551770E1	2.277412E0
2.460000E0	1.569054E1	2.142930E0
2.480000E0	1.599798E1	1.876916E0
2.500000E0	1.601761E1	1.746201E0
2.520000E0	1.600226E1	1.765877E0
2.540000E0	1.592559E1	1.723927E0
2.560000E0	1.595931E1	1.870784E0
2.580000E0	1.591941E1	2.049804E0
2.600000E0	1.605496E1	1.915869E0
2.620000E0	1.625022E1	1.655787E0
2.640000E0	1.637726E1	1.555285E0
2.660000E0	1.662022E1	1.535215E0
2.680000E0	1.674978E1	1.528371E0
2.700000E0	1.682174E1	1.436260E0
2.720000E0	1.685292E1	1.445638E0
2.740000E0	1.688582E1	1.862500E0
2.760000E0	1.693414E1	2.091982E0
2.780000E0	1.702033E1	2.249486E0
2.800000E0	1.707311E1	2.332438E0
2.820000E0	1.719063E1	2.628292E0
2.840000E0	1.742144E1	2.943513E0
2.860000E0	1.777776E1	3.145703E0
2.880000E0	1.807500E1	2.947535E0
2.900000E0	1.843959E1	2.716374E0
2.920000E0	1.858902E1	2.881044E0
2.940000E0	1.849905E1	3.173158E0
2.960000E0	1.822881E1	3.655195E0
2.980000E0	1.800043E1	4.117712E0
3.000000E0	1.804005E1	4.140633E0
3.020000E0	1.836623E1	3.567286E0
3.040000E0	1.898314E1	2.927863E0
3.060000E0	1.966117E1	2.769095E0
3.080000E0	1.993049E1	3.021598E0
3.100000E0	1.984840E1	3.577161E0
3.120000E0	1.926335E1	4.753617E0
3.140000E0	1.847678E1	6.005403E0
3.160000E0	1.836277E1	6.613533E0
3.180000E0	1.860479E1	5.745448E0
3.200000E0	1.911377E1	4.267309E0
3.220000E0	1.938241E1	3.424328E0
3.240000E0	1.968921E1	3.445998E0
3.260000E0	1.988884E1	3.595866E0
3.280000E0	1.992973E1	3.446305E0
3.300000E0	2.014830E1	3.080359E0
3.320000E0	2.042184E1	3.285846E0
3.340000E0	2.081338E1	3.861598E0
3.360000E0	2.114686E1	3.774268E0
3.380000E0	2.133269E1	3.328063E0
3.400000E0	2.143280E1	2.469881E0
3.420000E0	2.153530E1	2.277983E0
3.440000E0	2.154936E1	2.591046E0
3.460000E0	2.152325E1	3.019917E0
3.480000E0	2.153449E1	3.004017E0
3.500000E0	2.187332E1	2.813580E0
3.520000E0	2.222826E1	2.557175E0
3.540000E0	2.258298E1	2.427490E0
3.560000E0	2.267089E1	2.267323E0
3.580000E0	2.245041E1	2.004461E0
3.600000E0	2.228298E1	1.957964E0
3.620000E0	2.237081E1	2.448306E0
3.640000E0	2.234927E1	2.776552E0
3.660000E0	2.235535E1	2.815773E0
3.680000E0	2.235150E1	2.799469E0
3.700000E0	2.241259E1	2.893227E0
3.720000E0	2.246538E1	3.073267E0
3.740000E0	2.247137E1	2.996235E0
3.760000E0	2.254736E1	2.594893E0
3.780000E0	2.265543E1	2.380366E0
3.800000E0	2.267374E1	2.496389E0
3.820000E0	2.268616E1	2.662248E0
3.840000E0	2.266909E1	2.928069E0
3.860000E0	2.261125E1	3.076848E0
3.880000E0	2.281401E1	3.302140E0
3.900000E0	2.302275E1	3.436698E0
3.920000E0	2.333647E1	3.453559E0
3.940000E0	2.363213E1	3.461298E0
3.960000E0	2.368175E1	3.507107E0
3.980000E0	2.369303E1	4.037917E0
4.000000E0	2.334086E1	4.718699E0
4.020000E0	2.311138E1	5.095388E0
4.040000E0	2.336084E1	4.568800E0
4.060000E0	2.366216E1	3.651707E0
4.080000E0	2.390783E1	3.450513E0
4.100000E0	2.396308E1	4.022674E0
4.120000E0	2.393957E1	4.361215E0
4.140000E0	2.389118E1	4.422467E0
4.160000E0	2.400997E1	4.394273E0
4.180000E0	2.405971E1	4.452711E0
4.200000E0	2.440937E1	4.452098E0
4.220000E0	2.442138E1	4.104142E0
4.240000E0	2.459881E1	3.519788E0
4.260000E0	2.485385E1	3.069037E0
4.280000E0	2.508693E1	3.159979E0
4.300000E0	2.520246E1	3.277472E0
4.320000E0	2.516880E1	3.049093E0
4.340000E0	2.529672E1	2.802802E0
4.360000E0	2.548237E1	3.224040E0
4.380000E0	2.578421E1	3.523408E0
4.400000E0	2.630664E1	3.535725E0
4.420000E0	2.689716E1	3.310890E0
4.440000E0	2.703514E1	3.207700E0
4.460000E0	2.706970E1	3.004660E0
4.480000E0	2.687628E1	2.610623E0
4.500000E0	2.675041E1	2.825283E0
4.520000E0	2.679140E1	3.299470E0
4.540000E0	2.672497E1	3.380895E0
4.560000E0	2.671152E1	3.396921E0
4.580000E0	2.674225E1	3.526336E0
4.600000E0	2.687840E1	3.877213E0
4.620000E0	2.701059E1	3.954712E0
4.640000E0	2.716543E1	3.391649E0
4.660000E0	2.728669E1	2.613917E0
4.680000E0	2.719938E1	2.235515E0
4.700000E0	2.715085E1	2.564974E0
4.720000E0	2.714187E1	3.168458E0
4.740000E0	2.707086E1	3.275786E0
4.760000E0	2.719668E1	3.000567E0
4.780000E0	2.716350E1	2.973604E0
4.800000E0	2.720899E1	2.997089E0
4.820000E0	2.720340E1	2.997521E0
4.840000E0	2.720824E1	2.995820E0
4.860000E0	2.728308E1	3.226950E0
4.880000E0	2.719930E1	3.471305E0
4.900000E0	2.722666E1	3.518960E0
4.920000E0	2.731410E1	3.771511E0
4.940000E0	2.732312E1	4.083461E0
4.960000E0	2.734533E1	4.415498E0
4.980000E0	2.734132E1	4.517968E0
5.000000E0	2.735565E1	4.549149E0
5.020000E0	2.742648E1	4.536445E0
5.040000E0	2.747605E1	4.524745E0
5.060000E0	2.766062E1	4.161820E0
5.080000E0	2.781802E1	3.500556E0
5.100000E0	2.804547E1	3.439823E0
5.120000E0	2.822723E1	3.512666E0
5.140000E0	2.829617E1	3.685858E0
5.160000E0	2.832182E1	3.725268E0
5.180000E0	2.861558E1	3.921748E0
5.200000E0	2.859047E1	4.101864E0
5.220000E0	2.862873E1	4.267400E0
5.240000E0	2.857714E1	4.381660E0
5.260000E0	2.882237E1	4.113418E0
5.280000E0	2.918169E1	3.687635E0
5.300000E0	2.947365E1	3.451233E0
5.320000E0	2.962002E1	3.392461E0
5.340000E0	2.961921E1	3.299621E0
5.360000E0	2.945797E1	3.142914E0
5.380000E0	2.951531E1	3.505179E0
5.400000E0	2.981858E1	4.017863E0
5.420000E0	3.029788E1	4.371359E0
5.440000E0	3.066868E1	4.559525E0
5.460000E0	3.096468E1	4.761670E0
5.480000E0	3.119581E1	4.982371E0
5.500000E0	3.158603E1	5.011901E0
5.520000E0	3.177600E1	4.532392E0
5.540000E0	3.197454E1	3.770085E0
5.560000E0	3.237566E1	3.298057E0
5.580000E0	3.235874E1	3.287038E0
5.600000E0	3.220051E1	3.553139E0
5.620000E0	3.218016E1	3.995185E0
5.640000E0	3.220899E1	4.159046E0
5.660000E0	3.234692E1	4.105242E0
5.680000E0	3.240692E1	3.811948E0
5.700000E0	3.249420E1	3.474500E0
5.720000E0	3.240087E1	3.278562E0
5.740000E0	3.237576E1	3.393781E0
5.760000E0	3.239457E1	3.784677E0
5.780000E0	3.226028E1	3.777368E0
5.800000E0	3.228326E1	3.709115E0
5.820000E0	3.229104E1	3.720190E0
5.840000E0	3.230377E1	3.727861E0
5.860000E0	3.231558E1	3.729991E0
5.880000E0	3.232023E1	3.722621E0
5.900000E0	3.232846E1	3.749567E0
5.920000E0	3.233437E1	3.742616E0
5.940000E0	3.236155E1	3.758840E0
5.960000E0	3.251860E1	3.721550E0
5.980000E0	3.281587E1	3.926405E0
6.000000E0	3.303923E1	4.120285E0
6.020000E0	3.319216E1	3.992762E0
6.040000E0	3.321428E1	4.060217E0
6.060000E0	3.329138E1	4.297921E0
6.080000E0	3.329217E1	4.431457E0
6.100000E0	3.334630E1	4.263853E0
6.120000E0	3.328559E1	4.222802E0
6.140000E0	3.329144E1	4.205276E0
6.160000E0	3.359092E1	4.105941E0
6.180000E0	3.387972E1	4.039436E0
6.200000E0	3.398050E1	4.127492E0
6.220000E0	3.417352E1	4.215020E0
6.240000E0	3.418652E1	4.391256E0
6.260000E0	3.400750E1	4.515701E0
6.280000E0	3.400286E1	4.537477E0
6.300000E0	3.404086E1	4.557934E0
6.320000E0	3.419176E1	4.589365E0
6.340000E0	3.442686E1	4.612743E0
6.360000E0	3.459879E1	4.506676E0
6.380000E0	3.479504E1	4.428394E0
6.400000E0	3.490619E1	4.400658E0
6.420000E0	3.547215E1	4.332822E0
6.440000E0	3.598282E1	4.590768E0
6.460000E0	3.605213E1	5.053150E0
6.480000E0	3.604210E1	5.527195E0
6.500000E0	3.602747E1	5.541620E0
6.520000E0	3.610533E1	4.808408E0
6.540000E0	3.627519E1	4.349666E0
6.560000E0	3.640607E1	4.321696E0
6.580000E0	3.645618E1	4.477595E0
6.600000E0	3.642025E1	4.443775E0
6.620000E0	3.643967E1	4.387453E0
6.640000E0	3.649889E1	4.634914E0
6.660000E0	3.642956E1	4.715916E0
6.680000E0	3.646030E1	4.595999E0
6.700000E0	3.647361E1	4.589496E0
6.720000E0	3.650382E1	4.479532E0
6.740000E0	3.647966E1	4.502672E0
6.760000E0	3.648151E1	4.548597E0
6.780000E0	3.646543E1	4.571293E0
6.800000E0	3.646646E1	4.542124E0
6.820000E0	3.647796E1	4.557171E0
6.840000E0	3.649164E1	4.528014E0
6.860000E0	3.653782E1	4.515943E0
6.880000E0	3.659677E1	4.391961E0
6.900000E0	3.667999E1	4.106041E0
6.920000E0	3.665425E1	4.082235E0
6.940000E0	3.664489E1	4.139843E0
6.960000E0	3.673338E1	4.345878E0
6.980000E0	3.669616E1	4.310950E0
7.000000E0	3.666822E1	4.586699E0
7.020000E0	3.679861E1	4.928351E0
7.040000E0	3.715596E1	4.931492E0
7.060000E0	3.742734E1	4.705798E0
7.080000E0	3.753378E1	4.495787E0
7.100000E0	3.760719E1	4.659451E0
7.120000E0	3.759487E1	4.765031E0
7.140000E0	3.756869E1	4.775280E0
7.160000E0	3.753403E1	4.764497E0
7.180000E0	3.749923E1	4.834286E0
7.200000E0	3.773442E1	4.970198E0
7.220000E0	3.810951E1	5.129876E0
7.240000E0	3.819914E1	5.498943E0
7.260000E0	3.837884E1	5.736134E0
7.280000E0	3.862179E1	5.934321E0
7.300000E0	3.896447E1	5.811925E0
7.320000E0	3.923498E1	5.552280E0
7.340000E0	3.911285E1	5.078899E0
7.360000E0	3.888527E1	5.023404E0
7.380000E0	3.869735E1	5.487357E0
7.400000E0	3.865980E1	5.714479E0
7.420000E0	3.877401E1	5.302224E0
7.440000E0	3.893628E1	4.794507E0
7.460000E0	3.906280E1	4.756088E0
7.480000E0	3.929895E1	5.374495E0
7.500000E0	3.952458E1	5.939252E0
7.520000E0	3.965889E1	6.139520E0
7.540000E0	3.964610E1	5.708832E0
7.560000E0	3.980799E1	5.115066E0
7.580000E0	3.981018E1	5.133883E0
7.600000E0	3.985327E1	5.261353E0
7.620000E0	3.984765E1	5.226319E0
7.640000E0	3.982617E1	4.998608E0
7.660000E0	3.984660E1	5.033363E0
7.680000E0	3.983089E1	5.111370E0
7.700000E0	3.984964E1	5.044347E0
7.720000E0	3.993100E1	4.748720E0
7.740000E0	3.995202E1	4.617611E0
7.760000E0	3.989765E1	4.431426E0
7.780000E0	3.997324E1	4.328973E0
7.800000E0	3.993930E1	4.308369E0
7.820000E0	3.994196E1	4.382353E0
7.840000E0	3.991588E1	4.363425E0
7.860000E0	3.995505E1	4.447610E0
7.880000E0	3.991523E1	4.694451E0
7.900000E0	4.003041E1	4.669374E0
7.920000E0	4.022748E1	4.392772E0
7.940000E0	4.029179E1	4.212449E0
7.960000E0	4.043819E1	4.252536E0
7.980000E0	4.057276E1	4.388888E0
8.000000E0	4.061115E1	4.355147E0
8.020000E0	4.063488E1	4.662773E0
8.040000E0	4.069513E1	5.305787E0
8.060000E0	4.085107E1	5.658542E0
8.080000E0	4.097534E1	5.765258E0
8.100000E0	4.105235E1	5.754219E0
8.120000E0	4.118995E1	5.896080E0
8.140000E0	4.131334E1	6.054383E0
8.160000E0	4.134733E1	6.078758E0
8.180000E0	4.150253E1	5.631576E0
8.200000E0	4.183880E1	5.432701E0
8.220000E0	4.220523E1	5.366420E0
8.240000E0	4.223313E1	5.382400E0
8.260000E0	4.219073E1	5.789118E0
8.280000E0	4.210271E1	6.230469E0
8.300000E0	4.216225E1	6.441477E0
8.320000E0	4.239338E1	6.592129E0
8.340000E0	4.259759E1	6.446127E0
8.360000E0	4.280396E1	6.171169E0
8.380000E0	4.275468E1	5.930820E0
8.400000E0	4.272425E1	5.890059E0
8.420000E0	4.266791E1	6.022558E0
8.440000E0	4.262771E1	5.878570E0
8.460000E0	4.263151E1	5.452045E0
8.480000E0	4.270664E1	5.388032E0
8.500000E0	4.272403E1	5.493650E0
8.520000E0	4.273073E1	5.758142E0
8.540000E0	4.280663E1	5.975250E0
8.560000E0	4.276160E1	5.908576E0
8.580000E0	4.277453E1	5.725769E0
8.600000E0	4.282233E1	5.432736E0
8.620000E0	4.299497E1	5.133650E0
8.640000E0	4.309283E1	4.958047E0
8.660000E0	4.313586E1	4.782438E0
8.680000E0	4.315218E1	4.729464E0
8.700000E0	4.314927E1	4.789296E0
8.720000E0	4.324007E1	5.010992E0
8.740000E0	4.324261E1	4.911609E0
8.760000E0	4.323249E1	4.916009E0
8.780000E0	4.320907E1	4.905299E0
8.800000E0	4.324208E1	4.636909E0
8.820000E0	4.331680E1	4.266845E0
8.840000E0	4.332286E1	4.328092E0
8.860000E0	4.341377E1	4.359403E0
8.880000E0	4.350145E1	4.339634E0
8.900000E0	4.348686E1	4.479443E0
8.920000E0	4.344741E1	5.001676E0
8.940000E0	4.343913E1	5.102928E0
8.960000E0	4.348926E1	4.857003E0
8.980000E0	4.349985E1	4.865497E0
9.000000E0	4.351728E1	5.113372E0
9.020000E0	4.361968E1	5.231648E0
9.040000E0	4.366296E1	5.297408E0
9.060000E0	4.392665E1	5.420199E0
9.080000E0	4.416804E1	5.574306E0
9.100000E0	4.433874E1	5.411716E0
9.120000E0	4.433592E1	5.457075E0
9.140000E0	4.417514E1	5.937421E0
9.160000E0	4.402310E1	6.369981E0
9.180000E0	4.410177E1	6.346253E0
9.200000E0	4.432747E1	5.685211E0
9.220000E0	4.455322E1	5.103518E0
9.240000E0	4.493842E1	5.256784E0
9.260000E0	4.515401E1	5.769229E0
9.280000E0	4.512724E1	6.277484E0
9.300000E0	4.487737E1	6.696123E0
9.320000E0	4.492046E1	6.923840E0
9.340000E0	4.499794E1	7.061900E0
9.360000E0	4.498671E1	7.224584E0
9.380000E0	4.503335E1	7.040712E0
9.400000E0	4.516307E1	6.493057E0
9.420000E0	4.528529E1	6.097728E0
9.440000E0	4.531098E1	6.085270E0
9.460000E0	4.534741E1	5.948015E0
9.480000E0	4.538805E1	5.490190E0
9.500000E0	4.543537E1	5.347915E0
9.520000E0	4.553067E1	5.368035E0
9.540000E0	4.565976E1	5.305259E0
9.560000E0	4.591199E1	5.272586E0
9.580000E0	4.632066E1	5.439491E0
9.600000E0	4.659122E1	5.703319E0
9.620000E0	4.665331E1	5.757161E0
9.640000E0	4.675368E1	5.673094E0
9.660000E0	4.672815E1	5.545848E0
9.680000E0	4.681233E1	5.359405E0
9.700000E0	4.691711E1	5.156685E0
9.720000E0	4.697040E1	4.991836E0
9.740000E0	4.696409E1	4.892923E0
9.760000E0	4.697309E1	4.920007E0
9.780000E0	4.695224E1	5.018123E0
9.800000E0	4.685641E1	5.230155E0
9.820000E0	4.679930E1	5.365947E0
9.840000E0	4.677278E1	5.299696E0
9.860000E0	4.672883E1	5.241000E0
9.880000E0	4.674948E1	5.379061E0
9.900000E0	4.677815E1	5.467554E0
9.920000E0	4.677466E1	5.450308E0
9.940000E0	4.685363E1	5.211031E0
9.960000E0	4.693264E1	5.159352E0
9.980000E0	4.692826E1	5.081278E0
1.000000E1	4.689355E1	5.047706E0
1.002000E1	4.683512E1	5.113893E0
1.004000E1	4.683984E1	5.183635E0
1.006000E1	4.689575E1	5.313818E0
1.008000E1	4.688983E1	5.381109E0
1.010000E1	4.701616E1	5.514100E0
1.012000E1	4.721633E1	5.668369E0
1.014000E1	4.732976E1	5.832511E0
1.016000E1	4.740354E1	6.156766E0
1.018000E1	4.708046E1	6.787784E0
1.020000E1	4.705648E1	7.036965E0
1.022000E1	4.716324E1	6.999524E0
1.024000E1	4.731514E1	6.560192E0
1.026000E1	4.735004E1	5.965133E0
1.028000E1	4.740985E1	6.027140E0
1.030000E1	4.748213E1	6.480761E0
1.032000E1	4.738915E1	6.522658E0
1.034000E1	4.749528E1	6.493183E0
1.036000E1	4.768007E1	6.495656E0
1.038000E1	4.781434E1	6.724909E0
1.040000E1	4.791907E1	6.723441E0
1.042000E1	4.791229E1	6.099739E0
1.044000E1	4.796029E1	5.577604E0
1.046000E1	4.797682E1	5.544826E0
1.048000E1	4.796598E1	5.655574E0
1.050000E1	4.789517E1	5.478897E0
1.052000E1	4.785286E1	5.456571E0
1.054000E1	4.791824E1	5.485850E0
1.056000E1	4.800521E1	5.481951E0
1.058000E1	4.840769E1	5.398951E0
1.060000E1	4.871105E1	5.284055E0
1.062000E1	4.893620E1	5.208457E0
1.064000E1	4.902506E1	5.145935E0
1.066000E1	4.901163E1	5.206249E0
1.068000E1	4.896398E1	5.337813E0
1.070000E1	4.897730E1	5.391228E0
1.072000E1	4.901242E1	5.414824E0
1.074000E1	4.900034E1	5.441892E0
1.076000E1	4.904963E1	5.488786E0
1.078000E1	4.906690E1	5.517449E0
1.080000E1	4.909939E1	5.506705E0
1.082000E1	4.917746E1	5.447015E0
1.084000E1	4.913530E1	5.325906E0
1.086000E1	4.909189E1	5.117891E0
1.088000E1	4.910283E1	5.099906E0
1.090000E1	4.906657E1	5.269090E0
1.092000E1	4.909437E1	5.333077E0
1.094000E1	4.911431E1	5.338412E0
1.096000E1	4.911314E1	5.369994E0
1.098000E1	4.913265E1	5.382021E0
1.100000E1	4.913659E1	5.401198E0
1.102000E1	4.913174E1	5.411443E0
1.104000E1	4.913436E1	5.446400E0
1.106000E1	4.911328E1	5.531832E0
1.108000E1	4.911897E1	5.525810E0
1.110000E1	4.911775E1	5.611906E0
1.112000E1	4.918222E1	5.736738E0
1.114000E1	4.919147E1	5.850565E0
1.116000E1	4.923821E1	6.086112E0
1.118000E1	4.929670E1	6.327045E0
1.120000E1	4.924067E1	6.365374E0
1.122000E1	4.925771E1	6.424422E0
1.124000E1	4.933954E1	6.405257E0
1.126000E1	4.940698E1	6.354515E0
1.128000E1	4.962759E1	6.139816E0
1.130000E1	4.965565E1	5.672084E0
1.132000E1	4.969174E1	5.622264E0
1.134000E1	4.984398E1	5.875170E0
1.136000E1	4.991102E1	6.264621E0
1.138000E1	5.002641E1	6.245046E0
1.140000E1	5.005140E1	6.398431E0
1.142000E1	5.012710E1	6.638384E0
1.144000E1	5.032720E1	6.439277E0
1.146000E1	5.042915E1	5.636636E0
1.148000E1	5.049358E1	5.171478E0
1.150000E1	5.060700E1	5.261308E0
1.152000E1	5.059065E1	5.315963E0
1.154000E1	5.047200E1	5.486343E0
1.156000E1	5.043431E1	5.665489E0
1.158000E1	5.045469E1	5.640416E0
1.160000E1	5.046780E1	5.732243E0
1.162000E1	5.059427E1	5.873475E0
1.164000E1	5.058920E1	5.909506E0
1.166000E1	5.067731E1	5.928107E0
1.168000E1	5.075097E1	5.642949E0
1.170000E1	5.077201E1	5.369932E0
1.172000E1	5.072716E1	5.390097E0
1.174000E1	5.067650E1	5.497618E0
1.176000E1	5.062270E1	5.549422E0
1.178000E1	5.058679E1	5.560478E0
1.180000E1	5.061253E1	5.559278E0
1.182000E1	5.060053E1	5.564062E0
1.184000E1	5.059259E1	5.528435E0
1.186000E1	5.059112E1	5.447447E0
1.188000E1	5.054839E1	5.400984E0
1.190000E1	5.052356E1	5.489554E0
1.192000E1	5.050972E1	5.558734E0
1.194000E1	5.050661E1	5.535089E0
1.196000E1	5.052049E1	5.583621E0
1.198000E1	5.053295E1	5.609065E0
1.200000E1	5.054536E1	5.595772E0
1.202000E1	5.054100E1	5.589670E0
1.204000E1	5.053892E1	5.585387E0
1.206000E1	5.053752E1	5.575446E0
1.208000E1	5.055176E1	5.574513E0
1.210000E1	5.055814E1	5.562928E0
1.212000E1	5.058061E1	5.567502E0
1.214000E1	5.071049E1	5.616935E0
1.216000E1	5.088278E1	5.596018E0
1.218000E1	5.105432E1	5.594124E0
1.220000E1	5.113384E1	5.691032E0
1.222000E1	5.119195E1	5.834912E0
1.224000E1	5.117036E1	5.878187E0
1.226000E1	5.121651E1	5.985695E0
1.228000E1	5.116787E1	6.143913E0
1.230000E1	5.118984E1	6.008182E0
1.232000E1	5.136682E1	5.687857E0
1.234000E1	5.159018E1	5.432394E0
1.236000E1	5.173397E1	5.583259E0
1.238000E1	5.187085E1	5.753980E0
1.240000E1	5.191558E1	5.788027E0
1.242000E1	5.184707E1	6.070361E0
1.244000E1	5.187556E1	6.330714E0
1.246000E1	5.192282E1	6.398942E0
1.248000E1	5.184613E1	6.316754E0
1.250000E1	5.181188E1	6.094944E0
1.252000E1	5.187354E1	6.002923E0
1.254000E1	5.206016E1	6.049297E0
1.256000E1	5.217530E1	5.838167E0
1.258000E1	5.236693E1	5.643445E0
1.260000E1	5.251565E1	5.582363E0
1.262000E1	5.246072E1	5.620686E0
1.264000E1	5.237155E1	6.029458E0
1.266000E1	5.235004E1	6.368052E0
1.268000E1	5.236866E1	6.364071E0
1.270000E1	5.243853E1	6.099919E0
1.272000E1	5.247586E1	5.725225E0
1.274000E1	5.249070E1	5.636566E0
1.276000E1	5.245447E1	5.679573E0
1.278000E1	5.243283E1	5.748828E0
1.280000E1	5.236446E1	5.772529E0
1.282000E1	5.237406E1	5.736422E0
1.284000E1	5.242553E1	5.773935E0
1.286000E1	5.243996E1	5.712902E0
1.288000E1	5.243579E1	5.651005E0
1.290000E1	5.242309E1	5.553440E0
1.292000E1	5.239263E1	5.561433E0
1.294000E1	5.237510E1	5.565677E0
1.296000E1	5.236982E1	5.572355E0
1.298000E1	5.240901E1	5.551481E0
1.300000E1	5.240566E1	5.560099E0
1.302000E1	5.244211E1	5.559299E0
1.304000E1	5.252558E1	5.418928E0
1.306000E1	5.250066E1	5.425583E0
1.308000E1	5.252648E1	5.521428E0
1.310000E1	5.254541E1	5.608815E0
1.312000E1	5.253734E1	5.614409E0
1.314000E1	5.251359E1	5.782901E0
1.316000E1	5.266611E1	5.918700E0
1.318000E1	5.284815E1	5.866356E0
1.320000E1	5.305215E1	5.665737E0
1.322000E1	5.310987E1	5.665913E0
1.324000E1	5.318417E1	5.752551E0
1.326000E1	5.325316E1	5.710257E0
1.328000E1	5.318069E1	5.841204E0
1.330000E1	5.309885E1	6.027050E0
1.332000E1	5.305152E1	6.035700E0
1.334000E1	5.302474E1	6.045519E0
1.336000E1	5.307894E1	6.226936E0
1.338000E1	5.309011E1	6.356180E0
1.340000E1	5.313229E1	6.460453E0
1.342000E1	5.341846E1	6.563791E0
1.344000E1	5.351462E1	6.573008E0
1.346000E1	5.353134E1	6.593053E0
1.348000E1	5.352341E1	6.519183E0
1.350000E1	5.343828E1	6.224231E0
1.352000E1	5.341649E1	6.107755E0
1.354000E1	5.343479E1	6.086626E0
1.356000E1	5.342747E1	6.005802E0
1.358000E1	5.340356E1	5.859388E0
1.360000E1	5.341167E1	5.887425E0
1.362000E1	5.342983E1	5.924016E0
1.364000E1	5.342811E1	5.962222E0
1.366000E1	5.342507E1	6.155897E0
1.368000E1	5.333791E1	6.293420E0
1.370000E1	5.333566E1	6.236481E0
1.372000E1	5.338193E1	6.159076E0
1.374000E1	5.339110E1	6.052132E0
1.376000E1	5.341275E1	5.924208E0
1.378000E1	5.338865E1	5.982924E0
1.380000E1	5.338715E1	6.005111E0
1.382000E1	5.338397E1	5.962334E0
1.384000E1	5.339616E1	6.000057E0
1.386000E1	5.340137E1	5.987859E0
1.388000E1	5.345634E1	5.980112E0
1.390000E1	5.349562E1	5.894399E0
1.392000E1	5.354997E1	5.573234E0
1.394000E1	5.351454E1	5.546284E0
1.396000E1	5.349268E1	5.655749E0
1.398000E1	5.346763E1	5.706419E0
1.400000E1	5.346212E1	5.666495E0
1.402000E1	5.343192E1	5.754719E0
1.404000E1	5.343541E1	5.822261E0
1.406000E1	5.354609E1	5.603618E0
1.408000E1	5.363637E1	5.288746E0
1.410000E1	5.373126E1	5.233361E0
1.412000E1	5.384274E1	5.260572E0
1.414000E1	5.388384E1	5.220090E0
1.416000E1	5.385926E1	5.476645E0
1.418000E1	5.386370E1	5.991754E0
1.420000E1	5.390646E1	6.168942E0
1.422000E1	5.388676E1	6.098424E0
1.424000E1	5.391504E1	6.162673E0
1.426000E1	5.398285E1	6.388205E0
1.428000E1	5.399609E1	6.446349E0
1.430000E1	5.413521E1	6.271450E0
1.432000E1	5.435401E1	5.978433E0
1.434000E1	5.459897E1	6.012894E0
1.436000E1	5.463627E1	6.111617E0
1.438000E1	5.464714E1	6.461764E0
1.440000E1	5.462024E1	6.756550E0
1.442000E1	5.474106E1	6.835410E0
1.444000E1	5.478920E1	7.052487E0
1.446000E1	5.478500E1	6.965107E0
1.448000E1	5.479486E1	6.644706E0
1.450000E1	5.478630E1	6.234651E0
1.452000E1	5.479038E1	6.208588E0
1.454000E1	5.469750E1	6.307536E0
1.456000E1	5.473875E1	6.105739E0
1.458000E1	5.473694E1	6.002657E0
1.460000E1	5.475750E1	6.111601E0
1.462000E1	5.474438E1	6.118709E0
1.464000E1	5.476788E1	6.172368E0
1.466000E1	5.475890E1	6.169116E0
1.468000E1	5.475302E1	6.167769E0
1.470000E1	5.475398E1	6.078481E0
1.472000E1	5.471935E1	6.003989E0
1.474000E1	5.477590E1	5.947351E0
1.476000E1	5.478167E1	5.979807E0
1.478000E1	5.483232E1	5.912403E0
1.480000E1	5.483819E1	5.829416E0
1.482000E1	5.485921E1	5.827590E0
1.484000E1	5.488026E1	5.835098E0
1.486000E1	5.486670E1	5.773851E0
1.488000E1	5.485767E1	5.753175E0
1.490000E1	5.482553E1	5.753609E0
1.492000E1	5.481918E1	5.654426E0
1.494000E1	5.485898E1	5.583451E0
1.496000E1	5.492799E1	5.421379E0
1.498000E1	5.493708E1	5.294328E0
1.500000E1	5.494743E1	5.259629E0
1.502000E1	5.492686E1	5.240968E0
1.504000E1	5.483665E1	5.499400E0
1.506000E1	5.480505E1	5.750614E0
1.508000E1	5.478463E1	5.740050E0
1.510000E1	5.479263E1	5.711756E0
1.512000E1	5.476531E1	5.739729E0
1.514000E1	5.479197E1	5.741373E0
1.516000E1	5.482599E1	5.798032E0
1.518000E1	5.488651E1	5.890897E0
1.520000E1	5.494549E1	6.003683E0
1.522000E1	5.509087E1	6.099956E0
1.524000E1	5.518387E1	6.102544E0
1.526000E1	5.520008E1	6.136113E0
1.528000E1	5.511322E1	6.487188E0
1.530000E1	5.513290E1	6.811892E0
1.532000E1	5.516210E1	6.688996E0
1.534000E1	5.528189E1	6.143385E0
1.536000E1	5.534024E1	5.862988E0
1.538000E1	5.536640E1	5.995878E0
1.540000E1	5.532678E1	6.436808E0
1.542000E1	5.527766E1	6.832533E0
1.544000E1	5.522628E1	6.987985E0
1.546000E1	5.523485E1	7.162841E0
1.548000E1	5.514471E1	7.454932E0
1.550000E1	5.516785E1	7.281454E0
1.552000E1	5.529414E1	6.552919E0
1.554000E1	5.531544E1	6.181120E0
1.556000E1	5.521257E1	6.440613E0
1.558000E1	5.520859E1	6.367271E0
1.560000E1	5.522788E1	6.012395E0
1.562000E1	5.527498E1	6.045935E0
1.564000E1	5.533730E1	6.229955E0
1.566000E1	5.539011E1	6.095902E0
1.568000E1	5.539480E1	5.885133E0
1.570000E1	5.537050E1	5.845147E0
1.572000E1	5.537599E1	5.938449E0
1.574000E1	5.528865E1	5.824121E0
1.576000E1	5.526174E1	5.785696E0
1.578000E1	5.526642E1	5.900414E0
1.580000E1	5.530072E1	5.856305E0
1.582000E1	5.537770E1	5.673883E0
1.584000E1	5.557483E1	5.536330E0
1.586000E1	5.565184E1	5.479089E0
1.588000E1	5.571137E1	5.425856E0
1.590000E1	5.565483E1	5.339119E0
1.592000E1	5.548803E1	5.630245E0
1.594000E1	5.538243E1	5.835907E0
1.596000E1	5.535329E1	5.690456E0
1.598000E1	5.534065E1	5.683550E0
1.600000E1	5.530499E1	5.738957E0
1.602000E1	5.529780E1	5.748663E0
1.604000E1	5.530669E1	5.723322E0
1.606000E1	5.530030E1	5.713445E0
1.608000E1	5.530485E1	5.704170E0
1.610000E1	5.534883E1	5.625187E0
1.612000E1	5.531573E1	5.595821E0
1.614000E1	5.530917E1	5.673389E0
1.616000E1	5.530568E1	5.671185E0
1.618000E1	5.530533E1	5.743574E0
1.620000E1	5.529642E1	5.869391E0
1.622000E1	5.538649E1	5.912543E0
1.624000E1	5.543588E1	6.170790E0
1.626000E1	5.541445E1	6.184417E0
1.628000E1	5.535619E1	6.286914E0
1.630000E1	5.535456E1	6.475094E0
1.632000E1	5.525939E1	6.628512E0
1.634000E1	5.529584E1	6.601982E0
1.636000E1	5.537742E1	6.298451E0
1.638000E1	5.538269E1	6.158724E0
1.640000E1	5.540944E1	6.371151E0
1.642000E1	5.538519E1	6.552712E0
1.644000E1	5.535744E1	6.582599E0
1.646000E1	5.538639E1	6.588682E0
1.648000E1	5.537764E1	6.737015E0
1.650000E1	5.548380E1	6.943768E0
1.652000E1	5.567054E1	6.865941E0
1.654000E1	5.569213E1	6.313938E0
1.656000E1	5.575930E1	5.772700E0
1.658000E1	5.578273E1	5.800258E0
1.660000E1	5.581294E1	5.944247E0
1.662000E1	5.581448E1	5.904460E0
1.664000E1	5.578022E1	5.831489E0
1.666000E1	5.571479E1	5.982109E0
1.668000E1	5.580499E1	6.095066E0
1.670000E1	5.607054E1	5.828407E0
1.672000E1	5.636731E1	5.462011E0
1.674000E1	5.644239E1	5.509003E0
1.676000E1	5.651892E1	5.518518E0
1.678000E1	5.648296E1	5.372415E0
1.680000E1	5.638631E1	5.695772E0
1.682000E1	5.628890E1	6.042469E0
1.684000E1	5.626982E1	5.938973E0
1.686000E1	5.626738E1	5.948630E0
1.688000E1	5.624416E1	6.103481E0
1.690000E1	5.624780E1	6.149801E0
1.692000E1	5.626214E1	6.041740E0
1.694000E1	5.626611E1	5.864584E0
1.696000E1	5.624620E1	5.755565E0
1.698000E1	5.621660E1	5.732386E0
1.700000E1	5.618741E1	5.762025E0
1.702000E1	5.619020E1	5.755919E0
1.704000E1	5.615770E1	5.784524E0
1.706000E1	5.618036E1	5.768040E0
1.708000E1	5.619643E1	5.750607E0
1.710000E1	5.620170E1	5.727273E0
1.712000E1	5.618761E1	5.733882E0
1.714000E1	5.621059E1	5.754088E0
1.716000E1	5.619290E1	5.827905E0
1.718000E1	5.621067E1	5.921759E0
1.720000E1	5.624159E1	6.034208E0
1.722000E1	5.628307E1	6.324215E0
1.724000E1	5.626110E1	6.463730E0
1.726000E1	5.627443E1	6.531054E0
1.728000E1	5.629011E1	6.575278E0
1.730000E1	5.628346E1	6.684100E0
1.732000E1	5.626057E1	6.678949E0
1.734000E1	5.628264E1	6.528304E0
1.736000E1	5.625998E1	6.182829E0
1.738000E1	5.630304E1	6.270199E0
1.740000E1	5.646985E1	6.377317E0
1.742000E1	5.663680E1	6.207115E0
1.744000E1	5.674921E1	6.208660E0
1.746000E1	5.681343E1	6.349526E0
1.748000E1	5.679797E1	6.503576E0
1.750000E1	5.682172E1	6.547936E0
1.752000E1	5.678396E1	6.574470E0
1.754000E1	5.665596E1	6.482181E0
1.756000E1	5.675354E1	6.077654E0
1.758000E1	5.698948E1	5.798252E0
1.760000E1	5.712701E1	5.686378E0
1.762000E1	5.719671E1	5.689682E0
1.764000E1	5.720318E1	5.605796E0
1.766000E1	5.713939E1	5.640599E0
1.768000E1	5.703985E1	6.055925E0
1.770000E1	5.698667E1	6.183381E0
1.772000E1	5.704713E1	6.107213E0
1.774000E1	5.707246E1	6.136235E0
1.776000E1	5.706074E1	6.246126E0
1.778000E1	5.708190E1	6.224388E0
1.780000E1	5.710042E1	6.090616E0
1.782000E1	5.710871E1	6.018945E0
1.784000E1	5.712025E1	6.037741E0
1.786000E1	5.711773E1	6.012975E0
1.788000E1	5.711181E1	5.986080E0
1.790000E1	5.710497E1	6.110727E0
1.792000E1	5.710407E1	6.123029E0
1.794000E1	5.712011E1	6.119461E0
1.796000E1	5.710806E1	6.097003E0
1.798000E1	5.711752E1	6.073162E0
1.800000E1	5.711981E1	6.036082E0
1.802000E1	5.710816E1	6.054484E0
1.804000E1	5.709545E1	6.150425E0
1.806000E1	5.708602E1	6.169710E0
1.808000E1	5.706800E1	6.117812E0
1.810000E1	5.706539E1	6.221636E0
1.812000E1	5.708332E1	6.217711E0
1.814000E1	5.709288E1	6.196058E0
1.816000E1	5.709112E1	6.201431E0
1.818000E1	5.709927E1	6.220847E0
1.820000E1	5.710728E1	6.208413E0
1.822000E1	5.712139E1	6.264287E0
1.824000E1	5.717641E1	6.271759E0
1.826000E1	5.734302E1	6.411370E0
1.828000E1	5.739307E1	6.435893E0
1.830000E1	5.755831E1	6.331963E0
1.832000E1	5.761765E1	6.358491E0
1.834000E1	5.761921E1	6.418502E0
1.836000E1	5.758584E1	6.393471E0
1.838000E1	5.755382E1	6.150124E0
1.840000E1	5.751649E1	6.367085E0
1.842000E1	5.765857E1	6.462298E0
1.844000E1	5.785532E1	6.370309E0
1.846000E1	5.818837E1	6.257769E0
1.848000E1	5.829062E1	6.300219E0
1.850000E1	5.838207E1	6.419739E0
1.852000E1	5.829878E1	6.316970E0
1.854000E1	5.797066E1	6.232998E0
1.856000E1	5.794641E1	6.243678E0
1.858000E1	5.796633E1	6.210126E0
1.860000E1	5.796071E1	6.148936E0
1.862000E1	5.796016E1	6.176178E0
1.864000E1	5.794118E1	6.180075E0
1.866000E1	5.796647E1	6.163657E0
1.868000E1	5.797828E1	6.129186E0
1.870000E1	5.800355E1	6.135152E0
1.872000E1	5.804975E1	6.094525E0
1.874000E1	5.801830E1	6.101327E0
1.876000E1	5.800400E1	6.143957E0
1.878000E1	5.798906E1	6.100660E0
1.880000E1	5.800020E1	6.082475E0
1.882000E1	5.798709E1	6.111537E0
1.884000E1	5.800103E1	6.102800E0
1.886000E1	5.801035E1	6.111519E0
1.888000E1	5.800041E1	6.137847E0
1.890000E1	5.800885E1	6.155533E0
1.892000E1	5.798829E1	6.170554E0
1.894000E1	5.797622E1	6.174848E0
1.896000E1	5.798433E1	6.166186E0
1.898000E1	5.798117E1	6.174949E0
1.900000E1	5.798559E1	6.177241E0
1.902000E1	5.798665E1	6.190064E0
1.904000E1	5.796393E1	6.191368E0
1.906000E1	5.797901E1	6.194168E0
1.908000E1	5.797954E1	6.183730E0
1.910000E1	5.798074E1	6.176521E0
1.912000E1	5.800629E1	6.149100E0
1.914000E1	5.804265E1	6.113950E0
1.916000E1	5.807425E1	6.032903E0
1.918000E1	5.812478E1	5.968365E0
1.920000E1	5.811293E1	6.005175E0
1.922000E1	5.811514E1	6.122571E0
1.924000E1	5.819207E1	6.193889E0
1.926000E1	5.819520E1	6.349459E0
1.928000E1	5.815630E1	6.641814E0
1.930000E1	5.827810E1	6.642617E0
1.932000E1	5.847342E1	6.408082E0
1.934000E1	5.863078E1	6.213811E0
1.936000E1	5.874127E1	6.203004E0
1.938000E1	5.869253E1	6.186543E0
1.940000E1	5.846836E1	6.086019E0
1.942000E1	5.836396E1	6.385588E0
1.944000E1	5.847920E1	6.567648E0
1.946000E1	5.850678E1	6.602227E0
1.948000E1	5.856499E1	6.763752E0
1.950000E1	5.861716E1	7.024226E0
1.952000E1	5.868199E1	7.241058E0
1.954000E1	5.868714E1	7.252508E0
1.956000E1	5.863947E1	6.657904E0
1.958000E1	5.868572E1	6.237134E0
1.960000E1	5.875365E1	6.175239E0
1.962000E1	5.863984E1	6.347421E0
1.964000E1	5.861371E1	6.290698E0
1.966000E1	5.859503E1	6.217925E0
1.968000E1	5.859664E1	6.196375E0
1.970000E1	5.859122E1	6.229068E0
1.972000E1	5.859917E1	6.234500E0
1.974000E1	5.859199E1	6.236616E0
1.976000E1	5.858558E1	6.217479E0
1.978000E1	5.856367E1	6.192283E0
1.980000E1	5.854534E1	6.170875E0
1.982000E1	5.854694E1	6.178399E0
1.984000E1	5.854658E1	6.197901E0
1.986000E1	5.855129E1	6.201044E0
1.988000E1	5.855690E1	6.230053E0
1.990000E1	5.856471E1	6.224698E0
1.992000E1	5.855693E1	6.220854E0
1.994000E1	5.855226E1	6.186029E0
1.996000E1	5.853533E1	6.130296E0
1.998000E1	5.858316E1	6.083937E0
2.000000E1	5.860463E1	6.095581E0
2.002000E1	5.862413E1	6.021706E0
2.004000E1	5.864083E1	5.987944E0
2.006000E1	5.863304E1	6.040420E0
2.008000E1	5.863604E1	6.096783E0
2.010000E1	5.861557E1	6.110370E0
2.012000E1	5.860851E1	6.167190E0
2.014000E1	5.856848E1	6.204728E0
2.016000E1	5.864226E1	6.198147E0
2.018000E1	5.872756E1	6.076610E0
2.020000E1	5.880918E1	5.954195E0
2.022000E1	5.896591E1	5.901857E0
2.024000E1	5.910592E1	5.995274E0
2.026000E1	5.917340E1	6.149661E0
2.028000E1	5.906962E1	6.432204E0
2.030000E1	5.903420E1	6.640278E0
2.032000E1	5.903565E1	6.660564E0
2.034000E1	5.904099E1	6.657625E0
2.036000E1	5.902698E1	6.771121E0
2.038000E1	5.901554E1	6.749953E0
2.040000E1	5.902348E1	6.604795E0
2.042000E1	5.908351E1	6.568439E0
2.044000E1	5.914451E1	6.657646E0
2.046000E1	5.926634E1	6.729486E0
2.048000E1	5.943364E1	6.723557E0
2.050000E1	5.948269E1	6.796444E0
2.052000E1	5.942509E1	7.089307E0
2.054000E1	5.938418E1	7.512195E0
2.056000E1	5.937809E1	7.424775E0
2.058000E1	5.948382E1	6.735830E0
2.060000E1	5.952441E1	6.306584E0
2.062000E1	5.949403E1	6.466848E0
2.064000E1	5.942947E1	6.642582E0
2.066000E1	5.941454E1	6.530007E0
2.068000E1	5.939523E1	6.435890E0
2.070000E1	5.941219E1	6.473907E0
2.072000E1	5.945049E1	6.619062E0
2.074000E1	5.947130E1	6.604021E0
2.076000E1	5.946945E1	6.617986E0
2.078000E1	5.947160E1	6.638898E0
2.080000E1	5.947707E1	6.564371E0
2.082000E1	5.949314E1	6.494453E0
2.084000E1	5.945640E1	6.496275E0
2.086000E1	5.949555E1	6.397005E0
2.088000E1	5.952753E1	6.390510E0
2.090000E1	5.959671E1	6.214971E0
2.092000E1	5.965889E1	6.057406E0
2.094000E1	5.961935E1	6.088831E0
2.096000E1	5.953795E1	6.222914E0
2.098000E1	5.953006E1	6.126281E0
2.100000E1	5.949975E1	6.147847E0
2.102000E1	5.947124E1	6.287142E0
2.104000E1	5.953763E1	6.165483E0
2.106000E1	5.959748E1	5.904079E0
2.108000E1	5.963703E1	5.790295E0
2.110000E1	5.965026E1	5.761499E0
2.112000E1	5.963142E1	5.748030E0
2.114000E1	5.955341E1	5.826588E0
2.116000E1	5.953030E1	6.192909E0
2.118000E1	5.952961E1	6.204820E0
2.120000E1	5.952084E1	6.152158E0
2.122000E1	5.953030E1	6.278304E0
2.124000E1	5.954335E1	6.539700E0
2.126000E1	5.963946E1	6.673860E0
2.128000E1	5.964066E1	6.688334E0
2.130000E1	5.965360E1	6.660417E0
2.132000E1	5.968856E1	6.748018E0
2.134000E1	5.965155E1	6.746489E0
2.136000E1	5.962256E1	6.743174E0
2.138000E1	5.958460E1	6.582611E0
2.140000E1	5.959382E1	6.441801E0
2.142000E1	5.963278E1	6.589306E0
2.144000E1	5.962043E1	6.624288E0
2.146000E1	5.964270E1	6.669875E0
2.148000E1	5.968694E1	6.721429E0
2.150000E1	5.965501E1	6.991150E0
2.152000E1	5.955939E1	7.311192E0
2.154000E1	5.953284E1	7.386634E0
2.156000E1	5.959299E1	7.087465E0
2.158000E1	5.960821E1	6.594554E0
2.160000E1	5.960098E1	6.529044E0
2.162000E1	5.954338E1	6.607975E0
2.164000E1	5.955768E1	6.648099E0
2.166000E1	5.954564E1	6.511286E0
2.168000E1	5.951405E1	6.449658E0
2.170000E1	5.952743E1	6.404664E0
2.172000E1	5.954637E1	6.214306E0
2.174000E1	5.959429E1	6.223334E0
2.176000E1	5.964155E1	6.234505E0
2.178000E1	5.974026E1	6.153263E0
2.180000E1	5.980693E1	6.104264E0
2.182000E1	5.983879E1	6.126513E0
2.184000E1	5.987261E1	6.115097E0
2.186000E1	5.991738E1	6.118814E0
2.188000E1	5.989904E1	6.197177E0
2.190000E1	5.993725E1	6.199080E0
2.192000E1	6.006069E1	6.146074E0
2.194000E1	6.022828E1	5.880119E0
2.196000E1	6.035349E1	5.751931E0
2.198000E1	6.042273E1	5.739597E0
2.200000E1	6.039252E1	5.650513E0
2.202000E1	6.024917E1	5.840225E0
2.204000E1	6.026047E1	6.206041E0
2.206000E1	6.024801E1	6.210332E0
2.208000E1	6.026529E1	6.051038E0
2.210000E1	6.028227E1	6.188600E0
2.212000E1	6.031536E1	6.255216E0
2.214000E1	6.033292E1	6.244412E0
2.216000E1	6.035214E1	6.145285E0
2.218000E1	6.035749E1	6.170056E0
2.220000E1	6.038916E1	6.168915E0
2.222000E1	6.039058E1	6.111406E0
2.224000E1	6.038374E1	6.202738E0
2.226000E1	6.039699E1	6.315722E0
2.228000E1	6.045172E1	6.477172E0
2.230000E1	6.049609E1	6.564485E0
2.232000E1	6.050165E1	6.582504E0
2.234000E1	6.052141E1	6.719451E0
2.236000E1	6.048546E1	6.783249E0
2.238000E1	6.046413E1	6.840708E0
2.240000E1	6.044773E1	6.710922E0
2.242000E1	6.045052E1	6.429293E0
2.244000E1	6.044347E1	6.620502E0
2.246000E1	6.046177E1	6.858540E0
2.248000E1	6.049644E1	6.781285E0
2.250000E1	6.050195E1	6.921696E0
2.252000E1	6.049737E1	7.186265E0
2.254000E1	6.040209E1	7.423098E0
2.256000E1	6.043218E1	7.197701E0
2.258000E1	6.045187E1	6.486624E0
2.260000E1	6.044926E1	6.175615E0
2.262000E1	6.047072E1	6.335674E0
2.264000E1	6.051768E1	6.210351E0
2.266000E1	6.045817E1	5.912949E0
2.268000E1	6.046053E1	5.886318E0
2.270000E1	6.050718E1	6.097911E0
2.272000E1	6.047805E1	6.037570E0
2.274000E1	6.047230E1	6.082913E0
2.276000E1	6.046397E1	6.197489E0
2.278000E1	6.049618E1	6.185105E0
2.280000E1	6.058470E1	5.948500E0
2.282000E1	6.064872E1	5.705245E0
2.284000E1	6.066414E1	5.721320E0
2.286000E1	6.073628E1	5.729692E0
2.288000E1	6.075275E1	5.710068E0
2.290000E1	6.064650E1	5.985913E0
2.292000E1	6.062538E1	6.162716E0
2.294000E1	6.056031E1	6.108247E0
2.296000E1	6.054127E1	6.146984E0
2.298000E1	6.048645E1	6.214006E0
2.300000E1	6.044436E1	6.150826E0
2.302000E1	6.045119E1	6.139638E0
2.304000E1	6.045015E1	6.157636E0
2.306000E1	6.046069E1	6.144268E0
2.308000E1	6.045977E1	6.159936E0
2.310000E1	6.045869E1	6.130220E0
2.312000E1	6.043127E1	6.162800E0
2.314000E1	6.042358E1	6.182505E0
2.316000E1	6.041136E1	6.200189E0
2.318000E1	6.042247E1	6.210771E0
2.320000E1	6.042950E1	6.214295E0
2.322000E1	6.043245E1	6.213587E0
2.324000E1	6.043947E1	6.212707E0
2.326000E1	6.044869E1	6.215713E0
2.328000E1	6.045134E1	6.358353E0
2.330000E1	6.045358E1	6.375914E0
2.332000E1	6.051977E1	6.520603E0
2.334000E1	6.053797E1	6.802719E0
2.336000E1	6.055177E1	6.862256E0
2.338000E1	6.055732E1	6.854061E0
2.340000E1	6.053726E1	6.888318E0
2.342000E1	6.051934E1	6.853024E0
2.344000E1	6.048230E1	6.566595E0
2.346000E1	6.052149E1	6.497212E0
2.348000E1	6.058752E1	6.587665E0
2.350000E1	6.069314E1	6.818791E0
2.352000E1	6.092275E1	6.686641E0
2.354000E1	6.106383E1	6.626647E0
2.356000E1	6.111054E1	6.854388E0
2.358000E1	6.112611E1	6.943028E0
2.360000E1	6.103233E1	6.577594E0
2.362000E1	6.093702E1	6.279893E0
2.364000E1	6.092839E1	6.433389E0
2.366000E1	6.098760E1	6.364356E0
2.368000E1	6.110648E1	5.890445E0
2.370000E1	6.111005E1	5.644651E0
2.372000E1	6.115041E1	5.765535E0
2.374000E1	6.131105E1	5.850865E0
2.376000E1	6.136548E1	5.866623E0
2.378000E1	6.132619E1	6.150882E0
2.380000E1	6.128362E1	6.370636E0
2.382000E1	6.126649E1	6.166803E0
2.384000E1	6.127328E1	6.143076E0
2.386000E1	6.127429E1	6.279683E0
2.388000E1	6.129427E1	6.274824E0
2.390000E1	6.132902E1	6.183119E0
2.392000E1	6.135462E1	6.194490E0
2.394000E1	6.134714E1	6.212221E0
2.396000E1	6.132194E1	6.185589E0
2.398000E1	6.132133E1	6.204806E0
2.400000E1	6.129383E1	6.202296E0
