	mass A		
t	x	y	
0.000000E0	6.150727E-3	-1.312258E-2
2.000000E-2	6.627310E-1	-3.688837E-1
4.000000E-2	1.299441E0	-2.984135E-1
6.000000E-2	1.852755E0	3.237480E-2
8.000000E-2	1.987978E0	5.041477E-1
1.000000E-1	2.065444E0	9.133006E-1
1.200000E-1	2.343721E0	6.708475E-1
1.400000E-1	2.700427E0	3.740379E-1
1.600000E-1	2.930959E0	-5.289339E-1
1.800000E-1	2.922904E0	-1.192573E0
2.000000E-1	3.003866E0	-1.171363E0
2.200000E-1	3.391566E0	-5.670245E-1
2.400000E-1	3.387270E0	-3.399968E-1
2.600000E-1	3.462913E0	-1.471882E-1
2.800000E-1	3.722454E0	-2.926567E-3
3.000000E-1	4.327891E0	-5.568110E-2
3.200000E-1	4.556968E0	-4.734175E-1
3.400000E-1	4.553120E0	-1.031648E0
3.600000E-1	4.399807E0	-1.331754E0
3.800000E-1	4.505262E0	-1.271769E0
4.000000E-1	4.526859E0	-1.059469E0
4.200000E-1	4.514015E0	-7.058849E-1
4.400000E-1	4.704797E0	-4.729469E-1
4.600000E-1	4.774467E0	-4.423277E-1
4.800000E-1	4.779935E0	-3.692398E-1
5.000000E-1	4.837362E0	-3.555541E-1
5.200000E-1	4.984686E0	-2.176994E-1
5.400000E-1	5.094282E0	-2.120762E-1
5.600000E-1	5.224800E0	-3.536981E-1
5.800000E-1	5.541045E0	-3.862863E-1
6.000000E-1	5.932786E0	-3.469113E-1
6.200000E-1	5.819966E0	-3.749888E-1
6.400000E-1	5.746070E0	-3.130919E-1
6.600000E-1	5.707372E0	-1.009069E-1
6.800000E-1	5.853091E0	8.228185E-2
7.000000E-1	5.979218E0	1.502825E-1
7.200000E-1	6.232920E0	1.606475E-1
7.400000E-1	6.537152E0	1.118176E-1
7.600000E-1	6.664483E0	2.209908E-1
7.800000E-1	6.759112E0	5.390208E-1
8.000000E-1	6.590021E0	1.008233E0
8.200000E-1	6.540436E0	9.453094E-1
8.400000E-1	6.522824E0	6.070294E-1
8.600000E-1	6.543711E0	3.784910E-1
8.800000E-1	6.679898E0	5.217320E-1
9.000000E-1	6.826111E0	9.342627E-1
9.200000E-1	7.061166E0	1.049017E0
9.400000E-1	7.426972E0	1.307589E0
9.600000E-1	7.638346E0	1.315778E0
9.800000E-1	7.693007E0	1.293178E0
1.000000E0	7.896601E0	1.045649E0
1.020000E0	8.018818E0	7.440375E-1
1.040000E0	8.218682E0	7.551845E-1
1.060000E0	8.477977E0	5.576794E-1
1.080000E0	8.692643E0	3.817351E-1
1.100000E0	8.827600E0	8.820008E-2
1.120000E0	8.962599E0	-6.661053E-2
1.140000E0	9.198857E0	4.713989E-2
1.160000E0	9.451262E0	5.431429E-1
1.180000E0	9.887882E0	1.299434E0
1.200000E0	1.034704E1	1.421744E0
1.220000E0	1.079950E1	9.087600E-1
1.240000E0	1.094018E1	1.372345E-1
1.260000E0	1.085496E1	-5.285504E-1
1.280000E0	1.082450E1	-7.156173E-1
1.300000E0	1.086625E1	-3.859860E-1
1.320000E0	1.085421E1	-1.563496E-1
1.340000E0	1.097934E1	2.538308E-1
1.360000E0	1.118059E1	5.605357E-1
1.380000E0	1.153088E1	5.159216E-1
1.400000E0	1.193681E1	3.049424E-1
1.420000E0	1.220777E1	-6.559535E-2
1.440000E0	1.204962E1	-5.140522E-1
1.460000E0	1.227067E1	-7.434883E-1
1.480000E0	1.265724E1	-9.093606E-1
1.500000E0	1.271288E1	-6.341541E-1
1.520000E0	1.272462E1	-3.317609E-1
1.540000E0	1.270066E1	-2.325856E-1
1.560000E0	1.269210E1	-2.695186E-1
1.580000E0	1.275261E1	-3.213578E-1
1.600000E0	1.275833E1	-3.569350E-1
1.620000E0	1.278928E1	-3.628973E-1
1.640000E0	1.279713E1	-2.582059E-1
1.660000E0	1.291992E1	-1.383868E-1
1.680000E0	1.299264E1	1.445149E-1
1.700000E0	1.304755E1	3.617053E-1
1.720000E0	1.313724E1	5.972194E-1
1.740000E0	1.317188E1	7.060793E-1
1.760000E0	1.333184E1	8.086779E-1
1.780000E0	1.338163E1	9.764064E-1
1.800000E0	1.343606E1	9.858043E-1
1.820000E0	1.357934E1	1.140867E0
1.840000E0	1.364758E1	1.041657E0
1.860000E0	1.364956E1	7.844321E-1
1.880000E0	1.363157E1	3.058083E-1
1.900000E0	1.372387E1	3.360650E-1
1.920000E0	1.405151E1	6.147409E-1
1.940000E0	1.421420E1	5.840820E-1
1.960000E0	1.423825E1	6.680598E-1
1.980000E0	1.438302E1	7.542887E-1
2.000000E0	1.462538E1	1.094881E0
2.020000E0	1.470657E1	1.089826E0
2.040000E0	1.473564E1	1.059640E0
2.060000E0	1.470398E1	1.034861E0
2.080000E0	1.494736E1	9.454559E-1
2.100000E0	1.543776E1	6.887549E-1
2.120000E0	1.585560E1	2.466765E-1
2.140000E0	1.599815E1	-3.857501E-2
2.160000E0	1.604404E1	-1.753328E-1
2.180000E0	1.643931E1	-1.763365E-2
2.200000E0	1.679367E1	5.796130E-1
2.220000E0	1.750684E1	1.416760E0
2.240000E0	1.788320E1	1.802513E0
2.260000E0	1.797046E1	1.713720E0
2.280000E0	1.820211E1	1.303025E0
2.300000E0	1.858119E1	6.713556E-1
2.320000E0	1.885782E1	3.042613E-1
2.340000E0	1.911812E1	1.431725E-1
2.360000E0	1.959728E1	-9.205438E-2
2.380000E0	1.992793E1	-1.758937E-1
2.400000E0	1.999756E1	1.706754E-1
2.420000E0	2.011287E1	5.241975E-1
2.440000E0	2.028517E1	5.957257E-1
2.460000E0	2.028057E1	4.448673E-1
2.480000E0	2.021424E1	-5.162172E-2
2.500000E0	2.019353E1	-1.766236E-1
2.520000E0	2.030817E1	-1.330737E-2
2.540000E0	2.027792E1	-1.403554E-3
2.560000E0	2.028785E1	-5.499593E-2
2.580000E0	2.032409E1	1.619610E-1
2.600000E0	2.025250E1	4.326163E-1
2.620000E0	2.025119E1	4.168252E-1
2.640000E0	2.026005E1	2.886543E-1
2.660000E0	2.027300E1	3.614229E-1
2.680000E0	2.036234E1	5.806243E-1
2.700000E0	2.033374E1	6.376316E-1
2.720000E0	2.030912E1	6.981102E-1
2.740000E0	2.043863E1	8.606529E-1
2.760000E0	2.072255E1	9.486912E-1
2.780000E0	2.091085E1	8.470282E-1
2.800000E0	2.123809E1	8.116720E-1
2.820000E0	2.135879E1	7.799161E-1
2.840000E0	2.145711E1	7.917800E-1
2.860000E0	2.166929E1	7.786537E-1
2.880000E0	2.167900E1	8.126488E-1
2.900000E0	2.157207E1	8.443842E-1
2.920000E0	2.162435E1	8.096300E-1
2.940000E0	2.194647E1	1.224788E0
2.960000E0	2.227476E1	1.631010E0
2.980000E0	2.256694E1	1.506416E0
3.000000E0	2.279646E1	1.101840E0
3.020000E0	2.316003E1	1.209812E0
3.040000E0	2.321344E1	1.403038E0
3.060000E0	2.322834E1	1.389954E0
3.080000E0	2.316772E1	1.367546E0
3.100000E0	2.322413E1	1.372486E0
3.120000E0	2.349182E1	1.439587E0
3.140000E0	2.367920E1	1.206074E0
3.160000E0	2.393187E1	9.144134E-1
3.180000E0	2.459560E1	1.081738E0
3.200000E0	2.537778E1	1.846757E0
3.220000E0	2.601566E1	2.374582E0
3.240000E0	2.673774E1	2.415966E0
3.260000E0	2.722432E1	2.407985E0
3.280000E0	2.709680E1	1.893562E0
3.300000E0	2.711471E1	1.174694E0
3.320000E0	2.717825E1	1.011949E0
3.340000E0	2.734469E1	1.341183E0
3.360000E0	2.724296E1	1.199001E0
3.380000E0	2.726093E1	1.059055E0
3.400000E0	2.742641E1	1.215804E0
3.420000E0	2.767188E1	1.257202E0
3.440000E0	2.779720E1	1.258296E0
3.460000E0	2.766737E1	1.010905E0
3.480000E0	2.759027E1	9.516213E-1
3.500000E0	2.761872E1	1.067827E0
3.520000E0	2.762804E1	1.074141E0
3.540000E0	2.762771E1	1.070291E0
3.560000E0	2.763580E1	1.062446E0
3.580000E0	2.765420E1	1.036205E0
3.600000E0	2.765282E1	1.044561E0
3.620000E0	2.769945E1	1.039437E0
3.640000E0	2.772200E1	9.589568E-1
3.660000E0	2.776826E1	8.598821E-1
3.680000E0	2.785994E1	8.606706E-1
3.700000E0	2.797203E1	8.813033E-1
3.720000E0	2.810795E1	7.919116E-1
3.740000E0	2.821268E1	7.931252E-1
3.760000E0	2.834182E1	1.036105E0
3.780000E0	2.839967E1	1.329128E0
3.800000E0	2.861047E1	1.498899E0
3.820000E0	2.861330E1	1.819994E0
3.840000E0	2.873809E1	1.879087E0
3.860000E0	2.904354E1	1.668944E0
3.880000E0	2.940564E1	1.316714E0
3.900000E0	2.965749E1	1.202339E0
3.920000E0	2.965111E1	1.070178E0
3.940000E0	2.957410E1	1.037156E0
3.960000E0	2.953877E1	1.307895E0
3.980000E0	2.980686E1	1.613333E0
4.000000E0	2.995233E1	1.989695E0
4.020000E0	2.997078E1	2.024331E0
4.040000E0	3.013833E1	2.165430E0
4.060000E0	3.028241E1	2.228501E0
4.080000E0	3.039778E1	2.093176E0
4.100000E0	3.050631E1	1.568597E0
4.120000E0	3.094647E1	1.346516E0
4.140000E0	3.153110E1	1.277948E0
4.160000E0	3.156564E1	1.032385E0
4.180000E0	3.163156E1	1.228564E0
4.200000E0	3.170936E1	1.611450E0
4.220000E0	3.186795E1	2.192007E0
4.240000E0	3.196624E1	2.732863E0
4.260000E0	3.213987E1	2.566412E0
4.280000E0	3.239691E1	2.053983E0
4.300000E0	3.246128E1	1.343202E0
4.320000E0	3.262477E1	1.217938E0
4.340000E0	3.265607E1	1.454828E0
4.360000E0	3.260790E1	1.400583E0
4.380000E0	3.264310E1	1.373171E0
4.400000E0	3.269603E1	1.373990E0
4.420000E0	3.275300E1	1.420877E0
4.440000E0	3.283179E1	1.292659E0
4.460000E0	3.280388E1	1.209228E0
4.480000E0	3.274876E1	1.084150E0
4.500000E0	3.280341E1	1.017352E0
4.520000E0	3.279775E1	9.099283E-1
4.540000E0	3.282227E1	8.377291E-1
4.560000E0	3.294262E1	7.811648E-1
4.580000E0	3.293322E1	5.781249E-1
4.600000E0	3.295872E1	5.749397E-1
4.620000E0	3.303988E1	5.890974E-1
4.640000E0	3.303677E1	8.222270E-1
4.660000E0	3.299703E1	7.873749E-1
4.680000E0	3.298004E1	8.544613E-1
4.700000E0	3.300531E1	1.038283E0
4.720000E0	3.315103E1	1.124999E0
4.740000E0	3.337448E1	1.027011E0
4.760000E0	3.369610E1	9.859751E-1
4.780000E0	3.406987E1	1.104159E0
4.800000E0	3.442351E1	1.203271E0
4.820000E0	3.450957E1	1.297396E0
4.840000E0	3.452006E1	1.485077E0
4.860000E0	3.458646E1	1.765035E0
4.880000E0	3.463697E1	1.966619E0
4.900000E0	3.467122E1	1.946897E0
4.920000E0	3.466243E1	1.893048E0
4.940000E0	3.466445E1	1.875103E0
4.960000E0	3.512899E1	1.952237E0
4.980000E0	3.557717E1	1.886242E0
5.000000E0	3.604489E1	1.790180E0
5.020000E0	3.648425E1	1.889001E0
5.040000E0	3.625534E1	2.004211E0
5.060000E0	3.618053E1	2.446856E0
5.080000E0	3.598823E1	2.939967E0
5.100000E0	3.589182E1	2.946378E0
5.120000E0	3.591717E1	2.510461E0
5.140000E0	3.616528E1	1.888233E0
5.160000E0	3.652328E1	1.662677E0
5.180000E0	3.693338E1	1.384098E0
5.200000E0	3.727517E1	1.186332E0
5.220000E0	3.745953E1	1.383533E0
5.240000E0	3.742876E1	1.742220E0
5.260000E0	3.742568E1	2.552788E0
5.280000E0	3.749580E1	2.907931E0
5.300000E0	3.758698E1	2.617017E0
5.320000E0	3.758887E1	1.852631E0
5.340000E0	3.757889E1	1.359946E0
5.360000E0	3.756472E1	1.588761E0
5.380000E0	3.757040E1	1.536299E0
5.400000E0	3.755866E1	1.223322E0
5.420000E0	3.765112E1	1.258200E0
5.440000E0	3.787892E1	1.335988E0
5.460000E0	3.805893E1	1.087079E0
5.480000E0	3.803251E1	6.618217E-1
5.500000E0	3.793479E1	5.106057E-1
5.520000E0	3.796243E1	7.280982E-1
5.540000E0	3.798746E1	7.511853E-1
5.560000E0	3.798957E1	8.993512E-1
5.580000E0	3.796672E1	1.077301E0
5.600000E0	3.806309E1	9.871569E-1
5.620000E0	3.819938E1	6.500757E-1
5.640000E0	3.828707E1	5.218747E-1
5.660000E0	3.844462E1	5.495238E-1
5.680000E0	3.853405E1	6.059235E-1
5.700000E0	3.860234E1	6.533271E-1
5.720000E0	3.857751E1	1.161011E0
5.740000E0	3.866079E1	1.553614E0
5.760000E0	3.883623E1	1.699726E0
5.780000E0	3.899185E1	1.788407E0
5.800000E0	3.913381E1	2.162809E0
5.820000E0	3.943560E1	2.304326E0
5.840000E0	3.974623E1	2.353650E0
5.860000E0	4.005702E1	2.120706E0
5.880000E0	4.035824E1	1.956904E0
5.900000E0	4.030718E1	1.773925E0
5.920000E0	4.014871E1	1.835689E0
5.940000E0	4.013438E1	2.078650E0
5.960000E0	4.028440E1	2.217124E0
5.980000E0	4.043927E1	2.228877E0
6.000000E0	4.058087E1	2.275058E0
6.020000E0	4.090845E1	2.469092E0
6.040000E0	4.115378E1	2.758890E0
6.060000E0	4.135972E1	3.010334E0
6.080000E0	4.129409E1	3.102972E0
6.100000E0	4.099900E1	3.068269E0
6.120000E0	4.112960E1	2.627604E0
6.140000E0	4.136965E1	2.320847E0
6.160000E0	4.146189E1	2.087870E0
6.180000E0	4.152389E1	2.056968E0
6.200000E0	4.154972E1	1.974910E0
6.220000E0	4.155643E1	1.940001E0
6.240000E0	4.160893E1	1.998643E0
6.260000E0	4.186671E1	2.243533E0
6.280000E0	4.193734E1	2.168070E0
6.300000E0	4.217673E1	1.869321E0
6.320000E0	4.231674E1	1.545674E0
6.340000E0	4.226503E1	1.011915E0
6.360000E0	4.227414E1	1.003772E0
6.380000E0	4.230086E1	1.160983E0
6.400000E0	4.226202E1	1.209364E0
6.420000E0	4.224931E1	1.189018E0
6.440000E0	4.237803E1	1.303395E0
6.460000E0	4.247338E1	1.474420E0
6.480000E0	4.258585E1	1.215802E0
6.500000E0	4.260893E1	7.466291E-1
6.520000E0	4.263062E1	6.697917E-1
6.540000E0	4.274516E1	7.197505E-1
6.560000E0	4.277327E1	7.119319E-1
6.580000E0	4.270133E1	7.484127E-1
6.600000E0	4.265157E1	1.121879E0
6.620000E0	4.263637E1	1.314948E0
6.640000E0	4.265577E1	1.273992E0
6.660000E0	4.263815E1	1.204019E0
6.680000E0	4.262923E1	1.248476E0
6.700000E0	4.283243E1	1.543348E0
6.720000E0	4.284674E1	1.674665E0
6.740000E0	4.303308E1	1.583863E0
6.760000E0	4.346440E1	1.614102E0
6.780000E0	4.354857E1	1.775975E0
6.800000E0	4.364902E1	2.234098E0
6.820000E0	4.358349E1	2.507294E0
6.840000E0	4.364734E1	2.588785E0
6.860000E0	4.373067E1	2.493362E0
6.880000E0	4.380726E1	2.431726E0
6.900000E0	4.399376E1	2.307866E0
6.920000E0	4.406202E1	2.255915E0
6.940000E0	4.428618E1	2.387069E0
6.960000E0	4.444096E1	2.687659E0
6.980000E0	4.436889E1	2.889246E0
7.000000E0	4.438708E1	3.068135E0
7.020000E0	4.450889E1	3.434185E0
7.040000E0	4.442134E1	3.881708E0
7.060000E0	4.444736E1	3.972554E0
7.080000E0	4.452166E1	3.261429E0
7.100000E0	4.454312E1	2.537725E0
7.120000E0	4.456851E1	2.372817E0
7.140000E0	4.460143E1	2.202240E0
7.160000E0	4.460834E1	1.716474E0
7.180000E0	4.474794E1	1.529995E0
7.200000E0	4.480230E1	1.576947E0
7.220000E0	4.528753E1	1.716621E0
7.240000E0	4.562197E1	1.776028E0
7.260000E0	4.559168E1	1.803623E0
7.280000E0	4.543350E1	1.585516E0
7.300000E0	4.540066E1	1.368562E0
7.320000E0	4.546997E1	1.549948E0
7.340000E0	4.557628E1	1.710592E0
7.360000E0	4.559343E1	1.367069E0
7.380000E0	4.561559E1	1.149522E0
7.400000E0	4.572510E1	1.227372E0
7.420000E0	4.595152E1	1.264414E0
7.440000E0	4.601219E1	1.069038E0
7.460000E0	4.592275E1	1.058754E0
7.480000E0	4.584286E1	1.456833E0
7.500000E0	4.587341E1	1.627073E0
7.520000E0	4.586238E1	1.572367E0
7.540000E0	4.587111E1	1.591810E0
7.560000E0	4.587300E1	1.656670E0
7.580000E0	4.593861E1	1.743508E0
7.600000E0	4.594606E1	1.691234E0
7.620000E0	4.598669E1	1.526612E0
7.640000E0	4.594701E1	1.510757E0
7.660000E0	4.590195E1	1.477947E0
7.680000E0	4.597254E1	1.544589E0
7.700000E0	4.596881E1	1.725690E0
7.720000E0	4.601230E1	1.929730E0
7.740000E0	4.610358E1	2.126790E0
7.760000E0	4.614599E1	2.293379E0
7.780000E0	4.642917E1	2.421200E0
7.800000E0	4.672974E1	2.624282E0
7.820000E0	4.686153E1	2.675055E0
7.840000E0	4.683311E1	3.068215E0
7.860000E0	4.671489E1	3.424759E0
7.880000E0	4.673776E1	3.419613E0
7.900000E0	4.676981E1	3.202343E0
7.920000E0	4.681863E1	2.529717E0
7.940000E0	4.683292E1	2.584897E0
7.960000E0	4.693734E1	3.118301E0
7.980000E0	4.698659E1	3.452499E0
8.000000E0	4.709121E1	3.330265E0
8.020000E0	4.735498E1	3.182655E0
8.040000E0	4.770327E1	3.077567E0
8.060000E0	4.770984E1	3.062635E0
8.080000E0	4.765270E1	2.692769E0
8.100000E0	4.775411E1	2.228005E0
8.120000E0	4.787000E1	2.027777E0
8.140000E0	4.784910E1	1.867400E0
8.160000E0	4.774317E1	1.642217E0
8.180000E0	4.777276E1	1.638226E0
8.200000E0	4.798075E1	2.175995E0
8.220000E0	4.856404E1	2.587465E0
8.240000E0	4.906619E1	2.342405E0
8.260000E0	4.923825E1	1.825797E0
8.280000E0	4.913470E1	1.480215E0
8.300000E0	4.911601E1	1.274997E0
8.320000E0	4.913838E1	1.402924E0
8.340000E0	4.893499E1	1.745784E0
8.360000E0	4.890007E1	2.154648E0
8.380000E0	4.889639E1	2.143235E0
8.400000E0	4.885545E1	2.137577E0
8.420000E0	4.883400E1	2.166911E0
8.440000E0	4.882027E1	2.199234E0
8.460000E0	4.874172E1	2.071780E0
8.480000E0	4.873139E1	1.885501E0
8.500000E0	4.876408E1	1.801797E0
8.520000E0	4.873815E1	1.798937E0
8.540000E0	4.873001E1	1.836550E0
8.560000E0	4.870313E1	1.888118E0
8.580000E0	4.873529E1	1.948721E0
8.600000E0	4.874806E1	1.934068E0
8.620000E0	4.875025E1	1.888119E0
8.640000E0	4.875232E1	1.875190E0
8.660000E0	4.874892E1	1.942374E0
8.680000E0	4.893032E1	2.090336E0
8.700000E0	4.890242E1	2.273657E0
8.720000E0	4.882726E1	2.416403E0
8.740000E0	4.886449E1	2.474487E0
8.760000E0	4.894874E1	2.756809E0
8.780000E0	4.908725E1	2.991080E0
8.800000E0	4.914045E1	2.992541E0
8.820000E0	4.917855E1	3.015360E0
8.840000E0	4.920261E1	3.064455E0
8.860000E0	4.929632E1	3.105250E0
8.880000E0	4.938956E1	3.038562E0
8.900000E0	4.944570E1	2.500272E0
8.920000E0	4.960121E1	2.395277E0
8.940000E0	4.994066E1	2.631930E0
8.960000E0	5.014070E1	2.626258E0
8.980000E0	5.018441E1	2.679423E0
9.000000E0	5.027154E1	2.793932E0
9.020000E0	5.036084E1	3.033856E0
9.040000E0	5.049418E1	3.010775E0
9.060000E0	5.034430E1	2.886128E0
9.080000E0	5.043691E1	2.792774E0
9.100000E0	5.087610E1	2.570333E0
9.120000E0	5.145034E1	2.294919E0
9.140000E0	5.180109E1	1.949826E0
9.160000E0	5.194606E1	1.578748E0
9.180000E0	5.193396E1	1.434481E0
9.200000E0	5.193458E1	1.712377E0
9.220000E0	5.223651E1	2.383385E0
9.240000E0	5.229749E1	2.570741E0
9.260000E0	5.238611E1	2.373335E0
9.280000E0	5.225685E1	2.049568E0
9.300000E0	5.229971E1	2.019214E0
9.320000E0	5.242555E1	2.176248E0
9.340000E0	5.245945E1	1.975677E0
9.360000E0	5.244608E1	1.745300E0
9.380000E0	5.249706E1	1.698153E0
9.400000E0	5.249310E1	1.691550E0
9.420000E0	5.250124E1	1.804930E0
9.440000E0	5.247636E1	1.815699E0
9.460000E0	5.239572E1	1.814306E0
9.480000E0	5.239672E1	1.858302E0
9.500000E0	5.240438E1	1.889971E0
9.520000E0	5.240355E1	1.901682E0
9.540000E0	5.241675E1	1.931525E0
9.560000E0	5.240588E1	2.093716E0
9.580000E0	5.241139E1	2.056483E0
9.600000E0	5.241920E1	2.042695E0
9.620000E0	5.242275E1	2.154843E0
9.640000E0	5.243750E1	2.118149E0
9.660000E0	5.246139E1	2.241050E0
9.680000E0	5.249045E1	2.304820E0
9.700000E0	5.256690E1	2.580591E0
9.720000E0	5.261176E1	2.650594E0
9.740000E0	5.275340E1	2.760811E0
9.760000E0	5.295980E1	2.674033E0
9.780000E0	5.307604E1	2.636622E0
9.800000E0	5.322475E1	2.575298E0
9.820000E0	5.338070E1	2.442081E0
9.840000E0	5.341262E1	2.419243E0
9.860000E0	5.341376E1	2.435075E0
9.880000E0	5.342524E1	2.465101E0
9.900000E0	5.356440E1	2.578493E0
9.920000E0	5.357632E1	2.941001E0
9.940000E0	5.364990E1	3.208150E0
9.960000E0	5.408037E1	2.945398E0
9.980000E0	5.433883E1	2.699048E0
1.000000E1	5.441356E1	2.614931E0
1.002000E1	5.432971E1	2.397666E0
1.004000E1	5.415840E1	2.150664E0
1.006000E1	5.420102E1	2.152585E0
1.008000E1	5.438442E1	2.406151E0
1.010000E1	5.436319E1	2.454169E0
1.012000E1	5.433105E1	2.205109E0
1.014000E1	5.434925E1	2.097200E0
1.016000E1	5.434252E1	2.259677E0
1.018000E1	5.448715E1	2.461764E0
1.020000E1	5.461766E1	2.471948E0
1.022000E1	5.489704E1	2.345585E0
1.024000E1	5.504367E1	2.175184E0
1.026000E1	5.486494E1	1.976114E0
1.028000E1	5.483012E1	2.030619E0
1.030000E1	5.480485E1	2.093518E0
1.032000E1	5.481164E1	2.101988E0
1.034000E1	5.483053E1	2.102503E0
1.036000E1	5.481951E1	2.099098E0
1.038000E1	5.483535E1	2.107640E0
1.040000E1	5.480112E1	2.095044E0
1.042000E1	5.481501E1	2.092082E0
1.044000E1	5.480772E1	2.096325E0
1.046000E1	5.476732E1	2.106429E0
1.048000E1	5.477752E1	2.109032E0
1.050000E1	5.476685E1	2.158806E0
1.052000E1	5.478298E1	2.140185E0
1.054000E1	5.480787E1	2.168822E0
1.056000E1	5.482499E1	2.180867E0
1.058000E1	5.481893E1	2.161784E0
1.060000E1	5.481739E1	2.134497E0
1.062000E1	5.482299E1	2.123449E0
1.064000E1	5.488940E1	2.129266E0
1.066000E1	5.508731E1	2.229483E0
1.068000E1	5.529140E1	2.120168E0
1.070000E1	5.544801E1	2.172400E0
1.072000E1	5.562007E1	2.428971E0
1.074000E1	5.572395E1	2.788907E0
1.076000E1	5.575840E1	2.670199E0
1.078000E1	5.576539E1	2.759967E0
1.080000E1	5.580054E1	3.028253E0
1.082000E1	5.596713E1	2.954638E0
1.084000E1	5.619295E1	2.426452E0
1.086000E1	5.622321E1	2.225850E0
1.088000E1	5.642749E1	2.454147E0
1.090000E1	5.649679E1	2.703365E0
1.092000E1	5.643774E1	2.984638E0
1.094000E1	5.632223E1	3.278317E0
1.096000E1	5.633407E1	3.378852E0
1.098000E1	5.629278E1	3.423251E0
1.100000E1	5.606467E1	3.289229E0
1.102000E1	5.608048E1	3.022891E0
1.104000E1	5.633346E1	2.726733E0
1.106000E1	5.651060E1	2.426453E0
1.108000E1	5.667064E1	2.247881E0
1.110000E1	5.679141E1	2.082599E0
1.112000E1	5.677717E1	2.178553E0
1.114000E1	5.689630E1	2.560871E0
1.116000E1	5.686946E1	2.687538E0
1.118000E1	5.684242E1	2.545442E0
1.120000E1	5.679390E1	2.375932E0
1.122000E1	5.674176E1	2.232602E0
1.124000E1	5.675391E1	2.217851E0
1.126000E1	5.675373E1	2.211334E0
1.128000E1	5.671271E1	2.230095E0
1.130000E1	5.670614E1	2.288769E0
1.132000E1	5.670151E1	2.296900E0
1.134000E1	5.671263E1	2.288582E0
1.136000E1	5.665725E1	2.266766E0
1.138000E1	5.666249E1	2.223326E0
1.140000E1	5.665463E1	2.213164E0
1.142000E1	5.665582E1	2.196663E0
1.144000E1	5.666667E1	2.193585E0
1.146000E1	5.666873E1	2.178100E0
1.148000E1	5.667283E1	2.168226E0
1.150000E1	5.675001E1	2.131976E0
1.152000E1	5.682062E1	2.113268E0
1.154000E1	5.687300E1	1.921847E0
1.156000E1	5.685589E1	1.843744E0
1.158000E1	5.685436E1	1.822719E0
1.160000E1	5.693332E1	1.959544E0
1.162000E1	5.689198E1	2.072986E0
1.164000E1	5.694084E1	2.208722E0
1.166000E1	5.703814E1	2.409390E0
1.168000E1	5.725583E1	2.508928E0
1.170000E1	5.762435E1	2.596343E0
1.172000E1	5.786136E1	2.619974E0
1.174000E1	5.803642E1	2.639958E0
1.176000E1	5.816885E1	2.663314E0
1.178000E1	5.823807E1	2.772381E0
1.180000E1	5.813165E1	3.119364E0
1.182000E1	5.808153E1	3.247641E0
1.184000E1	5.805475E1	3.143459E0
1.186000E1	5.804089E1	3.020397E0
1.188000E1	5.826614E1	3.232744E0
1.190000E1	5.847597E1	3.572375E0
1.192000E1	5.878796E1	3.800307E0
1.194000E1	5.916256E1	3.547310E0
1.196000E1	5.949743E1	3.615300E0
1.198000E1	5.955312E1	3.647047E0
1.200000E1	5.928745E1	3.456233E0
1.202000E1	5.901003E1	3.347404E0
1.204000E1	5.906767E1	2.979500E0
1.206000E1	5.910499E1	2.980611E0
1.208000E1	5.900638E1	2.699082E0
1.210000E1	5.901130E1	2.593457E0
1.212000E1	5.902600E1	2.612350E0
1.214000E1	5.916783E1	2.890898E0
1.216000E1	5.921686E1	3.081236E0
1.218000E1	5.916688E1	3.013265E0
1.220000E1	5.909230E1	2.790821E0
1.222000E1	5.907543E1	2.768089E0
1.224000E1	5.903218E1	2.736158E0
1.226000E1	5.904334E1	2.724126E0
1.228000E1	5.903790E1	2.714782E0
1.230000E1	5.904177E1	2.720582E0
1.232000E1	5.902978E1	2.718719E0
1.234000E1	5.905891E1	2.649927E0
1.236000E1	5.907387E1	2.540066E0
1.238000E1	5.907918E1	2.471005E0
1.240000E1	5.907780E1	2.313832E0
1.242000E1	5.910373E1	2.255731E0
1.244000E1	5.913229E1	2.248324E0
1.246000E1	5.915607E1	2.258735E0
1.248000E1	5.912892E1	2.261832E0
1.250000E1	5.916182E1	2.311717E0
1.252000E1	5.914740E1	2.333046E0
1.254000E1	5.919258E1	2.339100E0
1.256000E1	5.922972E1	2.209300E0
1.258000E1	5.936997E1	2.154679E0
1.260000E1	5.957588E1	2.285581E0
1.262000E1	5.965424E1	2.367528E0
1.264000E1	5.965555E1	2.376247E0
1.266000E1	5.966435E1	2.825208E0
1.268000E1	5.968119E1	3.258450E0
1.270000E1	5.970204E1	3.350383E0
1.272000E1	5.967072E1	3.261453E0
1.274000E1	5.963086E1	3.352894E0
1.276000E1	5.980812E1	3.621918E0
1.278000E1	5.997929E1	3.717025E0
1.280000E1	6.002571E1	3.460063E0
1.282000E1	6.026430E1	3.294866E0
1.284000E1	6.056279E1	3.320546E0
1.286000E1	6.052889E1	3.583633E0
1.288000E1	6.050253E1	3.809083E0
1.290000E1	6.050845E1	3.796876E0
1.292000E1	6.051689E1	3.829462E0
1.294000E1	6.065201E1	4.043230E0
1.296000E1	6.080444E1	4.168964E0
1.298000E1	6.081228E1	4.105642E0
1.300000E1	6.072064E1	3.545136E0
1.302000E1	6.086432E1	3.128836E0
1.304000E1	6.084556E1	3.141378E0
1.306000E1	6.083762E1	3.134391E0
1.308000E1	6.078684E1	2.986212E0
1.310000E1	6.083851E1	2.909780E0
1.312000E1	6.083365E1	2.914001E0
1.314000E1	6.092005E1	3.077193E0
1.316000E1	6.091777E1	3.146389E0
1.318000E1	6.089798E1	3.152299E0
1.320000E1	6.085131E1	3.024786E0
1.322000E1	6.090309E1	2.822015E0
1.324000E1	6.091339E1	2.744985E0
1.326000E1	6.093698E1	2.762075E0
1.328000E1	6.097416E1	2.509251E0
1.330000E1	6.097240E1	2.450044E0
1.332000E1	6.103222E1	2.468498E0
1.334000E1	6.107934E1	2.531570E0
1.336000E1	6.100935E1	2.423577E0
1.338000E1	6.092205E1	2.392385E0
1.340000E1	6.093089E1	2.405361E0
1.342000E1	6.101369E1	2.360474E0
1.344000E1	6.113154E1	2.204276E0
1.346000E1	6.113780E1	2.198382E0
1.348000E1	6.116420E1	2.206684E0
1.350000E1	6.130165E1	2.185616E0
1.352000E1	6.131479E1	2.228304E0
1.354000E1	6.123141E1	2.699425E0
1.356000E1	6.122888E1	2.867928E0
1.358000E1	6.131835E1	2.828334E0
1.360000E1	6.132333E1	2.833284E0
1.362000E1	6.138784E1	3.063182E0
1.364000E1	6.151283E1	3.420742E0
1.366000E1	6.154352E1	3.421065E0
1.368000E1	6.175637E1	3.517892E0
1.370000E1	6.188297E1	3.461021E0
1.372000E1	6.178497E1	3.643150E0
1.374000E1	6.181660E1	3.923239E0
1.376000E1	6.182535E1	3.903585E0
1.378000E1	6.185846E1	3.595714E0
1.380000E1	6.180639E1	3.304223E0
1.382000E1	6.184508E1	3.333324E0
1.384000E1	6.192965E1	3.744170E0
1.386000E1	6.200991E1	3.927842E0
1.388000E1	6.207858E1	4.012718E0
1.390000E1	6.210160E1	4.243677E0
1.392000E1	6.212568E1	4.349183E0
1.394000E1	6.216586E1	4.142314E0
1.396000E1	6.215847E1	3.612366E0
1.398000E1	6.217744E1	3.209639E0
1.400000E1	6.217772E1	3.258416E0
1.402000E1	6.213696E1	3.277908E0
1.404000E1	6.207863E1	2.997608E0
1.406000E1	6.213162E1	2.948476E0
1.408000E1	6.219258E1	2.975649E0
1.410000E1	6.227137E1	2.990085E0
1.412000E1	6.233107E1	2.918386E0
1.414000E1	6.243384E1	2.732198E0
1.416000E1	6.237817E1	2.559253E0
1.418000E1	6.230055E1	2.443621E0
1.420000E1	6.234739E1	2.495881E0
1.422000E1	6.233946E1	2.472526E0
1.424000E1	6.231269E1	2.428132E0
1.426000E1	6.232818E1	2.628724E0
1.428000E1	6.242847E1	2.598598E0
1.430000E1	6.250745E1	2.354346E0
1.432000E1	6.255538E1	2.229416E0
1.434000E1	6.252409E1	2.233836E0
1.436000E1	6.246193E1	2.199840E0
1.438000E1	6.245063E1	2.201389E0
1.440000E1	6.240302E1	2.561362E0
1.442000E1	6.228974E1	2.844748E0
1.444000E1	6.230699E1	2.782034E0
1.446000E1	6.230056E1	2.725326E0
1.448000E1	6.229764E1	2.810452E0
1.450000E1	6.233033E1	2.869739E0
1.452000E1	6.234184E1	2.865541E0
1.454000E1	6.237232E1	2.767207E0
1.456000E1	6.236664E1	2.781677E0
1.458000E1	6.236162E1	2.794295E0
1.460000E1	6.237652E1	2.842914E0
1.462000E1	6.246718E1	3.112676E0
1.464000E1	6.244820E1	3.387297E0
1.466000E1	6.255989E1	3.638584E0
1.468000E1	6.267712E1	3.691881E0
1.470000E1	6.272795E1	3.716814E0
1.472000E1	6.281108E1	3.857296E0
1.474000E1	6.284121E1	3.994224E0
1.476000E1	6.280005E1	4.031565E0
1.478000E1	6.274593E1	3.764675E0
1.480000E1	6.280263E1	3.393012E0
1.482000E1	6.279467E1	3.790095E0
1.484000E1	6.280811E1	4.087132E0
1.486000E1	6.290150E1	4.157698E0
1.488000E1	6.291178E1	4.251833E0
1.490000E1	6.289065E1	4.519080E0
1.492000E1	6.288177E1	4.341557E0
1.494000E1	6.277680E1	3.685098E0
1.496000E1	6.280981E1	2.992285E0
1.498000E1	6.283084E1	2.977560E0
1.500000E1	6.281916E1	2.958767E0
1.502000E1	6.286085E1	2.677726E0
1.504000E1	6.284480E1	2.534170E0
1.506000E1	6.287500E1	2.787278E0
1.508000E1	6.294115E1	3.053106E0
1.510000E1	6.293590E1	2.913933E0
1.512000E1	6.291607E1	2.900710E0
1.514000E1	6.292781E1	2.775232E0
1.516000E1	6.296663E1	2.522200E0
1.518000E1	6.300891E1	2.408320E0
1.520000E1	6.310275E1	2.394276E0
1.522000E1	6.318669E1	2.398512E0
1.524000E1	6.321698E1	2.405766E0
1.526000E1	6.320764E1	2.760939E0
1.528000E1	6.313754E1	2.955665E0
1.530000E1	6.314488E1	2.818290E0
1.532000E1	6.313897E1	2.726308E0
1.534000E1	6.314364E1	2.860656E0
1.536000E1	6.317485E1	2.882005E0
1.538000E1	6.319836E1	2.872700E0
1.540000E1	6.321297E1	2.868356E0
1.542000E1	6.322183E1	2.855800E0
1.544000E1	6.319310E1	2.832968E0
1.546000E1	6.318613E1	2.822697E0
1.548000E1	6.319060E1	2.848938E0
1.550000E1	6.320265E1	2.854297E0
1.552000E1	6.322062E1	2.896807E0
1.554000E1	6.323936E1	2.925161E0
1.556000E1	6.326174E1	2.937072E0
1.558000E1	6.326641E1	2.944593E0
1.560000E1	6.330269E1	3.077402E0
1.562000E1	6.336745E1	3.349553E0
1.564000E1	6.341082E1	3.606200E0
1.566000E1	6.337818E1	3.666591E0
1.568000E1	6.341105E1	3.763711E0
1.570000E1	6.340647E1	3.959022E0
1.572000E1	6.339327E1	3.934105E0
1.574000E1	6.336804E1	3.911785E0
1.576000E1	6.333687E1	3.816428E0
1.578000E1	6.330217E1	3.580613E0
1.580000E1	6.336380E1	3.632910E0
1.582000E1	6.341658E1	3.803917E0
1.584000E1	6.350863E1	3.878892E0
1.586000E1	6.377635E1	3.790295E0
1.588000E1	6.397324E1	3.776611E0
1.590000E1	6.404831E1	3.920532E0
1.592000E1	6.397541E1	3.761298E0
1.594000E1	6.378569E1	3.495567E0
1.596000E1	6.374769E1	3.182508E0
1.598000E1	6.372056E1	3.423583E0
1.600000E1	6.373648E1	3.454896E0
1.602000E1	6.377612E1	3.129990E0
1.604000E1	6.385997E1	2.803830E0
1.606000E1	6.401176E1	2.904546E0
1.608000E1	6.442510E1	3.411416E0
1.610000E1	6.460698E1	3.614691E0
1.612000E1	6.451773E1	3.576204E0
1.614000E1	6.439818E1	3.375535E0
1.616000E1	6.435564E1	3.286996E0
1.618000E1	6.431978E1	3.382597E0
1.620000E1	6.428832E1	3.388777E0
1.622000E1	6.425578E1	3.400364E0
1.624000E1	6.424149E1	3.463857E0
1.626000E1	6.424008E1	3.386347E0
1.628000E1	6.418915E1	3.233619E0
1.630000E1	6.414547E1	2.970150E0
1.632000E1	6.406387E1	2.778239E0
1.634000E1	6.412325E1	2.961771E0
1.636000E1	6.416003E1	3.101517E0
1.638000E1	6.418465E1	3.036503E0
1.640000E1	6.417094E1	2.997535E0
1.642000E1	6.418037E1	2.988765E0
1.644000E1	6.416889E1	2.967696E0
1.646000E1	6.417539E1	2.956502E0
1.648000E1	6.416932E1	3.022163E0
1.650000E1	6.416813E1	3.087177E0
1.652000E1	6.417458E1	3.051562E0
1.654000E1	6.422821E1	3.127033E0
1.656000E1	6.430150E1	3.202489E0
1.658000E1	6.427340E1	3.443732E0
1.660000E1	6.431822E1	3.729102E0
1.662000E1	6.433683E1	3.928702E0
1.664000E1	6.433876E1	3.905968E0
1.666000E1	6.432993E1	3.912941E0
1.668000E1	6.438640E1	3.896323E0
1.670000E1	6.450909E1	3.889254E0
1.672000E1	6.457376E1	3.760614E0
1.674000E1	6.464311E1	3.632437E0
1.676000E1	6.477091E1	3.709145E0
1.678000E1	6.485956E1	4.048195E0
1.680000E1	6.493304E1	4.187583E0
1.682000E1	6.504762E1	4.127320E0
1.684000E1	6.505337E1	4.353892E0
1.686000E1	6.508612E1	4.618591E0
1.688000E1	6.517176E1	4.346882E0
1.690000E1	6.509707E1	3.745898E0
1.692000E1	6.510148E1	3.532581E0
1.694000E1	6.522982E1	3.660770E0
1.696000E1	6.525116E1	3.648772E0
1.698000E1	6.510376E1	3.457270E0
1.700000E1	6.506595E1	3.460862E0
1.702000E1	6.507862E1	3.491422E0
1.704000E1	6.506592E1	3.699209E0
1.706000E1	6.511150E1	3.797750E0
1.708000E1	6.513127E1	3.841896E0
1.710000E1	6.514607E1	3.883027E0
1.712000E1	6.512905E1	3.749308E0
1.714000E1	6.502797E1	3.442330E0
1.716000E1	6.506180E1	3.202327E0
1.718000E1	6.511246E1	3.082525E0
1.720000E1	6.510821E1	3.069887E0
1.722000E1	6.510638E1	3.171809E0
1.724000E1	6.512475E1	3.106853E0
1.726000E1	6.512445E1	3.077789E0
1.728000E1	6.513658E1	3.042636E0
1.730000E1	6.513946E1	2.964030E0
1.732000E1	6.512131E1	2.919871E0
1.734000E1	6.512877E1	3.029367E0
1.736000E1	6.512661E1	3.038357E0
1.738000E1	6.512927E1	3.015065E0
1.740000E1	6.512988E1	3.016365E0
1.742000E1	6.512935E1	3.115819E0
1.744000E1	6.513015E1	3.086085E0
1.746000E1	6.512930E1	3.069078E0
1.748000E1	6.513312E1	3.070534E0
1.750000E1	6.513759E1	3.059018E0
1.752000E1	6.514402E1	3.061807E0
1.754000E1	6.514614E1	3.053405E0
1.756000E1	6.525945E1	3.200979E0
1.758000E1	6.552643E1	3.334813E0
1.760000E1	6.570322E1	3.355252E0
1.762000E1	6.568029E1	3.384863E0
1.764000E1	6.571026E1	3.394174E0
1.766000E1	6.580197E1	3.743855E0
1.768000E1	6.586230E1	3.714167E0
1.770000E1	6.580056E1	3.652560E0
1.772000E1	6.587622E1	3.698500E0
1.774000E1	6.615470E1	3.770256E0
1.776000E1	6.635841E1	3.850254E0
1.778000E1	6.652171E1	3.894732E0
1.780000E1	6.670344E1	3.993399E0
1.782000E1	6.671633E1	4.077222E0
1.784000E1	6.649849E1	4.108495E0
1.786000E1	6.610796E1	4.005366E0
1.788000E1	6.606579E1	3.669080E0
1.790000E1	6.611174E1	3.569535E0
1.792000E1	6.604021E1	3.502050E0
1.794000E1	6.602718E1	3.405208E0
1.796000E1	6.602612E1	3.419940E0
1.798000E1	6.603997E1	3.443497E0
1.800000E1	6.604440E1	3.456242E0
1.802000E1	6.601131E1	3.439213E0
1.804000E1	6.597968E1	3.422882E0
1.806000E1	6.599390E1	3.420815E0
1.808000E1	6.595337E1	3.308393E0
1.810000E1	6.597979E1	3.248633E0
1.812000E1	6.598896E1	3.393371E0
1.814000E1	6.599335E1	3.399808E0
1.816000E1	6.600182E1	3.416042E0
1.818000E1	6.600741E1	3.434368E0
1.820000E1	6.601224E1	3.441885E0
1.822000E1	6.601780E1	3.450635E0
1.824000E1	6.600463E1	3.439138E0
1.826000E1	6.600540E1	3.453144E0
1.828000E1	6.601025E1	3.463275E0
1.830000E1	6.601412E1	3.461129E0
1.832000E1	6.597249E1	3.498859E0
1.834000E1	6.598118E1	3.495718E0
1.836000E1	6.594231E1	3.527798E0
1.838000E1	6.596446E1	3.471686E0
1.840000E1	6.597426E1	3.469525E0
1.842000E1	6.598690E1	3.428262E0
1.844000E1	6.603798E1	3.434321E0
1.846000E1	6.608130E1	3.418042E0
1.848000E1	6.608911E1	3.425663E0
1.850000E1	6.615244E1	3.418269E0
1.852000E1	6.620003E1	3.632839E0
1.854000E1	6.633875E1	3.830763E0
1.856000E1	6.646470E1	4.020408E0
1.858000E1	6.647311E1	4.171593E0
1.860000E1	6.657399E1	4.130586E0
1.862000E1	6.680326E1	4.067211E0
1.864000E1	6.707357E1	4.029163E0
1.866000E1	6.707608E1	4.022391E0
1.868000E1	6.703454E1	3.912849E0
1.870000E1	6.698415E1	3.930500E0
1.872000E1	6.695650E1	4.263674E0
1.874000E1	6.697604E1	4.474902E0
1.876000E1	6.698815E1	4.535001E0
1.878000E1	6.696818E1	4.738012E0
1.880000E1	6.701978E1	5.037703E0
1.882000E1	6.702068E1	4.996727E0
1.884000E1	6.691616E1	4.333039E0
1.886000E1	6.687658E1	3.848640E0
1.888000E1	6.692252E1	3.827360E0
1.890000E1	6.692008E1	3.817294E0
1.892000E1	6.684667E1	3.779660E0
1.894000E1	6.687946E1	3.802034E0
1.896000E1	6.688414E1	3.917423E0
1.898000E1	6.698205E1	4.144497E0
1.900000E1	6.699289E1	3.983507E0
1.902000E1	6.696939E1	3.891645E0
1.904000E1	6.685443E1	3.621374E0
1.906000E1	6.685099E1	3.622436E0
1.908000E1	6.688644E1	3.787516E0
1.910000E1	6.688147E1	3.782687E0
1.912000E1	6.690619E1	3.874928E0
1.914000E1	6.691130E1	3.924273E0
1.916000E1	6.691001E1	3.911163E0
1.918000E1	6.691674E1	3.910228E0
1.920000E1	6.692082E1	3.893028E0
1.922000E1	6.686949E1	3.836795E0
1.924000E1	6.686122E1	3.834145E0
1.926000E1	6.686077E1	3.849689E0
1.928000E1	6.690149E1	3.852257E0
1.930000E1	6.692159E1	3.883942E0
1.932000E1	6.691381E1	3.877095E0
1.934000E1	6.694259E1	3.861051E0
1.936000E1	6.696990E1	3.833360E0
1.938000E1	6.695779E1	3.865166E0
1.940000E1	6.696442E1	3.903178E0
1.942000E1	6.696254E1	3.916956E0
1.944000E1	6.696879E1	3.953580E0
1.946000E1	6.702854E1	3.985493E0
1.948000E1	6.717963E1	4.122402E0
1.950000E1	6.741012E1	4.255297E0
1.952000E1	6.767133E1	4.438053E0
1.954000E1	6.777192E1	4.447114E0
1.956000E1	6.779866E1	4.451511E0
1.958000E1	6.777297E1	4.580907E0
1.960000E1	6.776505E1	4.610702E0
1.962000E1	6.776216E1	4.617923E0
1.964000E1	6.773319E1	4.422589E0
1.966000E1	6.769243E1	4.390573E0
1.968000E1	6.779716E1	4.566214E0
1.970000E1	6.790279E1	4.791950E0
1.972000E1	6.790990E1	4.807747E0
1.974000E1	6.788944E1	4.854501E0
1.976000E1	6.793465E1	5.072180E0
1.978000E1	6.785930E1	5.137309E0
1.980000E1	6.782767E1	5.022058E0
1.982000E1	6.775833E1	4.524084E0
1.984000E1	6.767836E1	4.231563E0
1.986000E1	6.769351E1	4.234301E0
1.988000E1	6.769343E1	4.165794E0
1.990000E1	6.770380E1	3.932215E0
1.992000E1	6.768489E1	3.797179E0
1.994000E1	6.770483E1	4.003660E0
1.996000E1	6.772957E1	4.139647E0
1.998000E1	6.774498E1	4.081458E0
2.000000E1	6.774543E1	4.065934E0
2.002000E1	6.776088E1	4.062332E0
2.004000E1	6.774137E1	3.893698E0
2.006000E1	6.772725E1	3.925505E0
2.008000E1	6.773933E1	3.969110E0
2.010000E1	6.772356E1	3.906738E0
2.012000E1	6.774613E1	3.975216E0
2.014000E1	6.777394E1	3.986273E0
2.016000E1	6.780649E1	3.971584E0
2.018000E1	6.781428E1	3.937708E0
2.020000E1	6.782798E1	3.676144E0
2.022000E1	6.779055E1	3.521617E0
2.024000E1	6.779353E1	3.596748E0
2.026000E1	6.781031E1	3.660796E0
2.028000E1	6.780975E1	3.629513E0
2.030000E1	6.779438E1	3.607960E0
2.032000E1	6.781308E1	3.588970E0
2.034000E1	6.784346E1	3.583527E0
2.036000E1	6.794047E1	3.556037E0
2.038000E1	6.795179E1	3.534498E0
2.040000E1	6.797168E1	3.551815E0
2.042000E1	6.801203E1	3.612455E0
2.044000E1	6.795883E1	3.704568E0
2.046000E1	6.796252E1	3.842430E0
2.048000E1	6.802455E1	4.203021E0
2.050000E1	6.800122E1	4.289808E0
2.052000E1	6.797518E1	4.364710E0
2.054000E1	6.800385E1	4.449316E0
2.056000E1	6.803076E1	4.507185E0
2.058000E1	6.797987E1	4.495949E0
2.060000E1	6.792090E1	4.324780E0
2.062000E1	6.788439E1	4.254972E0
2.064000E1	6.790225E1	4.526905E0
2.066000E1	6.791612E1	4.711358E0
2.068000E1	6.791691E1	4.610016E0
2.070000E1	6.792171E1	4.683109E0
2.072000E1	6.799636E1	4.907041E0
2.074000E1	6.795090E1	4.976024E0
2.076000E1	6.780073E1	4.554339E0
2.078000E1	6.770884E1	4.050660E0
2.080000E1	6.772805E1	4.124573E0
2.082000E1	6.773676E1	4.128817E0
2.084000E1	6.773265E1	3.937873E0
2.086000E1	6.771594E1	3.955797E0
2.088000E1	6.775775E1	4.001890E0
2.090000E1	6.776579E1	4.002411E0
2.092000E1	6.780152E1	4.013017E0
2.094000E1	6.779636E1	4.117667E0
2.096000E1	6.782056E1	4.032389E0
2.098000E1	6.780882E1	3.986256E0
2.100000E1	6.772500E1	3.742681E0
2.102000E1	6.776022E1	3.701781E0
2.104000E1	6.779214E1	3.641469E0
2.106000E1	6.781309E1	3.555949E0
2.108000E1	6.782805E1	3.558473E0
2.110000E1	6.785270E1	3.582245E0
2.112000E1	6.790561E1	3.648309E0
2.114000E1	6.791198E1	3.608264E0
2.116000E1	6.786771E1	3.560521E0
2.118000E1	6.784953E1	3.471612E0
2.120000E1	6.785481E1	3.491180E0
2.122000E1	6.788214E1	3.477278E0
2.124000E1	6.791009E1	3.448575E0
2.126000E1	6.796262E1	3.453956E0
2.128000E1	6.794588E1	3.455825E0
2.130000E1	6.792738E1	3.474580E0
2.132000E1	6.791545E1	3.494963E0
2.134000E1	6.783020E1	3.609998E0
2.136000E1	6.783489E1	3.666412E0
2.138000E1	6.782788E1	3.767826E0
2.140000E1	6.784659E1	3.730080E0
2.142000E1	6.803584E1	3.909686E0
2.144000E1	6.802449E1	4.063649E0
2.146000E1	6.804465E1	4.107023E0
2.148000E1	6.807307E1	4.129184E0
2.150000E1	6.804377E1	4.169320E0
2.152000E1	6.800422E1	4.325778E0
2.154000E1	6.802363E1	4.481253E0
2.156000E1	6.799627E1	4.462262E0
2.158000E1	6.791078E1	4.211715E0
2.160000E1	6.792005E1	4.118126E0
2.162000E1	6.802661E1	4.438992E0
2.164000E1	6.797592E1	4.533028E0
2.166000E1	6.797356E1	4.547338E0
2.168000E1	6.797577E1	4.812783E0
2.170000E1	6.795419E1	4.974637E0
2.172000E1	6.792991E1	4.866257E0
2.174000E1	6.784038E1	4.250833E0
2.176000E1	6.781549E1	4.159365E0
2.178000E1	6.785118E1	4.275342E0
2.180000E1	6.777037E1	4.139902E0
2.182000E1	6.770069E1	3.877783E0
2.184000E1	6.778870E1	4.032446E0
2.186000E1	6.782964E1	4.057179E0
2.188000E1	6.790162E1	4.041802E0
2.190000E1	6.791070E1	4.042051E0
2.192000E1	6.793458E1	3.954825E0
2.194000E1	6.784821E1	3.731417E0
2.196000E1	6.782742E1	3.555046E0
2.198000E1	6.784271E1	3.650785E0
2.200000E1	6.786383E1	3.644117E0
2.202000E1	6.786146E1	3.616740E0
2.204000E1	6.788490E1	3.596553E0
2.206000E1	6.796894E1	3.602737E0
2.208000E1	6.798570E1	3.587497E0
2.210000E1	6.800560E1	3.404715E0
2.212000E1	6.800682E1	3.319827E0
2.214000E1	6.796992E1	3.351756E0
2.216000E1	6.795796E1	3.398825E0
2.218000E1	6.788588E1	3.529616E0
2.220000E1	6.785101E1	3.629269E0
2.222000E1	6.784129E1	3.634327E0
2.224000E1	6.785437E1	3.632159E0
2.226000E1	6.784905E1	3.625518E0
2.228000E1	6.786125E1	3.617616E0
2.230000E1	6.787158E1	3.603699E0
2.232000E1	6.787121E1	3.586981E0
2.234000E1	6.787219E1	3.589226E0
2.236000E1	6.786533E1	3.571767E0
2.238000E1	6.782657E1	3.595980E0
2.240000E1	6.791445E1	3.739016E0
2.242000E1	6.799566E1	3.844786E0
2.244000E1	6.805651E1	4.094655E0
2.246000E1	6.805349E1	4.129519E0
2.248000E1	6.808753E1	4.192738E0
2.250000E1	6.804925E1	4.175273E0
2.252000E1	6.802767E1	4.166850E0
2.254000E1	6.799343E1	4.249347E0
2.256000E1	6.795286E1	4.084413E0
2.258000E1	6.794590E1	3.929126E0
2.260000E1	6.800947E1	4.261782E0
2.262000E1	6.801387E1	4.426198E0
2.264000E1	6.804997E1	4.401822E0
2.266000E1	6.808672E1	4.613015E0
2.268000E1	6.808279E1	4.905266E0
2.270000E1	6.805798E1	4.926639E0
2.272000E1	6.790419E1	4.536744E0
2.274000E1	6.786859E1	3.969030E0
2.276000E1	6.790406E1	3.993668E0
2.278000E1	6.794724E1	4.084388E0
2.280000E1	6.790053E1	3.712043E0
2.282000E1	6.790893E1	3.496452E0
2.284000E1	6.792343E1	3.589073E0
2.286000E1	6.802508E1	3.825592E0
2.288000E1	6.804829E1	3.932681E0
2.290000E1	6.803137E1	3.925113E0
2.292000E1	6.801249E1	3.784489E0
2.294000E1	6.797602E1	3.591450E0
2.296000E1	6.800319E1	3.471759E0
2.298000E1	6.803874E1	3.496850E0
2.300000E1	6.804630E1	3.514642E0
2.302000E1	6.802375E1	3.516546E0
2.304000E1	6.800316E1	3.537493E0
2.306000E1	6.797933E1	3.641256E0
2.308000E1	6.795541E1	3.613994E0
2.310000E1	6.792795E1	3.582586E0
2.312000E1	6.790979E1	3.578552E0
2.314000E1	6.790733E1	3.578921E0
2.316000E1	6.792430E1	3.581284E0
2.318000E1	6.791962E1	3.586643E0
2.320000E1	6.787406E1	3.531524E0
2.322000E1	6.781731E1	3.497797E0
2.324000E1	6.784701E1	3.499158E0
2.326000E1	6.786627E1	3.595056E0
2.328000E1	6.788204E1	3.607003E0
2.330000E1	6.789897E1	3.641493E0
2.332000E1	6.791411E1	3.631822E0
2.334000E1	6.792395E1	3.664444E0
2.336000E1	6.796178E1	3.725063E0
2.338000E1	6.804508E1	3.795073E0
2.340000E1	6.812592E1	4.110849E0
2.342000E1	6.809319E1	4.122433E0
2.344000E1	6.808499E1	4.116099E0
2.346000E1	6.811562E1	4.182193E0
2.348000E1	6.808383E1	4.172828E0
2.350000E1	6.807289E1	4.135270E0
2.352000E1	6.803683E1	4.022802E0
2.354000E1	6.800832E1	4.024102E0
2.356000E1	6.800866E1	4.142214E0
2.358000E1	6.810519E1	4.297898E0
2.360000E1	6.809698E1	4.299463E0
2.362000E1	6.828146E1	4.477680E0
2.364000E1	6.840553E1	4.622557E0
2.366000E1	6.854718E1	4.456222E0
2.368000E1	6.847947E1	4.438772E0
2.370000E1	6.831300E1	4.194387E0
2.372000E1	6.826540E1	3.928539E0
2.374000E1	6.830007E1	3.920511E0
2.376000E1	6.831520E1	3.919580E0
2.378000E1	6.825531E1	3.781928E0
2.380000E1	6.831422E1	3.648997E0
2.382000E1	6.847295E1	3.510017E0
2.384000E1	6.851608E1	3.496359E0
2.386000E1	6.862374E1	3.531804E0
2.388000E1	6.883236E1	3.594945E0
2.390000E1	6.888575E1	3.631600E0
2.392000E1	6.883546E1	3.580339E0
2.394000E1	6.877750E1	3.538029E0
2.396000E1	6.874130E1	3.580523E0
2.398000E1	6.876145E1	3.582380E0
2.400000E1	6.878062E1	3.586948E0
