	mass A		
t	x	y	
0.000000E0	-2.343657E-2	-9.676348E-4
2.000000E-2	8.971835E-3	7.487917E-2
4.000000E-2	1.584277E-1	-1.097743E-2
6.000000E-2	4.348446E-1	1.130100E-1
8.000000E-2	9.113677E-1	9.861463E-2
1.000000E-1	1.248980E0	-5.589013E-1
1.200000E-1	1.303243E0	-1.196944E0
1.400000E-1	1.340290E0	-1.281326E0
1.600000E-1	1.414051E0	-9.767561E-1
1.800000E-1	1.731967E0	-4.950783E-2
2.000000E-1	1.806310E0	8.188366E-1
2.200000E-1	1.952672E0	9.572037E-1
2.400000E-1	2.080934E0	7.322599E-1
2.600000E-1	2.224473E0	1.418104E-1
2.800000E-1	2.518973E0	2.745051E-1
3.000000E-1	2.687788E0	7.508294E-1
3.200000E-1	2.932513E0	1.151332E0
3.400000E-1	2.940189E0	1.390749E0
3.600000E-1	3.012016E0	9.998047E-1
3.800000E-1	3.056728E0	5.524682E-1
4.000000E-1	3.169592E0	5.977998E-1
4.200000E-1	3.405805E0	1.048731E0
4.400000E-1	3.705354E0	1.260163E0
4.600000E-1	4.114498E0	1.581405E0
4.800000E-1	4.155268E0	1.668982E0
5.000000E-1	4.162755E0	1.403162E0
5.200000E-1	4.224294E0	8.136485E-1
5.400000E-1	4.464149E0	4.924398E-1
5.600000E-1	4.670497E0	4.035044E-1
5.800000E-1	4.652532E0	1.541116E-1
6.000000E-1	4.701665E0	1.667626E-1
6.200000E-1	4.943436E0	2.979337E-1
6.400000E-1	5.213358E0	8.684743E-1
6.600000E-1	5.309993E0	1.039930E0
6.800000E-1	5.518510E0	1.033009E0
7.000000E-1	5.625063E0	6.244361E-1
7.200000E-1	5.714074E0	1.641912E-1
7.400000E-1	5.737992E0	8.569410E-2
7.600000E-1	5.824742E0	1.680106E-1
7.800000E-1	5.908190E0	1.571421E-1
8.000000E-1	6.052593E0	-3.625412E-2
8.200000E-1	6.038982E0	-9.774459E-2
8.400000E-1	6.044310E0	1.352547E-1
8.600000E-1	6.180828E0	3.495958E-1
8.800000E-1	6.138501E0	5.998134E-1
9.000000E-1	6.134000E0	6.153383E-1
9.200000E-1	6.141546E0	6.399237E-1
9.400000E-1	6.156655E0	7.025539E-1
9.600000E-1	6.218319E0	8.025337E-1
9.800000E-1	6.385510E0	9.861767E-1
1.000000E0	6.607433E0	8.388181E-1
1.020000E0	7.004845E0	4.146115E-1
1.040000E0	7.265841E0	2.727752E-1
1.060000E0	7.239786E0	3.406170E-1
1.080000E0	7.420379E0	8.747170E-1
1.100000E0	7.432721E0	1.260082E0
1.120000E0	7.454014E0	1.214189E0
1.140000E0	7.471939E0	1.079759E0
1.160000E0	7.490135E0	1.111000E0
1.180000E0	7.823790E0	1.274800E0
1.200000E0	7.973688E0	1.638941E0
1.220000E0	8.030779E0	1.782495E0
1.240000E0	8.029252E0	2.202736E0
1.260000E0	7.830129E0	2.387336E0
1.280000E0	7.870879E0	2.309128E0
1.300000E0	7.949890E0	1.977442E0
1.320000E0	8.100321E0	1.948819E0
1.340000E0	8.323630E0	2.134158E0
1.360000E0	8.631525E0	2.074404E0
1.380000E0	8.676561E0	1.743140E0
1.400000E0	8.713892E0	1.433237E0
1.420000E0	8.921289E0	1.316324E0
1.440000E0	9.309853E0	1.517899E0
1.460000E0	9.878645E0	1.847251E0
1.480000E0	1.001194E1	1.746922E0
1.500000E0	1.008313E1	1.423678E0
1.520000E0	9.901588E0	7.487382E-1
1.540000E0	9.938205E0	4.983157E-1
1.560000E0	1.006885E1	6.810224E-1
1.580000E0	1.022000E1	1.299142E0
1.600000E0	1.052488E1	1.750580E0
1.620000E0	1.108927E1	1.926509E0
1.640000E0	1.144900E1	1.817662E0
1.660000E0	1.166518E1	1.395110E0
1.680000E0	1.167155E1	9.962429E-1
1.700000E0	1.149097E1	3.875354E-1
1.720000E0	1.113836E1	6.315121E-3
1.740000E0	1.123478E1	3.154607E-1
1.760000E0	1.133263E1	7.324626E-1
1.780000E0	1.138446E1	1.233082E0
1.800000E0	1.138040E1	1.295882E0
1.820000E0	1.133475E1	1.227999E0
1.840000E0	1.130991E1	1.239854E0
1.860000E0	1.137938E1	1.453303E0
1.880000E0	1.132842E1	1.435342E0
1.900000E0	1.143050E1	1.178604E0
1.920000E0	1.150562E1	1.063837E0
1.940000E0	1.168082E1	1.018854E0
1.960000E0	1.171343E1	1.165298E0
1.980000E0	1.191166E1	1.474023E0
2.000000E0	1.196498E1	1.773053E0
2.020000E0	1.212369E1	1.792956E0
2.040000E0	1.212250E1	1.814582E0
2.060000E0	1.219205E1	1.836870E0
2.080000E0	1.244358E1	1.831107E0
2.100000E0	1.249051E1	1.846885E0
2.120000E0	1.251341E1	1.869235E0
2.140000E0	1.251285E1	2.075946E0
2.160000E0	1.253845E1	2.166829E0
2.180000E0	1.256460E1	2.295368E0
2.200000E0	1.264473E1	2.390184E0
2.220000E0	1.268093E1	2.463084E0
2.240000E0	1.270954E1	2.604225E0
2.260000E0	1.273796E1	2.617235E0
2.280000E0	1.270075E1	2.399157E0
2.300000E0	1.271501E1	2.139724E0
2.320000E0	1.288474E1	1.916468E0
2.340000E0	1.331532E1	1.852590E0
2.360000E0	1.380198E1	1.929312E0
2.380000E0	1.411567E1	1.657769E0
2.400000E0	1.403522E1	1.258376E0
2.420000E0	1.392844E1	1.096713E0
2.440000E0	1.419661E1	1.284876E0
2.460000E0	1.471121E1	1.639882E0
2.480000E0	1.520214E1	2.114244E0
2.500000E0	1.532860E1	2.169546E0
2.520000E0	1.573728E1	1.882619E0
2.540000E0	1.595036E1	1.212289E0
2.560000E0	1.600104E1	6.907761E-1
2.580000E0	1.603698E1	6.671338E-1
2.600000E0	1.606484E1	6.958403E-1
2.620000E0	1.606830E1	8.883768E-1
2.640000E0	1.612422E1	1.218058E0
2.660000E0	1.625402E1	1.585667E0
2.680000E0	1.653506E1	1.737150E0
2.700000E0	1.672737E1	1.556643E0
2.720000E0	1.661065E1	1.249774E0
2.740000E0	1.669127E1	1.138274E0
2.760000E0	1.680593E1	1.263046E0
2.780000E0	1.683144E1	1.237594E0
2.800000E0	1.694841E1	8.052719E-1
2.820000E0	1.701766E1	5.066747E-1
2.840000E0	1.686091E1	6.704957E-1
2.860000E0	1.696733E1	1.087676E0
2.880000E0	1.687143E1	1.443126E0
2.900000E0	1.694125E1	1.631856E0
2.920000E0	1.690513E1	1.460618E0
2.940000E0	1.688951E1	1.453942E0
2.960000E0	1.696748E1	1.590751E0
2.980000E0	1.703753E1	1.868299E0
3.000000E0	1.729182E1	2.046391E0
3.020000E0	1.727179E1	2.165155E0
3.040000E0	1.727379E1	2.175859E0
3.060000E0	1.726617E1	2.244942E0
3.080000E0	1.733003E1	2.264359E0
3.100000E0	1.733814E1	2.209618E0
3.120000E0	1.731425E1	2.159483E0
3.140000E0	1.731099E1	2.151808E0
3.160000E0	1.735066E1	2.203112E0
3.180000E0	1.739321E1	2.241327E0
3.200000E0	1.761443E1	2.096998E0
3.220000E0	1.775958E1	2.145244E0
3.240000E0	1.801779E1	2.276868E0
3.260000E0	1.823394E1	2.142106E0
3.280000E0	1.816211E1	1.939481E0
3.300000E0	1.819277E1	1.907244E0
3.320000E0	1.839522E1	1.996567E0
3.340000E0	1.862533E1	1.948476E0
3.360000E0	1.890644E1	2.183170E0
3.380000E0	1.934376E1	2.181917E0
3.400000E0	1.952432E1	1.871809E0
3.420000E0	1.966615E1	1.581560E0
3.440000E0	1.986093E1	1.481655E0
3.460000E0	2.040001E1	1.532993E0
3.480000E0	2.105567E1	1.568353E0
3.500000E0	2.120889E1	1.536063E0
3.520000E0	2.117997E1	1.759570E0
3.540000E0	2.123394E1	1.932471E0
3.560000E0	2.128053E1	1.720120E0
3.580000E0	2.136202E1	1.543406E0
3.600000E0	2.140015E1	1.503820E0
3.620000E0	2.144528E1	1.506584E0
3.640000E0	2.173279E1	1.792409E0
3.660000E0	2.193941E1	2.016643E0
3.680000E0	2.222239E1	1.837877E0
3.700000E0	2.252528E1	1.279614E0
3.720000E0	2.269902E1	8.718356E-1
3.740000E0	2.247143E1	9.052760E-1
3.760000E0	2.242573E1	1.125933E0
3.780000E0	2.248582E1	1.401686E0
3.800000E0	2.250765E1	1.403076E0
3.820000E0	2.250127E1	1.259699E0
3.840000E0	2.249743E1	1.282982E0
3.860000E0	2.252136E1	1.324517E0
3.880000E0	2.253068E1	1.354039E0
3.900000E0	2.261442E1	1.446335E0
3.920000E0	2.257571E1	1.779124E0
3.940000E0	2.254196E1	1.811200E0
3.960000E0	2.253611E1	1.811427E0
3.980000E0	2.263524E1	2.012739E0
4.000000E0	2.267507E1	2.134902E0
4.020000E0	2.278642E1	2.256332E0
4.040000E0	2.282440E1	2.375294E0
4.060000E0	2.292154E1	2.362788E0
4.080000E0	2.305347E1	2.290732E0
4.100000E0	2.318852E1	2.019641E0
4.120000E0	2.338363E1	1.868851E0
4.140000E0	2.342650E1	1.862916E0
4.160000E0	2.352938E1	1.831118E0
4.180000E0	2.355886E1	1.852999E0
4.200000E0	2.374896E1	2.217208E0
4.220000E0	2.376578E1	2.363106E0
4.240000E0	2.383346E1	2.532004E0
4.260000E0	2.383655E1	2.662501E0
4.280000E0	2.389314E1	2.449086E0
4.300000E0	2.412915E1	1.992356E0
4.320000E0	2.439212E1	1.853635E0
4.340000E0	2.481725E1	1.906461E0
4.360000E0	2.506654E1	1.844584E0
4.380000E0	2.505539E1	1.493578E0
4.400000E0	2.492418E1	1.483067E0
4.420000E0	2.517225E1	1.848223E0
4.440000E0	2.575685E1	2.400282E0
4.460000E0	2.615176E1	2.540203E0
4.480000E0	2.623635E1	2.442960E0
4.500000E0	2.631357E1	2.433378E0
4.520000E0	2.647571E1	2.334950E0
4.540000E0	2.649411E1	2.078827E0
4.560000E0	2.674344E1	1.817072E0
4.580000E0	2.697035E1	1.622067E0
4.600000E0	2.694278E1	1.636168E0
4.620000E0	2.696967E1	1.786445E0
4.640000E0	2.706177E1	2.213832E0
4.660000E0	2.725166E1	2.366800E0
4.680000E0	2.729147E1	2.216367E0
4.700000E0	2.715653E1	1.788327E0
4.720000E0	2.709525E1	1.561337E0
4.740000E0	2.714953E1	1.701046E0
4.760000E0	2.715238E1	1.806652E0
4.780000E0	2.715360E1	1.707588E0
4.800000E0	2.712800E1	1.746962E0
4.820000E0	2.714204E1	1.845933E0
4.840000E0	2.714719E1	1.878769E0
4.860000E0	2.714528E1	1.946401E0
4.880000E0	2.714348E1	1.977470E0
4.900000E0	2.713763E1	2.004332E0
4.920000E0	2.713807E1	2.054528E0
4.940000E0	2.714328E1	2.051234E0
4.960000E0	2.717968E1	1.984749E0
4.980000E0	2.725581E1	1.878014E0
5.000000E0	2.744619E1	1.984081E0
5.020000E0	2.774092E1	2.059920E0
5.040000E0	2.782473E1	1.874638E0
5.060000E0	2.777833E1	1.924792E0
5.080000E0	2.789304E1	2.167683E0
5.100000E0	2.801077E1	2.252280E0
5.120000E0	2.805227E1	2.184756E0
5.140000E0	2.807959E1	2.303772E0
5.160000E0	2.825599E1	2.360686E0
5.180000E0	2.845368E1	2.224064E0
5.200000E0	2.865847E1	2.090351E0
5.220000E0	2.879989E1	2.229746E0
5.240000E0	2.903947E1	2.304005E0
5.260000E0	2.914161E1	2.240581E0
5.280000E0	2.893675E1	2.301395E0
5.300000E0	2.889721E1	2.298583E0
5.320000E0	2.893059E1	2.247287E0
5.340000E0	2.924724E1	2.302447E0
5.360000E0	2.958212E1	2.419521E0
5.380000E0	2.970513E1	2.395695E0
5.400000E0	2.985375E1	2.216695E0
5.420000E0	3.009964E1	2.131401E0
5.440000E0	3.066872E1	2.327762E0
5.460000E0	3.148579E1	2.652939E0
5.480000E0	3.167338E1	2.829155E0
5.500000E0	3.138985E1	2.885198E0
5.520000E0	3.144354E1	2.512179E0
5.540000E0	3.153182E1	2.109132E0
5.560000E0	3.149691E1	2.112884E0
5.580000E0	3.147326E1	2.173265E0
5.600000E0	3.147312E1	2.272551E0
5.620000E0	3.150097E1	2.328296E0
5.640000E0	3.156873E1	2.466539E0
5.660000E0	3.175426E1	2.540279E0
5.680000E0	3.161896E1	2.363916E0
5.700000E0	3.168371E1	2.187855E0
5.720000E0	3.170291E1	2.277306E0
5.740000E0	3.173312E1	2.288068E0
5.760000E0	3.174602E1	2.276359E0
5.780000E0	3.176750E1	2.265744E0
5.800000E0	3.177164E1	2.259351E0
5.820000E0	3.179011E1	2.259640E0
5.840000E0	3.183703E1	2.110589E0
5.860000E0	3.184786E1	2.069962E0
5.880000E0	3.193089E1	2.065044E0
5.900000E0	3.192337E1	1.944535E0
5.920000E0	3.196953E1	1.747885E0
5.940000E0	3.193790E1	1.648526E0
5.960000E0	3.199888E1	1.882249E0
5.980000E0	3.200438E1	2.069841E0
6.000000E0	3.213758E1	2.442937E0
6.020000E0	3.218560E1	2.405347E0
6.040000E0	3.243362E1	2.276004E0
6.060000E0	3.263788E1	2.179694E0
6.080000E0	3.284381E1	2.210955E0
6.100000E0	3.300257E1	2.172057E0
6.120000E0	3.321039E1	2.085628E0
6.140000E0	3.318715E1	2.135858E0
6.160000E0	3.314103E1	2.434166E0
6.180000E0	3.325896E1	2.636337E0
6.200000E0	3.324942E1	2.686751E0
6.220000E0	3.325006E1	2.766760E0
6.240000E0	3.326515E1	2.937960E0
6.260000E0	3.333972E1	3.123417E0
6.280000E0	3.347609E1	3.249421E0
6.300000E0	3.361084E1	2.980482E0
6.320000E0	3.376840E1	2.558370E0
6.340000E0	3.423336E1	2.471922E0
6.360000E0	3.466674E1	2.542786E0
6.380000E0	3.474984E1	2.545407E0
6.400000E0	3.476959E1	2.482871E0
6.420000E0	3.464179E1	2.336860E0
6.440000E0	3.478322E1	2.317894E0
6.460000E0	3.492789E1	2.645473E0
6.480000E0	3.512351E1	2.842889E0
6.500000E0	3.517280E1	2.989621E0
6.520000E0	3.524066E1	2.933290E0
6.540000E0	3.534462E1	2.689722E0
6.560000E0	3.533266E1	2.693229E0
6.580000E0	3.532940E1	2.568629E0
6.600000E0	3.538413E1	2.530028E0
6.620000E0	3.544579E1	2.534613E0
6.640000E0	3.550328E1	2.661795E0
6.660000E0	3.554171E1	2.859027E0
6.680000E0	3.555432E1	2.822533E0
6.700000E0	3.550714E1	2.594079E0
6.720000E0	3.553127E1	2.315336E0
6.740000E0	3.553947E1	2.123114E0
6.760000E0	3.560433E1	2.044606E0
6.780000E0	3.573716E1	2.000950E0
6.800000E0	3.576577E1	1.856760E0
6.820000E0	3.577065E1	1.746948E0
6.840000E0	3.575150E1	1.792364E0
6.860000E0	3.571825E1	2.046632E0
6.880000E0	3.567499E1	2.068580E0
6.900000E0	3.566130E1	2.044052E0
6.920000E0	3.573938E1	2.002554E0
6.940000E0	3.579270E1	1.843691E0
6.960000E0	3.591850E1	1.822759E0
6.980000E0	3.613784E1	1.905380E0
7.000000E0	3.630555E1	1.977575E0
7.020000E0	3.640653E1	1.955225E0
7.040000E0	3.631850E1	2.139558E0
7.060000E0	3.635186E1	2.370532E0
7.080000E0	3.642199E1	2.501363E0
7.100000E0	3.644795E1	2.522289E0
7.120000E0	3.643182E1	2.451205E0
7.140000E0	3.646275E1	2.437900E0
7.160000E0	3.656289E1	2.682925E0
7.180000E0	3.661299E1	2.628852E0
7.200000E0	3.696190E1	2.515604E0
7.220000E0	3.738732E1	2.555027E0
7.240000E0	3.749184E1	2.706811E0
7.260000E0	3.742684E1	2.786204E0
7.280000E0	3.731077E1	2.854382E0
7.300000E0	3.735877E1	2.784357E0
7.320000E0	3.746215E1	2.741885E0
7.340000E0	3.749051E1	2.785388E0
7.360000E0	3.756836E1	2.669912E0
7.380000E0	3.783867E1	2.568368E0
7.400000E0	3.780262E1	2.530129E0
7.420000E0	3.782581E1	2.567660E0
7.440000E0	3.790348E1	2.830799E0
7.460000E0	3.789650E1	2.877794E0
7.480000E0	3.788658E1	2.903407E0
7.500000E0	3.789283E1	2.919490E0
7.520000E0	3.790918E1	2.884130E0
7.540000E0	3.782304E1	2.721006E0
7.560000E0	3.783127E1	2.662345E0
7.580000E0	3.785279E1	2.592794E0
7.600000E0	3.788985E1	2.517651E0
7.620000E0	3.797773E1	2.377433E0
7.640000E0	3.814092E1	2.360289E0
7.660000E0	3.828288E1	2.476763E0
7.680000E0	3.845685E1	2.290300E0
7.700000E0	3.844106E1	1.985738E0
7.720000E0	3.832099E1	1.748413E0
7.740000E0	3.830438E1	1.828335E0
7.760000E0	3.832420E1	2.080830E0
7.780000E0	3.831633E1	2.123781E0
7.800000E0	3.834351E1	2.062187E0
7.820000E0	3.855903E1	1.988935E0
7.840000E0	3.867548E1	1.959029E0
7.860000E0	3.883249E1	1.895180E0
7.880000E0	3.896520E1	1.938428E0
7.900000E0	3.899878E1	1.924957E0
7.920000E0	3.889074E1	1.929084E0
7.940000E0	3.864793E1	2.059440E0
7.960000E0	3.875873E1	2.336985E0
7.980000E0	3.878256E1	2.489265E0
8.000000E0	3.878040E1	2.498339E0
8.020000E0	3.883854E1	2.644417E0
8.040000E0	3.899888E1	2.828990E0
8.060000E0	3.903571E1	2.873552E0
8.080000E0	3.924419E1	2.788856E0
8.100000E0	3.970580E1	2.596516E0
8.120000E0	3.998843E1	2.443930E0
8.140000E0	3.984918E1	2.503359E0
8.160000E0	3.983522E1	2.619495E0
8.180000E0	3.983232E1	2.976553E0
8.200000E0	3.986449E1	3.006080E0
8.220000E0	3.990549E1	3.020812E0
8.240000E0	4.000350E1	3.270410E0
8.260000E0	4.009359E1	3.397517E0
8.280000E0	4.009920E1	3.277029E0
8.300000E0	4.013955E1	3.101863E0
8.320000E0	4.016851E1	3.180494E0
8.340000E0	4.017733E1	3.148138E0
8.360000E0	4.024504E1	2.884594E0
8.380000E0	4.020349E1	2.705758E0
8.400000E0	4.025673E1	2.759685E0
8.420000E0	4.026792E1	2.795715E0
8.440000E0	4.026204E1	2.813281E0
8.460000E0	4.026462E1	2.764286E0
8.480000E0	4.031750E1	2.671817E0
8.500000E0	4.041020E1	2.336657E0
8.520000E0	4.039932E1	2.073456E0
8.540000E0	4.052734E1	2.018545E0
8.560000E0	4.064329E1	1.921370E0
8.580000E0	4.062311E1	1.819014E0
8.600000E0	4.073290E1	1.828299E0
8.620000E0	4.091859E1	2.126305E0
8.640000E0	4.093838E1	2.150823E0
8.660000E0	4.092390E1	2.106089E0
8.680000E0	4.096510E1	2.170007E0
8.700000E0	4.093406E1	2.030239E0
8.720000E0	4.098671E1	1.734245E0
8.740000E0	4.104625E1	1.707771E0
8.760000E0	4.119841E1	1.748859E0
8.780000E0	4.124564E1	1.739686E0
8.800000E0	4.128288E1	1.544516E0
8.820000E0	4.117096E1	1.381042E0
8.840000E0	4.117543E1	1.371503E0
8.860000E0	4.116792E1	1.725902E0
8.880000E0	4.118317E1	1.798519E0
8.900000E0	4.116939E1	1.678842E0
8.920000E0	4.110055E1	1.792673E0
8.940000E0	4.121754E1	2.483499E0
8.960000E0	4.121519E1	2.382080E0
8.980000E0	4.117650E1	2.014472E0
9.000000E0	4.130748E1	2.227722E0
9.020000E0	4.133459E1	2.368842E0
9.040000E0	4.131864E1	2.428285E0
9.060000E0	4.130506E1	2.504462E0
9.080000E0	4.133713E1	2.591739E0
9.100000E0	4.138673E1	2.680524E0
9.120000E0	4.134805E1	2.591128E0
9.140000E0	4.134058E1	2.553664E0
9.160000E0	4.131755E1	2.606539E0
9.180000E0	4.131656E1	2.710019E0
9.200000E0	4.132832E1	2.871854E0
9.220000E0	4.132141E1	2.926818E0
9.240000E0	4.135187E1	3.065914E0
9.260000E0	4.138178E1	3.406692E0
9.280000E0	4.133725E1	3.535674E0
9.300000E0	4.132641E1	3.340970E0
9.320000E0	4.134547E1	3.111333E0
9.340000E0	4.130307E1	3.277177E0
9.360000E0	4.131911E1	3.217612E0
9.380000E0	4.146432E1	2.650274E0
9.400000E0	4.153661E1	2.133321E0
9.420000E0	4.192741E1	2.210746E0
9.440000E0	4.237030E1	2.509575E0
9.460000E0	4.284851E1	2.621909E0
9.480000E0	4.287426E1	2.468214E0
9.500000E0	4.290520E1	2.351928E0
9.520000E0	4.273872E1	1.950576E0
9.540000E0	4.268735E1	1.825430E0
9.560000E0	4.278985E1	2.098997E0
9.580000E0	4.290040E1	2.120299E0
9.600000E0	4.308648E1	1.848992E0
9.620000E0	4.329415E1	1.760677E0
9.640000E0	4.368442E1	1.960723E0
9.660000E0	4.397934E1	2.063720E0
9.680000E0	4.367663E1	1.888305E0
9.700000E0	4.332758E1	1.696159E0
9.720000E0	4.329461E1	1.740238E0
9.740000E0	4.324556E1	2.066339E0
9.760000E0	4.323244E1	2.162056E0
9.780000E0	4.320421E1	2.092095E0
9.800000E0	4.322726E1	2.188134E0
9.820000E0	4.323527E1	2.344472E0
9.840000E0	4.327900E1	2.206486E0
9.860000E0	4.317408E1	2.094393E0
9.880000E0	4.316824E1	2.150243E0
9.900000E0	4.315518E1	2.185111E0
9.920000E0	4.313004E1	2.272350E0
9.940000E0	4.316003E1	2.366054E0
9.960000E0	4.319868E1	2.427078E0
9.980000E0	4.322923E1	2.475963E0
1.000000E1	4.322290E1	2.464063E0
1.002000E1	4.327707E1	2.521734E0
1.004000E1	4.325013E1	2.675701E0
1.006000E1	4.328887E1	2.727680E0
1.008000E1	4.326897E1	2.778128E0
1.010000E1	4.323250E1	2.760711E0
1.012000E1	4.321262E1	2.692323E0
1.014000E1	4.322053E1	2.779125E0
1.016000E1	4.323172E1	2.840579E0
1.018000E1	4.322389E1	2.863786E0
1.020000E1	4.321504E1	2.853529E0
1.022000E1	4.330396E1	3.070966E0
1.024000E1	4.346504E1	3.130127E0
1.026000E1	4.365708E1	3.076109E0
1.028000E1	4.378550E1	3.023789E0
1.030000E1	4.388794E1	3.034390E0
1.032000E1	4.404502E1	2.950636E0
1.034000E1	4.435510E1	2.772274E0
1.036000E1	4.451911E1	2.775860E0
1.038000E1	4.460191E1	2.734097E0
1.040000E1	4.448345E1	2.401116E0
1.042000E1	4.450848E1	2.346112E0
1.044000E1	4.467435E1	2.483647E0
1.046000E1	4.509557E1	2.505343E0
1.048000E1	4.577591E1	2.482537E0
1.050000E1	4.621078E1	2.555693E0
1.052000E1	4.625335E1	2.539647E0
1.054000E1	4.626727E1	2.264205E0
1.056000E1	4.598196E1	1.769764E0
1.058000E1	4.594010E1	1.785176E0
1.060000E1	4.604155E1	2.302530E0
1.062000E1	4.591654E1	2.520358E0
1.064000E1	4.598100E1	2.361158E0
1.066000E1	4.600181E1	2.413264E0
1.068000E1	4.622668E1	2.642958E0
1.070000E1	4.630755E1	2.622897E0
1.072000E1	4.621063E1	2.223327E0
1.074000E1	4.613363E1	1.846868E0
1.076000E1	4.609933E1	1.862969E0
1.078000E1	4.607628E1	2.082990E0
1.080000E1	4.602193E1	2.078303E0
1.082000E1	4.601473E1	2.158602E0
1.084000E1	4.604517E1	2.334242E0
1.086000E1	4.601509E1	2.331455E0
1.088000E1	4.601468E1	2.267278E0
1.090000E1	4.598661E1	2.268245E0
1.092000E1	4.599102E1	2.340979E0
1.094000E1	4.597798E1	2.471767E0
1.096000E1	4.596195E1	2.557965E0
1.098000E1	4.597608E1	2.565880E0
1.100000E1	4.608828E1	2.824807E0
1.102000E1	4.606173E1	2.851698E0
1.104000E1	4.603424E1	2.871230E0
1.106000E1	4.608340E1	2.927287E0
1.108000E1	4.604058E1	2.954789E0
1.110000E1	4.603996E1	2.875680E0
1.112000E1	4.603169E1	2.765020E0
1.114000E1	4.608676E1	2.721020E0
1.116000E1	4.631652E1	2.847857E0
1.118000E1	4.644253E1	2.850529E0
1.120000E1	4.656806E1	2.831145E0
1.122000E1	4.665268E1	2.902377E0
1.124000E1	4.682010E1	3.216603E0
1.126000E1	4.682996E1	3.223988E0
1.128000E1	4.671948E1	2.936473E0
1.130000E1	4.676830E1	2.866716E0
1.132000E1	4.709175E1	2.937322E0
1.134000E1	4.760216E1	2.848040E0
1.136000E1	4.801156E1	2.553255E0
1.138000E1	4.817878E1	2.216715E0
1.140000E1	4.823490E1	2.066266E0
1.142000E1	4.834911E1	2.079294E0
1.144000E1	4.866081E1	2.449692E0
1.146000E1	4.890398E1	2.872343E0
1.148000E1	4.885438E1	2.878196E0
1.150000E1	4.873753E1	2.649534E0
1.152000E1	4.872665E1	2.601941E0
1.154000E1	4.871251E1	2.552940E0
1.156000E1	4.873430E1	2.529306E0
1.158000E1	4.875639E1	2.579417E0
1.160000E1	4.876198E1	2.562696E0
1.162000E1	4.876862E1	2.393889E0
1.164000E1	4.877892E1	2.442541E0
1.166000E1	4.876261E1	2.504439E0
1.168000E1	4.876020E1	2.550848E0
1.170000E1	4.871889E1	2.457548E0
1.172000E1	4.869412E1	2.456939E0
1.174000E1	4.869879E1	2.463466E0
1.176000E1	4.870742E1	2.483041E0
1.178000E1	4.869991E1	2.469798E0
1.180000E1	4.870596E1	2.451809E0
1.182000E1	4.874218E1	2.528682E0
1.184000E1	4.872720E1	2.570733E0
1.186000E1	4.872871E1	2.539967E0
1.188000E1	4.871729E1	2.554118E0
1.190000E1	4.870884E1	2.611090E0
1.192000E1	4.871986E1	2.575660E0
1.194000E1	4.872545E1	2.563259E0
1.196000E1	4.872876E1	2.583289E0
1.198000E1	4.875659E1	2.576042E0
1.200000E1	4.884901E1	2.710403E0
1.202000E1	4.890374E1	2.569885E0
1.204000E1	4.905282E1	2.562446E0
1.206000E1	4.920976E1	2.622521E0
1.208000E1	4.936478E1	2.448928E0
1.210000E1	4.936169E1	2.426920E0
1.212000E1	4.934213E1	2.476940E0
1.214000E1	4.931308E1	2.669336E0
1.216000E1	4.934271E1	2.745969E0
1.218000E1	4.933093E1	2.903443E0
1.220000E1	4.951082E1	2.984758E0
1.222000E1	4.983411E1	2.943631E0
1.224000E1	4.995119E1	3.012724E0
1.226000E1	5.003309E1	2.902869E0
1.228000E1	4.998943E1	2.765639E0
1.230000E1	5.004010E1	2.715883E0
1.232000E1	5.020553E1	2.868093E0
1.234000E1	5.021802E1	2.810430E0
1.236000E1	5.010958E1	2.618431E0
1.238000E1	5.009942E1	2.603881E0
1.240000E1	5.014220E1	2.689007E0
1.242000E1	5.028507E1	2.855141E0
1.244000E1	5.051804E1	3.034151E0
1.246000E1	5.060067E1	2.935412E0
1.248000E1	5.072177E1	2.690353E0
1.250000E1	5.069917E1	2.421972E0
1.252000E1	5.051044E1	2.239547E0
1.254000E1	5.068917E1	2.411978E0
1.256000E1	5.061606E1	2.612693E0
1.258000E1	5.063659E1	2.606505E0
1.260000E1	5.063993E1	2.580951E0
1.262000E1	5.065214E1	2.656112E0
1.264000E1	5.068767E1	2.632145E0
1.266000E1	5.062884E1	2.498651E0
1.268000E1	5.063185E1	2.516174E0
1.270000E1	5.059806E1	2.542689E0
1.272000E1	5.060646E1	2.546963E0
1.274000E1	5.062329E1	2.578590E0
1.276000E1	5.063154E1	2.656341E0
1.278000E1	5.063613E1	2.597174E0
1.280000E1	5.064199E1	2.609663E0
1.282000E1	5.064227E1	2.632946E0
1.284000E1	5.063948E1	2.590115E0
1.286000E1	5.064899E1	2.569223E0
1.288000E1	5.063394E1	2.567216E0
1.290000E1	5.067222E1	2.551431E0
1.292000E1	5.072203E1	2.537707E0
1.294000E1	5.076632E1	2.395275E0
1.296000E1	5.079421E1	2.313332E0
1.298000E1	5.079142E1	2.278585E0
1.300000E1	5.091075E1	2.562240E0
1.302000E1	5.103859E1	2.743404E0
1.304000E1	5.107034E1	2.802011E0
1.306000E1	5.115689E1	2.887406E0
1.308000E1	5.130146E1	3.004067E0
1.310000E1	5.154509E1	2.781984E0
1.312000E1	5.170464E1	2.577651E0
1.314000E1	5.169783E1	2.590705E0
1.316000E1	5.170443E1	2.632070E0
1.318000E1	5.171685E1	2.711945E0
1.320000E1	5.169137E1	2.969420E0
1.322000E1	5.166888E1	3.051956E0
1.324000E1	5.160017E1	3.198883E0
1.326000E1	5.163800E1	3.403384E0
1.328000E1	5.158596E1	3.526431E0
1.330000E1	5.152693E1	3.276507E0
1.332000E1	5.156643E1	2.996054E0
1.334000E1	5.165382E1	3.000277E0
1.336000E1	5.196841E1	2.982651E0
1.338000E1	5.222507E1	2.578769E0
1.340000E1	5.201669E1	2.293167E0
1.342000E1	5.209409E1	2.345838E0
1.344000E1	5.225184E1	2.909276E0
1.346000E1	5.236748E1	3.299039E0
1.348000E1	5.245454E1	3.013793E0
1.350000E1	5.245272E1	2.685073E0
1.352000E1	5.246214E1	2.590860E0
1.354000E1	5.245213E1	2.499673E0
1.356000E1	5.248078E1	2.639545E0
1.358000E1	5.243371E1	2.763127E0
1.360000E1	5.244048E1	2.694291E0
1.362000E1	5.248454E1	2.770946E0
1.364000E1	5.248144E1	2.830156E0
1.366000E1	5.250480E1	2.687399E0
1.368000E1	5.248824E1	2.670764E0
1.370000E1	5.243695E1	2.590726E0
1.372000E1	5.242678E1	2.569285E0
1.374000E1	5.244074E1	2.600115E0
1.376000E1	5.246114E1	2.577990E0
1.378000E1	5.255820E1	2.531114E0
1.380000E1	5.258630E1	2.514660E0
1.382000E1	5.261766E1	2.410340E0
1.384000E1	5.261479E1	2.335118E0
1.386000E1	5.261267E1	2.267758E0
1.388000E1	5.258261E1	2.405416E0
1.390000E1	5.257813E1	2.405064E0
1.392000E1	5.255087E1	2.399151E0
1.394000E1	5.257345E1	2.329279E0
1.396000E1	5.277819E1	2.304234E0
1.398000E1	5.301181E1	2.312727E0
1.400000E1	5.319308E1	2.460204E0
1.402000E1	5.333559E1	2.490690E0
1.404000E1	5.337350E1	2.519327E0
1.406000E1	5.340364E1	2.816189E0
1.408000E1	5.339838E1	3.122286E0
1.410000E1	5.339174E1	3.048009E0
1.412000E1	5.336963E1	2.943412E0
1.414000E1	5.334878E1	3.061669E0
1.416000E1	5.338367E1	3.184727E0
1.418000E1	5.342096E1	3.249398E0
1.420000E1	5.343022E1	3.268596E0
1.422000E1	5.347103E1	3.312093E0
1.424000E1	5.354882E1	3.418701E0
1.426000E1	5.365496E1	3.572882E0
1.428000E1	5.371612E1	3.569143E0
1.430000E1	5.361857E1	3.414621E0
1.432000E1	5.368095E1	3.180664E0
1.434000E1	5.369952E1	3.090798E0
1.436000E1	5.373926E1	3.114118E0
1.438000E1	5.376507E1	3.008818E0
1.440000E1	5.376169E1	2.854427E0
1.442000E1	5.375290E1	2.788382E0
1.444000E1	5.378395E1	2.771340E0
1.446000E1	5.380297E1	2.988839E0
1.448000E1	5.383273E1	3.089297E0
1.450000E1	5.385149E1	3.140276E0
1.452000E1	5.383916E1	3.162401E0
1.454000E1	5.383996E1	3.077032E0
1.456000E1	5.380457E1	3.000594E0
1.458000E1	5.380033E1	2.984799E0
1.460000E1	5.381070E1	2.986428E0
1.462000E1	5.381790E1	3.018972E0
1.464000E1	5.383267E1	2.927462E0
1.466000E1	5.392816E1	3.008437E0
1.468000E1	5.401276E1	3.094259E0
1.470000E1	5.404198E1	2.811080E0
1.472000E1	5.394256E1	2.527663E0
1.474000E1	5.386174E1	2.500173E0
1.476000E1	5.385676E1	2.664775E0
1.478000E1	5.388851E1	2.723086E0
1.480000E1	5.384623E1	2.827614E0
1.482000E1	5.394581E1	2.710891E0
1.484000E1	5.405912E1	2.555365E0
1.486000E1	5.407490E1	2.495143E0
1.488000E1	5.413230E1	2.521980E0
1.490000E1	5.422219E1	2.555637E0
1.492000E1	5.423237E1	2.562151E0
1.494000E1	5.417179E1	2.667364E0
1.496000E1	5.422538E1	2.909318E0
1.498000E1	5.426626E1	3.022044E0
1.500000E1	5.430046E1	3.155630E0
1.502000E1	5.431187E1	3.300266E0
1.504000E1	5.433545E1	3.369182E0
1.506000E1	5.438657E1	3.344501E0
1.508000E1	5.442515E1	3.315291E0
1.510000E1	5.449096E1	3.298587E0
1.512000E1	5.464695E1	3.178873E0
1.514000E1	5.454546E1	2.991592E0
1.516000E1	5.455514E1	3.134861E0
1.518000E1	5.460845E1	3.384317E0
1.520000E1	5.467773E1	3.373275E0
1.522000E1	5.472965E1	3.395309E0
1.524000E1	5.478377E1	3.393963E0
1.526000E1	5.482691E1	3.573441E0
1.528000E1	5.482007E1	3.613314E0
1.530000E1	5.477882E1	3.381840E0
1.532000E1	5.473855E1	3.114704E0
1.534000E1	5.474373E1	3.155610E0
1.536000E1	5.475465E1	3.172878E0
1.538000E1	5.472879E1	3.101233E0
1.540000E1	5.469959E1	2.913473E0
1.542000E1	5.474556E1	2.966553E0
1.544000E1	5.474930E1	3.125654E0
1.546000E1	5.476074E1	3.159182E0
1.548000E1	5.475839E1	3.169415E0
1.550000E1	5.480824E1	3.096208E0
1.552000E1	5.484290E1	3.058598E0
1.554000E1	5.488203E1	3.007121E0
1.556000E1	5.483096E1	2.653619E0
1.558000E1	5.484695E1	2.558153E0
1.560000E1	5.486125E1	2.641011E0
1.562000E1	5.485877E1	2.829045E0
1.564000E1	5.485122E1	2.832934E0
1.566000E1	5.486245E1	2.824169E0
1.568000E1	5.486819E1	2.929355E0
1.570000E1	5.498139E1	2.835020E0
1.572000E1	5.501301E1	2.420376E0
1.574000E1	5.495666E1	2.151355E0
1.576000E1	5.496543E1	2.182534E0
1.578000E1	5.508680E1	2.316677E0
1.580000E1	5.509231E1	2.299278E0
1.582000E1	5.498463E1	2.347952E0
1.584000E1	5.491987E1	2.438938E0
1.586000E1	5.488691E1	2.631285E0
1.588000E1	5.488896E1	2.606557E0
1.590000E1	5.485998E1	2.571184E0
1.592000E1	5.486109E1	2.658587E0
1.594000E1	5.489132E1	2.757466E0
1.596000E1	5.487759E1	2.729102E0
1.598000E1	5.485730E1	2.593422E0
1.600000E1	5.489148E1	2.651326E0
1.602000E1	5.486906E1	2.793126E0
1.604000E1	5.497192E1	3.110881E0
1.606000E1	5.497206E1	3.229150E0
1.608000E1	5.495542E1	3.243765E0
1.610000E1	5.494196E1	3.253464E0
1.612000E1	5.498145E1	3.284894E0
1.614000E1	5.505576E1	3.224322E0
1.616000E1	5.511431E1	3.164463E0
1.618000E1	5.515946E1	3.214285E0
1.620000E1	5.517158E1	3.345353E0
1.622000E1	5.520644E1	3.335742E0
1.624000E1	5.531543E1	3.506291E0
1.626000E1	5.531798E1	3.715112E0
1.628000E1	5.532381E1	3.813386E0
1.630000E1	5.533064E1	3.820032E0
1.632000E1	5.522557E1	3.554950E0
1.634000E1	5.523829E1	3.206945E0
1.636000E1	5.524594E1	3.233441E0
1.638000E1	5.527566E1	3.127687E0
1.640000E1	5.532029E1	2.868372E0
1.642000E1	5.528976E1	2.785559E0
1.644000E1	5.539585E1	2.655722E0
1.646000E1	5.548300E1	2.757781E0
1.648000E1	5.569402E1	2.928487E0
1.650000E1	5.571426E1	2.861467E0
1.652000E1	5.573104E1	2.801872E0
1.654000E1	5.572563E1	2.793421E0
1.656000E1	5.574633E1	2.600278E0
1.658000E1	5.584392E1	2.360461E0
1.660000E1	5.590760E1	2.334464E0
1.662000E1	5.592176E1	2.353709E0
1.664000E1	5.592492E1	2.356912E0
1.666000E1	5.605166E1	2.412600E0
1.668000E1	5.619007E1	2.591034E0
1.670000E1	5.617883E1	2.673366E0
1.672000E1	5.612774E1	2.658951E0
1.674000E1	5.607854E1	2.634225E0
1.676000E1	5.607680E1	2.675714E0
1.678000E1	5.610032E1	2.718758E0
1.680000E1	5.612909E1	2.733815E0
1.682000E1	5.614970E1	2.742689E0
1.684000E1	5.616604E1	2.741199E0
1.686000E1	5.618979E1	2.738006E0
1.688000E1	5.615029E1	2.715963E0
1.690000E1	5.615241E1	2.685598E0
1.692000E1	5.615582E1	2.716801E0
1.694000E1	5.616546E1	2.791162E0
1.696000E1	5.617329E1	2.814929E0
1.698000E1	5.617368E1	2.804108E0
1.700000E1	5.617615E1	2.808058E0
1.702000E1	5.618840E1	2.803128E0
1.704000E1	5.626891E1	2.883780E0
1.706000E1	5.629353E1	3.126079E0
1.708000E1	5.626221E1	3.305352E0
1.710000E1	5.627422E1	3.301847E0
1.712000E1	5.633413E1	3.413614E0
1.714000E1	5.631832E1	3.437382E0
1.716000E1	5.630928E1	3.377763E0
1.718000E1	5.628018E1	3.349938E0
1.720000E1	5.626465E1	3.307391E0
1.722000E1	5.627135E1	3.267181E0
1.724000E1	5.627735E1	3.359079E0
1.726000E1	5.638159E1	3.298035E0
1.728000E1	5.650185E1	3.338130E0
1.730000E1	5.668363E1	3.354627E0
1.732000E1	5.691693E1	3.282778E0
1.734000E1	5.691802E1	3.250922E0
1.736000E1	5.685887E1	3.187052E0
1.738000E1	5.680670E1	3.149523E0
1.740000E1	5.682120E1	3.165557E0
1.742000E1	5.681155E1	3.181393E0
1.744000E1	5.683017E1	2.894099E0
1.746000E1	5.683415E1	2.531389E0
1.748000E1	5.706501E1	2.467987E0
1.750000E1	5.745217E1	2.748544E0
1.752000E1	5.790194E1	3.051226E0
1.754000E1	5.794934E1	2.863443E0
1.756000E1	5.779704E1	2.783373E0
1.758000E1	5.772236E1	2.788245E0
1.760000E1	5.768372E1	2.811500E0
1.762000E1	5.766983E1	2.836019E0
1.764000E1	5.765009E1	2.843723E0
1.766000E1	5.766560E1	2.852846E0
1.768000E1	5.772121E1	2.936648E0
1.770000E1	5.775919E1	2.941319E0
1.772000E1	5.777490E1	2.716488E0
1.774000E1	5.765681E1	2.584342E0
1.776000E1	5.757161E1	2.404331E0
1.778000E1	5.760278E1	2.487358E0
1.780000E1	5.763234E1	2.667107E0
1.782000E1	5.764107E1	2.709942E0
1.784000E1	5.764945E1	2.706027E0
1.786000E1	5.766341E1	2.742052E0
1.788000E1	5.765657E1	2.767667E0
1.790000E1	5.766555E1	2.764903E0
1.792000E1	5.765629E1	2.812913E0
1.794000E1	5.763615E1	2.885230E0
1.796000E1	5.763665E1	2.883447E0
1.798000E1	5.764201E1	2.889942E0
1.800000E1	5.764435E1	2.938264E0
1.802000E1	5.766111E1	2.919681E0
1.804000E1	5.770008E1	3.067995E0
1.806000E1	5.776080E1	3.192858E0
1.808000E1	5.775121E1	3.203714E0
1.810000E1	5.781059E1	3.243036E0
1.812000E1	5.779866E1	3.235897E0
1.814000E1	5.788964E1	3.252539E0
1.816000E1	5.801763E1	3.223839E0
1.818000E1	5.805009E1	2.934536E0
1.820000E1	5.808854E1	2.892221E0
1.822000E1	5.818787E1	3.021180E0
1.824000E1	5.820737E1	3.274484E0
1.826000E1	5.819597E1	3.277010E0
1.828000E1	5.821646E1	3.438404E0
1.830000E1	5.825882E1	3.553441E0
1.832000E1	5.846076E1	3.500456E0
1.834000E1	5.867870E1	3.200124E0
1.836000E1	5.862192E1	2.963181E0
1.838000E1	5.861090E1	2.935082E0
1.840000E1	5.868017E1	2.904834E0
1.842000E1	5.871715E1	2.914548E0
1.844000E1	5.869288E1	2.910312E0
1.846000E1	5.863117E1	2.844999E0
1.848000E1	5.857174E1	2.823872E0
1.850000E1	5.858111E1	2.876465E0
1.852000E1	5.858658E1	2.956230E0
1.854000E1	5.872314E1	3.091152E0
1.856000E1	5.879560E1	3.161893E0
1.858000E1	5.885892E1	3.116159E0
1.860000E1	5.902341E1	2.925663E0
1.862000E1	5.893679E1	2.579900E0
1.864000E1	5.883773E1	2.406195E0
1.866000E1	5.894768E1	2.560818E0
1.868000E1	5.896695E1	2.738652E0
1.870000E1	5.898786E1	2.775866E0
1.872000E1	5.902360E1	2.782227E0
1.874000E1	5.905157E1	2.817712E0
1.876000E1	5.906572E1	2.828138E0
1.878000E1	5.907958E1	2.757069E0
1.880000E1	5.904775E1	2.800217E0
1.882000E1	5.902687E1	2.853120E0
1.884000E1	5.901473E1	2.867881E0
1.886000E1	5.903202E1	2.927798E0
1.888000E1	5.902701E1	2.912270E0
1.890000E1	5.903516E1	2.953341E0
1.892000E1	5.904183E1	2.966987E0
1.894000E1	5.901875E1	2.947817E0
1.896000E1	5.903423E1	2.902946E0
1.898000E1	5.903567E1	2.920857E0
1.900000E1	5.905476E1	2.839275E0
1.902000E1	5.906217E1	2.808390E0
1.904000E1	5.912810E1	2.815445E0
1.906000E1	5.927080E1	2.764918E0
1.908000E1	5.938616E1	2.865868E0
1.910000E1	5.947011E1	3.049243E0
1.912000E1	5.947172E1	3.032176E0
1.914000E1	5.950211E1	3.074192E0
1.916000E1	5.951495E1	3.272916E0
1.918000E1	5.961735E1	3.112310E0
1.920000E1	5.971479E1	2.837342E0
1.922000E1	5.970463E1	2.842334E0
1.924000E1	5.993850E1	2.986886E0
1.926000E1	6.008997E1	3.104827E0
1.928000E1	6.007282E1	3.070561E0
1.930000E1	6.001813E1	3.403515E0
1.932000E1	6.001757E1	3.685688E0
1.934000E1	5.993290E1	3.688350E0
1.936000E1	5.984868E1	3.362383E0
1.938000E1	5.986095E1	3.229671E0
1.940000E1	5.987467E1	3.306039E0
1.942000E1	5.990669E1	3.309022E0
1.944000E1	5.992048E1	3.132362E0
1.946000E1	5.986793E1	2.967148E0
1.948000E1	5.989082E1	2.935707E0
1.950000E1	5.989405E1	2.924196E0
1.952000E1	5.995552E1	3.034941E0
1.954000E1	6.001996E1	3.141447E0
1.956000E1	6.000766E1	3.087666E0
1.958000E1	5.997643E1	3.027031E0
1.960000E1	5.995844E1	2.926496E0
1.962000E1	5.991239E1	2.815792E0
1.964000E1	5.992599E1	2.818571E0
1.966000E1	5.993565E1	2.876884E0
1.968000E1	5.994360E1	2.921777E0
1.970000E1	5.993926E1	2.940542E0
1.972000E1	5.995025E1	2.957775E0
1.974000E1	5.994853E1	2.999804E0
1.976000E1	5.995113E1	2.948288E0
1.978000E1	5.995490E1	2.940994E0
1.980000E1	5.993835E1	2.933688E0
1.982000E1	5.991555E1	2.900549E0
1.984000E1	5.993953E1	2.904481E0
1.986000E1	5.993178E1	2.904568E0
1.988000E1	5.998693E1	2.812589E0
1.990000E1	6.005518E1	2.765774E0
1.992000E1	6.004934E1	2.762857E0
1.994000E1	6.007110E1	2.608700E0
1.996000E1	6.006492E1	2.427260E0
1.998000E1	6.006938E1	2.498657E0
2.000000E1	6.004434E1	2.664517E0
2.002000E1	6.005194E1	2.678787E0
2.004000E1	6.002594E1	2.628121E0
2.006000E1	6.016732E1	2.535169E0
2.008000E1	6.030262E1	2.599977E0
2.010000E1	6.053179E1	2.719850E0
2.012000E1	6.068163E1	2.725846E0
2.014000E1	6.079452E1	2.685206E0
2.016000E1	6.081882E1	2.654353E0
2.018000E1	6.072549E1	3.052230E0
2.020000E1	6.074220E1	3.095375E0
2.022000E1	6.070095E1	2.871646E0
2.024000E1	6.074241E1	2.923877E0
2.026000E1	6.085189E1	3.349853E0
2.028000E1	6.087032E1	3.379150E0
2.030000E1	6.091519E1	3.390845E0
2.032000E1	6.116532E1	3.602844E0
2.034000E1	6.126989E1	3.630772E0
2.036000E1	6.127645E1	3.435331E0
2.038000E1	6.114521E1	3.070484E0
2.040000E1	6.117969E1	2.961448E0
2.042000E1	6.119619E1	3.063907E0
2.044000E1	6.123743E1	2.997627E0
2.046000E1	6.118074E1	2.669739E0
2.048000E1	6.123195E1	2.674409E0
2.050000E1	6.124297E1	2.868988E0
2.052000E1	6.135743E1	2.990252E0
2.054000E1	6.132973E1	3.067763E0
2.056000E1	6.132437E1	2.999995E0
2.058000E1	6.132142E1	2.985126E0
2.060000E1	6.129869E1	2.933625E0
2.062000E1	6.127442E1	2.821438E0
2.064000E1	6.128708E1	2.901653E0
2.066000E1	6.126908E1	2.949572E0
2.068000E1	6.126214E1	2.955560E0
2.070000E1	6.128667E1	2.958138E0
2.072000E1	6.128667E1	2.968443E0
2.074000E1	6.130806E1	2.916242E0
2.076000E1	6.132091E1	2.877927E0
2.078000E1	6.131561E1	2.640343E0
2.080000E1	6.136074E1	2.434127E0
2.082000E1	6.135200E1	2.451760E0
2.084000E1	6.137490E1	2.552010E0
2.086000E1	6.138414E1	2.586916E0
2.088000E1	6.138567E1	2.590425E0
2.090000E1	6.137295E1	2.584766E0
2.092000E1	6.138656E1	2.565865E0
2.094000E1	6.145678E1	2.470178E0
2.096000E1	6.154205E1	2.348208E0
2.098000E1	6.153680E1	2.375695E0
2.100000E1	6.152391E1	2.422735E0
2.102000E1	6.149826E1	2.462623E0
2.104000E1	6.144421E1	2.583299E0
2.106000E1	6.142169E1	2.797148E0
2.108000E1	6.141688E1	2.954064E0
2.110000E1	6.140290E1	3.047294E0
2.112000E1	6.143117E1	3.286261E0
2.114000E1	6.144854E1	3.391615E0
2.116000E1	6.143154E1	3.399201E0
2.118000E1	6.145451E1	3.457495E0
2.120000E1	6.150365E1	3.487143E0
2.122000E1	6.156978E1	3.458890E0
2.124000E1	6.159862E1	3.293107E0
2.126000E1	6.151671E1	3.214844E0
2.128000E1	6.154855E1	3.235975E0
2.130000E1	6.155984E1	3.426655E0
2.132000E1	6.153170E1	3.460882E0
2.134000E1	6.154077E1	3.489472E0
2.136000E1	6.158443E1	3.592003E0
2.138000E1	6.171820E1	3.793478E0
2.140000E1	6.173432E1	3.841060E0
2.142000E1	6.167227E1	3.572821E0
2.144000E1	6.167581E1	3.399587E0
2.146000E1	6.171173E1	3.412532E0
2.148000E1	6.173753E1	3.430892E0
2.150000E1	6.171756E1	3.308821E0
2.152000E1	6.171055E1	3.250878E0
2.154000E1	6.174475E1	3.374756E0
2.156000E1	6.178807E1	3.530663E0
2.158000E1	6.182661E1	3.511327E0
2.160000E1	6.182468E1	3.425314E0
2.162000E1	6.185237E1	3.211059E0
2.164000E1	6.183652E1	3.099255E0
2.166000E1	6.187447E1	2.859451E0
2.168000E1	6.187433E1	2.713983E0
2.170000E1	6.187685E1	2.675944E0
2.172000E1	6.187087E1	2.664248E0
2.174000E1	6.187470E1	2.720997E0
2.176000E1	6.190221E1	2.865784E0
2.178000E1	6.187164E1	2.935255E0
2.180000E1	6.189721E1	2.794406E0
2.182000E1	6.187126E1	2.519043E0
2.184000E1	6.190354E1	2.419939E0
2.186000E1	6.195519E1	2.464101E0
2.188000E1	6.199229E1	2.504786E0
2.190000E1	6.196131E1	2.491368E0
2.192000E1	6.189140E1	2.576198E0
2.194000E1	6.188169E1	2.740968E0
2.196000E1	6.183813E1	2.811080E0
2.198000E1	6.183472E1	2.858040E0
2.200000E1	6.183693E1	2.886362E0
2.202000E1	6.183706E1	2.922113E0
2.204000E1	6.184699E1	2.987454E0
2.206000E1	6.185882E1	3.033070E0
2.208000E1	6.186192E1	3.036020E0
2.210000E1	6.191550E1	3.131450E0
2.212000E1	6.192654E1	3.139340E0
2.214000E1	6.191364E1	3.231632E0
2.216000E1	6.191603E1	3.241002E0
2.218000E1	6.191440E1	3.239688E0
2.220000E1	6.190779E1	3.228097E0
2.222000E1	6.191479E1	3.174901E0
2.224000E1	6.189399E1	3.146186E0
2.226000E1	6.186819E1	3.028214E0
2.228000E1	6.187527E1	3.027604E0
2.230000E1	6.192120E1	3.271336E0
2.232000E1	6.188793E1	3.339852E0
2.234000E1	6.190654E1	3.380639E0
2.236000E1	6.197053E1	3.620371E0
2.238000E1	6.195210E1	3.635456E0
2.240000E1	6.195519E1	3.670245E0
2.242000E1	6.192341E1	3.687143E0
2.244000E1	6.187340E1	3.461588E0
2.246000E1	6.186805E1	3.203799E0
2.248000E1	6.186818E1	3.221430E0
2.250000E1	6.187548E1	3.107633E0
2.252000E1	6.193372E1	2.949065E0
2.254000E1	6.193948E1	2.839648E0
2.256000E1	6.195960E1	2.642452E0
2.258000E1	6.198955E1	2.609457E0
2.260000E1	6.206584E1	2.710730E0
2.262000E1	6.220533E1	2.992913E0
2.264000E1	6.234121E1	3.023220E0
2.266000E1	6.235423E1	3.023882E0
2.268000E1	6.240292E1	2.905293E0
2.270000E1	6.237992E1	2.549682E0
2.272000E1	6.243432E1	2.318268E0
2.274000E1	6.255273E1	2.367292E0
2.276000E1	6.260428E1	2.544978E0
2.278000E1	6.264589E1	2.521699E0
2.280000E1	6.266224E1	2.562690E0
2.282000E1	6.262422E1	2.811794E0
2.284000E1	6.258555E1	2.840757E0
2.286000E1	6.254435E1	2.754469E0
2.288000E1	6.249515E1	2.644214E0
2.290000E1	6.246586E1	2.652833E0
2.292000E1	6.245029E1	2.696689E0
2.294000E1	6.243457E1	2.645873E0
2.296000E1	6.242649E1	2.610026E0
2.298000E1	6.241103E1	2.574271E0
2.300000E1	6.239994E1	2.568130E0
2.302000E1	6.238179E1	2.552730E0
2.304000E1	6.236631E1	2.598271E0
2.306000E1	6.236451E1	2.663028E0
2.308000E1	6.235346E1	2.650731E0
2.310000E1	6.235981E1	2.664418E0
2.312000E1	6.238848E1	2.749854E0
2.314000E1	6.243994E1	2.884740E0
2.316000E1	6.242858E1	3.101251E0
2.318000E1	6.242383E1	3.151716E0
2.320000E1	6.243929E1	3.130361E0
2.322000E1	6.241692E1	3.208566E0
2.324000E1	6.244854E1	3.296090E0
2.326000E1	6.240787E1	3.144434E0
2.328000E1	6.238982E1	3.103212E0
2.330000E1	6.240771E1	3.174348E0
2.332000E1	6.248586E1	3.284719E0
2.334000E1	6.247984E1	3.337055E0
2.336000E1	6.249955E1	3.390685E0
2.338000E1	6.266546E1	3.579109E0
2.340000E1	6.288004E1	3.602809E0
2.342000E1	6.296344E1	3.366116E0
2.344000E1	6.278787E1	3.179856E0
2.346000E1	6.280554E1	3.147411E0
2.348000E1	6.282381E1	3.121554E0
2.350000E1	6.280493E1	3.013989E0
2.352000E1	6.276168E1	2.899734E0
2.354000E1	6.277305E1	2.837885E0
2.356000E1	6.284299E1	2.774441E0
2.358000E1	6.300496E1	2.580684E0
2.360000E1	6.317949E1	2.666588E0
2.362000E1	6.364120E1	2.787294E0
2.364000E1	6.399237E1	2.939971E0
2.366000E1	6.404750E1	2.989719E0
2.368000E1	6.385492E1	2.877234E0
2.370000E1	6.381288E1	2.812722E0
2.372000E1	6.375825E1	2.884260E0
2.374000E1	6.376622E1	2.937569E0
2.376000E1	6.375749E1	2.972915E0
2.378000E1	6.375253E1	2.999377E0
2.380000E1	6.376592E1	3.074671E0
2.382000E1	6.377850E1	3.135046E0
2.384000E1	6.379156E1	3.089160E0
2.386000E1	6.374986E1	2.967472E0
2.388000E1	6.364474E1	2.832177E0
2.390000E1	6.366839E1	2.785664E0
2.392000E1	6.368525E1	2.827141E0
2.394000E1	6.370267E1	2.806685E0
2.396000E1	6.372432E1	2.772079E0
2.398000E1	6.374389E1	2.743244E0
2.400000E1	6.374613E1	2.722862E0
