	mass A		
t	x	y	
0.000000E0	2.410130E-2	-2.410130E-2
2.000000E-2	7.361810E-3	9.254427E-2
4.000000E-2	-1.165527E-1	-5.746428E-1
6.000000E-2	3.779177E-1	-1.328309E0
8.000000E-2	9.078973E-1	-1.379420E0
1.000000E-1	1.573980E0	-3.135619E-1
1.200000E-1	2.323751E0	1.902957E0
1.400000E-1	2.090702E0	4.022653E0
1.600000E-1	1.936852E0	4.711968E0
1.800000E-1	2.312826E0	4.257147E0
2.000000E-1	2.868790E0	2.529407E0
2.200000E-1	3.354385E0	9.909962E-1
2.400000E-1	4.243153E0	8.390253E-1
2.600000E-1	4.843928E0	2.009070E0
2.800000E-1	4.792006E0	2.861230E0
3.000000E-1	4.841115E0	1.949540E0
3.200000E-1	5.284589E0	3.965627E-1
3.400000E-1	5.558762E0	-1.180608E-1
3.600000E-1	5.704801E0	4.031786E-1
3.800000E-1	5.940011E0	1.359850E0
4.000000E-1	6.407896E0	1.629441E0
4.200000E-1	6.407510E0	1.233736E0
4.400000E-1	5.930788E0	1.054065E0
4.600000E-1	6.077243E0	7.383662E-1
4.800000E-1	7.029502E0	5.133824E-1
5.000000E-1	8.049420E0	4.620654E-1
5.200000E-1	8.093852E0	1.029706E-1
5.400000E-1	7.802153E0	-3.753067E-1
5.600000E-1	8.116867E0	-6.828894E-1
5.800000E-1	9.062841E0	-4.417383E-1
6.000000E-1	9.883379E0	6.091348E-1
6.200000E-1	1.015534E1	1.871275E0
6.400000E-1	9.950706E0	2.374390E0
6.600000E-1	9.852896E0	1.399850E0
6.800000E-1	1.009031E1	-8.037649E-1
7.000000E-1	1.052350E1	-2.391815E0
7.200000E-1	1.071995E1	-2.975493E0
7.400000E-1	1.068452E1	-2.156155E0
7.600000E-1	1.102148E1	-9.729191E-1
7.800000E-1	1.177569E1	-3.432695E-1
8.000000E-1	1.187282E1	-1.407797E-1
8.200000E-1	1.173166E1	-2.208969E-1
8.400000E-1	1.204540E1	-5.997472E-1
8.600000E-1	1.307544E1	-1.059167E0
8.800000E-1	1.308025E1	-1.348340E0
9.000000E-1	1.275277E1	-1.942512E0
9.200000E-1	1.290971E1	-2.223662E0
9.400000E-1	1.330036E1	-2.255812E0
9.600000E-1	1.372410E1	-1.415398E0
9.800000E-1	1.463617E1	3.036378E-1
1.000000E0	1.485163E1	1.482785E0
1.020000E0	1.512751E1	1.364840E0
1.040000E0	1.497995E1	3.538458E-1
1.060000E0	1.506333E1	-1.247759E-3
1.080000E0	1.551248E1	6.374595E-1
1.100000E0	1.607278E1	1.345045E0
1.120000E0	1.678295E1	1.894197E0
1.140000E0	1.768012E1	1.907233E0
1.160000E0	1.807041E1	1.214025E0
1.180000E0	1.792426E1	4.303775E-1
1.200000E0	1.801284E1	4.337513E-1
1.220000E0	1.836418E1	4.694963E-1
1.240000E0	1.868711E1	7.961787E-1
1.260000E0	1.897624E1	9.237702E-1
1.280000E0	1.925117E1	8.447620E-1
1.300000E0	1.917591E1	6.586222E-1
1.320000E0	1.911089E1	5.208657E-1
1.340000E0	1.962412E1	4.948906E-1
1.360000E0	2.053351E1	6.946287E-1
1.380000E0	2.128379E1	8.300356E-1
1.400000E0	2.142612E1	7.781778E-1
1.420000E0	2.140150E1	6.665404E-1
1.440000E0	2.133405E1	5.826258E-1
1.460000E0	2.118800E1	6.600363E-1
1.480000E0	2.142379E1	5.881645E-1
1.500000E0	2.213944E1	4.791107E-1
1.520000E0	2.250169E1	2.269279E-1
1.540000E0	2.252901E1	-5.237716E-1
1.560000E0	2.247913E1	-1.469570E0
1.580000E0	2.292165E1	-2.208228E0
1.600000E0	2.415325E1	-2.386843E0
1.620000E0	2.540804E1	-1.483669E0
1.640000E0	2.603852E1	-5.148034E-1
1.660000E0	2.570130E1	-9.285452E-2
1.680000E0	2.512823E1	1.481356E-1
1.700000E0	2.515624E1	-6.474097E-1
1.720000E0	2.547164E1	-1.460301E0
1.740000E0	2.644476E1	-1.548217E0
1.760000E0	2.585044E1	-1.329554E0
1.780000E0	2.483875E1	-8.564245E-1
1.800000E0	2.524290E1	-5.558520E-1
1.820000E0	2.598792E1	-4.204150E-1
1.840000E0	2.669482E1	-6.405578E-2
1.860000E0	2.772536E1	7.739933E-1
1.880000E0	2.782032E1	1.020431E0
1.900000E0	2.772991E1	-2.158536E-2
1.920000E0	2.751053E1	-7.629396E-1
1.940000E0	2.759437E1	-5.626326E-1
1.960000E0	2.776164E1	-7.088271E-3
1.980000E0	2.820772E1	-2.606997E-2
2.000000E0	2.852909E1	-9.096388E-2
2.020000E0	2.882605E1	-1.068095E-1
2.040000E0	2.907340E1	-4.014883E-1
2.060000E0	2.906931E1	-1.191758E0
2.080000E0	2.954745E1	-1.322892E0
2.100000E0	2.991858E1	-8.290122E-1
2.120000E0	3.020356E1	-1.900683E-1
2.140000E0	3.063681E1	2.837169E-1
2.160000E0	3.117523E1	3.428388E-1
2.180000E0	3.150454E1	3.604727E-1
2.200000E0	3.164630E1	5.228713E-1
2.220000E0	3.215774E1	5.331556E-1
2.240000E0	3.290932E1	6.301124E-1
2.260000E0	3.323868E1	4.317079E-1
2.280000E0	3.310417E1	-8.898647E-2
2.300000E0	3.286951E1	-4.803408E-1
2.320000E0	3.285690E1	-5.197491E-1
2.340000E0	3.326495E1	2.365701E-2
2.360000E0	3.418783E1	5.933123E-1
2.380000E0	3.494797E1	1.010657E0
2.400000E0	3.525724E1	7.989114E-1
2.420000E0	3.519442E1	2.295563E-1
2.440000E0	3.518850E1	-3.964433E-1
2.460000E0	3.555767E1	-8.184262E-1
2.480000E0	3.587336E1	-6.378125E-1
2.500000E0	3.635363E1	-7.980632E-1
2.520000E0	3.713148E1	-1.187957E0
2.540000E0	3.760580E1	-1.712406E0
2.560000E0	3.721635E1	-2.681010E0
2.580000E0	3.730132E1	-2.870316E0
2.600000E0	3.784460E1	-2.337028E0
2.620000E0	3.870214E1	-7.080932E-1
2.640000E0	3.938013E1	6.689197E-1
2.660000E0	3.895096E1	4.805044E-1
2.680000E0	3.849478E1	-3.471901E-1
2.700000E0	3.937750E1	-1.578826E0
2.720000E0	4.045033E1	-1.799254E0
2.740000E0	4.120270E1	-1.010139E0
2.760000E0	4.178170E1	2.930265E-1
2.780000E0	4.161617E1	8.834210E-1
2.800000E0	4.161074E1	1.077896E0
2.820000E0	4.169294E1	9.831026E-1
2.840000E0	4.197224E1	6.091386E-1
2.860000E0	4.200373E1	-1.493254E-2
2.880000E0	4.209434E1	-6.084011E-1
2.900000E0	4.289295E1	-1.010265E0
2.920000E0	4.297268E1	-1.218744E0
2.940000E0	4.304489E1	-1.652088E0
2.960000E0	4.300498E1	-2.012874E0
2.980000E0	4.310900E1	-2.362650E0
3.000000E0	4.334130E1	-2.609043E0
3.020000E0	4.366306E1	-2.537522E0
3.040000E0	4.391629E1	-2.306978E0
3.060000E0	4.402547E1	-1.991098E0
3.080000E0	4.415558E1	-1.496919E0
3.100000E0	4.472527E1	-9.512073E-1
3.120000E0	4.554223E1	-4.602644E-1
3.140000E0	4.608563E1	-1.524937E-1
3.160000E0	4.627618E1	-2.687763E-1
3.180000E0	4.653869E1	-6.105108E-1
3.200000E0	4.676048E1	-6.481086E-1
3.220000E0	4.671243E1	-4.953739E-1
3.240000E0	4.678788E1	-2.621852E-1
3.260000E0	4.747877E1	8.701226E-2
3.280000E0	4.796584E1	6.556544E-2
3.300000E0	4.770931E1	-3.871358E-1
3.320000E0	4.733646E1	-1.096036E0
3.340000E0	4.765568E1	-1.653472E0
3.360000E0	4.862902E1	-1.383957E0
3.380000E0	4.947109E1	-1.060616E0
3.400000E0	5.020208E1	-8.765318E-1
3.420000E0	5.067242E1	-8.240778E-1
3.440000E0	5.055362E1	-1.209469E0
3.460000E0	5.029202E1	-1.370345E0
3.480000E0	5.004026E1	-1.436359E0
3.500000E0	5.003856E1	-1.073541E0
3.520000E0	5.060333E1	-6.342428E-1
3.540000E0	5.089843E1	-1.407664E0
3.560000E0	5.098887E1	-2.883952E0
3.580000E0	5.137657E1	-3.692628E0
3.600000E0	5.214808E1	-3.020403E0
3.620000E0	5.306361E1	-8.956761E-1
3.640000E0	5.434415E1	1.469305E0
3.660000E0	5.428058E1	3.282642E0
3.680000E0	5.432556E1	2.816471E0
3.700000E0	5.470916E1	6.189164E-1
3.720000E0	5.463832E1	-1.898285E0
3.740000E0	5.456795E1	-2.415120E0
3.760000E0	5.551794E1	-1.550403E0
3.780000E0	5.598996E1	-3.451070E-1
3.800000E0	5.638292E1	5.405942E-1
3.820000E0	5.663215E1	6.849443E-1
3.840000E0	5.705009E1	-1.322140E-1
3.860000E0	5.753033E1	-1.038756E0
3.880000E0	5.779980E1	-2.018330E0
3.900000E0	5.732219E1	-2.876414E0
3.920000E0	5.670121E1	-3.732207E0
3.940000E0	5.677531E1	-3.915035E0
3.960000E0	5.721548E1	-3.177142E0
3.980000E0	5.777583E1	-1.666792E0
4.000000E0	5.871801E1	-6.704034E-1
4.020000E0	5.976772E1	-5.955846E-1
4.040000E0	6.047917E1	-1.017279E0
4.060000E0	6.030484E1	-1.548416E0
4.080000E0	5.984192E1	-2.016323E0
4.100000E0	5.964582E1	-2.344106E0
4.120000E0	5.986666E1	-2.108710E0
4.140000E0	6.068090E1	-1.176577E0
4.160000E0	6.155388E1	-1.488221E-2
4.180000E0	6.205431E1	2.208226E-1
4.200000E0	6.220234E1	-4.240369E-1
4.220000E0	6.241204E1	-1.696733E0
4.240000E0	6.280584E1	-2.309260E0
4.260000E0	6.313973E1	-2.041927E0
4.280000E0	6.375192E1	-1.551379E0
4.300000E0	6.453262E1	-1.179877E0
4.320000E0	6.415085E1	-1.799948E0
4.340000E0	6.356189E1	-2.358665E0
4.360000E0	6.339315E1	-2.509753E0
4.380000E0	6.373640E1	-2.004098E0
4.400000E0	6.460859E1	-9.685694E-1
4.420000E0	6.464593E1	-9.450455E-1
4.440000E0	6.462031E1	-1.712698E0
4.460000E0	6.461509E1	-2.690765E0
4.480000E0	6.449293E1	-2.945732E0
4.500000E0	6.468100E1	-1.926365E0
4.520000E0	6.542561E1	5.688562E-2
4.540000E0	6.563535E1	9.436596E-1
4.560000E0	6.585200E1	8.195276E-1
4.580000E0	6.586064E1	-9.005279E-1
4.600000E0	6.614946E1	-2.193770E0
4.620000E0	6.716033E1	-1.881394E0
4.640000E0	6.837872E1	-5.400145E-2
4.660000E0	6.926578E1	1.474366E0
4.680000E0	6.952630E1	1.761170E0
4.700000E0	6.970163E1	1.056858E-1
4.720000E0	6.995525E1	-2.553573E0
4.740000E0	6.958859E1	-3.738058E0
4.760000E0	6.981828E1	-3.805599E0
4.780000E0	7.034155E1	-3.094532E0
4.800000E0	7.088849E1	-1.943705E0
4.820000E0	7.138371E1	-7.379055E-1
4.840000E0	7.126039E1	5.710753E-3
4.860000E0	7.114524E1	-2.205645E-1
4.880000E0	7.174751E1	-1.621157E0
4.900000E0	7.228646E1	-2.839514E0
4.920000E0	7.223726E1	-3.245744E0
4.940000E0	7.236704E1	-2.909375E0
4.960000E0	7.281854E1	-2.104278E0
4.980000E0	7.285974E1	-1.787504E0
5.000000E0	7.287995E1	-1.992531E0
5.020000E0	7.311701E1	-2.171497E0
5.040000E0	7.357959E1	-2.078557E0
5.060000E0	7.392125E1	-1.956430E0
5.080000E0	7.412024E1	-2.171562E0
5.100000E0	7.435505E1	-2.709053E0
5.120000E0	7.499419E1	-2.896618E0
5.140000E0	7.563719E1	-2.707291E0
5.160000E0	7.635332E1	-2.305591E0
5.180000E0	7.740201E1	-1.682735E0
5.200000E0	7.796872E1	-1.460945E0
5.220000E0	7.803535E1	-1.734964E0
5.240000E0	7.785446E1	-2.121589E0
5.260000E0	7.780773E1	-2.140780E0
5.280000E0	7.826992E1	-1.403180E0
5.300000E0	7.833506E1	-1.421714E0
5.320000E0	7.816814E1	-2.158233E0
5.340000E0	7.784794E1	-3.053745E0
5.360000E0	7.772439E1	-3.056664E0
5.380000E0	7.821092E1	-2.136884E0
5.400000E0	7.924159E1	-1.551302E-1
5.420000E0	7.924579E1	1.422980E0
5.440000E0	7.904104E1	1.811978E0
5.460000E0	7.935533E1	1.299032E0
5.480000E0	7.974722E1	4.398037E-1
5.500000E0	8.004257E1	-6.298291E-1
5.520000E0	8.049546E1	-6.589086E-1
5.540000E0	8.100735E1	4.892619E-2
5.560000E0	8.150013E1	5.784508E-1
5.580000E0	8.215101E1	-3.886004E-1
5.600000E0	8.255744E1	-2.072506E0
5.620000E0	8.271398E1	-3.301030E0
5.640000E0	8.323203E1	-3.341138E0
5.660000E0	8.451192E1	-2.449446E0
5.680000E0	8.522990E1	-7.854818E-1
5.700000E0	8.554990E1	4.873975E-1
5.720000E0	8.522722E1	1.004674E0
5.740000E0	8.479429E1	2.094596E-1
5.760000E0	8.526788E1	-2.108160E0
5.780000E0	8.581023E1	-3.369960E0
5.800000E0	8.603765E1	-3.404104E0
5.820000E0	8.600463E1	-2.272074E0
5.840000E0	8.619638E1	-6.115818E-1
5.860000E0	8.623031E1	2.956456E-1
5.880000E0	8.621165E1	2.867902E-2
5.900000E0	8.620107E1	-7.657206E-1
5.920000E0	8.643233E1	-2.142471E0
5.940000E0	8.667128E1	-3.093495E0
5.960000E0	8.721719E1	-3.291481E0
5.980000E0	8.743905E1	-3.060250E0
6.000000E0	8.754218E1	-2.937425E0
6.020000E0	8.784679E1	-3.439768E0
6.040000E0	8.865980E1	-3.999821E0
6.060000E0	8.928076E1	-4.219181E0
6.080000E0	8.915038E1	-3.820116E0
6.100000E0	8.924556E1	-3.406135E0
6.120000E0	8.945668E1	-2.945888E0
6.140000E0	9.025797E1	-2.523855E0
6.160000E0	9.045223E1	-2.123644E0
6.180000E0	9.046493E1	-2.550866E0
6.200000E0	9.054311E1	-3.290346E0
6.220000E0	9.119054E1	-3.499019E0
6.240000E0	9.208053E1	-2.655045E0
6.260000E0	9.277407E1	-1.273773E0
6.280000E0	9.222834E1	3.796443E-1
6.300000E0	9.150500E1	1.841548E0
6.320000E0	9.177878E1	2.061256E0
6.340000E0	9.221017E1	1.018291E0
6.360000E0	9.258614E1	-7.085777E-1
6.380000E0	9.291639E1	-1.983399E0
6.400000E0	9.377606E1	-1.620472E0
6.420000E0	9.440213E1	-7.276424E-3
6.440000E0	9.493151E1	6.712928E-1
6.460000E0	9.544613E1	-3.135615E-1
6.480000E0	9.564558E1	-1.430057E0
6.500000E0	9.550802E1	-1.754660E0
6.520000E0	9.572814E1	-1.721115E0
6.540000E0	9.603991E1	-1.519063E0
6.560000E0	9.642996E1	-1.529082E0
6.580000E0	9.665967E1	-1.754621E0
6.600000E0	9.681627E1	-1.989744E0
6.620000E0	9.732590E1	-2.347967E0
6.640000E0	9.760696E1	-2.802752E0
6.660000E0	9.824483E1	-2.839400E0
6.680000E0	9.929774E1	-2.374923E0
6.700000E0	1.004630E2	-1.601482E0
6.720000E0	1.007904E2	-1.031361E0
6.740000E0	1.003404E2	-7.083796E-1
6.760000E0	1.002098E2	-5.409133E-1
6.780000E0	1.006715E2	-9.068732E-1
6.800000E0	1.009445E2	-2.008880E0
6.820000E0	1.009125E2	-3.218042E0
6.840000E0	1.014212E2	-3.709102E0
6.860000E0	1.014024E2	-3.620659E0
6.880000E0	1.011584E2	-3.078524E0
6.900000E0	1.013973E2	-2.572696E0
6.920000E0	1.023005E2	-2.552386E0
6.940000E0	1.026338E2	-2.704070E0
6.960000E0	1.026462E2	-2.840897E0
6.980000E0	1.029188E2	-3.017403E0
7.000000E0	1.035700E2	-3.319033E0
7.020000E0	1.038340E2	-3.129335E0
7.040000E0	1.033924E2	-3.056181E0
7.060000E0	1.032495E2	-3.441080E0
7.080000E0	1.036513E2	-3.853059E0
7.100000E0	1.041399E2	-3.842460E0
7.120000E0	1.044354E2	-2.884598E0
7.140000E0	1.053113E2	-1.302518E0
7.160000E0	1.053374E2	-5.504438E-1
7.180000E0	1.053817E2	-7.482688E-1
7.200000E0	1.052533E2	-1.470571E0
7.220000E0	1.054081E2	-1.480564E0
7.240000E0	1.057628E2	-1.177223E0
7.260000E0	1.065078E2	-8.659836E-1
7.280000E0	1.074353E2	-5.444515E-1
7.300000E0	1.081381E2	-3.215361E-1
7.320000E0	1.081583E2	-6.363754E-1
7.340000E0	1.083634E2	-1.310273E0
7.360000E0	1.087545E2	-1.640935E0
7.380000E0	1.088895E2	-1.951910E0
7.400000E0	1.088661E2	-2.152462E0
7.420000E0	1.089612E2	-2.114263E0
7.440000E0	1.095136E2	-1.599171E0
7.460000E0	1.098519E2	-1.107462E0
7.480000E0	1.099865E2	-8.993105E-1
7.500000E0	1.104742E2	-1.235878E0
7.520000E0	1.111197E2	-1.421040E0
7.540000E0	1.111116E2	-1.488073E0
7.560000E0	1.110841E2	-1.497058E0
7.580000E0	1.111899E2	-1.772976E0
7.600000E0	1.114711E2	-2.153615E0
7.620000E0	1.116297E2	-2.286886E0
7.640000E0	1.121918E2	-2.485558E0
7.660000E0	1.122838E2	-2.478463E0
7.680000E0	1.127845E2	-2.506442E0
7.700000E0	1.134486E2	-2.385680E0
7.720000E0	1.144691E2	-2.151094E0
7.740000E0	1.151919E2	-1.943031E0
7.760000E0	1.152799E2	-1.713471E0
7.780000E0	1.155012E2	-1.986316E0
7.800000E0	1.162961E2	-2.628248E0
7.820000E0	1.165198E2	-3.373320E0
7.840000E0	1.167139E2	-3.556221E0
7.860000E0	1.169260E2	-3.472713E0
7.880000E0	1.168749E2	-2.554166E0
7.900000E0	1.168029E2	-1.732497E0
7.920000E0	1.164935E2	-1.720266E0
7.940000E0	1.167287E2	-2.451425E0
7.960000E0	1.172088E2	-2.728925E0
7.980000E0	1.179117E2	-2.446199E0
8.000000E0	1.187730E2	-2.020393E0
8.020000E0	1.192511E2	-1.868584E0
8.040000E0	1.190468E2	-2.037462E0
8.060000E0	1.190666E2	-2.191715E0
8.080000E0	1.190761E2	-2.190264E0
8.100000E0	1.192103E2	-2.066591E0
8.120000E0	1.194591E2	-1.957571E0
8.140000E0	1.197632E2	-2.038005E0
8.160000E0	1.200973E2	-1.936532E0
8.180000E0	1.204151E2	-1.920887E0
8.200000E0	1.207049E2	-2.269662E0
8.220000E0	1.211281E2	-2.405339E0
8.240000E0	1.214761E2	-2.160641E0
8.260000E0	1.218602E2	-1.968677E0
8.280000E0	1.219793E2	-1.963860E0
8.300000E0	1.224500E2	-1.952036E0
8.320000E0	1.228693E2	-1.754730E0
8.340000E0	1.229237E2	-1.501665E0
8.360000E0	1.231233E2	-1.242133E0
8.380000E0	1.237968E2	-1.448906E0
8.400000E0	1.243266E2	-1.705909E0
8.420000E0	1.241415E2	-2.350748E0
8.440000E0	1.240227E2	-2.342665E0
8.460000E0	1.242447E2	-1.956637E0
8.480000E0	1.244635E2	-1.506812E0
8.500000E0	1.246032E2	-1.328247E0
8.520000E0	1.249983E2	-1.411958E0
8.540000E0	1.253137E2	-1.455817E0
8.560000E0	1.251723E2	-1.444250E0
8.580000E0	1.250666E2	-1.771955E0
8.600000E0	1.254223E2	-2.558238E0
8.620000E0	1.260231E2	-2.893976E0
8.640000E0	1.264927E2	-3.249378E0
8.660000E0	1.269376E2	-3.975105E0
8.680000E0	1.271816E2	-4.068379E0
8.700000E0	1.272991E2	-3.821803E0
8.720000E0	1.273037E2	-2.833711E0
8.740000E0	1.274968E2	-1.602600E0
8.760000E0	1.281125E2	-3.738070E-1
8.780000E0	1.285107E2	-4.773644E-1
8.800000E0	1.281370E2	-2.080717E0
8.820000E0	1.282187E2	-3.646701E0
8.840000E0	1.293303E2	-4.248398E0
8.860000E0	1.303039E2	-3.586813E0
8.880000E0	1.302936E2	-1.638400E0
8.900000E0	1.306860E2	4.217031E-1
8.920000E0	1.309377E2	1.288411E0
8.940000E0	1.311686E2	6.195154E-1
8.960000E0	1.311008E2	-7.736024E-1
8.980000E0	1.309468E2	-2.263160E0
9.000000E0	1.313159E2	-3.147988E0
9.020000E0	1.320131E2	-2.842391E0
9.040000E0	1.322510E2	-2.322436E0
9.060000E0	1.322367E2	-2.533734E0
9.080000E0	1.321636E2	-3.533287E0
9.100000E0	1.324349E2	-4.234765E0
9.120000E0	1.329855E2	-4.230305E0
9.140000E0	1.335463E2	-3.972159E0
9.160000E0	1.339132E2	-3.789363E0
9.180000E0	1.340325E2	-3.922736E0
9.200000E0	1.339826E2	-4.023039E0
9.220000E0	1.341476E2	-3.794339E0
9.240000E0	1.347272E2	-2.727863E0
9.260000E0	1.354326E2	-1.889770E0
9.280000E0	1.363597E2	-1.949389E0
9.300000E0	1.366877E2	-2.586284E0
9.320000E0	1.369220E2	-2.836717E0
9.340000E0	1.370946E2	-2.569162E0
9.360000E0	1.371020E2	-2.112682E0
9.380000E0	1.371611E2	-1.886503E0
9.400000E0	1.379584E2	-1.826274E0
9.420000E0	1.384353E2	-1.720216E0
9.440000E0	1.383698E2	-2.123639E0
9.460000E0	1.380844E2	-2.543550E0
9.480000E0	1.384278E2	-3.014599E0
9.500000E0	1.392845E2	-2.977380E0
9.520000E0	1.400242E2	-2.597616E0
9.540000E0	1.405314E2	-2.430608E0
9.560000E0	1.410063E2	-2.374787E0
9.580000E0	1.409831E2	-2.418330E0
9.600000E0	1.406900E2	-2.590997E0
9.620000E0	1.403762E2	-2.377727E0
9.640000E0	1.399939E2	-2.195049E0
9.660000E0	1.402253E2	-1.652760E0
9.680000E0	1.406973E2	-2.036926E0
9.700000E0	1.407411E2	-3.212756E0
9.720000E0	1.411433E2	-4.673024E0
9.740000E0	1.416134E2	-4.749472E0
9.760000E0	1.422594E2	-3.088884E0
9.780000E0	1.433065E2	-3.499033E-1
9.800000E0	1.438233E2	1.811478E0
9.820000E0	1.436783E2	2.268434E0
9.840000E0	1.437407E2	6.282537E-1
9.860000E0	1.437685E2	-2.273447E0
9.880000E0	1.438624E2	-3.828118E0
9.900000E0	1.442655E2	-2.956984E0
9.920000E0	1.447991E2	-1.487499E0
9.940000E0	1.452386E2	-1.749920E-1
9.960000E0	1.455513E2	1.191913E-1
9.980000E0	1.460103E2	-7.190514E-1
1.000000E1	1.465076E2	-1.884512E0
1.002000E1	1.468640E2	-2.881210E0
1.004000E1	1.467763E2	-3.806126E0
1.006000E1	1.462338E2	-4.887686E0
1.008000E1	1.461870E2	-5.122889E0
1.010000E1	1.463976E2	-4.427895E0
1.012000E1	1.467049E2	-3.050823E0
1.014000E1	1.475563E2	-2.329011E0
1.016000E1	1.485123E2	-2.701113E0
1.018000E1	1.490266E2	-3.183698E0
1.020000E1	1.488961E2	-3.760096E0
1.022000E1	1.487768E2	-3.930414E0
1.024000E1	1.491357E2	-3.672895E0
1.026000E1	1.494125E2	-3.004564E0
1.028000E1	1.499864E2	-2.080349E0
1.030000E1	1.506212E2	-1.558640E0
1.032000E1	1.512599E2	-1.801256E0
1.034000E1	1.516646E2	-2.448057E0
1.036000E1	1.519247E2	-3.310834E0
1.038000E1	1.522964E2	-3.494474E0
1.040000E1	1.528788E2	-3.041665E0
1.042000E1	1.533599E2	-2.770068E0
1.044000E1	1.539701E2	-2.927146E0
1.046000E1	1.537772E2	-3.434676E0
1.048000E1	1.534130E2	-3.839224E0
1.050000E1	1.536016E2	-3.592706E0
1.052000E1	1.542866E2	-3.020223E0
1.054000E1	1.551211E2	-2.309242E0
1.056000E1	1.550756E2	-2.235155E0
1.058000E1	1.548359E2	-3.048210E0
1.060000E1	1.547638E2	-3.817248E0
1.062000E1	1.548665E2	-4.025374E0
1.064000E1	1.548023E2	-2.971147E0
1.066000E1	1.547913E2	-1.392544E0
1.068000E1	1.556180E2	-1.737598E-1
1.070000E1	1.558297E2	1.874305E-1
1.072000E1	1.561252E2	-9.693416E-1
1.074000E1	1.561195E2	-2.908248E0
1.076000E1	1.563648E2	-3.620517E0
1.078000E1	1.571176E2	-2.709656E0
1.080000E1	1.586901E2	-9.970374E-1
1.082000E1	1.599334E2	4.409748E-1
1.084000E1	1.605570E2	5.304847E-1
1.086000E1	1.607616E2	-4.564817E-1
1.088000E1	1.610486E2	-1.905828E0
1.090000E1	1.611734E2	-3.308739E0
1.092000E1	1.610009E2	-4.034699E0
1.094000E1	1.609968E2	-3.960735E0
1.096000E1	1.612744E2	-3.558239E0
1.098000E1	1.613886E2	-2.715802E0
1.100000E1	1.613851E2	-1.528283E0
1.102000E1	1.618248E2	-7.713892E-1
1.104000E1	1.628964E2	-1.103850E0
1.106000E1	1.637492E2	-1.684058E0
1.108000E1	1.636743E2	-2.538151E0
1.110000E1	1.630541E2	-3.777826E0
1.112000E1	1.625355E2	-4.580026E0
1.114000E1	1.626030E2	-4.501234E0
1.116000E1	1.627846E2	-3.451673E0
1.118000E1	1.632960E2	-2.401189E0
1.120000E1	1.638814E2	-2.129638E0
1.122000E1	1.639196E2	-2.946440E0
1.124000E1	1.640502E2	-3.909826E0
1.126000E1	1.644335E2	-4.338447E0
1.128000E1	1.650411E2	-4.169633E0
1.130000E1	1.655168E2	-3.773425E0
1.132000E1	1.665534E2	-3.424062E0
1.134000E1	1.670893E2	-3.004330E0
1.136000E1	1.672083E2	-2.958525E0
1.138000E1	1.672246E2	-2.840402E0
1.140000E1	1.674631E2	-2.769965E0
1.142000E1	1.677291E2	-2.356724E0
1.144000E1	1.676980E2	-2.413460E0
1.146000E1	1.677188E2	-3.185667E0
1.148000E1	1.677528E2	-3.978764E0
1.150000E1	1.677796E2	-4.140270E0
1.152000E1	1.679602E2	-3.403933E0
1.154000E1	1.686197E2	-1.618589E0
1.156000E1	1.686378E2	4.463322E-2
1.158000E1	1.685933E2	8.372283E-1
1.160000E1	1.688492E2	5.395132E-1
1.162000E1	1.691241E2	-2.575572E-1
1.164000E1	1.696623E2	-1.319839E0
1.166000E1	1.701774E2	-1.856762E0
1.168000E1	1.706480E2	-1.368594E0
1.170000E1	1.711729E2	-6.348163E-1
1.172000E1	1.717614E2	-1.312662E0
1.174000E1	1.723507E2	-3.036143E0
1.176000E1	1.722790E2	-4.270231E0
1.178000E1	1.725137E2	-4.525825E0
1.180000E1	1.737463E2	-3.737514E0
1.182000E1	1.752172E2	-2.469283E0
1.184000E1	1.758001E2	-9.142585E-1
1.186000E1	1.758668E2	1.892839E-1
1.188000E1	1.752941E2	-7.923694E-3
1.190000E1	1.755705E2	-1.762384E0
1.192000E1	1.763870E2	-3.795486E0
1.194000E1	1.767149E2	-4.361667E0
1.196000E1	1.770006E2	-3.592134E0
1.198000E1	1.772019E2	-2.238219E0
1.200000E1	1.774340E2	-1.367514E0
1.202000E1	1.773352E2	-1.158823E0
1.204000E1	1.772509E2	-1.500036E0
1.206000E1	1.773866E2	-2.087020E0
1.208000E1	1.775421E2	-2.603502E0
1.210000E1	1.780569E2	-3.083153E0
1.212000E1	1.786519E2	-3.510585E0
1.214000E1	1.789096E2	-3.732061E0
1.216000E1	1.790935E2	-4.097350E0
1.218000E1	1.793351E2	-4.370235E0
1.220000E1	1.801191E2	-4.584923E0
1.222000E1	1.808410E2	-4.157097E0
1.224000E1	1.808698E2	-3.912368E0
1.226000E1	1.807614E2	-3.783556E0
1.228000E1	1.809467E2	-3.663278E0
1.230000E1	1.814704E2	-3.383584E0
1.232000E1	1.816490E2	-2.816391E0
1.234000E1	1.815657E2	-3.057763E0
1.236000E1	1.818445E2	-3.820459E0
1.238000E1	1.823659E2	-4.308993E0
1.240000E1	1.830766E2	-3.655604E0
1.242000E1	1.839348E2	-2.170610E0
1.244000E1	1.837538E2	-3.741438E-1
1.246000E1	1.829224E2	9.979710E-1
1.248000E1	1.830098E2	1.213961E0
1.250000E1	1.835353E2	4.939205E-1
1.252000E1	1.836634E2	-1.153420E0
1.254000E1	1.840184E2	-2.429458E0
1.256000E1	1.847607E2	-2.281978E0
1.258000E1	1.854251E2	-8.264594E-1
1.260000E1	1.859063E2	4.097097E-2
1.262000E1	1.863809E2	-6.539886E-1
1.264000E1	1.867998E2	-1.811933E0
1.266000E1	1.867336E2	-2.325299E0
1.268000E1	1.867639E2	-2.189501E0
1.270000E1	1.869350E2	-1.915879E0
1.272000E1	1.874646E2	-2.115156E0
1.274000E1	1.877034E2	-2.328976E0
1.276000E1	1.876584E2	-2.562918E0
1.278000E1	1.875559E2	-2.953075E0
1.280000E1	1.884145E2	-3.079957E0
1.282000E1	1.899759E2	-2.515059E0
1.284000E1	1.911359E2	-1.675975E0
1.286000E1	1.912691E2	-7.284730E-1
1.288000E1	1.909693E2	-3.153745E-1
1.290000E1	1.904875E2	-8.637778E-1
1.292000E1	1.905820E2	-1.865846E0
1.294000E1	1.910651E2	-2.851600E0
1.296000E1	1.913134E2	-3.114876E0
1.298000E1	1.914693E2	-3.007868E0
1.300000E1	1.913039E2	-2.697570E0
1.302000E1	1.913882E2	-2.602053E0
1.304000E1	1.918319E2	-2.745363E0
1.306000E1	1.924935E2	-3.160271E0
1.308000E1	1.932766E2	-3.414586E0
1.310000E1	1.936901E2	-3.377701E0
1.312000E1	1.939060E2	-3.449379E0
1.314000E1	1.941918E2	-3.841268E0
1.316000E1	1.943920E2	-3.909730E0
1.318000E1	1.945710E2	-3.417087E0
1.320000E1	1.944095E2	-2.994094E0
1.322000E1	1.942678E2	-3.616826E0
1.324000E1	1.946495E2	-4.355297E0
1.326000E1	1.951595E2	-4.128109E0
1.328000E1	1.956169E2	-3.177775E0
1.330000E1	1.963547E2	-1.785202E0
1.332000E1	1.967648E2	-1.165196E0
1.334000E1	1.967599E2	-1.321530E0
1.336000E1	1.967103E2	-1.649050E0
1.338000E1	1.967751E2	-1.485826E0
1.340000E1	1.971938E2	-1.101119E0
1.342000E1	1.978834E2	-9.820331E-1
1.344000E1	1.987500E2	-9.972935E-1
1.346000E1	1.995101E2	-5.796254E-1
1.348000E1	1.999342E2	-5.616591E-1
1.350000E1	1.999930E2	-1.575816E0
1.352000E1	2.002634E2	-1.800683E0
1.354000E1	2.005640E2	-1.868458E0
1.356000E1	2.007008E2	-1.985221E0
1.358000E1	2.006347E2	-2.276827E0
1.360000E1	2.006665E2	-2.326860E0
1.362000E1	2.009656E2	-1.803928E0
1.364000E1	2.012434E2	-1.293446E0
1.366000E1	2.018292E2	-1.387281E0
1.368000E1	2.026117E2	-1.867552E0
1.370000E1	2.028877E2	-2.051748E0
1.372000E1	2.028808E2	-1.897940E0
1.374000E1	2.027490E2	-1.772126E0
1.376000E1	2.027657E2	-1.998866E0
1.378000E1	2.028822E2	-2.220189E0
1.380000E1	2.033483E2	-2.308934E0
1.382000E1	2.037428E2	-2.533533E0
1.384000E1	2.033240E2	-2.868095E0
1.386000E1	2.035606E2	-3.586810E0
1.388000E1	2.045054E2	-3.713331E0
1.390000E1	2.057150E2	-3.217642E0
1.392000E1	2.063955E2	-2.337602E0
1.394000E1	2.063055E2	-1.816874E0
1.396000E1	2.061759E2	-2.062860E0
1.398000E1	2.062710E2	-3.034080E0
1.400000E1	2.065694E2	-3.925484E0
1.402000E1	2.069505E2	-3.977328E0
1.404000E1	2.070279E2	-3.188387E0
1.406000E1	2.063043E2	-2.067436E0
1.408000E1	2.060220E2	-1.898263E0
1.410000E1	2.065079E2	-2.633579E0
1.412000E1	2.069911E2	-3.050427E0
1.414000E1	2.072831E2	-2.672514E0
1.416000E1	2.081974E2	-1.975016E0
1.418000E1	2.088483E2	-1.850794E0
1.420000E1	2.086314E2	-2.289806E0
1.422000E1	2.086302E2	-2.477198E0
1.424000E1	2.086117E2	-2.332313E0
1.426000E1	2.087983E2	-2.369949E0
1.428000E1	2.090938E2	-2.353504E0
1.430000E1	2.093692E2	-2.400668E0
1.432000E1	2.096697E2	-2.318484E0
1.434000E1	2.099933E2	-2.467360E0
1.436000E1	2.102646E2	-2.988963E0
1.438000E1	2.107818E2	-3.076774E0
1.440000E1	2.112813E2	-2.700706E0
1.442000E1	2.115092E2	-2.462531E0
1.444000E1	2.117051E2	-2.373566E0
1.446000E1	2.121425E2	-2.475528E0
1.448000E1	2.126215E2	-2.456596E0
1.450000E1	2.127935E2	-2.310946E0
1.452000E1	2.129199E2	-1.945175E0
1.454000E1	2.136153E2	-1.766429E0
1.456000E1	2.143864E2	-1.965048E0
1.458000E1	2.145330E2	-2.502631E0
1.460000E1	2.143008E2	-2.910918E0
1.462000E1	2.143263E2	-2.755377E0
1.464000E1	2.145253E2	-2.293919E0
1.466000E1	2.149561E2	-1.922182E0
1.468000E1	2.156571E2	-1.839366E0
1.470000E1	2.161004E2	-1.879795E0
1.472000E1	2.162965E2	-2.062830E0
1.474000E1	2.164498E2	-2.162152E0
1.476000E1	2.166814E2	-2.516985E0
1.478000E1	2.169880E2	-2.698715E0
1.480000E1	2.170621E2	-2.790021E0
1.482000E1	2.174214E2	-2.978985E0
1.484000E1	2.182421E2	-3.051555E0
1.486000E1	2.186184E2	-3.601937E0
1.488000E1	2.180977E2	-4.350308E0
1.490000E1	2.182689E2	-4.486055E0
1.492000E1	2.187885E2	-3.888975E0
1.494000E1	2.196191E2	-2.165623E0
1.496000E1	2.198929E2	-1.080774E0
1.498000E1	2.193722E2	-9.126468E-1
1.500000E1	2.194903E2	-1.473964E0
1.502000E1	2.201986E2	-2.413492E0
1.504000E1	2.208231E2	-2.577561E0
1.506000E1	2.216780E2	-1.823394E0
1.508000E1	2.217490E2	-1.350058E0
1.510000E1	2.215545E2	-1.137025E0
1.512000E1	2.216851E2	-8.272765E-1
1.514000E1	2.217395E2	-5.631329E-1
1.516000E1	2.220322E2	-6.549973E-1
1.518000E1	2.222909E2	-1.155345E0
1.520000E1	2.226219E2	-1.596237E0
1.522000E1	2.232515E2	-2.023642E0
1.524000E1	2.233263E2	-2.779223E0
1.526000E1	2.234478E2	-3.474167E0
1.528000E1	2.235859E2	-3.773477E0
1.530000E1	2.236833E2	-3.883324E0
1.532000E1	2.240235E2	-4.069694E0
1.534000E1	2.245201E2	-4.031614E0
1.536000E1	2.246931E2	-3.830581E0
1.538000E1	2.246390E2	-3.371123E0
1.540000E1	2.247851E2	-2.944681E0
1.542000E1	2.255146E2	-2.612240E0
1.544000E1	2.264701E2	-2.218240E0
1.546000E1	2.269071E2	-2.264917E0
1.548000E1	2.269446E2	-2.426930E0
1.550000E1	2.272816E2	-2.473450E0
1.552000E1	2.275690E2	-2.486705E0
1.554000E1	2.274995E2	-2.296513E0
1.556000E1	2.278769E2	-2.065115E0
1.558000E1	2.284647E2	-1.619450E0
1.560000E1	2.288995E2	-1.548229E0
1.562000E1	2.288229E2	-2.170414E0
1.564000E1	2.287320E2	-3.078194E0
1.566000E1	2.291310E2	-3.478456E0
1.568000E1	2.298172E2	-2.922916E0
1.570000E1	2.308523E2	-2.503204E0
1.572000E1	2.318264E2	-2.154089E0
1.574000E1	2.320421E2	-2.392115E0
1.576000E1	2.318089E2	-2.557853E0
1.578000E1	2.313781E2	-2.517671E0
1.580000E1	2.312299E2	-2.167778E0
1.582000E1	2.315114E2	-1.625200E0
1.584000E1	2.313426E2	-1.784291E0
1.586000E1	2.311281E2	-2.579969E0
1.588000E1	2.315552E2	-3.380017E0
1.590000E1	2.324926E2	-4.098743E0
1.592000E1	2.327965E2	-3.703052E0
1.594000E1	2.331400E2	-2.026986E0
1.596000E1	2.341520E2	1.949656E-1
1.598000E1	2.347682E2	1.536260E0
1.600000E1	2.355222E2	1.939752E0
1.602000E1	2.357152E2	1.378868E0
1.604000E1	2.359197E2	4.036522E-1
1.606000E1	2.359675E2	-1.066305E0
1.608000E1	2.363136E2	-2.167334E0
1.610000E1	2.367838E2	-2.122235E0
1.612000E1	2.371634E2	-1.935746E0
1.614000E1	2.374449E2	-1.736843E0
1.616000E1	2.380366E2	-1.471177E0
1.618000E1	2.385740E2	-1.000944E0
1.620000E1	2.390446E2	-1.015073E0
1.622000E1	2.390291E2	-1.435368E0
1.624000E1	2.389926E2	-2.108232E0
1.626000E1	2.386861E2	-2.722698E0
1.628000E1	2.386768E2	-3.094484E0
1.630000E1	2.391549E2	-2.883948E0
1.632000E1	2.395292E2	-2.737924E0
1.634000E1	2.399074E2	-2.846366E0
1.636000E1	2.404320E2	-2.922865E0
1.638000E1	2.409221E2	-2.909471E0
1.640000E1	2.407518E2	-2.873173E0
1.642000E1	2.403391E2	-3.153517E0
1.644000E1	2.406590E2	-2.955687E0
1.646000E1	2.414927E2	-2.292815E0
1.648000E1	2.419905E2	-1.506942E0
1.650000E1	2.420542E2	-1.456839E0
1.652000E1	2.425059E2	-2.213360E0
1.654000E1	2.433114E2	-2.827354E0
1.656000E1	2.439980E2	-3.029699E0
1.658000E1	2.444498E2	-3.003347E0
1.660000E1	2.448146E2	-2.783765E0
1.662000E1	2.448261E2	-2.746072E0
1.664000E1	2.449481E2	-2.510342E0
1.666000E1	2.445976E2	-2.505708E0
1.668000E1	2.443892E2	-2.241278E0
1.670000E1	2.443971E2	-2.257435E0
1.672000E1	2.445841E2	-2.682851E0
1.674000E1	2.451061E2	-3.401866E0
1.676000E1	2.456975E2	-3.547932E0
1.678000E1	2.459475E2	-2.970057E0
1.680000E1	2.459693E2	-1.754116E0
1.682000E1	2.454385E2	-5.871696E-2
1.684000E1	2.450004E2	1.211645E0
1.686000E1	2.453137E2	8.465537E-1
1.688000E1	2.458386E2	-6.085705E-1
1.690000E1	2.462481E2	-2.288152E0
1.692000E1	2.464710E2	-2.725053E0
1.694000E1	2.471313E2	-2.103889E0
1.696000E1	2.481530E2	-7.880879E-1
1.698000E1	2.496103E2	2.218809E-1
1.700000E1	2.506658E2	4.104231E-1
1.702000E1	2.511231E2	1.406569E-1
1.704000E1	2.511213E2	-5.796570E-1
1.706000E1	2.511418E2	-1.545694E0
1.708000E1	2.509355E2	-2.950021E0
1.710000E1	2.509736E2	-3.553319E0
1.712000E1	2.510371E2	-2.899334E0
1.714000E1	2.510375E2	-1.924287E0
1.716000E1	2.511428E2	-8.794154E-1
1.718000E1	2.521860E2	-4.945343E-1
1.720000E1	2.534935E2	-4.526269E-1
1.722000E1	2.538606E2	-6.910706E-1
1.724000E1	2.535262E2	-1.102987E0
1.726000E1	2.529758E2	-2.293397E0
1.728000E1	2.525497E2	-3.930579E0
1.730000E1	2.527859E2	-4.101862E0
1.732000E1	2.531943E2	-3.034482E0
1.734000E1	2.535254E2	-1.396850E0
1.736000E1	2.539160E2	-1.463157E0
1.738000E1	2.544437E2	-2.615164E0
1.740000E1	2.546588E2	-3.672638E0
1.742000E1	2.549820E2	-4.091787E0
1.744000E1	2.553635E2	-3.946397E0
1.746000E1	2.560873E2	-3.558156E0
1.748000E1	2.571291E2	-3.131481E0
1.750000E1	2.577164E2	-2.879307E0
1.752000E1	2.578060E2	-2.774176E0
1.754000E1	2.576551E2	-2.674034E0
1.756000E1	2.582229E2	-2.204243E0
1.758000E1	2.590315E2	-1.707772E0
1.760000E1	2.588862E2	-2.402681E0
1.762000E1	2.586686E2	-3.106271E0
1.764000E1	2.589121E2	-3.364702E0
1.766000E1	2.593556E2	-2.882263E0
1.768000E1	2.595844E2	-1.813011E0
1.770000E1	2.590489E2	-3.824425E-1
1.772000E1	2.587503E2	4.391029E-1
1.774000E1	2.592868E2	4.595191E-1
1.776000E1	2.595455E2	-3.115298E-2
1.778000E1	2.599200E2	-8.210438E-1
1.780000E1	2.606364E2	-1.427740E0
1.782000E1	2.613097E2	-1.051649E0
1.784000E1	2.613133E2	-2.853901E-1
1.786000E1	2.608278E2	5.753299E-1
1.788000E1	2.612875E2	-1.939758E-2
1.790000E1	2.623663E2	-1.569317E0
1.792000E1	2.630634E2	-2.958983E0
1.794000E1	2.625611E2	-3.800864E0
1.796000E1	2.623692E2	-3.988974E0
1.798000E1	2.630065E2	-3.484194E0
1.800000E1	2.643125E2	-2.041791E0
1.802000E1	2.648305E2	-1.788050E-1
1.804000E1	2.648154E2	1.381468E0
1.806000E1	2.655679E2	1.229641E0
1.808000E1	2.662047E2	-1.823794E-1
1.810000E1	2.660383E2	-2.123427E0
1.812000E1	2.655338E2	-3.265502E0
1.814000E1	2.655219E2	-3.011359E0
1.816000E1	2.653871E2	-1.979456E0
1.818000E1	2.653649E2	-9.835335E-1
1.820000E1	2.657114E2	-1.389834E-1
1.822000E1	2.661322E2	-2.281294E-1
1.824000E1	2.659469E2	-1.206232E0
1.826000E1	2.662450E2	-2.361225E0
1.828000E1	2.670426E2	-3.031050E0
1.830000E1	2.678619E2	-3.734696E0
1.832000E1	2.682040E2	-3.812339E0
1.834000E1	2.687311E2	-3.924042E0
1.836000E1	2.687180E2	-3.817125E0
1.838000E1	2.688054E2	-3.783548E0
1.840000E1	2.689575E2	-3.454018E0
1.842000E1	2.691361E2	-3.228921E0
1.844000E1	2.696114E2	-2.860862E0
1.846000E1	2.694905E2	-2.884414E0
1.848000E1	2.693030E2	-3.582524E0
1.850000E1	2.698837E2	-4.154936E0
1.852000E1	2.704259E2	-4.069740E0
1.854000E1	2.709952E2	-2.945074E0
1.856000E1	2.716993E2	-1.007477E0
1.858000E1	2.716371E2	6.673900E-1
1.860000E1	2.715676E2	1.299171E0
1.862000E1	2.718715E2	1.138162E0
1.864000E1	2.722438E2	-2.548426E-1
1.866000E1	2.727647E2	-1.879248E0
1.868000E1	2.735657E2	-2.110010E0
1.870000E1	2.741168E2	-1.033669E0
1.872000E1	2.743038E2	3.933128E-1
1.874000E1	2.741495E2	7.622312E-1
1.876000E1	2.746248E2	-9.185158E-1
1.878000E1	2.750429E2	-2.400441E0
1.880000E1	2.754917E2	-2.342715E0
1.882000E1	2.758615E2	-1.556215E0
1.884000E1	2.762100E2	-1.111911E0
1.886000E1	2.766336E2	-1.279844E0
1.888000E1	2.766467E2	-1.394100E0
1.890000E1	2.763479E2	-1.117249E0
1.892000E1	2.765587E2	-7.826871E-1
1.894000E1	2.773939E2	-1.153350E0
1.896000E1	2.780113E2	-1.677837E0
1.898000E1	2.782161E2	-2.174310E0
1.900000E1	2.783120E2	-2.490307E0
1.902000E1	2.780359E2	-2.988664E0
1.904000E1	2.775171E2	-3.298198E0
1.906000E1	2.781612E2	-3.009360E0
1.908000E1	2.794665E2	-1.729578E0
1.910000E1	2.804914E2	-4.092495E-1
1.912000E1	2.805440E2	3.801410E-1
1.914000E1	2.804456E2	-2.080782E-1
1.916000E1	2.805248E2	-1.666953E0
1.918000E1	2.810298E2	-3.624672E0
1.920000E1	2.818844E2	-5.027491E0
1.922000E1	2.824450E2	-4.639376E0
1.924000E1	2.817922E2	-3.624298E0
1.926000E1	2.810943E2	-1.985357E0
1.928000E1	2.812249E2	-1.356168E0
1.930000E1	2.817474E2	-1.513039E0
1.932000E1	2.819212E2	-1.914426E0
1.934000E1	2.815191E2	-2.068204E0
1.936000E1	2.819251E2	-2.722247E0
1.938000E1	2.831085E2	-3.528874E0
1.940000E1	2.834938E2	-3.566346E0
1.942000E1	2.835258E2	-2.806199E0
1.944000E1	2.836209E2	-1.247079E0
1.946000E1	2.838579E2	-8.176086E-1
1.948000E1	2.840705E2	-1.710104E0
1.950000E1	2.839029E2	-2.453590E0
1.952000E1	2.841133E2	-2.216613E0
1.954000E1	2.845131E2	-1.578072E0
1.956000E1	2.849705E2	-1.215379E0
1.958000E1	2.854670E2	-1.163314E0
1.960000E1	2.861633E2	-1.161186E0
1.962000E1	2.865318E2	-1.489977E0
1.964000E1	2.867278E2	-1.720306E0
1.966000E1	2.872968E2	-1.802704E0
1.968000E1	2.877322E2	-1.975708E0
1.970000E1	2.878039E2	-2.035857E0
1.972000E1	2.881799E2	-1.919398E0
1.974000E1	2.884914E2	-1.673254E0
1.976000E1	2.884824E2	-1.376183E0
1.978000E1	2.885040E2	-1.471808E0
1.980000E1	2.887935E2	-2.099946E0
1.982000E1	2.896608E2	-2.118849E0
1.984000E1	2.901229E2	-1.993085E0
1.986000E1	2.903713E2	-1.643847E0
1.988000E1	2.903317E2	-1.654915E0
1.990000E1	2.902768E2	-1.644326E0
1.992000E1	2.905791E2	-1.307755E0
1.994000E1	2.911022E2	-9.161813E-1
1.996000E1	2.911154E2	-7.976726E-1
1.998000E1	2.910358E2	-1.086992E0
2.000000E1	2.913177E2	-2.026980E0
2.002000E1	2.921675E2	-3.124882E0
2.004000E1	2.926531E2	-3.785219E0
2.006000E1	2.924186E2	-3.986364E0
2.008000E1	2.931294E2	-3.706999E0
2.010000E1	2.946246E2	-3.269866E0
2.012000E1	2.955104E2	-2.843768E0
2.014000E1	2.952032E2	-2.158784E0
2.016000E1	2.946526E2	-1.450610E0
2.018000E1	2.950310E2	-1.316845E0
2.020000E1	2.959484E2	-1.524432E0
2.022000E1	2.958142E2	-2.549645E0
2.024000E1	2.955050E2	-3.106259E0
2.026000E1	2.962458E2	-3.078223E0
2.028000E1	2.970448E2	-2.886530E0
2.030000E1	2.969865E2	-1.983653E0
2.032000E1	2.974042E2	-6.259768E-1
2.034000E1	2.981902E2	6.237001E-1
2.036000E1	2.982904E2	8.636498E-1
2.038000E1	2.983199E2	1.007833E-1
2.040000E1	2.983149E2	-1.542917E0
2.042000E1	2.984585E2	-3.075980E0
2.044000E1	2.989267E2	-2.853347E0
2.046000E1	2.991794E2	-1.949173E0
2.048000E1	2.993921E2	-2.052035E0
2.050000E1	2.994835E2	-3.077643E0
2.052000E1	2.998375E2	-3.727098E0
2.054000E1	3.004640E2	-3.631414E0
2.056000E1	3.009798E2	-3.044057E0
2.058000E1	3.013315E2	-3.022699E0
2.060000E1	3.013186E2	-3.339525E0
2.062000E1	3.013764E2	-3.139067E0
2.064000E1	3.015777E2	-2.080293E0
2.066000E1	3.020540E2	-1.286718E0
2.068000E1	3.027838E2	-1.478612E0
2.070000E1	3.035914E2	-2.121747E0
2.072000E1	3.038211E2	-2.559283E0
2.074000E1	3.037936E2	-2.067359E0
2.076000E1	3.038241E2	-1.667511E0
2.078000E1	3.038920E2	-1.620890E0
2.080000E1	3.040301E2	-1.838823E0
2.082000E1	3.041023E2	-1.934859E0
2.084000E1	3.041029E2	-1.916171E0
2.086000E1	3.044838E2	-1.597688E0
2.088000E1	3.052342E2	-1.811533E0
2.090000E1	3.061821E2	-2.375837E0
2.092000E1	3.067033E2	-2.502017E0
2.094000E1	3.069289E2	-2.370882E0
2.096000E1	3.071254E2	-2.046380E0
2.098000E1	3.071386E2	-1.863415E0
2.100000E1	3.070341E2	-2.294901E0
2.102000E1	3.067696E2	-2.575265E0
2.104000E1	3.065446E2	-2.596891E0
2.106000E1	3.074248E2	-2.504910E0
2.108000E1	3.078493E2	-2.819833E0
2.110000E1	3.076256E2	-3.526467E0
2.112000E1	3.077203E2	-3.594649E0
2.114000E1	3.084750E2	-2.512812E0
2.116000E1	3.093857E2	-7.650433E-1
2.118000E1	3.103224E2	8.422281E-1
2.120000E1	3.108341E2	1.793415E0
2.122000E1	3.108036E2	9.037848E-1
2.124000E1	3.108208E2	-6.880290E-1
2.126000E1	3.110328E2	-2.025071E0
2.128000E1	3.114702E2	-2.028519E0
2.130000E1	3.116930E2	-1.500059E0
2.132000E1	3.117110E2	-8.082731E-1
2.134000E1	3.122414E2	-3.309045E-1
2.136000E1	3.129383E2	1.433829E-1
2.138000E1	3.135197E2	-3.035696E-1
2.140000E1	3.140350E2	-1.126394E0
2.142000E1	3.143263E2	-1.973572E0
2.144000E1	3.139848E2	-3.486421E0
2.146000E1	3.134528E2	-4.485551E0
2.148000E1	3.136761E2	-4.434258E0
2.150000E1	3.138813E2	-3.507526E0
2.152000E1	3.140062E2	-2.437839E0
2.154000E1	3.146035E2	-2.019973E0
2.156000E1	3.155808E2	-2.529310E0
2.158000E1	3.162749E2	-3.037696E0
2.160000E1	3.162680E2	-3.209546E0
2.162000E1	3.162139E2	-3.232770E0
2.164000E1	3.166112E2	-2.940817E0
2.166000E1	3.168931E2	-2.555714E0
2.168000E1	3.171268E2	-2.010223E0
2.170000E1	3.178243E2	-1.409795E0
2.172000E1	3.184906E2	-1.367152E0
2.174000E1	3.190338E2	-1.756276E0
2.176000E1	3.192202E2	-2.611919E0
2.178000E1	3.195657E2	-2.902191E0
2.180000E1	3.200199E2	-2.550205E0
2.182000E1	3.206811E2	-2.235258E0
2.184000E1	3.211575E2	-2.266394E0
2.186000E1	3.209458E2	-2.839636E0
2.188000E1	3.204438E2	-3.271233E0
2.190000E1	3.206061E2	-3.151206E0
2.192000E1	3.209665E2	-2.489132E0
2.194000E1	3.215412E2	-1.625707E0
2.196000E1	3.214806E2	-1.610355E0
2.198000E1	3.214583E2	-2.352361E0
2.200000E1	3.214955E2	-3.200311E0
2.202000E1	3.214930E2	-3.253521E0
2.204000E1	3.212017E2	-2.359164E0
2.206000E1	3.213662E2	-5.156926E-1
2.208000E1	3.222216E2	3.606039E-1
2.210000E1	3.221411E2	1.137537E-1
2.212000E1	3.220321E2	-1.780608E0
2.214000E1	3.222831E2	-3.061639E0
2.216000E1	3.231406E2	-2.031618E0
2.218000E1	3.246733E2	-1.385210E-1
2.220000E1	3.256912E2	1.337545E0
2.222000E1	3.260555E2	1.443661E0
2.224000E1	3.260976E2	-4.989026E-2
2.226000E1	3.263890E2	-2.274344E0
2.228000E1	3.268218E2	-3.842246E0
2.230000E1	3.269646E2	-3.691195E0
2.232000E1	3.272377E2	-3.030291E0
2.234000E1	3.274497E2	-2.373107E0
2.236000E1	3.275580E2	-1.620820E0
2.238000E1	3.274596E2	-8.318897E-1
2.240000E1	3.274677E2	-8.547166E-1
2.242000E1	3.280856E2	-1.505663E0
2.244000E1	3.290708E2	-2.580882E0
2.246000E1	3.292188E2	-3.626683E0
2.248000E1	3.287849E2	-4.101003E0
2.250000E1	3.288680E2	-3.922415E0
2.252000E1	3.289815E2	-3.463169E0
2.254000E1	3.288910E2	-3.254197E0
2.256000E1	3.296098E2	-2.644048E0
2.258000E1	3.302892E2	-2.415211E0
2.260000E1	3.303539E2	-2.409814E0
2.262000E1	3.304155E2	-3.159753E0
2.264000E1	3.307998E2	-3.892102E0
2.266000E1	3.315083E2	-3.974216E0
2.268000E1	3.321816E2	-3.598575E0
2.270000E1	3.329708E2	-3.077110E0
2.272000E1	3.341513E2	-2.452137E0
2.274000E1	3.346676E2	-2.153161E0
2.276000E1	3.345786E2	-2.217037E0
2.278000E1	3.346546E2	-2.390484E0
2.280000E1	3.350545E2	-2.445442E0
2.282000E1	3.353038E2	-2.075163E0
2.284000E1	3.352390E2	-1.923894E0
2.286000E1	3.352628E2	-2.634131E0
2.288000E1	3.352848E2	-3.321068E0
2.290000E1	3.352433E2	-3.460229E0
2.292000E1	3.351438E2	-2.924363E0
2.294000E1	3.355597E2	-1.391416E0
2.296000E1	3.355688E2	5.592167E-1
2.298000E1	3.355942E2	1.424395E0
2.300000E1	3.358069E2	1.273540E0
2.302000E1	3.363044E2	2.525097E-1
2.304000E1	3.368757E2	-6.269910E-1
2.306000E1	3.373576E2	-1.405920E0
2.308000E1	3.377596E2	-6.082216E-1
2.310000E1	3.376346E2	6.113765E-1
2.312000E1	3.380651E2	3.544766E-1
2.314000E1	3.391952E2	-1.365481E0
2.316000E1	3.394389E2	-3.177089E0
2.318000E1	3.391630E2	-4.136304E0
2.320000E1	3.396998E2	-4.054606E0
2.322000E1	3.408995E2	-2.742893E0
2.324000E1	3.418828E2	-1.039423E0
2.326000E1	3.419838E2	7.345833E-1
2.328000E1	3.414785E2	1.558237E0
2.330000E1	3.415703E2	2.907186E-1
2.332000E1	3.423643E2	-1.924998E0
2.334000E1	3.424752E2	-3.483605E0
2.336000E1	3.425149E2	-3.317691E0
2.338000E1	3.425395E2	-1.990761E0
2.340000E1	3.426314E2	-6.520241E-1
2.342000E1	3.426132E2	-1.116443E-1
2.344000E1	3.426951E2	-1.806594E-1
2.346000E1	3.427053E2	-9.226494E-1
2.348000E1	3.426731E2	-1.900317E0
2.350000E1	3.431016E2	-2.812916E0
2.352000E1	3.441276E2	-3.585001E0
2.354000E1	3.441879E2	-3.491049E0
2.356000E1	3.442818E2	-3.535647E0
2.358000E1	3.448386E2	-3.782076E0
2.360000E1	3.456849E2	-4.103460E0
2.362000E1	3.457538E2	-3.964245E0
2.364000E1	3.456927E2	-3.591462E0
2.366000E1	3.457250E2	-3.093089E0
2.368000E1	3.461678E2	-2.647625E0
2.370000E1	3.464429E2	-2.012328E0
2.372000E1	3.465031E2	-2.416740E0
2.374000E1	3.465693E2	-3.240322E0
2.376000E1	3.471300E2	-3.888646E0
2.378000E1	3.477771E2	-3.416383E0
2.380000E1	3.485215E2	-1.963057E0
2.382000E1	3.488025E2	1.914209E-1
2.384000E1	3.481291E2	1.488553E0
2.386000E1	3.480884E2	1.828557E0
2.388000E1	3.486117E2	1.170936E0
2.390000E1	3.493985E2	-2.043778E-3
2.392000E1	3.498001E2	-1.451473E0
2.394000E1	3.499490E2	-1.735329E0
2.396000E1	3.499859E2	-1.002019E0
2.398000E1	3.504045E2	1.336568E-1
2.400000E1	3.513785E2	-5.569582E-2
