	mass A		
t	x	y	
0.000000E0	2.549377E-3	0.000000E0
2.000000E-2	3.228410E-3	2.841075E-3
4.000000E-2	5.860877E-4	1.476586E-2
6.000000E-2	2.885605E-3	4.344180E-3
8.000000E-2	1.108783E-2	-1.738580E-2
1.000000E-1	1.761196E-2	-8.015505E-3
1.200000E-1	2.814515E-2	1.053861E-2
1.400000E-1	5.519449E-2	1.243537E-2
1.600000E-1	8.195458E-2	-9.327667E-3
1.800000E-1	1.144147E-1	-3.051132E-2
2.000000E-1	1.460695E-1	-3.323502E-2
2.200000E-1	1.757689E-1	-7.536855E-2
2.400000E-1	1.680283E-1	-1.216001E-1
2.600000E-1	1.581050E-1	-1.462729E-1
2.800000E-1	1.792326E-1	-1.394438E-1
3.000000E-1	1.977556E-1	-1.103430E-1
3.200000E-1	1.976124E-1	-9.832488E-2
3.400000E-1	2.039125E-1	-6.936815E-2
3.600000E-1	2.186975E-1	-6.390512E-2
3.800000E-1	2.494884E-1	-7.812714E-2
4.000000E-1	2.843768E-1	-1.175446E-1
4.200000E-1	3.074818E-1	-1.706781E-1
4.400000E-1	3.205162E-1	-1.931198E-1
4.600000E-1	3.010594E-1	-2.229936E-1
4.800000E-1	2.985053E-1	-2.202238E-1
5.000000E-1	3.076325E-1	-1.853245E-1
5.200000E-1	3.237196E-1	-1.320076E-1
5.400000E-1	3.086022E-1	-9.925008E-2
5.600000E-1	3.102911E-1	-1.013676E-1
5.800000E-1	3.103279E-1	-1.226051E-1
6.000000E-1	3.139235E-1	-1.221562E-1
6.200000E-1	3.161712E-1	-1.274446E-1
6.400000E-1	3.193350E-1	-1.520950E-1
6.600000E-1	3.285580E-1	-1.734122E-1
6.800000E-1	3.266616E-1	-1.677543E-1
7.000000E-1	3.219552E-1	-1.454875E-1
7.200000E-1	3.324450E-1	-1.122853E-1
7.400000E-1	3.355053E-1	-8.201644E-2
7.600000E-1	3.503962E-1	-5.840312E-2
7.800000E-1	3.594528E-1	-6.427519E-2
8.000000E-1	3.881691E-1	-9.239313E-2
8.200000E-1	4.100026E-1	-1.233588E-1
8.400000E-1	4.227472E-1	-1.213298E-1
8.600000E-1	4.365869E-1	-9.680999E-2
8.800000E-1	4.473149E-1	-3.061118E-2
9.000000E-1	4.414950E-1	2.088934E-2
9.200000E-1	4.514185E-1	1.932429E-2
9.400000E-1	4.681277E-1	5.518288E-3
9.600000E-1	4.799476E-1	3.232761E-3
9.800000E-1	4.968457E-1	1.584260E-2
1.000000E0	5.443195E-1	3.648801E-2
1.020000E0	5.757241E-1	6.077364E-2
1.040000E0	5.834981E-1	8.259028E-2
1.060000E0	5.763474E-1	8.576437E-2
1.080000E0	5.711542E-1	7.384366E-2
1.100000E0	5.834825E-1	9.812320E-3
1.120000E0	6.053621E-1	-1.987432E-2
1.140000E0	6.253219E-1	-4.063881E-2
1.160000E0	6.351357E-1	-7.887303E-2
1.180000E0	6.431316E-1	-1.039747E-1
1.200000E0	6.640076E-1	-1.054874E-1
1.220000E0	7.135052E-1	-8.174662E-2
1.240000E0	7.520126E-1	-4.652762E-2
1.260000E0	7.551286E-1	-1.386869E-2
1.280000E0	7.675955E-1	4.794527E-3
1.300000E0	7.880759E-1	-4.433980E-2
1.320000E0	8.039694E-1	-1.055354E-1
1.340000E0	8.143255E-1	-1.344178E-1
1.360000E0	8.357279E-1	-1.174408E-1
1.380000E0	8.264734E-1	-1.168869E-1
1.400000E0	8.149296E-1	-1.271317E-1
1.420000E0	8.232203E-1	-9.694635E-2
1.440000E0	8.265285E-1	-1.935453E-2
1.460000E0	8.350838E-1	1.874512E-2
1.480000E0	8.388598E-1	6.828828E-3
1.500000E0	8.384638E-1	-4.123237E-2
1.520000E0	8.544714E-1	-8.073320E-2
1.540000E0	8.560024E-1	-1.078457E-1
1.560000E0	8.580100E-1	-1.233774E-1
1.580000E0	8.683258E-1	-1.236112E-1
1.600000E0	8.776422E-1	-1.131274E-1
1.620000E0	8.746332E-1	-1.079420E-1
1.640000E0	8.727802E-1	-9.897622E-2
1.660000E0	8.723344E-1	-8.930630E-2
1.680000E0	8.716691E-1	-9.157646E-2
1.700000E0	8.663442E-1	-1.071047E-1
1.720000E0	8.622154E-1	-1.320248E-1
1.740000E0	8.655106E-1	-1.460422E-1
1.760000E0	8.701069E-1	-1.508399E-1
1.780000E0	8.779597E-1	-1.444417E-1
1.800000E0	8.914638E-1	-1.124935E-1
1.820000E0	8.999122E-1	-6.804817E-2
1.840000E0	9.038345E-1	-4.664774E-2
1.860000E0	9.130630E-1	-2.709259E-2
1.880000E0	9.212137E-1	-2.232624E-2
1.900000E0	9.263943E-1	-1.403584E-2
1.920000E0	9.345900E-1	5.362555E-4
1.940000E0	9.384676E-1	6.021661E-3
1.960000E0	9.374051E-1	5.840809E-3
1.980000E0	9.370119E-1	3.081699E-3
2.000000E0	9.396188E-1	-1.317581E-2
2.020000E0	9.378279E-1	-2.273240E-2
2.040000E0	9.363127E-1	-1.879417E-2
2.060000E0	9.537335E-1	-5.435359E-3
2.080000E0	9.863700E-1	-1.522615E-2
2.100000E0	1.004132E0	-2.091441E-2
2.120000E0	1.025984E0	-1.689980E-2
2.140000E0	1.035410E0	-3.804723E-3
2.160000E0	1.056443E0	2.322161E-3
2.180000E0	1.065546E0	8.267225E-3
2.200000E0	1.066802E0	4.220905E-3
2.220000E0	1.065938E0	1.123492E-2
2.240000E0	1.081246E0	-1.867324E-3
2.260000E0	1.103551E0	-2.203294E-2
2.280000E0	1.130766E0	-5.400346E-2
2.300000E0	1.144546E0	-9.200885E-2
2.320000E0	1.149220E0	-1.056512E-1
2.340000E0	1.145660E0	-1.113597E-1
2.360000E0	1.168803E0	-1.036258E-1
2.380000E0	1.221869E0	-5.280161E-2
2.400000E0	1.279056E0	2.835516E-2
2.420000E0	1.296690E0	8.766744E-2
2.440000E0	1.290022E0	1.029313E-1
2.460000E0	1.299984E0	6.105030E-2
2.480000E0	1.323938E0	1.671894E-2
2.500000E0	1.338919E0	-1.408094E-2
2.520000E0	1.345159E0	-2.008154E-2
2.540000E0	1.389977E0	-1.619339E-2
2.560000E0	1.388405E0	-9.031144E-3
2.580000E0	1.343539E0	8.846392E-3
2.600000E0	1.324466E0	3.032973E-2
2.620000E0	1.319732E0	5.677447E-2
2.640000E0	1.334375E0	7.897735E-2
2.660000E0	1.322073E0	6.933306E-2
2.680000E0	1.306094E0	4.129013E-2
2.700000E0	1.314267E0	1.125119E-2
2.720000E0	1.341677E0	-4.445339E-2
2.740000E0	1.388672E0	-7.905875E-2
2.760000E0	1.412393E0	-6.738598E-2
2.780000E0	1.420876E0	-1.298087E-2
2.800000E0	1.423965E0	4.371775E-3
2.820000E0	1.422520E0	-8.987011E-3
2.840000E0	1.429765E0	-1.831728E-2
2.860000E0	1.430944E0	-1.553671E-2
2.880000E0	1.431001E0	-1.249858E-2
2.900000E0	1.432479E0	-9.162955E-3
2.920000E0	1.433509E0	-5.888617E-3
2.940000E0	1.433692E0	-6.884669E-3
2.960000E0	1.434855E0	-1.225233E-2
2.980000E0	1.443241E0	-2.371541E-2
3.000000E0	1.469070E0	-1.108703E-2
3.020000E0	1.509640E0	-5.644453E-3
3.040000E0	1.535262E0	-1.350077E-2
3.060000E0	1.537532E0	-9.358241E-3
3.080000E0	1.539814E0	-5.820706E-3
3.100000E0	1.553316E0	-8.491987E-4
3.120000E0	1.555166E0	-5.998129E-3
3.140000E0	1.551056E0	-4.040538E-3
3.160000E0	1.546335E0	1.457876E-2
3.180000E0	1.564590E0	-2.112411E-3
3.200000E0	1.608344E0	-2.488458E-2
3.220000E0	1.612176E0	-2.396348E-2
3.240000E0	1.639788E0	-7.533105E-3
3.260000E0	1.662152E0	-9.181977E-3
3.280000E0	1.664934E0	1.190281E-3
3.300000E0	1.657314E0	2.178361E-2
3.320000E0	1.642220E0	3.932156E-2
3.340000E0	1.618726E0	5.831768E-2
3.360000E0	1.612778E0	6.825948E-2
3.380000E0	1.635114E0	5.535218E-2
3.400000E0	1.663269E0	5.564093E-3
3.420000E0	1.683977E0	-3.076490E-2
3.440000E0	1.707372E0	-3.920973E-2
3.460000E0	1.736565E0	-4.101096E-3
3.480000E0	1.741112E0	6.935363E-2
3.500000E0	1.736523E0	1.149253E-1
3.520000E0	1.737639E0	1.160006E-1
3.540000E0	1.742224E0	8.532942E-2
3.560000E0	1.744311E0	4.906840E-2
3.580000E0	1.729218E0	1.615153E-2
3.600000E0	1.739597E0	-6.883714E-3
3.620000E0	1.756431E0	-2.229826E-3
3.640000E0	1.749872E0	2.010042E-3
3.660000E0	1.741459E0	1.979313E-2
3.680000E0	1.751678E0	5.169915E-2
3.700000E0	1.756103E0	7.677582E-2
3.720000E0	1.756218E0	8.523703E-2
3.740000E0	1.755564E0	7.813846E-2
3.760000E0	1.756259E0	6.296918E-2
3.780000E0	1.757465E0	4.643026E-2
3.800000E0	1.758673E0	1.094724E-2
3.820000E0	1.755000E0	6.404193E-3
3.840000E0	1.752794E0	5.985123E-3
3.860000E0	1.752928E0	6.055963E-4
3.880000E0	1.752298E0	-7.391485E-3
3.900000E0	1.754583E0	-1.140560E-2
3.920000E0	1.765634E0	-1.846780E-2
3.940000E0	1.782043E0	-4.746239E-2
3.960000E0	1.800848E0	-7.864785E-2
3.980000E0	1.802998E0	-8.854496E-2
4.000000E0	1.802207E0	-9.560501E-2
4.020000E0	1.808713E0	-9.284477E-2
4.040000E0	1.806831E0	-8.489810E-2
4.060000E0	1.809853E0	-3.784630E-2
4.080000E0	1.825161E0	-2.157828E-2
4.100000E0	1.859499E0	-2.748461E-2
4.120000E0	1.886014E0	-4.296499E-2
4.140000E0	1.905271E0	-5.310664E-2
4.160000E0	1.921721E0	-4.237604E-2
4.180000E0	1.933300E0	-4.344985E-2
4.200000E0	1.932336E0	-2.658206E-2
4.220000E0	1.925629E0	-6.439618E-3
4.240000E0	1.930028E0	8.952518E-3
4.260000E0	1.932261E0	1.899647E-2
4.280000E0	1.936464E0	1.658904E-2
4.300000E0	1.949996E0	2.512643E-2
4.320000E0	1.984979E0	3.265121E-2
4.340000E0	2.007640E0	4.558231E-2
4.360000E0	2.033452E0	6.196972E-2
4.380000E0	2.074555E0	6.458264E-2
4.400000E0	2.096474E0	7.670604E-2
4.420000E0	2.092157E0	8.470864E-2
4.440000E0	2.058639E0	1.334790E-1
4.460000E0	2.050582E0	1.482277E-1
4.480000E0	2.053888E0	1.247102E-1
4.500000E0	2.044806E0	6.671266E-2
4.520000E0	2.044281E0	3.119554E-2
4.540000E0	2.056413E0	2.036977E-2
4.560000E0	2.057384E0	1.471722E-2
4.580000E0	2.056714E0	1.280075E-2
4.600000E0	2.068315E0	2.460134E-2
4.620000E0	2.087025E0	6.649051E-2
4.640000E0	2.108209E0	9.732201E-2
4.660000E0	2.105543E0	9.976884E-2
4.680000E0	2.103589E0	9.951216E-2
4.700000E0	2.106933E0	8.537453E-2
4.720000E0	2.108318E0	7.854732E-2
4.740000E0	2.106420E0	7.113104E-2
4.760000E0	2.105689E0	5.668795E-2
4.780000E0	2.104649E0	5.688559E-2
4.800000E0	2.103394E0	5.189866E-2
4.820000E0	2.106995E0	4.460324E-2
4.840000E0	2.125386E0	4.407180E-2
4.860000E0	2.156533E0	4.238776E-2
4.880000E0	2.182384E0	1.444062E-2
4.900000E0	2.197105E0	-2.324789E-2
4.920000E0	2.189560E0	-3.914476E-2
4.940000E0	2.192285E0	-4.819929E-2
4.960000E0	2.192953E0	-5.160696E-2
4.980000E0	2.191547E0	-3.796698E-2
5.000000E0	2.193843E0	-2.930898E-3
5.020000E0	2.201458E0	-1.092055E-2
5.040000E0	2.207657E0	-3.724267E-2
5.060000E0	2.217879E0	-4.979700E-2
5.080000E0	2.221963E0	-5.045975E-2
5.100000E0	2.235911E0	-5.470390E-2
5.120000E0	2.235952E0	-6.121979E-2
5.140000E0	2.229468E0	-3.861418E-2
5.160000E0	2.233005E0	-9.697644E-3
5.180000E0	2.238079E0	-3.053741E-4
5.200000E0	2.241101E0	4.483756E-3
5.220000E0	2.246001E0	1.711623E-2
5.240000E0	2.270755E0	2.968041E-2
5.260000E0	2.297618E0	4.764729E-2
5.280000E0	2.310598E0	5.033101E-2
5.300000E0	2.331040E0	6.696637E-2
5.320000E0	2.358524E0	7.500555E-2
5.340000E0	2.353670E0	7.130130E-2
5.360000E0	2.342304E0	8.466829E-2
5.380000E0	2.334374E0	9.647311E-2
5.400000E0	2.337288E0	9.462310E-2
5.420000E0	2.351170E0	8.031841E-2
5.440000E0	2.361475E0	7.488688E-2
5.460000E0	2.383502E0	7.253122E-2
5.480000E0	2.406851E0	8.443452E-2
5.500000E0	2.421232E0	1.258038E-1
5.520000E0	2.411278E0	1.882340E-1
5.540000E0	2.370179E0	2.608504E-1
5.560000E0	2.361614E0	2.578897E-1
5.580000E0	2.376529E0	1.860593E-1
5.600000E0	2.389638E0	1.223739E-1
5.620000E0	2.394102E0	1.170209E-1
5.640000E0	2.396276E0	1.248120E-1
5.660000E0	2.398066E0	1.168044E-1
5.680000E0	2.405961E0	1.047008E-1
5.700000E0	2.408374E0	1.152893E-1
5.720000E0	2.409074E0	1.239455E-1
5.740000E0	2.426303E0	1.029863E-1
5.760000E0	2.457382E0	8.168146E-2
5.780000E0	2.478532E0	6.553833E-2
5.800000E0	2.491010E0	1.457882E-2
5.820000E0	2.488608E0	-1.601810E-2
5.840000E0	2.493813E0	-1.373522E-2
5.860000E0	2.506046E0	8.241523E-4
5.880000E0	2.503807E0	2.511869E-4
5.900000E0	2.502923E0	2.315271E-2
5.920000E0	2.510752E0	3.977292E-2
5.940000E0	2.525582E0	2.109299E-2
5.960000E0	2.547980E0	-4.064619E-3
5.980000E0	2.553666E0	-2.905054E-2
6.000000E0	2.553625E0	-3.433102E-2
6.020000E0	2.544480E0	-4.470757E-2
6.040000E0	2.537647E0	-3.216166E-2
6.060000E0	2.541122E0	-3.675287E-3
6.080000E0	2.540956E0	-8.822694E-5
6.100000E0	2.540555E0	3.479924E-3
6.120000E0	2.537124E0	1.518946E-2
6.140000E0	2.539459E0	1.322059E-2
6.160000E0	2.544257E0	5.675588E-3
6.180000E0	2.545400E0	8.085339E-3
6.200000E0	2.547875E0	1.204764E-2
6.220000E0	2.550527E0	7.662573E-3
6.240000E0	2.549153E0	6.448350E-3
6.260000E0	2.549204E0	1.148211E-2
6.280000E0	2.550948E0	2.424790E-2
6.300000E0	2.553417E0	2.385323E-2
6.320000E0	2.559898E0	3.187042E-2
6.340000E0	2.571786E0	4.881513E-2
6.360000E0	2.581456E0	4.836466E-2
6.380000E0	2.590583E0	4.615686E-2
6.400000E0	2.605121E0	5.663830E-2
6.420000E0	2.606766E0	7.439178E-2
6.440000E0	2.608614E0	8.403755E-2
6.460000E0	2.608040E0	9.256755E-2
6.480000E0	2.605500E0	8.678981E-2
6.500000E0	2.604794E0	8.362828E-2
6.520000E0	2.608787E0	9.734327E-2
6.540000E0	2.615449E0	1.054896E-1
6.560000E0	2.620535E0	1.099212E-1
6.580000E0	2.627405E0	1.187429E-1
6.600000E0	2.623435E0	1.244201E-1
6.620000E0	2.634621E0	1.392739E-1
6.640000E0	2.651700E0	1.476538E-1
6.660000E0	2.654402E0	1.411928E-1
6.680000E0	2.661151E0	1.006224E-1
6.700000E0	2.672951E0	8.107384E-2
6.720000E0	2.686490E0	6.894042E-2
6.740000E0	2.698859E0	4.084935E-2
6.760000E0	2.703878E0	2.560460E-2
6.780000E0	2.705361E0	2.154932E-2
6.800000E0	2.706416E0	1.626336E-2
6.820000E0	2.708057E0	1.327300E-2
6.840000E0	2.719746E0	3.635761E-2
6.860000E0	2.734315E0	5.186668E-2
6.880000E0	2.768775E0	3.906999E-2
6.900000E0	2.802985E0	3.441586E-2
6.920000E0	2.834191E0	1.587700E-2
6.940000E0	2.855921E0	4.432114E-3
6.960000E0	2.856577E0	-9.633882E-3
6.980000E0	2.845492E0	-1.566114E-2
7.000000E0	2.847389E0	2.385805E-2
7.020000E0	2.852086E0	3.836422E-2
7.040000E0	2.848633E0	3.735693E-2
7.060000E0	2.848060E0	4.735285E-2
7.080000E0	2.847726E0	6.131480E-2
7.100000E0	2.854634E0	5.579916E-2
7.120000E0	2.864977E0	4.637747E-2
7.140000E0	2.869964E0	4.217299E-2
7.160000E0	2.871443E0	3.045512E-2
7.180000E0	2.859656E0	2.048347E-2
7.200000E0	2.853426E0	1.973496E-2
7.220000E0	2.854675E0	2.789084E-2
7.240000E0	2.854389E0	3.302635E-2
7.260000E0	2.853326E0	3.974823E-2
7.280000E0	2.852312E0	3.841906E-2
7.300000E0	2.845827E0	9.735791E-3
7.320000E0	2.845362E0	-1.709993E-2
7.340000E0	2.847061E0	-1.480907E-2
7.360000E0	2.858052E0	6.653920E-3
7.380000E0	2.862118E0	3.095342E-2
7.400000E0	2.861257E0	5.128384E-2
7.420000E0	2.859178E0	4.977343E-2
7.440000E0	2.857329E0	5.946803E-2
7.460000E0	2.861130E0	6.225891E-2
7.480000E0	2.869517E0	6.910206E-2
7.500000E0	2.884523E0	8.621023E-2
7.520000E0	2.895554E0	1.017834E-1
7.540000E0	2.905583E0	1.062778E-1
7.560000E0	2.907667E0	1.059994E-1
7.580000E0	2.914733E0	9.703556E-2
7.600000E0	2.927179E0	6.457356E-2
7.620000E0	2.925547E0	4.972590E-2
7.640000E0	2.934064E0	4.844498E-2
7.660000E0	2.962293E0	3.691388E-2
7.680000E0	2.971755E0	4.126973E-2
7.700000E0	2.975261E0	5.228667E-2
7.720000E0	2.987582E0	5.923979E-2
7.740000E0	3.003292E0	6.106844E-2
7.760000E0	3.003771E0	7.598270E-2
7.780000E0	2.995441E0	8.843947E-2
7.800000E0	3.000893E0	6.266692E-2
7.820000E0	3.018562E0	3.823934E-2
7.840000E0	3.028609E0	2.312613E-2
7.860000E0	3.024585E0	5.157511E-3
7.880000E0	3.011369E0	-1.177634E-2
7.900000E0	2.997201E0	5.313663E-3
7.920000E0	3.004412E0	3.783839E-2
7.940000E0	3.025814E0	6.651527E-2
7.960000E0	3.025937E0	6.645970E-2
7.980000E0	3.021238E0	6.495275E-2
8.000000E0	3.021547E0	6.146668E-2
8.020000E0	3.033871E0	3.931266E-2
8.040000E0	3.029108E0	3.178952E-2
8.060000E0	3.037692E0	3.251388E-2
8.080000E0	3.049535E0	3.260267E-2
8.100000E0	3.037917E0	2.826744E-2
8.120000E0	3.042772E0	4.612772E-2
8.140000E0	3.046027E0	5.307325E-2
8.160000E0	3.048044E0	6.297309E-2
8.180000E0	3.050955E0	5.870043E-2
8.200000E0	3.047114E0	2.987810E-2
8.220000E0	3.050994E0	-2.486841E-3
8.240000E0	3.048855E0	-2.382317E-2
8.260000E0	3.049805E0	-3.317414E-3
8.280000E0	3.054353E0	3.305221E-2
8.300000E0	3.050392E0	5.123473E-2
8.320000E0	3.051874E0	4.370094E-2
8.340000E0	3.049782E0	4.853231E-2
8.360000E0	3.050683E0	5.056746E-2
8.380000E0	3.052762E0	4.824445E-2
8.400000E0	3.054021E0	4.982327E-2
8.420000E0	3.055143E0	5.091068E-2
8.440000E0	3.056007E0	5.011972E-2
8.460000E0	3.056426E0	5.063301E-2
8.480000E0	3.057183E0	4.953252E-2
8.500000E0	3.062187E0	4.006769E-2
8.520000E0	3.079542E0	4.225683E-2
8.540000E0	3.101100E0	5.051561E-2
8.560000E0	3.134216E0	4.038823E-2
8.580000E0	3.135169E0	3.867997E-2
8.600000E0	3.137051E0	5.052527E-2
8.620000E0	3.142421E0	5.551210E-2
8.640000E0	3.150236E0	5.191451E-2
8.660000E0	3.149896E0	5.424015E-2
8.680000E0	3.143538E0	7.626950E-2
8.700000E0	3.149835E0	6.301707E-2
8.720000E0	3.170934E0	4.246631E-2
8.740000E0	3.184266E0	4.602904E-2
8.760000E0	3.192627E0	5.098428E-2
8.780000E0	3.212878E0	4.939086E-2
8.800000E0	3.223171E0	4.914171E-2
8.820000E0	3.219193E0	6.862849E-2
8.840000E0	3.216183E0	9.504579E-2
8.860000E0	3.216864E0	9.822517E-2
8.880000E0	3.203012E0	9.684227E-2
8.900000E0	3.189798E0	9.822423E-2
8.920000E0	3.194657E0	9.570650E-2
8.940000E0	3.206707E0	8.215111E-2
8.960000E0	3.208915E0	8.568540E-2
8.980000E0	3.211495E0	8.317033E-2
9.000000E0	3.213122E0	7.221699E-2
9.020000E0	3.214213E0	5.365932E-2
9.040000E0	3.210214E0	5.480892E-2
9.060000E0	3.207773E0	6.815017E-2
9.080000E0	3.210741E0	6.431678E-2
9.100000E0	3.211171E0	6.210300E-2
9.120000E0	3.212320E0	5.855959E-2
9.140000E0	3.210986E0	4.472896E-2
9.160000E0	3.211877E0	1.868342E-2
9.180000E0	3.210711E0	1.255853E-3
9.200000E0	3.209398E0	6.231053E-4
9.220000E0	3.211978E0	1.764835E-2
9.240000E0	3.211716E0	3.127998E-2
9.260000E0	3.209039E0	3.373786E-2
9.280000E0	3.208663E0	4.161073E-2
9.300000E0	3.209676E0	4.568758E-2
9.320000E0	3.209417E0	4.343563E-2
9.340000E0	3.210782E0	4.545126E-2
9.360000E0	3.210811E0	4.641617E-2
9.380000E0	3.210368E0	4.317954E-2
9.400000E0	3.206019E0	3.512166E-2
9.420000E0	3.206741E0	3.761799E-2
9.440000E0	3.208273E0	1.817116E-2
9.460000E0	3.219664E0	1.238564E-2
9.480000E0	3.225321E0	2.558239E-3
9.500000E0	3.229330E0	-1.950214E-2
9.520000E0	3.224986E0	-2.955369E-2
9.540000E0	3.221213E0	-3.642023E-2
9.560000E0	3.225678E0	-3.621690E-2
9.580000E0	3.223175E0	-3.110852E-2
9.600000E0	3.225813E0	-6.319828E-3
9.620000E0	3.226268E0	6.459842E-3
9.640000E0	3.236047E0	-1.326131E-3
9.660000E0	3.257083E0	5.432906E-3
9.680000E0	3.283312E0	9.426920E-3
9.700000E0	3.301024E0	9.417155E-3
9.720000E0	3.324647E0	-2.063309E-3
9.740000E0	3.313688E0	2.131684E-2
9.760000E0	3.302047E0	4.837056E-2
9.780000E0	3.308172E0	5.835994E-2
9.800000E0	3.311315E0	5.190298E-2
9.820000E0	3.300356E0	5.552717E-2
9.840000E0	3.300063E0	6.209533E-2
9.860000E0	3.315872E0	5.380363E-2
9.880000E0	3.326716E0	6.173424E-2
9.900000E0	3.339589E0	7.821204E-2
9.920000E0	3.363224E0	9.515359E-2
9.940000E0	3.386229E0	9.630675E-2
9.960000E0	3.377747E0	1.125301E-1
9.980000E0	3.357099E0	1.562589E-1
1.000000E1	3.348572E0	1.845872E-1
1.002000E1	3.351349E0	1.489151E-1
1.004000E1	3.361021E0	7.785482E-2
1.006000E1	3.363928E0	5.362183E-2
1.008000E1	3.361295E0	5.291643E-2
1.010000E1	3.361539E0	5.352921E-2
1.012000E1	3.364433E0	5.215432E-2
1.014000E1	3.365756E0	6.958445E-2
1.016000E1	3.365621E0	7.901427E-2
1.018000E1	3.364301E0	8.889489E-2
1.020000E1	3.364074E0	9.116217E-2
1.022000E1	3.365490E0	8.523623E-2
1.024000E1	3.364556E0	7.967974E-2
1.026000E1	3.363473E0	7.998311E-2
1.028000E1	3.362401E0	8.360081E-2
1.030000E1	3.362502E0	8.311228E-2
1.032000E1	3.361916E0	7.824862E-2
1.034000E1	3.362757E0	7.057856E-2
1.036000E1	3.371683E0	6.282384E-2
1.038000E1	3.381361E0	4.926884E-2
1.040000E1	3.388478E0	1.939737E-2
1.042000E1	3.382136E0	-1.460800E-3
1.044000E1	3.374497E0	-7.657871E-3
1.046000E1	3.372689E0	-6.892159E-3
1.048000E1	3.371550E0	-3.710460E-3
1.050000E1	3.373083E0	2.606379E-2
1.052000E1	3.370933E0	3.465035E-2
1.054000E1	3.372778E0	3.284851E-2
1.056000E1	3.379706E0	2.610671E-2
1.058000E1	3.385755E0	2.248053E-2
1.060000E1	3.385789E0	1.342814E-2
1.062000E1	3.387436E0	6.264281E-3
1.064000E1	3.383006E0	5.498367E-3
1.066000E1	3.378421E0	3.570848E-2
1.068000E1	3.376637E0	4.384907E-2
1.070000E1	3.375245E0	4.836147E-2
1.072000E1	3.379956E0	6.681600E-2
1.074000E1	3.383098E0	8.203184E-2
1.076000E1	3.394711E0	9.535265E-2
1.078000E1	3.407693E0	9.967994E-2
1.080000E1	3.414895E0	1.044591E-1
1.082000E1	3.432983E0	1.126046E-1
1.084000E1	3.432788E0	1.091559E-1
1.086000E1	3.429910E0	1.067042E-1
1.088000E1	3.426704E0	1.054582E-1
1.090000E1	3.422687E0	9.737993E-2
1.092000E1	3.422407E0	9.410198E-2
1.094000E1	3.428381E0	9.949219E-2
1.096000E1	3.430868E0	1.043072E-1
1.098000E1	3.436955E0	1.006876E-1
1.100000E1	3.438261E0	1.034100E-1
1.102000E1	3.445535E0	1.134395E-1
1.104000E1	3.465283E0	1.360080E-1
1.106000E1	3.462823E0	1.717318E-1
1.108000E1	3.448806E0	1.772422E-1
1.110000E1	3.458131E0	1.371142E-1
1.112000E1	3.455651E0	1.017529E-1
1.114000E1	3.458640E0	1.035001E-1
1.116000E1	3.461600E0	1.062323E-1
1.118000E1	3.457844E0	9.222304E-2
1.120000E1	3.455130E0	8.900792E-2
1.122000E1	3.457862E0	9.168865E-2
1.124000E1	3.462534E0	8.740708E-2
1.126000E1	3.461773E0	7.867057E-2
1.128000E1	3.468521E0	6.746937E-2
1.130000E1	3.478428E0	6.315076E-2
1.132000E1	3.486739E0	4.945015E-2
1.134000E1	3.493157E0	2.335353E-2
1.136000E1	3.489298E0	5.424119E-3
1.138000E1	3.483375E0	3.104455E-4
1.140000E1	3.480689E0	9.333436E-5
1.142000E1	3.478371E0	1.417288E-3
1.144000E1	3.478982E0	3.261853E-2
1.146000E1	3.478201E0	3.720928E-2
1.148000E1	3.485001E0	2.996929E-2
1.150000E1	3.491550E0	3.244866E-2
1.152000E1	3.505380E0	2.997046E-2
1.154000E1	3.520136E0	2.940453E-2
1.156000E1	3.524987E0	1.812556E-2
1.158000E1	3.515159E0	8.530550E-3
1.160000E1	3.505387E0	2.779141E-2
1.162000E1	3.504153E0	4.637915E-2
1.164000E1	3.507141E0	4.660775E-2
1.166000E1	3.506297E0	5.175438E-2
1.168000E1	3.509431E0	5.338851E-2
1.170000E1	3.512784E0	5.360689E-2
1.172000E1	3.515031E0	5.524904E-2
1.174000E1	3.517292E0	5.494683E-2
1.176000E1	3.518382E0	5.273628E-2
1.178000E1	3.518450E0	4.986152E-2
1.180000E1	3.517422E0	5.117833E-2
1.182000E1	3.517580E0	5.691482E-2
1.184000E1	3.517865E0	5.505446E-2
1.186000E1	3.522618E0	6.151494E-2
1.188000E1	3.527718E0	6.872111E-2
1.190000E1	3.535493E0	6.848829E-2
1.192000E1	3.545658E0	6.945497E-2
1.194000E1	3.541127E0	6.554817E-2
1.196000E1	3.548037E0	8.522159E-2
1.198000E1	3.554763E0	1.055925E-1
1.200000E1	3.552428E0	1.183698E-1
1.202000E1	3.555305E0	1.132591E-1
1.204000E1	3.557611E0	9.755144E-2
1.206000E1	3.558984E0	8.711899E-2
1.208000E1	3.565450E0	9.759539E-2
1.210000E1	3.574891E0	1.119958E-1
1.212000E1	3.576663E0	1.140489E-1
1.214000E1	3.577407E0	1.157628E-1
1.216000E1	3.583580E0	1.203734E-1
1.218000E1	3.595420E0	1.183727E-1
1.220000E1	3.614834E0	9.522789E-2
1.222000E1	3.618581E0	7.919976E-2
1.224000E1	3.614414E0	6.142656E-2
1.226000E1	3.626130E0	4.449183E-2
1.228000E1	3.625415E0	3.683164E-2
1.230000E1	3.614433E0	2.031910E-2
1.232000E1	3.612527E0	3.622916E-3
1.234000E1	3.612142E0	7.904445E-3
1.236000E1	3.619230E0	4.801718E-2
1.238000E1	3.624478E0	4.922782E-2
1.240000E1	3.648069E0	2.035360E-2
1.242000E1	3.654191E0	3.835115E-3
1.244000E1	3.661780E0	1.544023E-3
1.246000E1	3.662246E0	-9.574046E-3
1.248000E1	3.659701E0	-1.512376E-2
1.250000E1	3.654520E0	2.010848E-2
1.252000E1	3.652800E0	3.269772E-2
1.254000E1	3.653312E0	3.631562E-2
1.256000E1	3.654887E0	4.272042E-2
1.258000E1	3.654640E0	5.230197E-2
1.260000E1	3.659035E0	5.173794E-2
1.262000E1	3.660810E0	5.150245E-2
1.264000E1	3.662548E0	5.121311E-2
1.266000E1	3.663611E0	4.313886E-2
1.268000E1	3.656033E0	4.067826E-2
1.270000E1	3.657648E0	4.525226E-2
1.272000E1	3.658051E0	4.895436E-2
1.274000E1	3.659536E0	4.903107E-2
1.276000E1	3.660990E0	4.997851E-2
1.278000E1	3.661573E0	4.934733E-2
1.280000E1	3.658615E0	4.086162E-2
1.282000E1	3.660212E0	4.037583E-2
1.284000E1	3.660988E0	4.294210E-2
1.286000E1	3.662802E0	4.700186E-2
1.288000E1	3.665574E0	5.593228E-2
1.290000E1	3.661905E0	5.835627E-2
1.292000E1	3.661715E0	6.049146E-2
1.294000E1	3.668070E0	7.406575E-2
1.296000E1	3.669124E0	7.139627E-2
1.298000E1	3.677080E0	8.068567E-2
1.300000E1	3.677194E0	9.400285E-2
1.302000E1	3.680263E0	1.000275E-1
1.304000E1	3.678709E0	1.027570E-1
1.306000E1	3.681571E0	9.849291E-2
1.308000E1	3.686502E0	8.624398E-2
1.310000E1	3.684924E0	6.337407E-2
1.312000E1	3.687471E0	6.085596E-2
1.314000E1	3.710077E0	5.888478E-2
1.316000E1	3.730163E0	4.485249E-2
1.318000E1	3.734905E0	5.247818E-2
1.320000E1	3.742263E0	5.995931E-2
1.322000E1	3.746944E0	5.934948E-2
1.324000E1	3.741341E0	5.909832E-2
1.326000E1	3.740307E0	8.297403E-2
1.328000E1	3.736388E0	9.573530E-2
1.330000E1	3.735356E0	7.135249E-2
1.332000E1	3.744372E0	4.873565E-2
1.334000E1	3.752084E0	3.696505E-2
1.336000E1	3.761500E0	4.033320E-2
1.338000E1	3.764563E0	2.863658E-2
1.340000E1	3.751482E0	2.606988E-2
1.342000E1	3.740408E0	5.557996E-2
1.344000E1	3.735892E0	6.033086E-2
1.346000E1	3.725794E0	5.884092E-2
1.348000E1	3.724608E0	5.779399E-2
1.350000E1	3.721976E0	6.627064E-2
1.352000E1	3.723604E0	6.282512E-2
1.354000E1	3.723154E0	6.096152E-2
1.356000E1	3.724260E0	5.961405E-2
1.358000E1	3.723533E0	5.814180E-2
1.360000E1	3.721392E0	4.312645E-2
1.362000E1	3.720891E0	4.415765E-2
1.364000E1	3.719849E0	5.425769E-2
1.366000E1	3.719450E0	5.310270E-2
1.368000E1	3.719472E0	5.378779E-2
1.370000E1	3.720252E0	5.383368E-2
1.372000E1	3.721041E0	5.233844E-2
1.374000E1	3.722259E0	4.990534E-2
1.376000E1	3.721112E0	4.914893E-2
1.378000E1	3.721282E0	4.962242E-2
1.380000E1	3.720156E0	4.873961E-2
1.382000E1	3.716001E0	4.978263E-2
1.384000E1	3.715492E0	4.975575E-2
1.386000E1	3.714117E0	5.094554E-2
1.388000E1	3.715935E0	5.205187E-2
1.390000E1	3.717295E0	5.091227E-2
1.392000E1	3.718699E0	5.496975E-2
1.394000E1	3.720351E0	5.482359E-2
1.396000E1	3.720961E0	5.437096E-2
1.398000E1	3.721156E0	5.432127E-2
1.400000E1	3.721092E0	5.349944E-2
1.402000E1	3.725921E0	3.867529E-2
1.404000E1	3.734819E0	3.864752E-2
1.406000E1	3.748292E0	4.309931E-2
1.408000E1	3.765842E0	3.911544E-2
1.410000E1	3.786877E0	4.332626E-2
1.412000E1	3.791332E0	5.374998E-2
1.414000E1	3.795624E0	5.673018E-2
1.416000E1	3.794686E0	5.668734E-2
1.418000E1	3.791463E0	8.077640E-2
1.420000E1	3.786978E0	9.875938E-2
1.422000E1	3.798599E0	8.132103E-2
1.424000E1	3.804820E0	6.548315E-2
1.426000E1	3.812743E0	5.824463E-2
1.428000E1	3.827551E0	5.624452E-2
1.430000E1	3.846290E0	5.152000E-2
1.432000E1	3.836766E0	5.849180E-2
1.434000E1	3.825563E0	1.030434E-1
1.436000E1	3.825850E0	1.219423E-1
1.438000E1	3.826533E0	1.248977E-1
1.440000E1	3.824400E0	1.246047E-1
1.442000E1	3.816556E0	1.223955E-1
1.444000E1	3.818527E0	9.251640E-2
1.446000E1	3.819233E0	8.478107E-2
1.448000E1	3.821118E0	8.951581E-2
1.450000E1	3.819867E0	8.126418E-2
1.452000E1	3.815170E0	7.182162E-2
1.454000E1	3.819163E0	7.726652E-2
1.456000E1	3.821355E0	8.693370E-2
1.458000E1	3.823270E0	9.171941E-2
1.460000E1	3.824537E0	9.338048E-2
1.462000E1	3.824384E0	9.524312E-2
1.464000E1	3.826065E0	9.276482E-2
1.466000E1	3.821120E0	8.286157E-2
1.468000E1	3.822037E0	8.314419E-2
1.470000E1	3.822043E0	8.930072E-2
1.472000E1	3.819546E0	9.242166E-2
1.474000E1	3.815678E0	9.249163E-2
1.476000E1	3.815770E0	1.021487E-1
1.478000E1	3.817392E0	9.952557E-2
1.480000E1	3.819736E0	9.884633E-2
1.482000E1	3.820947E0	9.989086E-2
1.484000E1	3.821487E0	9.636721E-2
1.486000E1	3.816342E0	9.031611E-2
1.488000E1	3.816397E0	9.128957E-2
1.490000E1	3.817748E0	8.831437E-2
1.492000E1	3.817354E0	7.011262E-2
1.494000E1	3.825161E0	6.462666E-2
1.496000E1	3.834476E0	5.559042E-2
1.498000E1	3.842632E0	2.623970E-2
1.500000E1	3.837843E0	1.578460E-2
1.502000E1	3.836081E0	1.088455E-2
1.504000E1	3.836174E0	1.504647E-2
1.506000E1	3.833165E0	2.147241E-2
1.508000E1	3.832944E0	4.808342E-2
1.510000E1	3.833282E0	5.362782E-2
1.512000E1	3.847776E0	4.632136E-2
1.514000E1	3.868605E0	5.080663E-2
1.516000E1	3.893457E0	5.133744E-2
1.518000E1	3.897009E0	4.906678E-2
1.520000E1	3.898877E0	4.864811E-2
1.522000E1	3.888309E0	6.874439E-2
1.524000E1	3.874671E0	8.886856E-2
1.526000E1	3.875225E0	9.052729E-2
1.528000E1	3.861725E0	8.882898E-2
1.530000E1	3.862456E0	9.244214E-2
1.532000E1	3.866823E0	9.555079E-2
1.534000E1	3.876861E0	1.049352E-1
1.536000E1	3.878053E0	1.169554E-1
1.538000E1	3.881928E0	1.171860E-1
1.540000E1	3.898602E0	1.186033E-1
1.542000E1	3.897727E0	1.200005E-1
1.544000E1	3.893399E0	1.420575E-1
1.546000E1	3.889851E0	1.566980E-1
1.548000E1	3.885775E0	1.350836E-1
1.550000E1	3.875936E0	1.024561E-1
1.552000E1	3.876817E0	1.009429E-1
1.554000E1	3.875941E0	1.013553E-1
1.556000E1	3.869738E0	8.559322E-2
1.558000E1	3.870944E0	8.604517E-2
1.560000E1	3.872790E0	8.959894E-2
1.562000E1	3.871214E0	9.270713E-2
1.564000E1	3.870810E0	9.439422E-2
1.566000E1	3.870281E0	9.626531E-2
1.568000E1	3.871641E0	9.780983E-2
1.570000E1	3.872761E0	9.764151E-2
1.572000E1	3.873988E0	9.849397E-2
1.574000E1	3.873931E0	9.617678E-2
1.576000E1	3.874019E0	9.571460E-2
1.578000E1	3.873944E0	9.613921E-2
1.580000E1	3.873804E0	9.610132E-2
1.582000E1	3.873777E0	9.108238E-2
1.584000E1	3.874771E0	8.185818E-2
1.586000E1	3.876541E0	8.659824E-2
1.588000E1	3.888305E0	8.568901E-2
1.590000E1	3.897965E0	6.053688E-2
1.592000E1	3.897142E0	4.621543E-2
1.594000E1	3.894694E0	4.316494E-2
1.596000E1	3.890706E0	4.361618E-2
1.598000E1	3.885955E0	4.489476E-2
1.600000E1	3.882798E0	5.521820E-2
1.602000E1	3.879975E0	6.568500E-2
1.604000E1	3.885566E0	5.296245E-2
1.606000E1	3.891428E0	3.859867E-2
1.608000E1	3.900397E0	3.963767E-2
1.610000E1	3.904899E0	3.818772E-2
1.612000E1	3.926195E0	4.299281E-2
1.614000E1	3.920256E0	3.964333E-2
1.616000E1	3.918212E0	5.724366E-2
1.618000E1	3.915574E0	6.967820E-2
1.620000E1	3.915656E0	6.604758E-2
1.622000E1	3.916861E0	6.305731E-2
1.624000E1	3.917122E0	7.029867E-2
1.626000E1	3.919433E0	7.493917E-2
1.628000E1	3.929882E0	8.129117E-2
1.630000E1	3.934683E0	9.547289E-2
1.632000E1	3.941915E0	1.060680E-1
1.634000E1	3.939778E0	1.040372E-1
1.636000E1	3.938862E0	1.064023E-1
1.638000E1	3.938057E0	1.170705E-1
1.640000E1	3.937105E0	1.124544E-1
1.642000E1	3.936676E0	1.091555E-1
1.644000E1	3.934214E0	1.029852E-1
1.646000E1	3.933646E0	9.779287E-2
1.648000E1	3.936426E0	1.038813E-1
1.650000E1	3.940517E0	1.101819E-1
1.652000E1	3.944477E0	1.116375E-1
1.654000E1	3.947515E0	1.255071E-1
1.656000E1	3.944838E0	1.354911E-1
1.658000E1	3.940196E0	1.600036E-1
1.660000E1	3.939471E0	1.693112E-1
1.662000E1	3.934978E0	1.542252E-1
1.664000E1	3.932605E0	1.057837E-1
1.666000E1	3.933386E0	1.047304E-1
1.668000E1	3.930959E0	1.054405E-1
1.670000E1	3.928329E0	9.142028E-2
1.672000E1	3.926273E0	8.967948E-2
1.674000E1	3.927291E0	9.271659E-2
1.676000E1	3.932890E0	8.387649E-2
1.678000E1	3.949854E0	7.983093E-2
1.680000E1	3.958486E0	6.805954E-2
1.682000E1	3.969755E0	3.955842E-2
1.684000E1	3.971830E0	4.156645E-2
1.686000E1	3.973404E0	4.207848E-2
1.688000E1	3.974634E0	4.380687E-2
1.690000E1	3.973155E0	5.517435E-2
1.692000E1	3.972682E0	7.116732E-2
1.694000E1	3.974991E0	6.415849E-2
1.696000E1	3.985734E0	5.093361E-2
1.698000E1	3.995940E0	4.281727E-2
1.700000E1	3.997381E0	3.818790E-2
1.702000E1	3.998775E0	3.307627E-2
1.704000E1	3.989128E0	3.170401E-2
1.706000E1	3.976779E0	5.035915E-2
1.708000E1	3.972906E0	6.357581E-2
1.710000E1	3.973856E0	6.026492E-2
1.712000E1	3.972027E0	6.017552E-2
1.714000E1	3.972267E0	6.781515E-2
1.716000E1	3.974523E0	6.427075E-2
1.718000E1	3.976795E0	6.188697E-2
1.720000E1	3.978811E0	6.211414E-2
1.722000E1	3.979753E0	5.856525E-2
1.724000E1	3.978153E0	5.846986E-2
1.726000E1	3.977287E0	6.272665E-2
1.728000E1	3.978433E0	5.977034E-2
1.730000E1	3.979322E0	6.230357E-2
1.732000E1	3.980679E0	6.510394E-2
1.734000E1	3.982469E0	6.688520E-2
1.736000E1	3.984784E0	7.116245E-2
1.738000E1	3.987273E0	7.463179E-2
1.740000E1	3.990550E0	7.426160E-2
1.742000E1	3.992446E0	7.869948E-2
1.744000E1	3.989427E0	8.700703E-2
1.746000E1	3.987394E0	9.022991E-2
1.748000E1	3.984965E0	8.853700E-2
1.750000E1	3.983197E0	9.240925E-2
1.752000E1	3.984184E0	9.501073E-2
1.754000E1	3.987823E0	1.066310E-1
1.756000E1	3.990120E0	1.106594E-1
1.758000E1	3.992850E0	1.140831E-1
1.760000E1	3.994351E0	1.183970E-1
1.762000E1	3.996759E0	1.156938E-1
1.764000E1	4.014019E0	1.127038E-1
1.766000E1	4.026650E0	9.381047E-2
1.768000E1	4.027664E0	8.807062E-2
1.770000E1	4.030128E0	6.606229E-2
1.772000E1	4.029025E0	5.053916E-2
1.774000E1	4.027834E0	4.590654E-2
1.776000E1	4.027475E0	4.459375E-2
1.778000E1	4.024056E0	4.448814E-2
1.780000E1	4.018604E0	5.105406E-2
1.782000E1	4.015753E0	6.924036E-2
1.784000E1	4.022132E0	5.805370E-2
1.786000E1	4.037413E0	4.233446E-2
1.788000E1	4.045087E0	4.097325E-2
1.790000E1	4.054088E0	3.597502E-2
1.792000E1	4.055704E0	2.891253E-2
1.794000E1	4.050570E0	3.309788E-2
1.796000E1	4.039079E0	5.097071E-2
1.798000E1	4.032995E0	6.495803E-2
1.800000E1	4.032810E0	6.249411E-2
1.802000E1	4.030680E0	6.042290E-2
1.804000E1	4.028635E0	7.055710E-2
1.806000E1	4.028929E0	6.789016E-2
1.808000E1	4.030387E0	7.045874E-2
1.810000E1	4.031926E0	6.957980E-2
1.812000E1	4.033693E0	6.752540E-2
1.814000E1	4.033791E0	6.473380E-2
1.816000E1	4.030100E0	5.753773E-2
1.818000E1	4.028030E0	5.347358E-2
1.820000E1	4.028070E0	5.465604E-2
1.822000E1	4.027513E0	5.512709E-2
1.824000E1	4.028587E0	5.446180E-2
1.826000E1	4.028561E0	5.265879E-2
1.828000E1	4.028270E0	5.228859E-2
1.830000E1	4.028736E0	5.301605E-2
1.832000E1	4.029034E0	5.297298E-2
1.834000E1	4.030060E0	5.294033E-2
1.836000E1	4.029676E0	5.386064E-2
1.838000E1	4.029368E0	5.519329E-2
1.840000E1	4.029185E0	5.513173E-2
1.842000E1	4.027832E0	5.969930E-2
1.844000E1	4.029483E0	5.931814E-2
1.846000E1	4.031337E0	6.390206E-2
1.848000E1	4.034740E0	6.914224E-2
1.850000E1	4.038757E0	7.170328E-2
1.852000E1	4.045884E0	7.883685E-2
1.854000E1	4.043277E0	8.561157E-2
1.856000E1	4.046851E0	8.637973E-2
1.858000E1	4.057400E0	7.503578E-2
1.860000E1	4.079809E0	6.871192E-2
1.862000E1	4.097647E0	5.376286E-2
1.864000E1	4.095596E0	4.274458E-2
1.866000E1	4.088664E0	4.680033E-2
1.868000E1	4.097452E0	5.707877E-2
1.870000E1	4.100061E0	5.870366E-2
1.872000E1	4.094625E0	6.841588E-2
1.874000E1	4.094487E0	9.229186E-2
1.876000E1	4.103397E0	9.484208E-2
1.878000E1	4.126092E0	8.449858E-2
1.880000E1	4.146902E0	7.812289E-2
1.882000E1	4.142926E0	8.115467E-2
1.884000E1	4.128437E0	7.028696E-2
1.886000E1	4.113900E0	5.767675E-2
1.888000E1	4.098079E0	8.302978E-2
1.890000E1	4.093358E0	8.835054E-2
1.892000E1	4.082811E0	8.450646E-2
1.894000E1	4.080892E0	9.086955E-2
1.896000E1	4.081516E0	9.937083E-2
1.898000E1	4.086382E0	1.004942E-1
1.900000E1	4.087292E0	1.021934E-1
1.902000E1	4.091855E0	1.052149E-1
1.904000E1	4.092155E0	1.043246E-1
1.906000E1	4.089408E0	1.002044E-1
1.908000E1	4.088501E0	1.002692E-1
1.910000E1	4.087981E0	9.846833E-2
1.912000E1	4.088343E0	9.740050E-2
1.914000E1	4.088173E0	9.721921E-2
1.916000E1	4.087956E0	9.728601E-2
1.918000E1	4.087898E0	9.782599E-2
1.920000E1	4.087705E0	9.812923E-2
1.922000E1	4.088050E0	9.921166E-2
1.924000E1	4.088065E0	1.004847E-1
1.926000E1	4.086761E0	9.854536E-2
1.928000E1	4.074419E0	8.624179E-2
1.930000E1	4.074575E0	9.696852E-2
1.932000E1	4.077309E0	9.787556E-2
1.934000E1	4.078895E0	9.677463E-2
1.936000E1	4.082222E0	9.933018E-2
1.938000E1	4.082537E0	9.957935E-2
1.940000E1	4.082264E0	9.827442E-2
1.942000E1	4.082882E0	9.814938E-2
1.944000E1	4.082771E0	9.729768E-2
1.946000E1	4.084445E0	8.617220E-2
1.948000E1	4.090643E0	9.212916E-2
1.950000E1	4.101712E0	8.458622E-2
1.952000E1	4.106582E0	7.226056E-2
1.954000E1	4.119009E0	7.998834E-2
1.956000E1	4.136143E0	9.353996E-2
1.958000E1	4.137329E0	9.427294E-2
1.960000E1	4.138003E0	9.833480E-2
1.962000E1	4.134949E0	1.216205E-1
1.964000E1	4.135970E0	1.166770E-1
1.966000E1	4.156161E0	9.288891E-2
1.968000E1	4.155377E0	9.245408E-2
1.970000E1	4.152431E0	9.099798E-2
1.972000E1	4.158598E0	9.128437E-2
1.974000E1	4.180184E0	8.915841E-2
1.976000E1	4.172799E0	1.132475E-1
1.978000E1	4.170221E0	1.367343E-1
1.980000E1	4.175589E0	1.379284E-1
1.982000E1	4.175855E0	1.464770E-1
1.984000E1	4.177642E0	1.637426E-1
1.986000E1	4.178903E0	1.611081E-1
1.988000E1	4.174831E0	1.414832E-1
1.990000E1	4.169033E0	1.376082E-1
1.992000E1	4.171871E0	1.395402E-1
1.994000E1	4.167066E0	1.299963E-1
1.996000E1	4.164782E0	1.217848E-1
1.998000E1	4.165034E0	1.221302E-1
2.000000E1	4.166515E0	1.137246E-1
2.002000E1	4.169344E0	1.090878E-1
2.004000E1	4.172059E0	1.077085E-1
2.006000E1	4.173719E0	1.050640E-1
2.008000E1	4.174541E0	1.026537E-1
2.010000E1	4.176237E0	1.009172E-1
2.012000E1	4.176057E0	9.997790E-2
2.014000E1	4.175281E0	9.979072E-2
2.016000E1	4.174142E0	9.939470E-2
2.018000E1	4.169081E0	9.987849E-2
2.020000E1	4.170959E0	1.009074E-1
2.022000E1	4.172639E0	1.004972E-1
2.024000E1	4.172847E0	1.002072E-1
2.026000E1	4.173636E0	1.008615E-1
2.028000E1	4.174525E0	1.010731E-1
2.030000E1	4.174597E0	1.007084E-1
2.032000E1	4.174998E0	1.004871E-1
2.034000E1	4.175304E0	9.852959E-2
2.036000E1	4.173682E0	9.445136E-2
2.038000E1	4.176576E0	8.819175E-2
2.040000E1	4.176955E0	9.045587E-2
2.042000E1	4.185473E0	7.663337E-2
2.044000E1	4.187449E0	5.896813E-2
2.046000E1	4.185930E0	5.613359E-2
2.048000E1	4.185361E0	5.669812E-2
2.050000E1	4.183904E0	5.593585E-2
2.052000E1	4.184716E0	5.764120E-2
2.054000E1	4.183224E0	7.293950E-2
2.056000E1	4.181871E0	6.849455E-2
2.058000E1	4.182603E0	6.267352E-2
2.060000E1	4.188174E0	5.858488E-2
2.062000E1	4.196337E0	5.112433E-2
2.064000E1	4.196779E0	5.055146E-2
2.066000E1	4.197284E0	5.188972E-2
2.068000E1	4.198413E0	5.473493E-2
2.070000E1	4.195710E0	7.901544E-2
2.072000E1	4.194340E0	9.913570E-2
2.074000E1	4.191074E0	9.960642E-2
2.076000E1	4.189824E0	1.045226E-1
2.078000E1	4.187930E0	1.147260E-1
2.080000E1	4.187933E0	1.135902E-1
2.082000E1	4.189166E0	1.134108E-1
2.084000E1	4.187542E0	1.109636E-1
2.086000E1	4.187206E0	1.051633E-1
2.088000E1	4.187423E0	9.699792E-2
2.090000E1	4.189069E0	1.075758E-1
2.092000E1	4.191209E0	1.153667E-1
2.094000E1	4.190157E0	1.130249E-1
2.096000E1	4.192955E0	1.183494E-1
2.098000E1	4.194204E0	1.267074E-1
2.100000E1	4.200943E0	1.279986E-1
2.102000E1	4.198187E0	1.352741E-1
2.104000E1	4.193122E0	1.321529E-1
2.106000E1	4.187373E0	1.238464E-1
2.108000E1	4.179700E0	1.099569E-1
2.110000E1	4.179126E0	1.036831E-1
2.112000E1	4.173280E0	9.788309E-2
2.114000E1	4.176023E0	1.006186E-1
2.116000E1	4.178530E0	9.995731E-2
2.118000E1	4.180007E0	1.012410E-1
2.120000E1	4.182306E0	1.022705E-1
2.122000E1	4.182802E0	1.015343E-1
2.124000E1	4.182231E0	1.005595E-1
2.126000E1	4.183412E0	1.004123E-1
2.128000E1	4.183966E0	8.777960E-2
2.130000E1	4.184558E0	8.075222E-2
2.132000E1	4.188243E0	8.523056E-2
2.134000E1	4.197608E0	6.131165E-2
2.136000E1	4.194087E0	3.385963E-2
2.138000E1	4.194039E0	3.896999E-2
2.140000E1	4.198214E0	5.557876E-2
2.142000E1	4.195227E0	5.445712E-2
2.144000E1	4.191669E0	5.937917E-2
2.146000E1	4.190228E0	7.879631E-2
2.148000E1	4.189114E0	6.556690E-2
2.150000E1	4.192985E0	5.292913E-2
2.152000E1	4.195960E0	4.775376E-2
2.154000E1	4.197191E0	4.806743E-2
2.156000E1	4.197317E0	4.291596E-2
2.158000E1	4.190566E0	5.128480E-2
2.160000E1	4.186449E0	8.283242E-2
2.162000E1	4.187004E0	8.612014E-2
2.164000E1	4.182609E0	8.861824E-2
2.166000E1	4.180255E0	9.919745E-2
2.168000E1	4.181453E0	1.003204E-1
2.170000E1	4.182606E0	1.008938E-1
2.172000E1	4.184130E0	1.041160E-1
2.174000E1	4.189204E0	1.071420E-1
2.176000E1	4.189523E0	1.059171E-1
2.178000E1	4.193859E0	1.078846E-1
2.180000E1	4.193649E0	1.141082E-1
2.182000E1	4.194188E0	1.117934E-1
2.184000E1	4.192831E0	1.113167E-1
2.186000E1	4.193032E0	1.124441E-1
2.188000E1	4.192879E0	1.081990E-1
2.190000E1	4.191617E0	1.070764E-1
2.192000E1	4.190593E0	1.047159E-1
2.194000E1	4.193550E0	1.046528E-1
2.196000E1	4.193112E0	1.142465E-1
2.198000E1	4.192574E0	1.131490E-1
2.200000E1	4.194652E0	1.128855E-1
2.202000E1	4.197974E0	1.243918E-1
2.204000E1	4.198027E0	1.383526E-1
2.206000E1	4.198474E0	1.425957E-1
2.208000E1	4.196429E0	1.390485E-1
2.210000E1	4.189346E0	1.237863E-1
2.212000E1	4.189689E0	1.104251E-1
2.214000E1	4.184050E0	1.050647E-1
2.216000E1	4.183109E0	9.535853E-2
2.218000E1	4.184635E0	8.665030E-2
2.220000E1	4.188259E0	8.648826E-2
2.222000E1	4.194742E0	8.329154E-2
2.224000E1	4.200054E0	5.800412E-2
2.226000E1	4.199929E0	5.560547E-2
2.228000E1	4.198880E0	5.573343E-2
2.230000E1	4.197220E0	5.509608E-2
2.232000E1	4.195892E0	5.452247E-2
2.234000E1	4.192717E0	6.848260E-2
2.236000E1	4.189737E0	6.887104E-2
2.238000E1	4.191796E0	5.705856E-2
2.240000E1	4.196002E0	5.368974E-2
2.242000E1	4.202932E0	3.878591E-2
2.244000E1	4.203504E0	3.908457E-2
2.246000E1	4.203496E0	4.418772E-2
2.248000E1	4.200052E0	4.505893E-2
2.250000E1	4.193161E0	6.177197E-2
2.252000E1	4.188386E0	6.766879E-2
2.254000E1	4.182741E0	6.691408E-2
2.256000E1	4.182577E0	6.581177E-2
2.258000E1	4.181856E0	6.860178E-2
2.260000E1	4.182138E0	6.946856E-2
2.262000E1	4.183947E0	6.731060E-2
2.264000E1	4.184876E0	6.628642E-2
2.266000E1	4.186907E0	6.488690E-2
2.268000E1	4.187556E0	6.165185E-2
2.270000E1	4.187151E0	6.104106E-2
2.272000E1	4.186945E0	6.407070E-2
2.274000E1	4.187253E0	6.095551E-2
2.276000E1	4.186718E0	6.038098E-2
2.278000E1	4.187125E0	6.064583E-2
2.280000E1	4.187456E0	5.973483E-2
2.282000E1	4.188041E0	6.006552E-2
2.284000E1	4.188143E0	6.083037E-2
2.286000E1	4.188506E0	6.162317E-2
2.288000E1	4.191369E0	6.457115E-2
2.290000E1	4.191418E0	6.383014E-2
2.292000E1	4.191968E0	6.343511E-2
2.294000E1	4.192949E0	7.008366E-2
2.296000E1	4.192614E0	7.057645E-2
2.298000E1	4.194801E0	7.402531E-2
2.300000E1	4.196787E0	7.603016E-2
2.302000E1	4.197489E0	7.482840E-2
2.304000E1	4.197353E0	7.163326E-2
2.306000E1	4.195094E0	6.803376E-2
2.308000E1	4.193863E0	6.035716E-2
2.310000E1	4.195345E0	5.670990E-2
2.312000E1	4.204018E0	5.718623E-2
2.314000E1	4.218332E0	5.844609E-2
2.316000E1	4.245105E0	4.566597E-2
2.318000E1	4.258666E0	5.009014E-2
2.320000E1	4.265074E0	6.067693E-2
2.322000E1	4.275378E0	6.330356E-2
2.324000E1	4.277640E0	6.122052E-2
2.326000E1	4.255787E0	6.442083E-2
2.328000E1	4.243008E0	7.223486E-2
2.330000E1	4.246286E0	5.284633E-2
2.332000E1	4.247374E0	4.765788E-2
2.334000E1	4.249569E0	4.129068E-2
2.336000E1	4.248046E0	3.756179E-2
2.338000E1	4.249320E0	3.741502E-2
2.340000E1	4.245279E0	4.372115E-2
2.342000E1	4.234428E0	6.874464E-2
2.344000E1	4.233701E0	6.824076E-2
2.346000E1	4.234126E0	6.627700E-2
2.348000E1	4.231842E0	6.543429E-2
2.350000E1	4.229456E0	6.690097E-2
2.352000E1	4.231901E0	6.337868E-2
2.354000E1	4.233125E0	6.416552E-2
2.356000E1	4.235226E0	6.302883E-2
2.358000E1	4.236027E0	5.972590E-2
2.360000E1	4.236809E0	5.971455E-2
2.362000E1	4.238447E0	6.134564E-2
2.364000E1	4.237791E0	5.797302E-2
2.366000E1	4.236970E0	5.839284E-2
2.368000E1	4.234779E0	5.992528E-2
2.370000E1	4.234144E0	5.546270E-2
2.372000E1	4.235099E0	5.721469E-2
2.374000E1	4.235262E0	5.901903E-2
2.376000E1	4.236519E0	5.908008E-2
2.378000E1	4.236905E0	6.276864E-2
2.380000E1	4.235735E0	6.046822E-2
2.382000E1	4.234521E0	5.962901E-2
2.384000E1	4.231904E0	6.436234E-2
2.386000E1	4.232789E0	6.373741E-2
2.388000E1	4.233691E0	6.304435E-2
2.390000E1	4.235497E0	6.628592E-2
2.392000E1	4.235534E0	6.506216E-2
2.394000E1	4.237154E0	6.662346E-2
2.396000E1	4.239816E0	6.656131E-2
2.398000E1	4.242136E0	6.470928E-2
2.400000E1	4.251136E0	5.385294E-2
