	mass A		
t	x	y	
0.000000E0	5.096914E-3	-2.548457E-3
2.000000E-2	2.128370E-2	2.485902E-2
4.000000E-2	4.698486E-2	4.782980E-2
6.000000E-2	6.053874E-2	5.206591E-2
8.000000E-2	7.130003E-2	7.176913E-2
1.000000E-1	7.912549E-2	9.931865E-2
1.200000E-1	9.027942E-2	9.383630E-2
1.400000E-1	1.159374E-1	6.622114E-2
1.600000E-1	1.394931E-1	4.183999E-2
1.800000E-1	1.570425E-1	2.764272E-2
2.000000E-1	1.672475E-1	1.418142E-2
2.200000E-1	1.785870E-1	-2.511287E-3
2.400000E-1	2.003958E-1	1.732300E-2
2.600000E-1	2.239618E-1	5.283492E-2
2.800000E-1	2.358970E-1	7.472999E-2
3.000000E-1	2.633027E-1	9.303394E-2
3.200000E-1	2.770572E-1	1.146276E-1
3.400000E-1	2.818033E-1	1.125425E-1
3.600000E-1	3.031967E-1	1.087981E-1
3.800000E-1	3.305674E-1	1.046559E-1
4.000000E-1	3.575863E-1	1.087309E-1
4.200000E-1	4.027585E-1	1.096863E-1
4.400000E-1	4.259598E-1	1.209083E-1
4.600000E-1	3.916542E-1	1.245614E-1
4.800000E-1	3.926857E-1	1.208150E-1
5.000000E-1	4.026315E-1	1.107991E-1
5.200000E-1	4.235861E-1	1.410652E-1
5.400000E-1	4.088597E-1	1.930485E-1
5.600000E-1	4.082887E-1	2.484264E-1
5.800000E-1	4.264605E-1	2.707205E-1
6.000000E-1	4.449015E-1	2.583170E-1
6.200000E-1	4.590462E-1	2.138529E-1
6.400000E-1	4.663878E-1	1.634252E-1
6.600000E-1	4.571982E-1	1.171147E-1
6.800000E-1	4.594774E-1	1.124737E-1
7.000000E-1	4.641039E-1	1.205253E-1
7.200000E-1	4.590299E-1	1.185350E-1
7.400000E-1	4.583395E-1	1.221851E-1
7.600000E-1	4.636804E-1	1.512145E-1
7.800000E-1	4.731849E-1	1.521460E-1
8.000000E-1	4.780442E-1	1.147705E-1
8.200000E-1	4.737228E-1	5.166506E-2
8.400000E-1	4.695059E-1	7.469508E-5
8.600000E-1	4.629546E-1	-3.568917E-2
8.800000E-1	4.698803E-1	-6.085817E-2
9.000000E-1	4.872013E-1	-8.449313E-2
9.200000E-1	4.860823E-1	-1.323831E-1
9.400000E-1	4.737723E-1	-1.926019E-1
9.600000E-1	4.748318E-1	-2.200179E-1
9.800000E-1	4.792534E-1	-2.075774E-1
1.000000E0	4.870847E-1	-1.689960E-1
1.020000E0	4.998244E-1	-1.120097E-1
1.040000E0	5.385374E-1	-3.310785E-2
1.060000E0	5.643397E-1	-7.871335E-3
1.080000E0	6.089601E-1	-2.749680E-2
1.100000E0	6.494511E-1	-4.798456E-2
1.120000E0	6.835214E-1	-4.907143E-2
1.140000E0	6.917976E-1	-4.188512E-2
1.160000E0	6.903063E-1	-4.384980E-2
1.180000E0	6.887024E-1	-1.546587E-2
1.200000E0	6.842106E-1	-3.292865E-3
1.220000E0	6.794802E-1	7.146000E-5
1.240000E0	6.765822E-1	2.312054E-2
1.260000E0	6.737983E-1	6.435219E-2
1.280000E0	6.905012E-1	7.691519E-2
1.300000E0	7.249639E-1	8.241518E-2
1.320000E0	7.481931E-1	8.984960E-2
1.340000E0	7.765751E-1	1.122391E-1
1.360000E0	8.241746E-1	1.282210E-1
1.380000E0	8.434756E-1	1.599438E-1
1.400000E0	8.375921E-1	1.712102E-1
1.420000E0	8.088583E-1	2.070075E-1
1.440000E0	7.896011E-1	2.297262E-1
1.460000E0	7.862810E-1	2.349084E-1
1.480000E0	7.942614E-1	1.961933E-1
1.500000E0	7.893367E-1	1.579508E-1
1.520000E0	7.934979E-1	1.207918E-1
1.540000E0	8.116115E-1	9.007516E-2
1.560000E0	8.411399E-1	9.408228E-2
1.580000E0	8.634980E-1	1.295371E-1
1.600000E0	8.690375E-1	1.899216E-1
1.620000E0	8.792029E-1	2.343720E-1
1.640000E0	8.814575E-1	2.531551E-1
1.660000E0	8.877919E-1	2.407861E-1
1.680000E0	8.935035E-1	2.072373E-1
1.700000E0	8.904983E-1	1.694691E-1
1.720000E0	8.813193E-1	1.299267E-1
1.740000E0	8.794101E-1	1.081318E-1
1.760000E0	8.898273E-1	1.094839E-1
1.780000E0	8.914328E-1	1.056188E-1
1.800000E0	8.934647E-1	8.300551E-2
1.820000E0	9.171275E-1	6.150522E-2
1.840000E0	9.614570E-1	6.105339E-2
1.860000E0	1.001763E0	7.042013E-2
1.880000E0	1.020002E0	4.860378E-2
1.900000E0	1.011231E0	1.467930E-2
1.920000E0	9.817407E-1	-5.529047E-2
1.940000E0	9.321031E-1	-1.417384E-1
1.960000E0	9.149521E-1	-2.070210E-1
1.980000E0	9.363589E-1	-1.688093E-1
2.000000E0	9.407732E-1	-6.762093E-2
2.020000E0	9.590663E-1	-3.497514E-2
2.040000E0	9.689766E-1	-9.335767E-2
2.060000E0	9.703659E-1	-1.740157E-1
2.080000E0	9.731739E-1	-2.110943E-1
2.100000E0	9.914797E-1	-2.070185E-1
2.120000E0	1.002446E0	-1.815464E-1
2.140000E0	1.019182E0	-1.612112E-1
2.160000E0	1.038779E0	-1.049630E-1
2.180000E0	1.049882E0	-4.495135E-2
2.200000E0	1.060196E0	1.292498E-2
2.220000E0	1.081611E0	4.137638E-2
2.240000E0	1.097224E0	4.804626E-2
2.260000E0	1.126398E0	4.399118E-2
2.280000E0	1.153665E0	4.305045E-2
2.300000E0	1.160090E0	6.033112E-2
2.320000E0	1.187859E0	7.900734E-2
2.340000E0	1.217376E0	9.243101E-2
2.360000E0	1.205617E0	9.421801E-2
2.380000E0	1.190430E0	1.144736E-1
2.400000E0	1.178421E0	1.139504E-1
2.420000E0	1.177946E0	1.069228E-1
2.440000E0	1.180660E0	1.079874E-1
2.460000E0	1.196322E0	1.124888E-1
2.480000E0	1.214491E0	1.080272E-1
2.500000E0	1.237808E0	1.140835E-1
2.520000E0	1.250706E0	1.425683E-1
2.540000E0	1.245652E0	2.160483E-1
2.560000E0	1.216725E0	2.978446E-1
2.580000E0	1.213743E0	3.098175E-1
2.600000E0	1.225835E0	2.402984E-1
2.620000E0	1.233832E0	1.628948E-1
2.640000E0	1.241958E0	1.561429E-1
2.660000E0	1.252105E0	1.621242E-1
2.680000E0	1.253700E0	1.389797E-1
2.700000E0	1.249000E0	1.161845E-1
2.720000E0	1.255923E0	1.078920E-1
2.740000E0	1.287400E0	1.175735E-1
2.760000E0	1.335939E0	1.133509E-1
2.780000E0	1.373508E0	1.003907E-1
2.800000E0	1.403301E0	9.619428E-2
2.820000E0	1.428105E0	8.888465E-2
2.840000E0	1.429683E0	8.819673E-2
2.860000E0	1.410405E0	6.061393E-2
2.880000E0	1.399723E0	1.511517E-2
2.900000E0	1.393319E0	-9.392152E-3
2.920000E0	1.379375E0	4.420260E-3
2.940000E0	1.372476E0	6.407254E-2
2.960000E0	1.400624E0	1.139422E-1
2.980000E0	1.454173E0	1.472817E-1
3.000000E0	1.498359E0	1.446339E-1
3.020000E0	1.527872E0	1.238925E-1
3.040000E0	1.534162E0	9.690501E-2
3.060000E0	1.508104E0	5.062701E-2
3.080000E0	1.443988E0	-7.295083E-4
3.100000E0	1.449102E0	-2.777804E-2
3.120000E0	1.464421E0	-9.344348E-3
3.140000E0	1.473650E0	4.164120E-2
3.160000E0	1.475213E0	4.994077E-2
3.180000E0	1.484370E0	3.290325E-2
3.200000E0	1.498554E0	1.491221E-2
3.220000E0	1.498982E0	2.279861E-2
3.240000E0	1.512765E0	3.874465E-2
3.260000E0	1.522027E0	5.571639E-2
3.280000E0	1.526195E0	6.687054E-2
3.300000E0	1.538110E0	8.553256E-2
3.320000E0	1.538552E0	1.118943E-1
3.340000E0	1.547483E0	1.447706E-1
3.360000E0	1.555932E0	1.572215E-1
3.380000E0	1.559794E0	1.575793E-1
3.400000E0	1.581344E0	1.544550E-1
3.420000E0	1.590031E0	1.628779E-1
3.440000E0	1.592106E0	1.905543E-1
3.460000E0	1.592765E0	2.082735E-1
3.480000E0	1.590402E0	1.807209E-1
3.500000E0	1.588611E0	1.633997E-1
3.520000E0	1.594327E0	1.882351E-1
3.540000E0	1.596716E0	1.974056E-1
3.560000E0	1.598609E0	2.002290E-1
3.580000E0	1.619387E0	2.168984E-1
3.600000E0	1.639245E0	2.254498E-1
3.620000E0	1.656323E0	2.218591E-1
3.640000E0	1.670308E0	1.950530E-1
3.660000E0	1.679903E0	1.624219E-1
3.680000E0	1.693246E0	1.357062E-1
3.700000E0	1.706574E0	1.333143E-1
3.720000E0	1.721785E0	1.107431E-1
3.740000E0	1.728879E0	6.402826E-2
3.760000E0	1.727461E0	3.823724E-2
3.780000E0	1.728070E0	3.004740E-2
3.800000E0	1.734684E0	3.647368E-2
3.820000E0	1.747114E0	6.343834E-2
3.840000E0	1.757134E0	1.069948E-1
3.860000E0	1.784461E0	1.254848E-1
3.880000E0	1.825337E0	1.150932E-1
3.900000E0	1.864141E0	1.023675E-1
3.920000E0	1.888963E0	7.867710E-2
3.940000E0	1.903317E0	7.107547E-2
3.960000E0	1.897214E0	5.261969E-2
3.980000E0	1.882682E0	4.557859E-2
4.000000E0	1.876999E0	6.047723E-2
4.020000E0	1.890819E0	8.616516E-2
4.040000E0	1.897107E0	1.487994E-1
4.060000E0	1.899521E0	1.981516E-1
4.080000E0	1.898771E0	2.004048E-1
4.100000E0	1.907872E0	1.800149E-1
4.120000E0	1.943986E0	1.652005E-1
4.140000E0	1.970016E0	1.585663E-1
4.160000E0	1.986524E0	1.394545E-1
4.180000E0	1.992151E0	1.183037E-1
4.200000E0	1.984251E0	1.055376E-1
4.220000E0	1.986606E0	1.123036E-1
4.240000E0	1.988402E0	1.101042E-1
4.260000E0	1.988395E0	1.073084E-1
4.280000E0	1.989282E0	1.076245E-1
4.300000E0	1.989030E0	1.045559E-1
4.320000E0	1.989855E0	1.023994E-1
4.340000E0	1.990534E0	1.065971E-1
4.360000E0	1.991135E0	1.056294E-1
4.380000E0	1.990949E0	1.098901E-1
4.400000E0	1.992499E0	1.177171E-1
4.420000E0	1.991966E0	1.192565E-1
4.440000E0	1.993995E0	1.317160E-1
4.460000E0	2.003743E0	1.491499E-1
4.480000E0	2.004467E0	1.581978E-1
4.500000E0	2.012824E0	1.721047E-1
4.520000E0	2.022460E0	1.761402E-1
4.540000E0	2.035949E0	1.904216E-1
4.560000E0	2.040402E0	1.913036E-1
4.580000E0	2.058197E0	1.702807E-1
4.600000E0	2.086960E0	1.363271E-1
4.620000E0	2.093771E0	1.282370E-1
4.640000E0	2.096416E0	1.339594E-1
4.660000E0	2.111876E0	1.097237E-1
4.680000E0	2.131317E0	1.065147E-1
4.700000E0	2.142248E0	1.126943E-1
4.720000E0	2.150405E0	1.156267E-1
4.740000E0	2.153247E0	1.129025E-1
4.760000E0	2.159934E0	1.370285E-1
4.780000E0	2.160306E0	1.660909E-1
4.800000E0	2.160564E0	1.638534E-1
4.820000E0	2.170336E0	1.371976E-1
4.840000E0	2.173411E0	1.148564E-1
4.860000E0	2.188482E0	1.024099E-1
4.880000E0	2.197073E0	9.051134E-2
4.900000E0	2.188091E0	6.471518E-2
4.920000E0	2.152529E0	6.383539E-2
4.940000E0	2.153205E0	8.819827E-2
4.960000E0	2.164155E0	1.114128E-1
4.980000E0	2.175796E0	1.462352E-1
5.000000E0	2.191202E0	1.750697E-1
5.020000E0	2.206195E0	1.730641E-1
5.040000E0	2.226188E0	1.666449E-1
5.060000E0	2.242018E0	1.535140E-1
5.080000E0	2.250078E0	1.393021E-1
5.100000E0	2.249966E0	1.292363E-1
5.120000E0	2.249014E0	1.361911E-1
5.140000E0	2.247299E0	1.455654E-1
5.160000E0	2.242579E0	1.562082E-1
5.180000E0	2.240212E0	1.859770E-1
5.200000E0	2.235718E0	2.073382E-1
5.220000E0	2.237679E0	1.943637E-1
5.240000E0	2.241882E0	1.843738E-1
5.260000E0	2.248455E0	1.765521E-1
5.280000E0	2.250578E0	1.684859E-1
5.300000E0	2.246272E0	1.643118E-1
5.320000E0	2.244090E0	1.621225E-1
5.340000E0	2.240705E0	1.614682E-1
5.360000E0	2.242588E0	1.601701E-1
5.380000E0	2.243734E0	1.576291E-1
5.400000E0	2.243932E0	1.572814E-1
5.420000E0	2.244654E0	1.566643E-1
5.440000E0	2.245450E0	1.556637E-1
5.460000E0	2.246976E0	1.553398E-1
5.480000E0	2.250089E0	1.530571E-1
5.500000E0	2.266135E0	1.426721E-1
5.520000E0	2.301438E0	1.373359E-1
5.540000E0	2.337147E0	1.403708E-1
5.560000E0	2.361653E0	1.311375E-1
5.580000E0	2.365432E0	1.237179E-1
5.600000E0	2.365856E0	1.287277E-1
5.620000E0	2.373220E0	1.363419E-1
5.640000E0	2.369219E0	1.343851E-1
5.660000E0	2.363361E0	1.394538E-1
5.680000E0	2.344208E0	1.778334E-1
5.700000E0	2.347316E0	1.819787E-1
5.720000E0	2.380034E0	1.700029E-1
5.740000E0	2.406365E0	1.572390E-1
5.760000E0	2.423460E0	1.522194E-1
5.780000E0	2.438230E0	1.507825E-1
5.800000E0	2.452911E0	1.449963E-1
5.820000E0	2.441011E0	1.659550E-1
5.840000E0	2.414948E0	1.911994E-1
5.860000E0	2.387550E0	1.989516E-1
5.880000E0	2.379177E0	1.918043E-1
5.900000E0	2.383027E0	1.946126E-1
5.920000E0	2.388503E0	1.963442E-1
5.940000E0	2.405640E0	1.817114E-1
5.960000E0	2.404082E0	1.854266E-1
5.980000E0	2.410595E0	1.873917E-1
6.000000E0	2.429431E0	1.944214E-1
6.020000E0	2.436437E0	2.005445E-1
6.040000E0	2.444400E0	2.301085E-1
6.060000E0	2.444044E0	2.558786E-1
6.080000E0	2.444885E0	2.530653E-1
6.100000E0	2.445753E0	2.266858E-1
6.120000E0	2.446209E0	2.004995E-1
6.140000E0	2.446277E0	1.954563E-1
6.160000E0	2.446013E0	1.945187E-1
6.180000E0	2.447568E0	1.935386E-1
6.200000E0	2.447253E0	1.977737E-1
6.220000E0	2.448381E0	2.000802E-1
6.240000E0	2.447142E0	2.024190E-1
6.260000E0	2.446589E0	2.027444E-1
6.280000E0	2.446826E0	2.013257E-1
6.300000E0	2.446431E0	1.999366E-1
6.320000E0	2.446246E0	1.979551E-1
6.340000E0	2.444645E0	1.946649E-1
6.360000E0	2.445225E0	1.922674E-1
6.380000E0	2.445603E0	1.930025E-1
6.400000E0	2.449627E0	1.851631E-1
6.420000E0	2.450192E0	1.648893E-1
6.440000E0	2.454467E0	1.327996E-1
6.460000E0	2.459109E0	9.114908E-2
6.480000E0	2.470182E0	5.102383E-2
6.500000E0	2.469005E0	1.685558E-2
6.520000E0	2.461311E0	-5.269622E-3
6.540000E0	2.462818E0	-1.039244E-2
6.560000E0	2.468911E0	-1.878334E-3
6.580000E0	2.473334E0	2.676052E-2
6.600000E0	2.480707E0	7.091512E-2
6.620000E0	2.505079E0	1.270952E-1
6.640000E0	2.529586E0	1.575816E-1
6.660000E0	2.564357E0	1.370570E-1
6.680000E0	2.575082E0	1.117935E-1
6.700000E0	2.579843E0	1.145339E-1
6.720000E0	2.595834E0	1.167917E-1
6.740000E0	2.606304E0	1.001594E-1
6.760000E0	2.592525E0	1.198498E-1
6.780000E0	2.572953E0	1.521855E-1
6.800000E0	2.563547E0	1.636406E-1
6.820000E0	2.558426E0	1.587714E-1
6.840000E0	2.558999E0	1.687992E-1
6.860000E0	2.564299E0	1.826996E-1
6.880000E0	2.570717E0	1.853307E-1
6.900000E0	2.576376E0	1.993124E-1
6.920000E0	2.590336E0	2.204740E-1
6.940000E0	2.625039E0	2.391990E-1
6.960000E0	2.620994E0	2.528656E-1
6.980000E0	2.600241E0	2.582089E-1
7.000000E0	2.598371E0	2.410140E-1
7.020000E0	2.597215E0	2.145364E-1
7.040000E0	2.599123E0	2.116698E-1
7.060000E0	2.599253E0	2.075489E-1
7.080000E0	2.596251E0	1.895429E-1
7.100000E0	2.593610E0	1.771600E-1
7.120000E0	2.598191E0	1.792141E-1
7.140000E0	2.606440E0	1.991302E-1
7.160000E0	2.611021E0	2.214048E-1
7.180000E0	2.610178E0	2.174540E-1
7.200000E0	2.606274E0	2.089739E-1
7.220000E0	2.605435E0	2.037603E-1
7.240000E0	2.605326E0	1.873027E-1
7.260000E0	2.605726E0	1.840852E-1
7.280000E0	2.604448E0	1.837308E-1
7.300000E0	2.605647E0	1.845132E-1
7.320000E0	2.606903E0	1.801317E-1
7.340000E0	2.610041E0	1.690652E-1
7.360000E0	2.627968E0	1.397845E-1
7.380000E0	2.648274E0	1.193086E-1
7.400000E0	2.677928E0	9.995168E-2
7.420000E0	2.677202E0	8.328548E-2
7.440000E0	2.652196E0	4.408415E-2
7.460000E0	2.627039E0	-2.277457E-2
7.480000E0	2.623663E0	-5.075354E-2
7.500000E0	2.627508E0	-2.261052E-2
7.520000E0	2.632302E0	5.657483E-2
7.540000E0	2.645198E0	1.008648E-1
7.560000E0	2.659567E0	8.131294E-2
7.580000E0	2.666211E0	4.322735E-2
7.600000E0	2.668479E0	1.792294E-2
7.620000E0	2.674374E0	1.711579E-2
7.640000E0	2.688080E0	4.016923E-2
7.660000E0	2.687728E0	5.481091E-2
7.680000E0	2.681897E0	8.832746E-2
7.700000E0	2.700606E0	1.248658E-1
7.720000E0	2.702987E0	1.483662E-1
7.740000E0	2.702998E0	1.565205E-1
7.760000E0	2.712139E0	1.668986E-1
7.780000E0	2.725150E0	1.701180E-1
7.800000E0	2.722898E0	1.719554E-1
7.820000E0	2.721406E0	1.688426E-1
7.840000E0	2.724053E0	1.572701E-1
7.860000E0	2.717445E0	1.568760E-1
7.880000E0	2.719820E0	1.650009E-1
7.900000E0	2.721740E0	1.731179E-1
7.920000E0	2.722642E0	1.726354E-1
7.940000E0	2.719956E0	1.726419E-1
7.960000E0	2.733377E0	1.839855E-1
7.980000E0	2.751938E0	2.066773E-1
8.000000E0	2.755716E0	2.347386E-1
8.020000E0	2.751812E0	2.524710E-1
8.040000E0	2.750548E0	2.308476E-1
8.060000E0	2.746729E0	1.985291E-1
8.080000E0	2.745428E0	1.987793E-1
8.100000E0	2.747014E0	1.998278E-1
8.120000E0	2.748259E0	1.852628E-1
8.140000E0	2.751529E0	1.844483E-1
8.160000E0	2.751547E0	1.926177E-1
8.180000E0	2.755000E0	1.928244E-1
8.200000E0	2.757611E0	1.929700E-1
8.220000E0	2.757492E0	1.945354E-1
8.240000E0	2.762934E0	1.810334E-1
8.260000E0	2.766930E0	1.461770E-1
8.280000E0	2.768430E0	1.154005E-1
8.300000E0	2.774669E0	7.711424E-2
8.320000E0	2.778070E0	4.465753E-2
8.340000E0	2.778193E0	3.366799E-2
8.360000E0	2.773721E0	2.881313E-2
8.380000E0	2.778225E0	3.641527E-2
8.400000E0	2.782706E0	4.925400E-2
8.420000E0	2.792961E0	8.603079E-2
8.440000E0	2.810994E0	1.046705E-1
8.460000E0	2.822304E0	9.386236E-2
8.480000E0	2.822671E0	6.145103E-2
8.500000E0	2.820370E0	3.558798E-2
8.520000E0	2.821304E0	3.658404E-2
8.540000E0	2.827564E0	4.819475E-2
8.560000E0	2.821563E0	5.059267E-2
8.580000E0	2.815459E0	7.488671E-2
8.600000E0	2.814264E0	1.099458E-1
8.620000E0	2.806318E0	1.245390E-1
8.640000E0	2.805926E0	1.216931E-1
8.660000E0	2.808244E0	1.257002E-1
8.680000E0	2.810625E0	1.315831E-1
8.700000E0	2.811660E0	1.357476E-1
8.720000E0	2.814031E0	1.448935E-1
8.740000E0	2.815800E0	1.484685E-1
8.760000E0	2.815780E0	1.484788E-1
8.780000E0	2.820320E0	1.557213E-1
8.800000E0	2.824720E0	1.706928E-1
8.820000E0	2.823338E0	1.661673E-1
8.840000E0	2.825899E0	1.685994E-1
8.860000E0	2.828491E0	1.721393E-1
8.880000E0	2.827963E0	1.677993E-1
8.900000E0	2.827675E0	1.649520E-1
8.920000E0	2.828151E0	1.632848E-1
8.940000E0	2.825624E0	1.609102E-1
8.960000E0	2.822867E0	1.602844E-1
8.980000E0	2.822444E0	1.595937E-1
9.000000E0	2.821097E0	1.602249E-1
9.020000E0	2.823899E0	1.689912E-1
9.040000E0	2.824434E0	1.703584E-1
9.060000E0	2.826548E0	1.683059E-1
9.080000E0	2.840811E0	1.828611E-1
9.100000E0	2.851039E0	1.998472E-1
9.120000E0	2.864434E0	1.995373E-1
9.140000E0	2.867650E0	1.925290E-1
9.160000E0	2.860171E0	1.733296E-1
9.180000E0	2.874352E0	1.370307E-1
9.200000E0	2.885618E0	1.317582E-1
9.220000E0	2.903566E0	1.238856E-1
9.240000E0	2.914746E0	8.997981E-2
9.260000E0	2.911548E0	7.399475E-2
9.280000E0	2.904285E0	6.488489E-2
9.300000E0	2.916133E0	6.128137E-2
9.320000E0	2.929513E0	8.497063E-2
9.340000E0	2.935737E0	1.207417E-1
9.360000E0	2.948550E0	1.322978E-1
9.380000E0	2.980858E0	1.312188E-1
9.400000E0	3.004576E0	1.168644E-1
9.420000E0	3.017652E0	7.312747E-2
9.440000E0	3.008783E0	3.776520E-2
9.460000E0	3.011249E0	4.153203E-2
9.480000E0	3.011372E0	5.875261E-2
9.500000E0	3.008649E0	9.013248E-2
9.520000E0	3.011281E0	9.973698E-2
9.540000E0	3.003493E0	1.099943E-1
9.560000E0	3.003640E0	1.202281E-1
9.580000E0	3.006041E0	1.178371E-1
9.600000E0	3.007897E0	1.132258E-1
9.620000E0	3.006206E0	1.086871E-1
9.640000E0	3.006452E0	1.073963E-1
9.660000E0	3.008006E0	1.069023E-1
9.680000E0	3.007789E0	1.062397E-1
9.700000E0	3.008701E0	1.057335E-1
9.720000E0	3.008614E0	1.055506E-1
9.740000E0	3.006344E0	1.084770E-1
9.760000E0	3.006609E0	1.102063E-1
9.780000E0	3.007965E0	1.061713E-1
9.800000E0	3.009417E0	1.029461E-1
9.820000E0	3.009343E0	1.025775E-1
9.840000E0	3.010983E0	1.057894E-1
9.860000E0	3.015983E0	1.235394E-1
9.880000E0	3.021125E0	1.266557E-1
9.900000E0	3.020283E0	1.444634E-1
9.920000E0	3.021207E0	1.581904E-1
9.940000E0	3.020038E0	1.546631E-1
9.960000E0	3.022197E0	1.614243E-1
9.980000E0	3.025070E0	1.620306E-1
1.000000E1	3.023774E0	1.599747E-1
1.002000E1	3.020597E0	1.566775E-1
1.004000E1	3.021168E0	1.464099E-1
1.006000E1	3.036232E0	1.369976E-1
1.008000E1	3.054078E0	1.400218E-1
1.010000E1	3.076020E0	1.401762E-1
1.012000E1	3.101660E0	1.231715E-1
1.014000E1	3.119594E0	1.136402E-1
1.016000E1	3.121690E0	1.133097E-1
1.018000E1	3.120343E0	1.118935E-1
1.020000E1	3.105391E0	1.024497E-1
1.022000E1	3.093362E0	1.052755E-1
1.024000E1	3.098229E0	1.288707E-1
1.026000E1	3.114975E0	1.098869E-1
1.028000E1	3.128070E0	7.344641E-2
1.030000E1	3.139883E0	5.212590E-2
1.032000E1	3.159598E0	5.171317E-2
1.034000E1	3.177824E0	5.834720E-2
1.036000E1	3.179022E0	5.194501E-2
1.038000E1	3.166897E0	6.506061E-2
1.040000E1	3.169405E0	8.591884E-2
1.042000E1	3.159392E0	9.059338E-2
1.044000E1	3.158035E0	9.708896E-2
1.046000E1	3.158126E0	1.033350E-1
1.048000E1	3.160482E0	1.033601E-1
1.050000E1	3.161458E0	1.030751E-1
1.052000E1	3.162023E0	1.029939E-1
1.054000E1	3.162575E0	1.030398E-1
1.056000E1	3.162703E0	1.031174E-1
1.058000E1	3.161921E0	1.053382E-1
1.060000E1	3.161914E0	1.056486E-1
1.062000E1	3.161031E0	1.056422E-1
1.064000E1	3.158628E0	1.027862E-1
1.066000E1	3.159166E0	1.027416E-1
1.068000E1	3.156839E0	9.927562E-2
1.070000E1	3.158099E0	9.997306E-2
1.072000E1	3.158574E0	9.956001E-2
1.074000E1	3.159577E0	1.007659E-1
1.076000E1	3.159209E0	1.055645E-1
1.078000E1	3.159386E0	1.048931E-1
1.080000E1	3.159638E0	1.086344E-1
1.082000E1	3.159022E0	1.100793E-1
1.084000E1	3.160451E0	1.092868E-1
1.086000E1	3.160983E0	1.088694E-1
1.088000E1	3.161799E0	1.108079E-1
1.090000E1	3.162661E0	1.115522E-1
1.092000E1	3.164867E0	1.143545E-1
1.094000E1	3.167387E0	1.148847E-1
1.096000E1	3.176538E0	1.101691E-1
1.098000E1	3.187338E0	9.620571E-2
1.100000E1	3.204298E0	1.001075E-1
1.102000E1	3.222722E0	9.141445E-2
1.104000E1	3.230095E0	8.037057E-2
1.106000E1	3.231545E0	8.811127E-2
1.108000E1	3.227108E0	9.636935E-2
1.110000E1	3.224046E0	9.465650E-2
1.112000E1	3.219843E0	9.510105E-2
1.114000E1	3.229261E0	1.310042E-1
1.116000E1	3.228451E0	1.382357E-1
1.118000E1	3.243308E0	1.340337E-1
1.120000E1	3.273805E0	1.327965E-1
1.122000E1	3.297529E0	1.325268E-1
1.124000E1	3.320471E0	1.305722E-1
1.126000E1	3.339738E0	1.293821E-1
1.128000E1	3.331289E0	1.385421E-1
1.130000E1	3.284067E0	1.721077E-1
1.132000E1	3.273349E0	1.577357E-1
1.134000E1	3.268711E0	1.466980E-1
1.136000E1	3.257124E0	1.501961E-1
1.138000E1	3.259466E0	1.476651E-1
1.140000E1	3.259412E0	1.449252E-1
1.142000E1	3.258648E0	1.424217E-1
1.144000E1	3.260471E0	1.441665E-1
1.146000E1	3.260454E0	1.427610E-1
1.148000E1	3.261256E0	1.435793E-1
1.150000E1	3.263147E0	1.459220E-1
1.152000E1	3.263468E0	1.464573E-1
1.154000E1	3.263580E0	1.457568E-1
1.156000E1	3.264109E0	1.471394E-1
1.158000E1	3.262475E0	1.439515E-1
1.160000E1	3.260247E0	1.374609E-1
1.162000E1	3.258591E0	1.329047E-1
1.164000E1	3.260075E0	1.348873E-1
1.166000E1	3.260969E0	1.406357E-1
1.168000E1	3.262638E0	1.419902E-1
1.170000E1	3.262098E0	1.459602E-1
1.172000E1	3.262545E0	1.474187E-1
1.174000E1	3.262486E0	1.499562E-1
1.176000E1	3.262259E0	1.473552E-1
1.178000E1	3.261066E0	1.481404E-1
1.180000E1	3.260615E0	1.467606E-1
1.182000E1	3.260392E0	1.455181E-1
1.184000E1	3.261055E0	1.454974E-1
1.186000E1	3.262271E0	1.442015E-1
1.188000E1	3.263403E0	1.325673E-1
1.190000E1	3.265920E0	1.329756E-1
1.192000E1	3.273863E0	1.174555E-1
1.194000E1	3.284051E0	8.284793E-2
1.196000E1	3.272740E0	6.198985E-2
1.198000E1	3.271016E0	5.488524E-2
1.200000E1	3.277447E0	6.258596E-2
1.202000E1	3.286488E0	8.412989E-2
1.204000E1	3.287457E0	1.181200E-1
1.206000E1	3.291532E0	1.288057E-1
1.208000E1	3.301952E0	1.224971E-1
1.210000E1	3.328745E0	1.119323E-1
1.212000E1	3.339996E0	1.054801E-1
1.214000E1	3.344030E0	1.017776E-1
1.216000E1	3.358026E0	9.234271E-2
1.218000E1	3.355744E0	9.564820E-2
1.220000E1	3.326657E0	1.288424E-1
1.222000E1	3.326575E0	1.291923E-1
1.224000E1	3.324973E0	1.400344E-1
1.226000E1	3.323177E0	1.553620E-1
1.228000E1	3.328089E0	1.611311E-1
1.230000E1	3.339413E0	1.670811E-1
1.232000E1	3.337907E0	1.727793E-1
1.234000E1	3.346437E0	1.929356E-1
1.236000E1	3.353660E0	1.970622E-1
1.238000E1	3.346575E0	1.832128E-1
1.240000E1	3.344326E0	1.688352E-1
1.242000E1	3.346655E0	1.623002E-1
1.244000E1	3.347173E0	1.513448E-1
1.246000E1	3.347449E0	1.402856E-1
1.248000E1	3.351717E0	1.417243E-1
1.250000E1	3.354430E0	1.394106E-1
1.252000E1	3.355618E0	1.404110E-1
1.254000E1	3.358652E0	1.411795E-1
1.256000E1	3.359493E0	1.426615E-1
1.258000E1	3.360415E0	1.439587E-1
1.260000E1	3.359662E0	1.443224E-1
1.262000E1	3.357004E0	1.456755E-1
1.264000E1	3.356671E0	1.444113E-1
1.266000E1	3.358502E0	1.453813E-1
1.268000E1	3.358880E0	1.466370E-1
1.270000E1	3.358836E0	1.477477E-1
1.272000E1	3.359736E0	1.476531E-1
1.274000E1	3.362155E0	1.460968E-1
1.276000E1	3.363311E0	1.381302E-1
1.278000E1	3.366182E0	1.292575E-1
1.280000E1	3.365377E0	1.196591E-1
1.282000E1	3.369687E0	9.121243E-2
1.284000E1	3.368082E0	6.724091E-2
1.286000E1	3.368727E0	5.954283E-2
1.288000E1	3.369071E0	5.593719E-2
1.290000E1	3.366844E0	5.601350E-2
1.292000E1	3.368159E0	7.268633E-2
1.294000E1	3.369664E0	9.766328E-2
1.296000E1	3.370494E0	8.856415E-2
1.298000E1	3.375214E0	7.663095E-2
1.300000E1	3.379554E0	7.940682E-2
1.302000E1	3.385798E0	7.875614E-2
1.304000E1	3.384686E0	8.251938E-2
1.306000E1	3.389203E0	9.227342E-2
1.308000E1	3.388398E0	1.092862E-1
1.310000E1	3.384875E0	1.201510E-1
1.312000E1	3.380769E0	1.296022E-1
1.314000E1	3.377488E0	1.406721E-1
1.316000E1	3.375573E0	1.462871E-1
1.318000E1	3.378070E0	1.528881E-1
1.320000E1	3.377730E0	1.532525E-1
1.322000E1	3.376622E0	1.517996E-1
1.324000E1	3.375056E0	1.490560E-1
1.326000E1	3.373170E0	1.427730E-1
1.328000E1	3.376233E0	1.477106E-1
1.330000E1	3.377283E0	1.590855E-1
1.332000E1	3.376577E0	1.573192E-1
1.334000E1	3.378232E0	1.602764E-1
1.336000E1	3.379021E0	1.618609E-1
1.338000E1	3.379941E0	1.645865E-1
1.340000E1	3.385514E0	1.731205E-1
1.342000E1	3.385712E0	1.762542E-1
1.344000E1	3.382968E0	1.830801E-1
1.346000E1	3.374145E0	1.676470E-1
1.348000E1	3.370763E0	1.544502E-1
1.350000E1	3.367648E0	1.515401E-1
1.352000E1	3.365334E0	1.461500E-1
1.354000E1	3.366785E0	1.463827E-1
1.356000E1	3.364119E0	1.412708E-1
1.358000E1	3.366571E0	1.424689E-1
1.360000E1	3.367364E0	1.433644E-1
1.362000E1	3.368580E0	1.431110E-1
1.364000E1	3.370291E0	1.393846E-1
1.366000E1	3.370921E0	1.408254E-1
1.368000E1	3.374041E0	1.316340E-1
1.370000E1	3.383009E0	1.198180E-1
1.372000E1	3.384098E0	1.073839E-1
1.374000E1	3.382997E0	7.926436E-2
1.376000E1	3.380910E0	6.701938E-2
1.378000E1	3.382229E0	6.566506E-2
1.380000E1	3.384280E0	6.600744E-2
1.382000E1	3.382240E0	6.489495E-2
1.384000E1	3.380564E0	8.100716E-2
1.386000E1	3.382026E0	1.012295E-1
1.388000E1	3.387698E0	9.424994E-2
1.390000E1	3.394286E0	8.736683E-2
1.392000E1	3.399400E0	7.828262E-2
1.394000E1	3.402689E0	7.178939E-2
1.396000E1	3.407485E0	6.557093E-2
1.398000E1	3.411509E0	6.215162E-2
1.400000E1	3.407322E0	7.339936E-2
1.402000E1	3.409917E0	7.395181E-2
1.404000E1	3.405695E0	8.956571E-2
1.406000E1	3.406835E0	9.509707E-2
1.408000E1	3.408340E0	9.884742E-2
1.410000E1	3.411156E0	9.858823E-2
1.412000E1	3.412934E0	1.032212E-1
1.414000E1	3.414931E0	1.051341E-1
1.416000E1	3.417509E0	1.058935E-1
1.418000E1	3.421109E0	1.088870E-1
1.420000E1	3.425622E0	1.152005E-1
1.422000E1	3.426524E0	1.149193E-1
1.424000E1	3.428436E0	1.196159E-1
1.426000E1	3.427909E0	1.205086E-1
1.428000E1	3.426838E0	1.174077E-1
1.430000E1	3.428267E0	1.156468E-1
1.432000E1	3.427327E0	1.132024E-1
1.434000E1	3.424764E0	1.113552E-1
1.436000E1	3.423321E0	1.082961E-1
1.438000E1	3.424184E0	1.090657E-1
1.440000E1	3.424244E0	1.098205E-1
1.442000E1	3.428063E0	1.208481E-1
1.444000E1	3.428708E0	1.271826E-1
1.446000E1	3.431566E0	1.408304E-1
1.448000E1	3.441352E0	1.582846E-1
1.450000E1	3.436783E0	1.556080E-1
1.452000E1	3.425540E0	1.348971E-1
1.454000E1	3.418946E0	1.216131E-1
1.456000E1	3.419306E0	1.159452E-1
1.458000E1	3.419500E0	9.619797E-2
1.460000E1	3.423131E0	9.314134E-2
1.462000E1	3.431899E0	7.902847E-2
1.464000E1	3.440387E0	5.530919E-2
1.466000E1	3.444952E0	5.609602E-2
1.468000E1	3.448524E0	6.495575E-2
1.470000E1	3.457638E0	6.266049E-2
1.472000E1	3.460127E0	6.023874E-2
1.474000E1	3.454777E0	7.239086E-2
1.476000E1	3.458918E0	6.593957E-2
1.478000E1	3.468337E0	5.000837E-2
1.480000E1	3.475809E0	4.729542E-2
1.482000E1	3.480512E0	4.158795E-2
1.484000E1	3.480275E0	4.421998E-2
1.486000E1	3.486416E0	5.367281E-2
1.488000E1	3.480704E0	6.542542E-2
1.490000E1	3.472678E0	6.475437E-2
1.492000E1	3.471261E0	6.490100E-2
1.494000E1	3.464861E0	6.747660E-2
1.496000E1	3.461273E0	6.522424E-2
1.498000E1	3.462773E0	6.444537E-2
1.500000E1	3.464144E0	6.299051E-2
1.502000E1	3.466078E0	6.327619E-2
1.504000E1	3.467770E0	6.264502E-2
1.506000E1	3.467936E0	6.076280E-2
1.508000E1	3.467608E0	6.128144E-2
1.510000E1	3.467953E0	6.169846E-2
1.512000E1	3.468126E0	5.997806E-2
1.514000E1	3.468002E0	6.245009E-2
1.516000E1	3.468443E0	6.287666E-2
1.518000E1	3.468872E0	6.195330E-2
1.520000E1	3.470808E0	6.595991E-2
1.522000E1	3.472815E0	6.587116E-2
1.524000E1	3.475089E0	6.666894E-2
1.526000E1	3.475850E0	7.225223E-2
1.528000E1	3.477253E0	7.477482E-2
1.530000E1	3.475437E0	8.985234E-2
1.532000E1	3.478889E0	9.896779E-2
1.534000E1	3.476800E0	9.856234E-2
1.536000E1	3.476314E0	9.983648E-2
1.538000E1	3.475960E0	1.014704E-1
1.540000E1	3.475683E0	1.026832E-1
1.542000E1	3.478313E0	1.130594E-1
1.544000E1	3.479687E0	1.122042E-1
1.546000E1	3.481850E0	1.079577E-1
1.548000E1	3.488948E0	1.000334E-1
1.550000E1	3.507300E0	1.042814E-1
1.552000E1	3.534829E0	9.768670E-2
1.554000E1	3.552085E0	8.628363E-2
1.556000E1	3.556146E0	9.440152E-2
1.558000E1	3.550770E0	9.703230E-2
1.560000E1	3.553333E0	9.379543E-2
1.562000E1	3.549532E0	9.128445E-2
1.564000E1	3.548275E0	9.832049E-2
1.566000E1	3.553398E0	9.747973E-2
1.568000E1	3.559826E0	9.145688E-2
1.570000E1	3.563604E0	8.342061E-2
1.572000E1	3.572007E0	7.288040E-2
1.574000E1	3.580276E0	5.774741E-2
1.576000E1	3.581587E0	5.571545E-2
1.578000E1	3.581896E0	5.470561E-2
1.580000E1	3.576952E0	6.098350E-2
1.582000E1	3.571784E0	6.961685E-2
1.584000E1	3.565438E0	7.625255E-2
1.586000E1	3.564605E0	8.487423E-2
1.588000E1	3.563553E0	9.135367E-2
1.590000E1	3.564218E0	9.392570E-2
1.592000E1	3.565309E0	9.601838E-2
1.594000E1	3.565512E0	9.720358E-2
1.596000E1	3.565879E0	9.878270E-2
1.598000E1	3.565893E0	9.987732E-2
1.600000E1	3.565332E0	1.003166E-1
1.602000E1	3.565262E0	1.020345E-1
1.604000E1	3.565964E0	1.024658E-1
1.606000E1	3.565772E0	1.019186E-1
1.608000E1	3.563226E0	9.882807E-2
1.610000E1	3.561901E0	9.720858E-2
1.612000E1	3.561324E0	9.505960E-2
1.614000E1	3.562050E0	9.671158E-2
1.616000E1	3.563528E0	9.893717E-2
1.618000E1	3.564413E0	1.007726E-1
1.620000E1	3.564259E0	1.013740E-1
1.622000E1	3.564311E0	1.017123E-1
1.624000E1	3.564455E0	1.029130E-1
1.626000E1	3.564799E0	1.025882E-1
1.628000E1	3.566108E0	1.073475E-1
1.630000E1	3.567919E0	1.078282E-1
1.632000E1	3.570830E0	1.135286E-1
1.634000E1	3.572684E0	1.154079E-1
1.636000E1	3.572212E0	1.134037E-1
1.638000E1	3.572615E0	1.107978E-1
1.640000E1	3.586255E0	9.468510E-2
1.642000E1	3.599884E0	1.039825E-1
1.644000E1	3.618722E0	9.715221E-2
1.646000E1	3.628640E0	7.844688E-2
1.648000E1	3.629048E0	8.904363E-2
1.650000E1	3.625375E0	9.812042E-2
1.652000E1	3.619678E0	9.211860E-2
1.654000E1	3.622199E0	1.060994E-1
1.656000E1	3.622747E0	1.392930E-1
1.658000E1	3.630765E0	1.297795E-1
1.660000E1	3.656860E0	1.319498E-1
1.662000E1	3.683476E0	1.349699E-1
1.664000E1	3.695303E0	1.225703E-1
1.666000E1	3.693350E0	1.100689E-1
1.668000E1	3.663063E0	1.114778E-1
1.670000E1	3.634874E0	1.263340E-1
1.672000E1	3.632026E0	1.252357E-1
1.674000E1	3.618949E0	1.334229E-1
1.676000E1	3.617509E0	1.338937E-1
1.678000E1	3.616492E0	1.335112E-1
1.680000E1	3.617585E0	1.367108E-1
1.682000E1	3.619188E0	1.391868E-1
1.684000E1	3.621524E0	1.416117E-1
1.686000E1	3.623739E0	1.410054E-1
1.688000E1	3.624088E0	1.428494E-1
1.690000E1	3.624581E0	1.437797E-1
1.692000E1	3.620352E0	1.339528E-1
1.694000E1	3.620351E0	1.371117E-1
1.696000E1	3.620695E0	1.394687E-1
1.698000E1	3.620680E0	1.400857E-1
1.700000E1	3.618801E0	1.398165E-1
1.702000E1	3.618979E0	1.403213E-1
1.704000E1	3.619963E0	1.408363E-1
1.706000E1	3.620355E0	1.417656E-1
1.708000E1	3.621039E0	1.430579E-1
1.710000E1	3.616742E0	1.403620E-1
1.712000E1	3.613193E0	1.447561E-1
1.714000E1	3.614299E0	1.440683E-1
1.716000E1	3.615703E0	1.441429E-1
1.718000E1	3.616426E0	1.448299E-1
1.720000E1	3.617213E0	1.454091E-1
1.722000E1	3.617807E0	1.449744E-1
1.724000E1	3.618272E0	1.448480E-1
1.726000E1	3.618572E0	1.435846E-1
1.728000E1	3.619082E0	1.401778E-1
1.730000E1	3.621164E0	1.398125E-1
1.732000E1	3.631011E0	1.285460E-1
1.734000E1	3.638232E0	1.117103E-1
1.736000E1	3.638274E0	1.091242E-1
1.738000E1	3.652409E0	1.270154E-1
1.740000E1	3.662494E0	1.340323E-1
1.742000E1	3.665157E0	1.391084E-1
1.744000E1	3.670098E0	1.711155E-1
1.746000E1	3.674559E0	1.593216E-1
1.748000E1	3.686162E0	1.480978E-1
1.750000E1	3.700578E0	1.438048E-1
1.752000E1	3.715320E0	1.329120E-1
1.754000E1	3.717163E0	1.311809E-1
1.756000E1	3.718247E0	1.358696E-1
1.758000E1	3.717930E0	1.574688E-1
1.760000E1	3.715788E0	1.591286E-1
1.762000E1	3.716463E0	1.620561E-1
1.764000E1	3.715355E0	1.699621E-1
1.766000E1	3.715154E0	1.680511E-1
1.768000E1	3.725523E0	1.812414E-1
1.770000E1	3.728833E0	1.890652E-1
1.772000E1	3.724416E0	1.877109E-1
1.774000E1	3.713225E0	1.736880E-1
1.776000E1	3.711206E0	1.573403E-1
1.778000E1	3.707303E0	1.488072E-1
1.780000E1	3.706470E0	1.469880E-1
1.782000E1	3.706905E0	1.437958E-1
1.784000E1	3.705940E0	1.413177E-1
1.786000E1	3.707434E0	1.434360E-1
1.788000E1	3.709537E0	1.443136E-1
1.790000E1	3.710296E0	1.416440E-1
1.792000E1	3.710811E0	1.413494E-1
1.794000E1	3.711622E0	1.423870E-1
1.796000E1	3.711194E0	1.411121E-1
1.798000E1	3.711568E0	1.427396E-1
1.800000E1	3.711013E0	1.427997E-1
1.802000E1	3.707281E0	1.435400E-1
1.804000E1	3.705535E0	1.471251E-1
1.806000E1	3.706564E0	1.462226E-1
1.808000E1	3.713319E0	1.456303E-1
1.810000E1	3.714286E0	1.448488E-1
1.812000E1	3.715077E0	1.450574E-1
1.814000E1	3.714385E0	1.447533E-1
1.816000E1	3.714368E0	1.445809E-1
1.818000E1	3.713694E0	1.427369E-1
1.820000E1	3.719108E0	1.305844E-1
1.822000E1	3.718041E0	1.308367E-1
1.824000E1	3.718445E0	1.141627E-1
1.826000E1	3.721252E0	9.864658E-2
1.828000E1	3.724889E0	9.200077E-2
1.830000E1	3.726278E0	9.345036E-2
1.832000E1	3.722023E0	9.684182E-2
1.834000E1	3.718514E0	1.121354E-1
1.836000E1	3.719189E0	1.112828E-1
1.838000E1	3.719431E0	1.066190E-1
1.840000E1	3.723706E0	1.008644E-1
1.842000E1	3.729422E0	9.469192E-2
1.844000E1	3.733965E0	9.205298E-2
1.846000E1	3.734834E0	9.336623E-2
1.848000E1	3.738941E0	9.859388E-2
1.850000E1	3.735948E0	1.113907E-1
1.852000E1	3.732074E0	1.180601E-1
1.854000E1	3.729383E0	1.240700E-1
1.856000E1	3.727853E0	1.206065E-1
1.858000E1	3.728088E0	1.286669E-1
1.860000E1	3.728294E0	1.410178E-1
1.862000E1	3.729042E0	1.453506E-1
1.864000E1	3.727551E0	1.499996E-1
1.866000E1	3.726538E0	1.386708E-1
1.868000E1	3.726593E0	1.403587E-1
1.870000E1	3.727544E0	1.485120E-1
1.872000E1	3.729294E0	1.540335E-1
1.874000E1	3.731700E0	1.578333E-1
1.876000E1	3.733542E0	1.651290E-1
1.878000E1	3.734266E0	1.637496E-1
1.880000E1	3.735611E0	1.621628E-1
1.882000E1	3.734799E0	1.598229E-1
1.884000E1	3.731579E0	1.565303E-1
1.886000E1	3.724872E0	1.435084E-1
1.888000E1	3.720581E0	1.386480E-1
1.890000E1	3.717042E0	1.384486E-1
1.892000E1	3.715637E0	1.344795E-1
1.894000E1	3.717663E0	1.382120E-1
1.896000E1	3.717276E0	1.364617E-1
1.898000E1	3.718256E0	1.437566E-1
1.900000E1	3.720333E0	1.465729E-1
1.902000E1	3.721175E0	1.470149E-1
1.904000E1	3.720860E0	1.478806E-1
1.906000E1	3.718125E0	1.395432E-1
1.908000E1	3.717098E0	1.260723E-1
1.910000E1	3.719952E0	1.302439E-1
1.912000E1	3.729670E0	1.312467E-1
1.914000E1	3.731868E0	1.014290E-1
1.916000E1	3.730426E0	9.116332E-2
1.918000E1	3.732083E0	9.718385E-2
1.920000E1	3.739601E0	1.045251E-1
1.922000E1	3.734522E0	1.024858E-1
1.924000E1	3.728102E0	1.104893E-1
1.926000E1	3.723878E0	1.115334E-1
1.928000E1	3.723655E0	9.947032E-2
1.930000E1	3.727620E0	9.843115E-2
1.932000E1	3.732961E0	8.938121E-2
1.934000E1	3.734796E0	8.876405E-2
1.936000E1	3.733064E0	9.003840E-2
1.938000E1	3.730229E0	9.443246E-2
1.940000E1	3.728933E0	1.059852E-1
1.942000E1	3.725024E0	1.052169E-1
1.944000E1	3.722308E0	1.127857E-1
1.946000E1	3.721547E0	1.126877E-1
1.948000E1	3.723046E0	1.120472E-1
1.950000E1	3.724719E0	1.141258E-1
1.952000E1	3.727430E0	1.180033E-1
1.954000E1	3.728547E0	1.186023E-1
1.956000E1	3.730480E0	1.174087E-1
1.958000E1	3.733379E0	1.176506E-1
1.960000E1	3.737712E0	1.222668E-1
1.962000E1	3.735196E0	1.184923E-1
1.964000E1	3.733326E0	1.163222E-1
1.966000E1	3.731762E0	1.135100E-1
1.968000E1	3.730348E0	1.092676E-1
1.970000E1	3.729380E0	1.073089E-1
1.972000E1	3.730285E0	1.083177E-1
1.974000E1	3.730750E0	1.113815E-1
1.976000E1	3.733019E0	1.136615E-1
1.978000E1	3.733265E0	1.134201E-1
1.980000E1	3.733248E0	1.157204E-1
1.982000E1	3.736164E0	1.222644E-1
1.984000E1	3.738147E0	1.292759E-1
1.986000E1	3.735884E0	1.358112E-1
1.988000E1	3.734648E0	1.377117E-1
1.990000E1	3.723736E0	1.248429E-1
1.992000E1	3.724452E0	1.150222E-1
1.994000E1	3.723164E0	1.055031E-1
1.996000E1	3.720881E0	1.025345E-1
1.998000E1	3.717440E0	9.501976E-2
2.000000E1	3.722397E0	9.540444E-2
2.002000E1	3.728308E0	9.464466E-2
2.004000E1	3.734861E0	7.565005E-2
2.006000E1	3.736165E0	7.722280E-2
2.008000E1	3.736310E0	8.154363E-2
2.010000E1	3.737258E0	7.656391E-2
2.012000E1	3.736144E0	8.222083E-2
2.014000E1	3.733411E0	9.826130E-2
2.016000E1	3.732256E0	9.840394E-2
2.018000E1	3.731349E0	9.730899E-2
2.020000E1	3.733556E0	9.475011E-2
2.022000E1	3.736960E0	8.972474E-2
2.024000E1	3.743994E0	7.327411E-2
2.026000E1	3.746241E0	6.673814E-2
2.028000E1	3.749632E0	6.201128E-2
2.030000E1	3.745008E0	6.370328E-2
2.032000E1	3.737321E0	7.133571E-2
2.034000E1	3.734034E0	6.749332E-2
2.036000E1	3.729839E0	7.624391E-2
2.038000E1	3.725462E0	8.299564E-2
2.040000E1	3.722183E0	9.059676E-2
2.042000E1	3.725001E0	9.444867E-2
2.044000E1	3.726401E0	9.533489E-2
2.046000E1	3.727841E0	9.839449E-2
2.048000E1	3.730192E0	1.000412E-1
2.050000E1	3.729553E0	9.954764E-2
2.052000E1	3.731130E0	1.003475E-1
2.054000E1	3.730002E0	1.007448E-1
2.056000E1	3.730422E0	1.010426E-1
2.058000E1	3.730773E0	1.011936E-1
2.060000E1	3.731230E0	1.035707E-1
2.062000E1	3.731323E0	1.021347E-1
2.064000E1	3.731312E0	1.035407E-1
2.066000E1	3.732165E0	1.047013E-1
2.068000E1	3.738698E0	1.098960E-1
2.070000E1	3.742556E0	1.129259E-1
2.072000E1	3.740059E0	1.150347E-1
2.074000E1	3.739615E0	1.153981E-1
2.076000E1	3.738992E0	1.195855E-1
2.078000E1	3.737738E0	1.145776E-1
2.080000E1	3.736854E0	1.125601E-1
2.082000E1	3.735874E0	1.098132E-1
2.084000E1	3.734597E0	1.051223E-1
2.086000E1	3.738487E0	1.111538E-1
2.088000E1	3.739559E0	1.112079E-1
2.090000E1	3.747116E0	1.013149E-1
2.092000E1	3.766108E0	1.017698E-1
2.094000E1	3.796809E0	1.011822E-1
2.096000E1	3.812876E0	8.946575E-2
2.098000E1	3.822983E0	8.776320E-2
2.100000E1	3.817452E0	9.864884E-2
2.102000E1	3.810883E0	9.399553E-2
2.104000E1	3.805011E0	8.127913E-2
2.106000E1	3.794802E0	9.517364E-2
2.108000E1	3.790586E0	9.794886E-2
2.110000E1	3.789034E0	8.718953E-2
2.112000E1	3.793235E0	8.275219E-2
2.114000E1	3.803989E0	8.058550E-2
2.116000E1	3.820077E0	7.567619E-2
2.118000E1	3.830898E0	7.905512E-2
2.120000E1	3.828152E0	8.822106E-2
2.122000E1	3.817080E0	1.027799E-1
2.124000E1	3.819334E0	1.018394E-1
2.126000E1	3.814231E0	1.036602E-1
2.128000E1	3.814748E0	1.067411E-1
2.130000E1	3.817355E0	1.059234E-1
2.132000E1	3.820215E0	1.038299E-1
2.134000E1	3.822296E0	1.044840E-1
2.136000E1	3.823818E0	1.034598E-1
2.138000E1	3.824835E0	1.027477E-1
2.140000E1	3.824352E0	1.012102E-1
2.142000E1	3.823990E0	1.013359E-1
2.144000E1	3.822291E0	1.000316E-1
2.146000E1	3.821716E0	9.987373E-2
2.148000E1	3.821754E0	9.931542E-2
2.150000E1	3.821975E0	9.940684E-2
2.152000E1	3.822207E0	9.882462E-2
2.154000E1	3.820514E0	9.751326E-2
2.156000E1	3.821135E0	9.877779E-2
2.158000E1	3.821925E0	1.012324E-1
2.160000E1	3.822163E0	1.007637E-1
2.162000E1	3.821527E0	1.046756E-1
2.164000E1	3.821443E0	1.067239E-1
2.166000E1	3.821832E0	1.071773E-1
2.168000E1	3.827098E0	1.113511E-1
2.170000E1	3.829502E0	1.145745E-1
2.172000E1	3.834576E0	1.191437E-1
2.174000E1	3.836252E0	1.199457E-1
2.176000E1	3.836185E0	1.169385E-1
2.178000E1	3.834793E0	1.142435E-1
2.180000E1	3.846151E0	1.031922E-1
2.182000E1	3.856460E0	1.008189E-1
2.184000E1	3.874611E0	8.930126E-2
2.186000E1	3.873380E0	8.316986E-2
2.188000E1	3.874535E0	9.138600E-2
2.190000E1	3.885079E0	9.823071E-2
2.192000E1	3.883973E0	1.036837E-1
2.194000E1	3.884060E0	1.147779E-1
2.196000E1	3.884508E0	1.309318E-1
2.198000E1	3.894713E0	1.323143E-1
2.200000E1	3.923543E0	1.285350E-1
2.202000E1	3.939510E0	1.199008E-1
2.204000E1	3.936630E0	1.101807E-1
2.206000E1	3.925507E0	8.941003E-2
2.208000E1	3.916727E0	8.586706E-2
2.210000E1	3.897583E0	9.716793E-2
2.212000E1	3.889491E0	9.743686E-2
2.214000E1	3.875156E0	9.937000E-2
2.216000E1	3.873746E0	1.043242E-1
2.218000E1	3.871984E0	1.053939E-1
2.220000E1	3.874189E0	1.055728E-1
2.222000E1	3.874899E0	1.067087E-1
2.224000E1	3.876358E0	1.058642E-1
2.226000E1	3.876433E0	1.056746E-1
2.228000E1	3.876418E0	1.032054E-1
2.230000E1	3.875945E0	1.030075E-1
2.232000E1	3.875117E0	1.026196E-1
2.234000E1	3.873453E0	9.997007E-2
2.236000E1	3.873622E0	1.000303E-1
2.238000E1	3.873625E0	9.967671E-2
2.240000E1	3.872828E0	9.818187E-2
2.242000E1	3.872889E0	9.887604E-2
2.244000E1	3.872868E0	9.854741E-2
2.246000E1	3.873864E0	9.981660E-2
2.248000E1	3.874531E0	1.000429E-1
2.250000E1	3.873713E0	1.002830E-1
2.252000E1	3.871937E0	9.977581E-2
2.254000E1	3.869180E0	1.013284E-1
2.256000E1	3.870712E0	1.010079E-1
2.258000E1	3.871745E0	1.005398E-1
2.260000E1	3.873262E0	1.002132E-1
2.262000E1	3.874156E0	1.000455E-1
2.264000E1	3.874559E0	1.003709E-1
2.266000E1	3.874727E0	1.019241E-1
2.268000E1	3.875137E0	1.015373E-1
2.270000E1	3.875805E0	1.002729E-1
2.272000E1	3.878367E0	9.736843E-2
2.274000E1	3.883617E0	9.064246E-2
2.276000E1	3.891238E0	7.641004E-2
2.278000E1	3.891062E0	7.082484E-2
2.280000E1	3.888918E0	6.481783E-2
2.282000E1	3.894902E0	6.750774E-2
2.284000E1	3.899298E0	7.767985E-2
2.286000E1	3.902594E0	9.738703E-2
2.288000E1	3.900826E0	1.058083E-1
2.290000E1	3.905657E0	1.092476E-1
2.292000E1	3.927203E0	1.053392E-1
2.294000E1	3.946050E0	9.072696E-2
2.296000E1	3.958360E0	8.627054E-2
2.298000E1	3.964770E0	8.933252E-2
2.300000E1	3.959217E0	8.504348E-2
2.302000E1	3.942241E0	1.006483E-1
2.304000E1	3.946098E0	1.105191E-1
2.306000E1	3.940044E0	1.147941E-1
2.308000E1	3.937731E0	1.234746E-1
2.310000E1	3.936442E0	1.214893E-1
2.312000E1	3.944951E0	1.291629E-1
2.314000E1	3.949423E0	1.488023E-1
2.316000E1	3.945933E0	1.495863E-1
2.318000E1	3.938448E0	1.393242E-1
2.320000E1	3.924442E0	1.249163E-1
2.322000E1	3.924297E0	1.300016E-1
2.324000E1	3.923347E0	1.298514E-1
2.326000E1	3.923106E0	1.301147E-1
2.328000E1	3.921688E0	1.306914E-1
2.330000E1	3.921533E0	1.316688E-1
2.332000E1	3.923467E0	1.335303E-1
2.334000E1	3.925241E0	1.355795E-1
2.336000E1	3.926506E0	1.368641E-1
2.338000E1	3.927202E0	1.391532E-1
2.340000E1	3.927393E0	1.390345E-1
2.342000E1	3.925367E0	1.386741E-1
2.344000E1	3.923436E0	1.391903E-1
2.346000E1	3.924304E0	1.413365E-1
2.348000E1	3.924655E0	1.385876E-1
2.350000E1	3.926237E0	1.421469E-1
2.352000E1	3.926437E0	1.422489E-1
2.354000E1	3.926565E0	1.413168E-1
2.356000E1	3.926685E0	1.420721E-1
2.358000E1	3.926993E0	1.396661E-1
2.360000E1	3.929157E0	1.279602E-1
2.362000E1	3.928683E0	1.268501E-1
2.364000E1	3.931090E0	1.256900E-1
2.366000E1	3.934393E0	9.678405E-2
2.368000E1	3.935712E0	8.946820E-2
2.370000E1	3.936225E0	9.196441E-2
2.372000E1	3.935131E0	9.511793E-2
2.374000E1	3.933019E0	1.000476E-1
2.376000E1	3.931819E0	1.162829E-1
2.378000E1	3.931876E0	1.108983E-1
2.380000E1	3.937089E0	1.013319E-1
2.382000E1	3.942562E0	9.544356E-2
2.384000E1	3.948467E0	9.287985E-2
2.386000E1	3.957143E0	9.953954E-2
2.388000E1	3.975890E0	1.046352E-1
2.390000E1	3.976879E0	1.132922E-1
2.392000E1	3.969286E0	1.226557E-1
2.394000E1	3.972436E0	1.205512E-1
2.396000E1	3.972896E0	1.236345E-1
2.398000E1	3.972733E0	1.221494E-1
2.400000E1	3.976192E0	1.218915E-1
