	mass A		
t	x	y	
0.000000E0	1.925774E-3	3.774796E-3
4.000000E-2	-1.290007E0	-2.240017E-2
8.000000E-2	-1.657851E-2	1.401721E-2
1.200000E-1	1.430568E0	-1.744737E-1
1.600000E-1	1.080945E0	-1.860759E-2
2.000000E-1	1.647013E0	3.116666E-4
2.400000E-1	3.337849E0	1.409932E-1
2.800000E-1	4.090504E0	2.457199E0
3.200000E-1	3.933977E0	2.149348E0
3.600000E-1	3.447533E0	1.712211E0
4.000000E-1	3.446096E0	1.526764E0
4.400000E-1	3.830672E0	2.582915E0
4.800000E-1	3.646704E0	2.149686E0
5.200000E-1	4.567735E0	-4.407430E-1
5.600000E-1	5.212844E0	-3.064710E-1
6.000000E-1	6.221700E0	-4.335304E-1
6.400000E-1	8.615723E0	-5.703589E-1
6.800000E-1	8.343808E0	-4.680132E-1
7.200000E-1	8.070802E0	-4.471801E-1
7.600000E-1	9.916059E0	-4.619815E-1
8.000000E-1	1.025415E1	-6.373612E-1
8.400000E-1	1.007185E1	-4.554456E-1
8.800000E-1	1.162646E1	-4.322782E-1
9.200000E-1	1.307447E1	9.403128E-1
9.600000E-1	1.331707E1	2.004478E0
1.000000E0	1.342217E1	2.291658E0
1.040000E0	1.327408E1	1.186085E0
1.080000E0	1.339591E1	2.146571E0
1.120000E0	1.387832E1	2.107127E0
1.160000E0	1.377611E1	4.821937E-1
1.200000E0	1.446166E1	-6.190874E-1
1.240000E0	1.556653E1	-6.192064E-1
1.280000E0	1.779535E1	-5.961305E-1
1.320000E0	1.892535E1	-8.780217E-1
1.360000E0	1.865606E1	-6.135664E-1
1.400000E0	1.885814E1	-6.017045E-1
1.440000E0	2.053143E1	-6.281617E-1
1.480000E0	2.038310E1	-6.245608E-1
1.520000E0	2.040515E1	-6.031181E-1
1.560000E0	2.211198E1	-5.811169E-1
1.600000E0	2.340925E1	2.257771E0
1.640000E0	2.350564E1	2.147705E0
1.680000E0	2.379034E1	2.139257E0
1.720000E0	2.313441E1	1.056777E0
1.760000E0	2.391178E1	2.569654E0
1.800000E0	2.401786E1	1.662620E0
1.840000E0	2.581028E1	-4.769426E-1
1.880000E0	2.623140E1	-2.833312E-1
1.920000E0	2.713721E1	-7.491759E-1
1.960000E0	2.996365E1	-6.368473E-1
2.000000E0	3.002925E1	-7.607372E-1
2.040000E0	2.956282E1	-6.027531E-1
2.080000E0	3.069535E1	-6.101340E-1
2.120000E0	3.168566E1	-7.638228E-1
2.160000E0	3.154574E1	-6.095826E-1
2.200000E0	3.260186E1	-5.988781E-1
2.240000E0	3.413696E1	3.885920E-2
2.280000E0	3.525023E1	2.431289E0
2.320000E0	3.540956E1	2.261594E0
2.360000E0	3.529646E1	1.346184E0
2.400000E0	3.531817E1	1.658806E0
2.440000E0	3.573429E1	2.251443E0
2.480000E0	3.555516E1	1.804621E0
2.520000E0	3.609323E1	-8.764846E-1
2.560000E0	3.712074E1	-4.843131E-1
2.600000E0	3.895288E1	-6.023443E-1
2.640000E0	4.096412E1	-7.540849E-1
2.680000E0	4.015452E1	-7.593010E-1
2.720000E0	4.049569E1	-5.874757E-1
2.760000E0	4.254303E1	-6.284498E-1
2.800000E0	4.228219E1	-7.600312E-1
2.840000E0	4.240204E1	-6.158056E-1
2.880000E0	4.392625E1	-6.163222E-1
2.920000E0	4.450525E1	1.682930E0
2.960000E0	4.506470E1	1.969292E0
3.000000E0	4.527135E1	2.260360E0
3.040000E0	4.463071E1	9.162998E-1
3.080000E0	4.544400E1	2.395428E0
3.120000E0	4.526322E1	1.802999E0
3.160000E0	4.531235E1	9.152281E-1
3.200000E0	4.584637E1	-7.310276E-1
3.240000E0	4.673578E1	-2.660828E-1
3.280000E0	5.005886E1	-4.552708E-1
3.320000E0	5.055436E1	-7.662118E-1
3.360000E0	4.994583E1	-6.102602E-1
3.400000E0	5.077901E1	-5.997201E-1
3.440000E0	5.199497E1	-7.506903E-1
3.480000E0	5.154636E1	-7.411940E-1
3.520000E0	5.221405E1	-6.082897E-1
3.560000E0	5.399078E1	-4.618696E-1
3.600000E0	5.503460E1	2.135695E0
3.640000E0	5.518723E1	1.960067E0
3.680000E0	5.488294E1	1.372841E0
3.720000E0	5.464886E1	1.394334E0
3.760000E0	5.533211E1	2.429829E0
3.800000E0	5.524622E1	1.969254E0
3.840000E0	5.636963E1	-6.142303E-1
3.880000E0	5.726182E1	-5.935204E-1
3.920000E0	5.894807E1	-1.538872E-1
3.960000E0	6.174823E1	-6.323384E-1
4.000000E0	6.148604E1	-6.127496E-1
4.040000E0	6.117685E1	-4.398336E-1
4.080000E0	6.329715E1	-4.702125E-1
4.120000E0	6.364819E1	-6.263243E-1
4.160000E0	6.361652E1	-4.709417E-1
4.200000E0	6.463983E1	-4.391215E-1
4.240000E0	6.582694E1	1.024603E0
4.280000E0	6.648031E1	2.288518E0
4.320000E0	6.647723E1	2.461043E0
4.360000E0	6.606869E1	1.543511E0
4.400000E0	6.632497E1	2.477166E0
4.440000E0	6.636663E1	2.302585E0
4.480000E0	6.648723E1	1.823022E0
4.520000E0	6.803222E1	-6.370244E-1
4.560000E0	6.881429E1	-3.020683E-1
4.600000E0	7.133419E1	-3.123530E-1
4.640000E0	7.269395E1	-5.941620E-1
4.680000E0	7.213742E1	-4.748879E-1
4.720000E0	7.269766E1	-4.085606E-1
4.760000E0	7.468634E1	-4.437548E-1
4.800000E0	7.455003E1	-4.565960E-1
4.840000E0	7.492348E1	-4.333466E-1
4.880000E0	7.772601E1	-4.124228E-1
4.920000E0	7.909884E1	2.450454E0
4.960000E0	7.947926E1	2.430503E0
5.000000E0	7.953677E1	2.277595E0
5.040000E0	7.894599E1	1.664613E0
5.080000E0	7.951116E1	3.043034E0
5.120000E0	7.950494E1	2.409326E0
5.160000E0	8.008441E1	7.755549E-1
5.200000E0	8.109889E1	-4.436379E-1
5.240000E0	8.241478E1	1.490164E-1
5.280000E0	8.511716E1	-1.514686E-1
5.320000E0	8.499270E1	-2.608064E-1
5.360000E0	8.469893E1	-1.649456E-1
5.400000E0	8.613389E1	-1.544341E-1
5.440000E0	8.689411E1	-2.996871E-1
5.480000E0	8.689956E1	-1.568722E-1
5.520000E0	8.791036E1	-1.468009E-1
5.560000E0	8.976861E1	3.227837E-1
5.600000E0	9.099696E1	2.556581E0
5.640000E0	9.113665E1	2.698189E0
5.680000E0	9.065454E1	1.641445E0
5.720000E0	9.046855E1	2.323693E0
5.760000E0	9.085471E1	2.729486E0
5.800000E0	9.097886E1	2.147429E0
5.840000E0	9.219659E1	-3.256420E-1
5.880000E0	9.308342E1	-3.840893E-5
5.920000E0	9.488687E1	1.943916E-3
5.960000E0	9.645708E1	-1.820019E-1
6.000000E0	9.565794E1	-1.169783E-1
6.040000E0	9.611397E1	1.177173E-2
6.080000E0	9.796603E1	-3.190259E-2
6.120000E0	9.794878E1	-1.453717E-1
6.160000E0	9.813137E1	-1.600401E-2
6.200000E0	1.002458E2	-9.822616E-3
6.240000E0	1.013298E2	2.456840E0
6.280000E0	1.021634E2	2.577584E0
6.320000E0	1.021093E2	2.595090E0
6.360000E0	1.014745E2	1.693104E0
6.400000E0	1.021899E2	3.193332E0
6.440000E0	1.022087E2	2.552279E0
6.480000E0	1.024561E2	1.206707E0
6.520000E0	1.036495E2	-1.230465E-1
6.560000E0	1.046677E2	3.220051E-1
6.600000E0	1.073314E2	-3.222780E-3
6.640000E0	1.079702E2	-2.890609E-1
6.680000E0	1.075272E2	-1.418127E-1
6.720000E0	1.085265E2	-1.281196E-1
6.760000E0	1.095567E2	-2.696386E-1
6.800000E0	1.096200E2	-1.402576E-1
6.840000E0	1.104799E2	-1.509885E-1
6.880000E0	1.127472E2	1.776001E-2
6.920000E0	1.140535E2	2.561219E0
6.960000E0	1.140552E2	2.754565E0
7.000000E0	1.136624E2	1.969866E0
7.040000E0	1.133711E2	1.826819E0
7.080000E0	1.138390E2	3.013533E0
7.120000E0	1.140182E2	2.146809E0
7.160000E0	1.152449E2	-3.046270E-1
7.200000E0	1.163653E2	3.687151E-2
7.240000E0	1.183045E2	-1.655402E-2
7.280000E0	1.207864E2	-1.749869E-1
7.320000E0	1.202334E2	-1.411391E-1
7.360000E0	1.203429E2	-9.547285E-3
7.400000E0	1.219525E2	-1.161967E-2
7.440000E0	1.222027E2	-1.731423E-1
7.480000E0	1.221655E2	-5.074496E-4
7.520000E0	1.239520E2	3.079852E-3
7.560000E0	1.257713E2	2.250069E0
7.600000E0	1.264195E2	2.848462E0
7.640000E0	1.264991E2	3.024728E0
7.680000E0	1.257374E2	1.992011E0
7.720000E0	1.263463E2	3.165673E0
7.760000E0	1.262453E2	2.925236E0
7.800000E0	1.269369E2	1.549572E0
7.840000E0	1.284888E2	1.524826E-1
7.880000E0	1.295300E2	2.880878E-1
7.920000E0	1.322830E2	1.487913E-1
7.960000E0	1.332555E2	-1.464335E-1
8.000000E0	1.326148E2	1.713073E-3
8.040000E0	1.331165E2	2.668458E-2
8.080000E0	1.347767E2	-1.252877E-2
8.120000E0	1.346233E2	-1.066810E-3
8.160000E0	1.347850E2	2.203554E-2
8.200000E0	1.371907E2	1.271956E-1
8.240000E0	1.381792E2	3.087095E0
8.280000E0	1.385671E2	3.351591E0
8.320000E0	1.384048E2	2.693917E0
8.360000E0	1.379573E2	2.119858E0
8.400000E0	1.385862E2	3.468944E0
8.440000E0	1.382573E2	2.870604E0
8.480000E0	1.391941E2	7.495874E-1
8.520000E0	1.401633E2	1.414706E-1
8.560000E0	1.413127E2	3.176610E-1
8.600000E0	1.440721E2	1.225191E-1
8.640000E0	1.439537E2	1.302142E-1
8.680000E0	1.435342E2	1.689456E-1
8.720000E0	1.452086E2	1.437904E-1
8.760000E0	1.456368E2	7.173738E-3
8.800000E0	1.455217E2	1.550167E-1
8.840000E0	1.469582E2	1.427099E-1
8.880000E0	1.482830E2	1.509134E0
8.920000E0	1.487873E2	2.784010E0
8.960000E0	1.489415E2	3.085999E0
9.000000E0	1.483374E2	1.994843E0
9.040000E0	1.486690E2	2.872996E0
9.080000E0	1.489006E2	2.854590E0
9.120000E0	1.489330E2	2.116368E0
9.160000E0	1.499167E2	7.697122E-3
9.200000E0	1.509961E2	4.337014E-1
9.240000E0	1.536780E2	2.933810E-1
9.280000E0	1.548080E2	1.810116E-2
9.320000E0	1.541296E2	1.517506E-1
9.360000E0	1.545014E2	1.778623E-1
9.400000E0	1.560974E2	1.564595E-1
9.440000E0	1.561875E2	1.267063E-1
9.480000E0	1.561499E2	1.830532E-1
9.520000E0	1.577205E2	1.761286E-1
9.560000E0	1.588006E2	2.851501E0
9.600000E0	1.590188E2	3.225052E0
9.640000E0	1.588883E2	2.738182E0
9.680000E0	1.584033E2	1.950491E0
9.720000E0	1.586708E2	3.541164E0
9.760000E0	1.586879E2	2.604331E0
9.800000E0	1.593886E2	1.099747E0
9.840000E0	1.606758E2	6.040651E-1
9.880000E0	1.617438E2	5.865370E-1
9.920000E0	1.643693E2	2.939403E-1
9.960000E0	1.644814E2	2.016212E-1
1.000000E1	1.642846E2	3.016089E-1
1.004000E1	1.656608E2	3.185976E-1
1.008000E1	1.662916E2	1.769288E-1
1.012000E1	1.662839E2	2.962793E-1
1.016000E1	1.670101E2	2.939661E-1
1.020000E1	1.678694E2	1.354305E0
1.024000E1	1.686376E2	2.877928E0
1.028000E1	1.686479E2	3.230593E0
1.032000E1	1.681177E2	2.469216E0
1.036000E1	1.683040E2	2.838442E0
1.040000E1	1.687664E2	3.442230E0
1.044000E1	1.686754E2	2.597072E0
1.048000E1	1.699424E2	1.767945E-1
1.052000E1	1.710682E2	4.254954E-1
1.056000E1	1.731578E2	4.384787E-1
1.060000E1	1.749624E2	1.847777E-1
1.064000E1	1.744624E2	2.960648E-1
1.068000E1	1.750686E2	4.465695E-1
1.072000E1	1.764346E2	3.515741E-1
1.076000E1	1.765300E2	3.004625E-1
1.080000E1	1.768170E2	4.260137E-1
1.084000E1	1.786137E2	3.521403E-1
1.088000E1	1.799655E2	3.499337E0
1.092000E1	1.807254E2	3.450762E0
1.096000E1	1.806251E2	3.327518E0
1.100000E1	1.801508E2	2.546506E0
1.104000E1	1.807045E2	3.934632E0
1.108000E1	1.806096E2	3.228725E0
1.112000E1	1.809677E2	1.761673E0
1.116000E1	1.822655E2	7.219267E-1
1.120000E1	1.829725E2	6.603050E-1
1.124000E1	1.854907E2	4.746106E-1
1.128000E1	1.857069E2	3.620832E-1
1.132000E1	1.853439E2	4.294037E-1
1.136000E1	1.863873E2	5.972847E-1
1.140000E1	1.873689E2	4.381932E-1
1.144000E1	1.876410E2	5.559865E-1
1.148000E1	1.886575E2	5.864482E-1
1.152000E1	1.909732E2	9.253043E-1
1.156000E1	1.920461E2	3.201540E0
1.160000E1	1.921303E2	3.538353E0
1.164000E1	1.917590E2	2.758699E0
1.168000E1	1.916126E2	2.708771E0
1.172000E1	1.921281E2	3.653097E0
1.176000E1	1.922839E2	2.848693E0
1.180000E1	1.932218E2	3.132499E-1
1.184000E1	1.939696E2	6.347235E-1
1.188000E1	1.950457E2	5.959311E-1
1.192000E1	1.968301E2	4.495870E-1
1.196000E1	1.964299E2	5.696304E-1
1.200000E1	1.965374E2	6.430736E-1
1.204000E1	1.984312E2	5.825741E-1
1.208000E1	1.987989E2	4.618325E-1
1.212000E1	1.988412E2	5.918664E-1
1.216000E1	2.005213E2	6.374138E-1
1.220000E1	2.018981E2	3.015767E0
1.224000E1	2.024450E2	3.479749E0
1.228000E1	2.023823E2	3.354144E0
1.232000E1	2.017866E2	2.539776E0
1.236000E1	2.022167E2	3.637341E0
1.240000E1	2.022703E2	3.219712E0
1.244000E1	2.024674E2	2.328958E0
1.248000E1	2.036965E2	7.150854E-1
1.252000E1	2.047279E2	1.033121E0
1.256000E1	2.069367E2	6.286079E-1
1.260000E1	2.077967E2	3.041354E-1
1.264000E1	2.075869E2	4.621207E-1
1.268000E1	2.085313E2	5.199038E-1
1.272000E1	2.097939E2	4.088139E-1
1.276000E1	2.097739E2	4.661091E-1
1.280000E1	2.103406E2	4.961257E-1
1.284000E1	2.123097E2	6.560884E-1
1.288000E1	2.134498E2	3.345934E0
1.292000E1	2.137548E2	3.742044E0
1.296000E1	2.133572E2	3.094032E0
1.300000E1	2.130443E2	2.597371E0
1.304000E1	2.134363E2	3.964601E0
1.308000E1	2.137351E2	2.920675E0
1.312000E1	2.148030E2	1.136709E0
1.316000E1	2.159204E2	5.090261E-1
1.320000E1	2.172117E2	5.197507E-1
1.324000E1	2.194092E2	4.463125E-1
1.328000E1	2.192355E2	4.171702E-1
1.332000E1	2.191816E2	5.820568E-1
1.336000E1	2.207699E2	5.922820E-1
1.340000E1	2.211257E2	4.680052E-1
1.344000E1	2.210396E2	6.165033E-1
1.348000E1	2.222534E2	6.260686E-1
1.352000E1	2.235155E2	2.856935E0
1.356000E1	2.241600E2	3.481556E0
1.360000E1	2.243265E2	3.863645E0
1.364000E1	2.236629E2	2.767836E0
1.368000E1	2.238686E2	3.543180E0
1.372000E1	2.241144E2	3.585215E0
1.376000E1	2.243339E2	2.644566E0
1.380000E1	2.257226E2	5.439312E-1
1.384000E1	2.264891E2	7.129295E-1
1.388000E1	2.288911E2	7.236528E-1
1.392000E1	2.301971E2	4.299246E-1
1.396000E1	2.295820E2	5.768454E-1
1.400000E1	2.303179E2	7.079589E-1
1.404000E1	2.317295E2	6.434192E-1
1.408000E1	2.318805E2	6.573358E-1
1.412000E1	2.319362E2	6.788305E-1
1.416000E1	2.338327E2	7.068902E-1
1.420000E1	2.349708E2	3.957281E0
1.424000E1	2.354148E2	4.061714E0
1.428000E1	2.351715E2	3.576262E0
1.432000E1	2.346730E2	2.880539E0
1.436000E1	2.353082E2	4.065803E0
1.440000E1	2.350677E2	3.608853E0
1.444000E1	2.357523E2	1.769154E0
1.448000E1	2.363217E2	6.744049E-1
1.452000E1	2.375337E2	7.044804E-1
1.456000E1	2.399814E2	7.658591E-1
1.460000E1	2.401413E2	6.527516E-1
1.464000E1	2.398636E2	7.660965E-1
1.468000E1	2.413786E2	7.761317E-1
1.472000E1	2.421086E2	6.212268E-1
1.476000E1	2.419750E2	7.550000E-1
1.480000E1	2.430519E2	7.957755E-1
1.484000E1	2.445991E2	1.905758E0
1.488000E1	2.454679E2	3.441026E0
1.492000E1	2.455161E2	3.614974E0
1.496000E1	2.449909E2	2.864000E0
1.500000E1	2.451507E2	3.229446E0
1.504000E1	2.452447E2	3.354020E0
1.508000E1	2.453649E2	2.933169E0
1.512000E1	2.463304E2	5.579224E-1
1.516000E1	2.473137E2	1.030307E0
1.520000E1	2.493569E2	9.516377E-1
1.524000E1	2.512948E2	5.660245E-1
1.528000E1	2.509734E2	7.015291E-1
1.532000E1	2.514145E2	8.683582E-1
1.536000E1	2.528586E2	8.296530E-1
1.540000E1	2.530603E2	7.518293E-1
1.544000E1	2.530604E2	8.269177E-1
1.548000E1	2.550488E2	8.456665E-1
1.552000E1	2.561815E2	3.526001E0
1.556000E1	2.565427E2	3.481206E0
1.560000E1	2.565753E2	3.522900E0
1.564000E1	2.560335E2	2.594492E0
1.568000E1	2.566984E2	3.999904E0
1.572000E1	2.565375E2	3.151897E0
1.576000E1	2.569699E2	1.802965E0
1.580000E1	2.583340E2	1.100622E0
1.584000E1	2.593315E2	1.480617E0
1.588000E1	2.617762E2	1.018779E0
1.592000E1	2.622896E2	8.311037E-1
1.596000E1	2.619022E2	8.963050E-1
1.600000E1	2.629571E2	9.509972E-1
1.604000E1	2.637256E2	8.006402E-1
1.608000E1	2.638685E2	9.016610E-1
1.612000E1	2.644754E2	9.248582E-1
1.616000E1	2.662790E2	1.423275E0
1.620000E1	2.672408E2	3.298166E0
1.624000E1	2.673666E2	3.743292E0
1.628000E1	2.670480E2	2.861340E0
1.632000E1	2.669040E2	2.952839E0
1.636000E1	2.673045E2	3.940353E0
1.640000E1	2.672359E2	2.984464E0
1.644000E1	2.680703E2	7.118950E-1
1.648000E1	2.691138E2	1.018491E0
1.652000E1	2.708829E2	1.106897E0
1.656000E1	2.724201E2	8.694775E-1
1.660000E1	2.719495E2	9.322821E-1
1.664000E1	2.720922E2	1.064124E0
1.668000E1	2.736362E2	9.982027E-1
1.672000E1	2.737902E2	9.548685E-1
1.676000E1	2.737302E2	1.072085E0
1.680000E1	2.754510E2	1.068339E0
1.684000E1	2.769253E2	3.332383E0
1.688000E1	2.777409E2	3.791609E0
1.692000E1	2.777270E2	3.777325E0
1.696000E1	2.771834E2	2.763019E0
1.700000E1	2.778361E2	4.032941E0
1.704000E1	2.776927E2	3.400469E0
1.708000E1	2.780438E2	2.652771E0
1.712000E1	2.791830E2	1.130085E0
1.716000E1	2.801417E2	1.247968E0
1.720000E1	2.825636E2	1.125544E0
1.724000E1	2.829085E2	8.878079E-1
1.728000E1	2.822380E2	1.041300E0
1.732000E1	2.826753E2	1.128212E0
1.736000E1	2.832933E2	9.857714E-1
1.740000E1	2.831601E2	1.039542E0
1.744000E1	2.831376E2	1.058494E0
1.748000E1	2.831463E2	1.130568E0
1.752000E1	2.842070E2	3.993052E0
1.756000E1	2.843439E2	3.565192E0
1.760000E1	2.843621E2	3.251190E0
1.764000E1	2.840816E2	2.998571E0
1.768000E1	2.845328E2	3.968099E0
1.772000E1	2.845500E2	3.278576E0
1.776000E1	2.856068E2	9.816600E-1
1.780000E1	2.864902E2	1.223039E0
1.784000E1	2.878310E2	1.209674E0
1.788000E1	2.894768E2	1.188258E0
1.792000E1	2.894195E2	1.320147E0
1.796000E1	2.892743E2	1.311863E0
1.800000E1	2.909576E2	1.278256E0
1.804000E1	2.914478E2	1.099658E0
1.808000E1	2.914425E2	1.249047E0
1.812000E1	2.926283E2	1.257176E0
1.816000E1	2.936851E2	2.658376E0
1.820000E1	2.945486E2	3.642473E0
1.824000E1	2.946299E2	3.949961E0
1.828000E1	2.942492E2	2.935740E0
1.832000E1	2.946300E2	3.801658E0
1.836000E1	2.946891E2	3.643982E0
1.840000E1	2.947914E2	2.952532E0
1.844000E1	2.958721E2	1.208435E0
1.848000E1	2.967935E2	1.503382E0
1.852000E1	2.989795E2	1.401215E0
1.856000E1	3.000436E2	1.099385E0
1.860000E1	2.994300E2	1.251092E0
1.864000E1	3.002975E2	1.346976E0
1.868000E1	3.019316E2	1.243677E0
1.872000E1	3.018316E2	1.287029E0
1.876000E1	3.022570E2	1.252512E0
1.880000E1	3.046985E2	1.219197E0
1.884000E1	3.058304E2	4.128501E0
1.888000E1	3.060191E2	3.801678E0
1.892000E1	3.060117E2	3.556477E0
1.896000E1	3.055857E2	3.085147E0
1.900000E1	3.060866E2	4.309394E0
1.904000E1	3.059396E2	3.758764E0
1.908000E1	3.066476E2	1.865796E0
1.912000E1	3.075346E2	1.210912E0
1.916000E1	3.088171E2	1.890882E0
1.920000E1	3.106093E2	1.237153E0
1.924000E1	3.107404E2	1.188448E0
1.928000E1	3.106632E2	1.282061E0
1.932000E1	3.122098E2	1.264210E0
1.936000E1	3.127411E2	1.118684E0
1.940000E1	3.127260E2	1.215108E0
1.944000E1	3.137872E2	1.275508E0
1.948000E1	3.148370E2	2.237613E0
1.952000E1	3.157885E2	3.688474E0
1.956000E1	3.158935E2	4.063494E0
1.960000E1	3.153445E2	2.987061E0
1.964000E1	3.155468E2	3.753567E0
1.968000E1	3.155897E2	3.900668E0
1.972000E1	3.157804E2	3.201182E0
1.976000E1	3.168674E2	1.243486E0
1.980000E1	3.177612E2	1.460855E0
1.984000E1	3.199003E2	1.450528E0
1.988000E1	3.209836E2	1.231424E0
1.992000E1	3.206520E2	1.350013E0
1.996000E1	3.213631E2	1.458349E0
2.000000E1	3.226027E2	1.405573E0
