	mass A		
t	x	y	
0.000000E0	-1.062717E2	-6.536488E1
2.000000E-2	-1.062717E2	-6.536488E1
4.000000E-2	-1.068196E2	-6.465838E1
6.000000E-2	-1.072617E2	-6.396192E1
8.000000E-2	-1.073397E2	-6.324083E1
1.000000E-1	-1.074504E2	-6.248345E1
1.200000E-1	-1.076432E2	-6.178998E1
1.400000E-1	-1.080968E2	-6.095125E1
1.600000E-1	-1.088342E2	-5.947241E1
1.800000E-1	-1.095027E2	-5.805017E1
2.000000E-1	-1.097678E2	-5.820877E1
2.200000E-1	-1.093992E2	-5.821129E1
2.400000E-1	-1.093925E2	-5.826104E1
2.600000E-1	-1.093085E2	-5.823727E1
2.800000E-1	-1.093303E2	-5.805539E1
3.000000E-1	-1.093671E2	-5.776015E1
3.200000E-1	-1.094400E2	-5.775043E1
3.400000E-1	-1.095963E2	-5.757389E1
3.600000E-1	-1.097983E2	-5.711071E1
3.800000E-1	-1.099431E2	-5.705090E1
4.000000E-1	-1.099967E2	-5.716730E1
4.200000E-1	-1.100757E2	-5.728348E1
4.400000E-1	-1.101322E2	-5.681730E1
4.600000E-1	-1.100684E2	-5.653297E1
4.800000E-1	-1.099662E2	-5.642134E1
5.000000E-1	-1.098753E2	-5.604803E1
5.200000E-1	-1.100029E2	-5.538043E1
5.400000E-1	-1.100909E2	-5.523662E1
5.600000E-1	-1.105986E2	-5.475457E1
5.800000E-1	-1.113838E2	-5.378542E1
6.000000E-1	-1.123234E2	-5.233282E1
6.200000E-1	-1.132067E2	-5.071084E1
6.400000E-1	-1.134165E2	-4.980459E1
6.600000E-1	-1.130986E2	-4.918096E1
6.800000E-1	-1.130297E2	-4.883897E1
7.000000E-1	-1.132692E2	-4.858115E1
7.200000E-1	-1.136722E2	-4.834765E1
7.400000E-1	-1.139611E2	-4.807578E1
7.600000E-1	-1.137363E2	-4.785769E1
7.800000E-1	-1.137333E2	-4.774250E1
8.000000E-1	-1.138426E2	-4.770293E1
8.200000E-1	-1.142458E2	-4.758359E1
8.400000E-1	-1.143762E2	-4.734017E1
8.600000E-1	-1.145114E2	-4.676296E1
8.800000E-1	-1.145121E2	-4.673266E1
9.000000E-1	-1.144337E2	-4.673202E1
9.200000E-1	-1.144791E2	-4.662523E1
9.400000E-1	-1.144055E2	-4.649286E1
9.600000E-1	-1.144226E2	-4.617670E1
9.800000E-1	-1.146645E2	-4.547991E1
1.000000E0	-1.148359E2	-4.476357E1
1.020000E0	-1.148378E2	-4.394002E1
1.040000E0	-1.148735E2	-4.336066E1
1.060000E0	-1.150165E2	-4.280816E1
1.080000E0	-1.151777E2	-4.195128E1
1.100000E0	-1.152929E2	-4.036177E1
1.120000E0	-1.157531E2	-3.934826E1
1.140000E0	-1.163037E2	-3.872311E1
1.160000E0	-1.161904E2	-3.879139E1
1.180000E0	-1.159132E2	-3.891560E1
1.200000E0	-1.157132E2	-3.875669E1
1.220000E0	-1.157858E2	-3.897810E1
1.240000E0	-1.157750E2	-3.890068E1
1.260000E0	-1.155475E2	-3.842361E1
1.280000E0	-1.156028E2	-3.841457E1
1.300000E0	-1.159755E2	-3.819332E1
1.320000E0	-1.161044E2	-3.814287E1
1.340000E0	-1.161204E2	-3.814039E1
1.360000E0	-1.161872E2	-3.790354E1
1.380000E0	-1.162444E2	-3.731998E1
1.400000E0	-1.161955E2	-3.724746E1
1.420000E0	-1.160993E2	-3.726163E1
1.440000E0	-1.159459E2	-3.704019E1
1.460000E0	-1.159300E2	-3.696563E1
1.480000E0	-1.159303E2	-3.690223E1
1.500000E0	-1.160136E2	-3.652683E1
1.520000E0	-1.162492E2	-3.561781E1
1.540000E0	-1.170001E2	-3.386210E1
1.560000E0	-1.177094E2	-3.190411E1
1.580000E0	-1.180923E2	-3.031985E1
1.600000E0	-1.181535E2	-2.956529E1
1.620000E0	-1.177848E2	-2.948850E1
1.640000E0	-1.177890E2	-2.949962E1
1.660000E0	-1.181405E2	-2.936307E1
1.680000E0	-1.183533E2	-2.906708E1
1.700000E0	-1.183181E2	-2.856327E1
1.720000E0	-1.181457E2	-2.824220E1
1.740000E0	-1.181459E2	-2.814683E1
1.760000E0	-1.185493E2	-2.794722E1
1.780000E0	-1.186256E2	-2.741508E1
1.800000E0	-1.185202E2	-2.689004E1
1.820000E0	-1.185595E2	-2.682454E1
1.840000E0	-1.186431E2	-2.675408E1
1.860000E0	-1.185530E2	-2.670859E1
1.880000E0	-1.183977E2	-2.654583E1
1.900000E0	-1.183155E2	-2.595385E1
1.920000E0	-1.182524E2	-2.542981E1
1.940000E0	-1.183902E2	-2.455851E1
1.960000E0	-1.182842E2	-2.371426E1
1.980000E0	-1.182910E2	-2.350312E1
2.000000E0	-1.184007E2	-2.289495E1
2.020000E0	-1.181887E2	-2.198089E1
2.040000E0	-1.179626E2	-2.096426E1
2.060000E0	-1.181348E2	-2.019734E1
2.080000E0	-1.183679E2	-1.893370E1
2.100000E0	-1.186783E2	-1.786813E1
2.120000E0	-1.187418E2	-1.787985E1
2.140000E0	-1.185918E2	-1.795481E1
2.160000E0	-1.184174E2	-1.802064E1
2.180000E0	-1.184264E2	-1.810445E1
2.200000E0	-1.182880E2	-1.802646E1
2.220000E0	-1.180865E2	-1.714541E1
2.240000E0	-1.182037E2	-1.723502E1
2.260000E0	-1.184951E2	-1.739066E1
2.280000E0	-1.186679E2	-1.721403E1
2.300000E0	-1.185372E2	-1.677282E1
2.320000E0	-1.184310E2	-1.642414E1
2.340000E0	-1.184057E2	-1.622043E1
2.360000E0	-1.184333E2	-1.609530E1
2.380000E0	-1.184885E2	-1.593099E1
2.400000E0	-1.185029E2	-1.593613E1
2.420000E0	-1.185279E2	-1.596669E1
2.440000E0	-1.184715E2	-1.581947E1
2.460000E0	-1.183227E2	-1.511854E1
2.480000E0	-1.181836E2	-1.427705E1
2.500000E0	-1.183244E2	-1.285017E1
2.520000E0	-1.186379E2	-1.118113E1
2.540000E0	-1.189177E2	-9.318670E0
2.560000E0	-1.192076E2	-8.356562E0
2.580000E0	-1.193592E2	-8.485016E0
2.600000E0	-1.194570E2	-8.970301E0
2.620000E0	-1.195177E2	-8.872549E0
2.640000E0	-1.193422E2	-8.094462E0
2.660000E0	-1.195775E2	-7.749832E0
2.680000E0	-1.195710E2	-7.465764E0
2.700000E0	-1.193339E2	-7.042872E0
2.720000E0	-1.194276E2	-6.272065E0
2.740000E0	-1.194248E2	-5.934000E0
2.760000E0	-1.195587E2	-5.952492E0
2.780000E0	-1.196677E2	-5.863987E0
2.800000E0	-1.195856E2	-5.684284E0
2.820000E0	-1.193605E2	-5.209947E0
2.840000E0	-1.194737E2	-4.933564E0
2.860000E0	-1.194630E2	-4.799921E0
2.880000E0	-1.191754E2	-4.174857E0
2.900000E0	-1.188325E2	-3.505173E0
2.920000E0	-1.190167E2	-2.736442E0
2.940000E0	-1.187116E2	-1.887742E0
2.960000E0	-1.185918E2	-1.265637E0
2.980000E0	-1.185430E2	-1.265308E0
3.000000E0	-1.185228E2	-1.173732E0
3.020000E0	-1.183262E2	-4.439482E-1
3.040000E0	-1.182956E2	3.439156E-1
3.060000E0	-1.181503E2	1.700371E0
3.080000E0	-1.183579E2	2.959926E0
3.100000E0	-1.186345E2	3.039316E0
3.120000E0	-1.185369E2	2.899729E0
3.140000E0	-1.181554E2	2.995077E0
3.160000E0	-1.181599E2	2.932911E0
3.180000E0	-1.181691E2	2.881766E0
3.200000E0	-1.179552E2	3.175954E0
3.220000E0	-1.179536E2	3.275382E0
3.240000E0	-1.178975E2	3.785114E0
3.260000E0	-1.178335E2	4.046025E0
3.280000E0	-1.178264E2	4.245297E0
3.300000E0	-1.178367E2	4.598100E0
3.320000E0	-1.179403E2	4.794166E0
3.340000E0	-1.179881E2	4.755633E0
3.360000E0	-1.183430E2	4.459711E0
3.380000E0	-1.183459E2	4.695874E0
3.400000E0	-1.182126E2	5.227951E0
3.420000E0	-1.177833E2	5.732365E0
3.440000E0	-1.173511E2	6.599686E0
3.460000E0	-1.166794E2	7.680185E0
3.480000E0	-1.164945E2	8.690171E0
3.500000E0	-1.167373E2	9.582391E0
3.520000E0	-1.173890E2	1.029478E1
3.540000E0	-1.175723E2	1.102178E1
3.560000E0	-1.176104E2	1.124357E1
3.580000E0	-1.175553E2	1.124640E1
3.600000E0	-1.174629E2	1.122868E1
3.620000E0	-1.174348E2	1.154361E1
3.640000E0	-1.172399E2	1.231614E1
3.660000E0	-1.172815E2	1.281173E1
3.680000E0	-1.172630E2	1.285151E1
3.700000E0	-1.173168E2	1.292455E1
3.720000E0	-1.173503E2	1.309994E1
3.740000E0	-1.175042E2	1.336670E1
3.760000E0	-1.172284E2	1.407503E1
3.780000E0	-1.170356E2	1.466144E1
3.800000E0	-1.168576E2	1.553402E1
3.820000E0	-1.164727E2	1.612797E1
3.840000E0	-1.161948E2	1.650541E1
3.860000E0	-1.158580E2	1.699254E1
3.880000E0	-1.155085E2	1.750382E1
3.900000E0	-1.153015E2	1.829511E1
3.920000E0	-1.153815E2	1.876165E1
3.940000E0	-1.153464E2	1.879036E1
3.960000E0	-1.153490E2	1.883833E1
3.980000E0	-1.152812E2	1.907585E1
4.000000E0	-1.151296E2	1.953797E1
4.020000E0	-1.148866E2	2.017046E1
4.040000E0	-1.145445E2	2.110714E1
4.060000E0	-1.142478E2	2.242928E1
4.080000E0	-1.140839E2	2.349757E1
4.100000E0	-1.142895E2	2.376421E1
4.120000E0	-1.144116E2	2.340842E1
4.140000E0	-1.141476E2	2.330958E1
4.160000E0	-1.138581E2	2.335801E1
4.180000E0	-1.135997E2	2.374578E1
4.200000E0	-1.133779E2	2.391590E1
4.220000E0	-1.132971E2	2.402973E1
4.240000E0	-1.132138E2	2.424915E1
4.260000E0	-1.133796E2	2.445574E1
4.280000E0	-1.134741E2	2.470786E1
4.300000E0	-1.135443E2	2.524378E1
4.320000E0	-1.134948E2	2.547055E1
4.340000E0	-1.134357E2	2.551541E1
4.360000E0	-1.133510E2	2.567672E1
4.380000E0	-1.130537E2	2.596144E1
4.400000E0	-1.128772E2	2.627696E1
4.420000E0	-1.127278E2	2.634006E1
4.440000E0	-1.126833E2	2.647744E1
4.460000E0	-1.127086E2	2.644484E1
4.480000E0	-1.128021E2	2.663228E1
4.500000E0	-1.125841E2	2.745044E1
4.520000E0	-1.125018E2	2.868687E1
4.540000E0	-1.126547E2	2.982653E1
4.560000E0	-1.127123E2	3.031707E1
4.580000E0	-1.126977E2	3.034418E1
4.600000E0	-1.123249E2	3.039753E1
4.620000E0	-1.122938E2	3.039164E1
4.640000E0	-1.122770E2	3.051219E1
4.660000E0	-1.123075E2	3.090930E1
4.680000E0	-1.119796E2	3.136192E1
4.700000E0	-1.115785E2	3.205773E1
4.720000E0	-1.116107E2	3.250444E1
4.740000E0	-1.112921E2	3.312606E1
4.760000E0	-1.106971E2	3.375920E1
4.780000E0	-1.101936E2	3.461743E1
4.800000E0	-1.095719E2	3.561462E1
4.820000E0	-1.093366E2	3.618802E1
4.840000E0	-1.091732E2	3.624240E1
4.860000E0	-1.088667E2	3.627193E1
4.880000E0	-1.085807E2	3.653088E1
4.900000E0	-1.087826E2	3.676658E1
4.920000E0	-1.087507E2	3.719210E1
4.940000E0	-1.086394E2	3.761787E1
4.960000E0	-1.085306E2	3.782969E1
4.980000E0	-1.084475E2	3.801890E1
5.000000E0	-1.082558E2	3.835956E1
5.020000E0	-1.077893E2	3.892926E1
5.040000E0	-1.074242E2	3.976705E1
5.060000E0	-1.070235E2	4.123067E1
5.080000E0	-1.067826E2	4.222364E1
5.100000E0	-1.066112E2	4.255764E1
5.120000E0	-1.066051E2	4.242909E1
5.140000E0	-1.065947E2	4.234967E1
5.160000E0	-1.066428E2	4.223413E1
5.180000E0	-1.066132E2	4.223790E1
5.200000E0	-1.065636E2	4.226029E1
5.220000E0	-1.066242E2	4.220811E1
5.240000E0	-1.066237E2	4.263453E1
5.260000E0	-1.064593E2	4.314607E1
5.280000E0	-1.061124E2	4.366263E1
5.300000E0	-1.060139E2	4.381498E1
5.320000E0	-1.059080E2	4.385365E1
5.340000E0	-1.058506E2	4.400837E1
5.360000E0	-1.059258E2	4.396448E1
5.380000E0	-1.062493E2	4.389617E1
5.400000E0	-1.059271E2	4.405886E1
5.420000E0	-1.055685E2	4.424584E1
5.440000E0	-1.054329E2	4.449544E1
5.460000E0	-1.053722E2	4.464265E1
5.480000E0	-1.051688E2	4.521065E1
5.500000E0	-1.045557E2	4.637568E1
5.520000E0	-1.041096E2	4.787148E1
5.540000E0	-1.042224E2	4.873640E1
5.560000E0	-1.043632E2	4.895858E1
5.580000E0	-1.044376E2	4.883350E1
5.600000E0	-1.043897E2	4.866594E1
5.620000E0	-1.039427E2	4.899135E1
5.640000E0	-1.035362E2	4.966332E1
5.660000E0	-1.031780E2	5.025005E1
5.680000E0	-1.024934E2	5.081994E1
5.700000E0	-1.019182E2	5.121939E1
5.720000E0	-1.014816E2	5.202983E1
5.740000E0	-1.009651E2	5.263312E1
5.760000E0	-1.003589E2	5.298877E1
5.780000E0	-1.001577E2	5.325861E1
5.800000E0	-1.000191E2	5.351578E1
5.820000E0	-9.984389E1	5.365333E1
5.840000E0	-9.974877E1	5.376308E1
5.860000E0	-9.952178E1	5.382134E1
5.880000E0	-9.918214E1	5.415670E1
5.900000E0	-9.905566E1	5.437653E1
5.920000E0	-9.888859E1	5.458990E1
5.940000E0	-9.867300E1	5.495455E1
5.960000E0	-9.851039E1	5.551581E1
5.980000E0	-9.839355E1	5.574260E1
6.000000E0	-9.823521E1	5.606445E1
6.020000E0	-9.786179E1	5.642104E1
6.040000E0	-9.703901E1	5.730695E1
6.060000E0	-9.615492E1	5.843656E1
6.080000E0	-9.557687E1	5.949518E1
6.100000E0	-9.540104E1	5.996656E1
6.120000E0	-9.549926E1	5.986265E1
6.140000E0	-9.572399E1	5.966813E1
6.160000E0	-9.572104E1	5.969944E1
6.180000E0	-9.531212E1	5.998208E1
6.200000E0	-9.479104E1	6.022080E1
6.220000E0	-9.462504E1	6.037293E1
6.240000E0	-9.443313E1	6.061076E1
6.260000E0	-9.409874E1	6.104912E1
6.280000E0	-9.389861E1	6.161743E1
6.300000E0	-9.437848E1	6.155646E1
6.320000E0	-9.438669E1	6.163307E1
6.340000E0	-9.438898E1	6.167364E1
6.360000E0	-9.430043E1	6.176231E1
6.380000E0	-9.413630E1	6.187431E1
6.400000E0	-9.377293E1	6.216905E1
6.420000E0	-9.361086E1	6.234019E1
6.440000E0	-9.303470E1	6.259178E1
6.460000E0	-9.271410E1	6.274789E1
6.480000E0	-9.268863E1	6.298038E1
6.500000E0	-9.253879E1	6.340079E1
6.520000E0	-9.248749E1	6.418351E1
6.540000E0	-9.198294E1	6.521197E1
6.560000E0	-9.144411E1	6.590561E1
6.580000E0	-9.130484E1	6.590856E1
6.600000E0	-9.069366E1	6.583328E1
6.620000E0	-9.016065E1	6.596456E1
6.640000E0	-8.955395E1	6.664943E1
6.660000E0	-8.886542E1	6.708784E1
6.680000E0	-8.831646E1	6.759772E1
6.700000E0	-8.774581E1	6.800182E1
6.720000E0	-8.732098E1	6.826174E1
6.740000E0	-8.707618E1	6.864903E1
6.760000E0	-8.707574E1	6.878716E1
6.780000E0	-8.704719E1	6.880910E1
6.800000E0	-8.664766E1	6.914103E1
6.820000E0	-8.614627E1	6.947794E1
6.840000E0	-8.593336E1	6.966218E1
6.860000E0	-8.575219E1	6.967912E1
6.880000E0	-8.530141E1	6.980239E1
6.900000E0	-8.486926E1	7.023630E1
6.920000E0	-8.494701E1	7.077480E1
6.940000E0	-8.488661E1	7.095707E1
6.960000E0	-8.447042E1	7.109470E1
6.980000E0	-8.404017E1	7.130707E1
7.000000E0	-8.380665E1	7.163640E1
7.020000E0	-8.318989E1	7.198890E1
7.040000E0	-8.224161E1	7.294335E1
7.060000E0	-8.153172E1	7.382335E1
7.080000E0	-8.123032E1	7.465395E1
7.100000E0	-8.134246E1	7.488793E1
7.120000E0	-8.131242E1	7.482284E1
7.140000E0	-8.087155E1	7.487011E1
7.160000E0	-8.058366E1	7.470188E1
7.180000E0	-8.014805E1	7.473269E1
7.200000E0	-8.000523E1	7.478901E1
7.220000E0	-8.004735E1	7.488070E1
7.240000E0	-8.014930E1	7.502494E1
7.260000E0	-7.996179E1	7.515203E1
7.280000E0	-7.983847E1	7.518284E1
7.300000E0	-7.970439E1	7.548165E1
7.320000E0	-7.954465E1	7.579597E1
7.340000E0	-7.931366E1	7.596331E1
7.360000E0	-7.915408E1	7.622994E1
7.380000E0	-7.882735E1	7.644006E1
7.400000E0	-7.884587E1	7.636011E1
7.420000E0	-7.880167E1	7.633202E1
7.440000E0	-7.837516E1	7.643718E1
7.460000E0	-7.834965E1	7.643382E1
7.480000E0	-7.787624E1	7.685660E1
7.500000E0	-7.716603E1	7.758357E1
7.520000E0	-7.605032E1	7.864783E1
7.540000E0	-7.485337E1	7.973111E1
7.560000E0	-7.430476E1	8.008641E1
7.580000E0	-7.414757E1	8.009774E1
7.600000E0	-7.364113E1	8.001073E1
7.620000E0	-7.286669E1	8.021665E1
7.640000E0	-7.251221E1	8.043265E1
7.660000E0	-7.232608E1	8.047486E1
7.680000E0	-7.184928E1	8.074637E1
7.700000E0	-7.135984E1	8.113707E1
7.720000E0	-7.080364E1	8.154556E1
7.740000E0	-7.069838E1	8.172147E1
7.760000E0	-7.068574E1	8.174940E1
7.780000E0	-7.040299E1	8.202274E1
7.800000E0	-6.961140E1	8.239007E1
7.820000E0	-6.902307E1	8.276530E1
7.840000E0	-6.872839E1	8.311442E1
7.860000E0	-6.866689E1	8.313894E1
7.880000E0	-6.815328E1	8.324670E1
7.900000E0	-6.752350E1	8.343398E1
7.920000E0	-6.745591E1	8.381454E1
7.940000E0	-6.726212E1	8.406261E1
7.960000E0	-6.677882E1	8.419568E1
7.980000E0	-6.643738E1	8.449380E1
8.000000E0	-6.639295E1	8.475022E1
8.020000E0	-6.602926E1	8.509499E1
8.040000E0	-6.520102E1	8.581558E1
8.060000E0	-6.361570E1	8.681999E1
8.080000E0	-6.235051E1	8.775350E1
8.100000E0	-6.233135E1	8.775592E1
8.120000E0	-6.241484E1	8.754789E1
8.140000E0	-6.244552E1	8.749066E1
8.160000E0	-6.276978E1	8.745655E1
8.180000E0	-6.232789E1	8.753032E1
8.200000E0	-6.222812E1	8.755326E1
8.220000E0	-6.212319E1	8.760619E1
8.240000E0	-6.210227E1	8.783147E1
8.260000E0	-6.146411E1	8.819439E1
8.280000E0	-6.097800E1	8.852863E1
8.300000E0	-6.067685E1	8.882251E1
8.320000E0	-6.068214E1	8.881644E1
8.340000E0	-6.078213E1	8.882609E1
8.360000E0	-6.078812E1	8.883480E1
8.380000E0	-6.054798E1	8.884714E1
8.400000E0	-6.015752E1	8.896316E1
8.420000E0	-5.980696E1	8.890165E1
8.440000E0	-5.923098E1	8.897310E1
8.460000E0	-5.862261E1	8.902255E1
8.480000E0	-5.775405E1	8.922030E1
8.500000E0	-5.693267E1	8.971483E1
8.520000E0	-5.563685E1	9.059443E1
8.540000E0	-5.412567E1	9.123747E1
8.560000E0	-5.350181E1	9.162268E1
8.580000E0	-5.348167E1	9.160711E1
8.600000E0	-5.340221E1	9.155379E1
8.620000E0	-5.330684E1	9.168445E1
8.640000E0	-5.281728E1	9.176695E1
8.660000E0	-5.228544E1	9.194980E1
8.680000E0	-5.182650E1	9.214330E1
8.700000E0	-5.136123E1	9.231616E1
8.720000E0	-5.083598E1	9.259295E1
8.740000E0	-5.020501E1	9.285587E1
8.760000E0	-4.978124E1	9.308139E1
8.780000E0	-4.938172E1	9.351946E1
8.800000E0	-4.884316E1	9.374943E1
8.820000E0	-4.794631E1	9.377202E1
8.840000E0	-4.760623E1	9.386358E1
8.860000E0	-4.753404E1	9.376390E1
8.880000E0	-4.739489E1	9.366538E1
8.900000E0	-4.715168E1	9.388756E1
8.920000E0	-4.684191E1	9.439820E1
8.940000E0	-4.661736E1	9.478089E1
8.960000E0	-4.623587E1	9.499770E1
8.980000E0	-4.574684E1	9.511249E1
9.000000E0	-4.467739E1	9.534678E1
9.020000E0	-4.323447E1	9.563629E1
9.040000E0	-4.128792E1	9.616308E1
9.060000E0	-3.987244E1	9.694698E1
9.080000E0	-3.993376E1	9.732915E1
9.100000E0	-4.032541E1	9.724432E1
9.120000E0	-4.023938E1	9.726862E1
9.140000E0	-4.015985E1	9.725567E1
9.160000E0	-4.002758E1	9.721929E1
9.180000E0	-3.975157E1	9.710744E1
9.200000E0	-3.934770E1	9.706688E1
9.220000E0	-3.893787E1	9.732471E1
9.240000E0	-3.846370E1	9.765312E1
9.260000E0	-3.850310E1	9.770900E1
9.280000E0	-3.850930E1	9.775501E1
9.300000E0	-3.841718E1	9.786633E1
9.320000E0	-3.828166E1	9.785339E1
9.340000E0	-3.808060E1	9.778500E1
9.360000E0	-3.762629E1	9.785788E1
9.380000E0	-3.702364E1	9.784022E1
9.400000E0	-3.659093E1	9.777432E1
9.420000E0	-3.597150E1	9.770793E1
9.440000E0	-3.517757E1	9.763734E1
9.460000E0	-3.405686E1	9.749329E1
9.480000E0	-3.303225E1	9.762960E1
9.500000E0	-3.237132E1	9.806185E1
9.520000E0	-3.171178E1	9.869535E1
9.540000E0	-3.092262E1	9.891774E1
9.560000E0	-3.090187E1	9.882833E1
9.580000E0	-3.087988E1	9.863106E1
9.600000E0	-3.062573E1	9.863622E1
9.620000E0	-3.010907E1	9.876058E1
9.640000E0	-2.960675E1	9.882270E1
9.660000E0	-2.887745E1	9.881371E1
9.680000E0	-2.803336E1	9.908261E1
9.700000E0	-2.722093E1	9.955419E1
9.720000E0	-2.674453E1	9.968327E1
9.740000E0	-2.636991E1	9.966305E1
9.760000E0	-2.578132E1	9.963585E1
9.780000E0	-2.527263E1	9.986678E1
9.800000E0	-2.442284E1	9.983855E1
9.820000E0	-2.389892E1	9.985701E1
9.840000E0	-2.360490E1	9.976284E1
9.860000E0	-2.345564E1	9.989165E1
9.880000E0	-2.325916E1	1.000634E2
9.900000E0	-2.283636E1	1.002332E2
9.920000E0	-2.197322E1	1.005159E2
9.940000E0	-2.105584E1	1.006851E2
9.960000E0	-2.030449E1	1.006453E2
9.980000E0	-1.962951E1	1.005716E2
1.000000E1	-1.898878E1	1.006056E2
1.002000E1	-1.870263E1	1.008538E2
1.004000E1	-1.797710E1	1.012523E2
1.006000E1	-1.723191E1	1.016503E2
1.008000E1	-1.670493E1	1.019359E2
1.010000E1	-1.674826E1	1.019464E2
1.012000E1	-1.647903E1	1.019078E2
1.014000E1	-1.635105E1	1.018055E2
1.016000E1	-1.590596E1	1.017869E2
1.018000E1	-1.585141E1	1.016845E2
1.020000E1	-1.592328E1	1.016500E2
1.022000E1	-1.585054E1	1.016616E2
1.024000E1	-1.544654E1	1.017667E2
1.026000E1	-1.506205E1	1.018058E2
1.028000E1	-1.489703E1	1.018345E2
1.030000E1	-1.435148E1	1.018795E2
1.032000E1	-1.385562E1	1.017751E2
1.034000E1	-1.382238E1	1.016404E2
1.036000E1	-1.382733E1	1.016117E2
1.038000E1	-1.334772E1	1.016208E2
1.040000E1	-1.247515E1	1.012282E2
1.042000E1	-1.176866E1	1.007222E2
1.044000E1	-1.163932E1	1.006843E2
1.046000E1	-1.139181E1	1.006745E2
1.048000E1	-1.076709E1	1.008056E2
1.050000E1	-9.801907E0	1.010490E2
1.052000E1	-8.598675E0	1.014206E2
1.054000E1	-7.784191E0	1.015134E2
1.056000E1	-7.791257E0	1.014909E2
1.058000E1	-7.923812E0	1.011463E2
1.060000E1	-7.777803E0	1.009827E2
1.062000E1	-7.186298E0	1.011481E2
1.064000E1	-6.415599E0	1.013647E2
1.066000E1	-5.932539E0	1.013794E2
1.068000E1	-5.117937E0	1.011274E2
1.070000E1	-4.146309E0	1.010646E2
1.072000E1	-3.671786E0	1.011484E2
1.074000E1	-3.253822E0	1.010287E2
1.076000E1	-2.780272E0	1.010119E2
1.078000E1	-1.875815E0	1.012633E2
1.080000E1	-1.037613E0	1.015232E2
1.082000E1	-9.785326E-1	1.015655E2
1.084000E1	-9.906660E-1	1.015685E2
1.086000E1	-8.156689E-1	1.015224E2
1.088000E1	1.695696E-2	1.012976E2
1.090000E1	1.050716E0	1.013452E2
1.092000E1	2.227456E0	1.012679E2
1.094000E1	2.543394E0	1.013794E2
1.096000E1	2.362405E0	1.015589E2
1.098000E1	2.453293E0	1.016070E2
1.100000E1	2.980983E0	1.016379E2
1.102000E1	3.666337E0	1.016057E2
1.104000E1	4.652870E0	1.018460E2
1.106000E1	5.992306E0	1.020007E2
1.108000E1	6.766033E0	1.021617E2
1.110000E1	6.892440E0	1.021091E2
1.112000E1	6.667632E0	1.020969E2
1.114000E1	6.560892E0	1.020981E2
1.116000E1	6.635180E0	1.020449E2
1.118000E1	6.726768E0	1.020063E2
1.120000E1	7.074969E0	1.017650E2
1.122000E1	7.244543E0	1.017656E2
1.124000E1	7.813133E0	1.016535E2
1.126000E1	8.559414E0	1.013586E2
1.128000E1	8.638294E0	1.014353E2
1.130000E1	8.780177E0	1.014816E2
1.132000E1	9.044422E0	1.014851E2
1.134000E1	9.470466E0	1.011383E2
1.136000E1	9.511423E0	1.010564E2
1.138000E1	9.672685E0	1.008084E2
1.140000E1	1.000677E1	1.008153E2
1.142000E1	1.011602E1	1.005625E2
1.144000E1	1.057983E1	1.001362E2
1.146000E1	1.082766E1	1.001009E2
1.148000E1	1.124493E1	1.001441E2
1.150000E1	1.210524E1	1.000664E2
1.152000E1	1.332648E1	1.001418E2
1.154000E1	1.453054E1	1.000460E2
1.156000E1	1.501627E1	1.001114E2
1.158000E1	1.504924E1	1.000271E2
1.160000E1	1.518523E1	9.990951E1
1.162000E1	1.580039E1	9.956442E1
1.164000E1	1.665292E1	9.942193E1
1.166000E1	1.722361E1	9.932485E1
1.168000E1	1.779307E1	9.887878E1
1.170000E1	1.837522E1	9.886449E1
1.172000E1	1.899089E1	9.898209E1
1.174000E1	1.940651E1	9.914802E1
1.176000E1	1.972399E1	9.923846E1
1.178000E1	2.008851E1	9.915732E1
1.180000E1	2.091082E1	9.890700E1
1.182000E1	2.171435E1	9.855544E1
1.184000E1	2.220051E1	9.829524E1
1.186000E1	2.241263E1	9.808477E1
1.188000E1	2.258917E1	9.793942E1
1.190000E1	2.298238E1	9.820494E1
1.192000E1	2.345068E1	9.840690E1
1.194000E1	2.381911E1	9.849852E1
1.196000E1	2.404458E1	9.837744E1
1.198000E1	2.443762E1	9.845909E1
1.200000E1	2.491057E1	9.845902E1
1.202000E1	2.541138E1	9.831986E1
1.204000E1	2.672920E1	9.786554E1
1.206000E1	2.791364E1	9.795708E1
1.208000E1	2.817956E1	9.828918E1
1.210000E1	2.817228E1	9.831687E1
1.212000E1	2.821573E1	9.830536E1
1.214000E1	2.842933E1	9.806203E1
1.216000E1	2.852574E1	9.781917E1
1.218000E1	2.870981E1	9.737614E1
1.220000E1	2.894235E1	9.723440E1
1.222000E1	2.906385E1	9.714810E1
1.224000E1	2.962175E1	9.705741E1
1.226000E1	3.026676E1	9.684294E1
1.228000E1	3.072226E1	9.642835E1
1.230000E1	3.073797E1	9.646038E1
1.232000E1	3.075977E1	9.643248E1
1.234000E1	3.089827E1	9.637800E1
1.236000E1	3.087349E1	9.637032E1
1.238000E1	3.106316E1	9.615392E1
1.240000E1	3.137463E1	9.605840E1
1.242000E1	3.149360E1	9.577331E1
1.244000E1	3.193232E1	9.529015E1
1.246000E1	3.218247E1	9.495351E1
1.248000E1	3.277098E1	9.475689E1
1.250000E1	3.380063E1	9.466136E1
1.252000E1	3.476542E1	9.485772E1
1.254000E1	3.578068E1	9.464491E1
1.256000E1	3.634518E1	9.426876E1
1.258000E1	3.638418E1	9.399503E1
1.260000E1	3.647434E1	9.380051E1
1.262000E1	3.709632E1	9.325266E1
1.264000E1	3.779867E1	9.308419E1
1.266000E1	3.834734E1	9.318789E1
1.268000E1	3.884077E1	9.325496E1
1.270000E1	3.924545E1	9.321376E1
1.272000E1	3.973006E1	9.316198E1
1.274000E1	4.067665E1	9.251481E1
1.276000E1	4.174273E1	9.180910E1
1.278000E1	4.286333E1	9.107164E1
1.280000E1	4.365895E1	9.061450E1
1.282000E1	4.363227E1	9.059174E1
1.284000E1	4.358649E1	9.058225E1
1.286000E1	4.359399E1	9.060616E1
1.288000E1	4.378243E1	9.052510E1
1.290000E1	4.417398E1	9.049480E1
1.292000E1	4.479914E1	9.059621E1
1.294000E1	4.547415E1	9.047024E1
1.296000E1	4.585335E1	9.023444E1
1.298000E1	4.634041E1	8.989876E1
1.300000E1	4.636572E1	8.982689E1
1.302000E1	4.632519E1	8.977837E1
1.304000E1	4.674093E1	8.980931E1
1.306000E1	4.781048E1	8.942388E1
1.308000E1	4.892757E1	8.903271E1
1.310000E1	4.931882E1	8.899211E1
1.312000E1	4.919181E1	8.882415E1
1.314000E1	4.915858E1	8.855460E1
1.316000E1	4.918582E1	8.851954E1
1.318000E1	4.955646E1	8.809789E1
1.320000E1	4.977011E1	8.767962E1
1.322000E1	4.995783E1	8.738651E1
1.324000E1	5.024331E1	8.728771E1
1.326000E1	5.036266E1	8.719313E1
1.328000E1	5.077381E1	8.717163E1
1.330000E1	5.086725E1	8.705698E1
1.332000E1	5.099121E1	8.693207E1
1.334000E1	5.094003E1	8.694005E1
1.336000E1	5.085320E1	8.703408E1
1.338000E1	5.097418E1	8.688827E1
1.340000E1	5.129538E1	8.641347E1
1.342000E1	5.147924E1	8.611050E1
1.344000E1	5.167399E1	8.598747E1
1.346000E1	5.169825E1	8.595910E1
1.348000E1	5.204079E1	8.555586E1
1.350000E1	5.312221E1	8.494382E1
1.352000E1	5.451871E1	8.455213E1
1.354000E1	5.572246E1	8.408489E1
1.356000E1	5.636633E1	8.353349E1
1.358000E1	5.638226E1	8.352496E1
1.360000E1	5.655049E1	8.359426E1
1.362000E1	5.697970E1	8.369025E1
1.364000E1	5.709087E1	8.344960E1
1.366000E1	5.760208E1	8.304867E1
1.368000E1	5.828000E1	8.232872E1
1.370000E1	5.918479E1	8.152347E1
1.372000E1	6.015878E1	8.087980E1
1.374000E1	6.045234E1	8.046495E1
1.376000E1	6.059833E1	8.059514E1
1.378000E1	6.108785E1	8.066404E1
1.380000E1	6.140113E1	8.043386E1
1.382000E1	6.147620E1	8.022298E1
1.384000E1	6.138373E1	8.014789E1
1.386000E1	6.139451E1	8.002562E1
1.388000E1	6.179524E1	7.993904E1
1.390000E1	6.245652E1	7.921497E1
1.392000E1	6.308085E1	7.910863E1
1.394000E1	6.325018E1	7.910576E1
1.396000E1	6.334078E1	7.916769E1
1.398000E1	6.352570E1	7.911582E1
1.400000E1	6.394494E1	7.876974E1
1.402000E1	6.443057E1	7.830279E1
1.404000E1	6.514705E1	7.765170E1
1.406000E1	6.655041E1	7.650092E1
1.408000E1	6.778645E1	7.574281E1
1.410000E1	6.813539E1	7.583367E1
1.412000E1	6.784547E1	7.586456E1
1.414000E1	6.783373E1	7.520889E1
1.416000E1	6.782622E1	7.519197E1
1.418000E1	6.793352E1	7.489886E1
1.420000E1	6.825370E1	7.440253E1
1.422000E1	6.834556E1	7.456353E1
1.424000E1	6.840800E1	7.453341E1
1.426000E1	6.862604E1	7.449454E1
1.428000E1	6.897850E1	7.441896E1
1.430000E1	6.916000E1	7.423387E1
1.432000E1	6.924418E1	7.404428E1
1.434000E1	6.922601E1	7.403329E1
1.436000E1	6.912717E1	7.431323E1
1.438000E1	6.901689E1	7.452461E1
1.440000E1	6.926012E1	7.442864E1
1.442000E1	6.936868E1	7.366322E1
1.444000E1	6.969970E1	7.266910E1
1.446000E1	7.009167E1	7.230346E1
1.448000E1	7.064183E1	7.171802E1
1.450000E1	7.138392E1	7.108709E1
1.452000E1	7.229707E1	7.091271E1
1.454000E1	7.346393E1	7.069592E1
1.456000E1	7.417787E1	7.044587E1
1.458000E1	7.452543E1	7.012555E1
1.460000E1	7.455512E1	6.950670E1
1.462000E1	7.481934E1	6.874947E1
1.464000E1	7.550119E1	6.799091E1
1.466000E1	7.607080E1	6.767115E1
1.468000E1	7.620133E1	6.751782E1
1.470000E1	7.658399E1	6.749571E1
1.472000E1	7.699656E1	6.742178E1
1.474000E1	7.711673E1	6.732915E1
1.476000E1	7.719391E1	6.710359E1
1.478000E1	7.724245E1	6.705271E1
1.480000E1	7.760127E1	6.701570E1
1.482000E1	7.781159E1	6.678472E1
1.484000E1	7.796034E1	6.606240E1
1.486000E1	7.788346E1	6.606041E1
1.488000E1	7.789190E1	6.608238E1
1.490000E1	7.800074E1	6.607496E1
1.492000E1	7.818599E1	6.606722E1
1.494000E1	7.890762E1	6.550305E1
1.496000E1	7.946503E1	6.510469E1
1.498000E1	7.971525E1	6.469057E1
1.500000E1	7.996479E1	6.386663E1
1.502000E1	8.050787E1	6.312669E1
1.504000E1	8.124092E1	6.223076E1
1.506000E1	8.254223E1	6.091044E1
1.508000E1	8.347845E1	5.985749E1
1.510000E1	8.346268E1	6.005216E1
1.512000E1	8.299906E1	6.006183E1
1.514000E1	8.301453E1	6.001236E1
1.516000E1	8.292272E1	6.002851E1
1.518000E1	8.298817E1	5.956135E1
1.520000E1	8.305493E1	5.938337E1
1.522000E1	8.317576E1	5.951440E1
1.524000E1	8.352796E1	5.949805E1
1.526000E1	8.365863E1	5.889773E1
1.528000E1	8.381264E1	5.877794E1
1.530000E1	8.411595E1	5.888581E1
1.532000E1	8.405867E1	5.904197E1
1.534000E1	8.403695E1	5.900302E1
1.536000E1	8.407773E1	5.867124E1
1.538000E1	8.417396E1	5.833022E1
1.540000E1	8.426340E1	5.822104E1
1.542000E1	8.429212E1	5.771594E1
1.544000E1	8.451174E1	5.717520E1
1.546000E1	8.454578E1	5.711112E1
1.548000E1	8.479281E1	5.703863E1
1.550000E1	8.546447E1	5.644403E1
1.552000E1	8.673558E1	5.530661E1
1.554000E1	8.821791E1	5.377492E1
1.556000E1	8.935188E1	5.236533E1
1.558000E1	8.958778E1	5.165253E1
1.560000E1	8.934973E1	5.143835E1
1.562000E1	8.941612E1	5.135529E1
1.564000E1	8.981184E1	5.127127E1
1.566000E1	9.023081E1	5.104418E1
1.568000E1	9.034874E1	5.053882E1
1.570000E1	9.037228E1	5.024951E1
1.572000E1	9.061094E1	5.016316E1
1.574000E1	9.108151E1	5.016852E1
1.576000E1	9.120379E1	4.969541E1
1.578000E1	9.132860E1	4.918007E1
1.580000E1	9.143416E1	4.909208E1
1.582000E1	9.152026E1	4.901389E1
1.584000E1	9.148098E1	4.901362E1
1.586000E1	9.140578E1	4.892469E1
1.588000E1	9.157596E1	4.838936E1
1.590000E1	9.180054E1	4.794943E1
1.592000E1	9.222108E1	4.732620E1
1.594000E1	9.244265E1	4.650344E1
1.596000E1	9.264644E1	4.625345E1
1.598000E1	9.285664E1	4.574836E1
1.600000E1	9.323564E1	4.493754E1
1.602000E1	9.353717E1	4.397075E1
1.604000E1	9.407484E1	4.317772E1
1.606000E1	9.485244E1	4.207353E1
1.608000E1	9.553605E1	4.143038E1
1.610000E1	9.554111E1	4.148694E1
1.612000E1	9.544950E1	4.138856E1
1.614000E1	9.537373E1	4.138035E1
1.616000E1	9.540381E1	4.155857E1
1.618000E1	9.527752E1	4.135941E1
1.620000E1	9.518038E1	4.058800E1
1.622000E1	9.541186E1	4.076755E1
1.624000E1	9.566193E1	4.089167E1
1.626000E1	9.572231E1	4.086642E1
1.628000E1	9.579653E1	4.047380E1
1.630000E1	9.600345E1	3.987232E1
1.632000E1	9.613687E1	3.968685E1
1.634000E1	9.614259E1	3.962104E1
1.636000E1	9.612283E1	3.954808E1
1.638000E1	9.613414E1	3.947870E1
1.640000E1	9.621583E1	3.951275E1
1.642000E1	9.620592E1	3.950496E1
1.644000E1	9.622265E1	3.909308E1
1.646000E1	9.639199E1	3.838760E1
1.648000E1	9.664899E1	3.749292E1
1.650000E1	9.731715E1	3.618876E1
1.652000E1	9.823684E1	3.470006E1
1.654000E1	9.944858E1	3.331385E1
1.656000E1	1.000566E2	3.277025E1
1.658000E1	1.001416E2	3.318261E1
1.660000E1	9.992909E1	3.359671E1
1.662000E1	9.992542E1	3.336891E1
1.664000E1	1.001257E2	3.258310E1
1.666000E1	1.005586E2	3.254188E1
1.668000E1	1.006608E2	3.220738E1
1.670000E1	1.006798E2	3.138270E1
1.672000E1	1.011551E2	3.088384E1
1.674000E1	1.011942E2	3.077110E1
1.676000E1	1.013205E2	3.079614E1
1.678000E1	1.013109E2	3.072418E1
1.680000E1	1.013697E2	3.037794E1
1.682000E1	1.014962E2	2.994542E1
1.684000E1	1.016205E2	2.973429E1
1.686000E1	1.015647E2	2.942889E1
1.688000E1	1.015591E2	2.879623E1
1.690000E1	1.016732E2	2.805231E1
1.692000E1	1.019350E2	2.721852E1
1.694000E1	1.021707E2	2.635943E1
1.696000E1	1.021661E2	2.619193E1
1.698000E1	1.022042E2	2.616532E1
1.700000E1	1.023510E2	2.581502E1
1.702000E1	1.025272E2	2.510461E1
1.704000E1	1.026964E2	2.431129E1
1.706000E1	1.032232E2	2.304225E1
1.708000E1	1.039752E2	2.207608E1
1.710000E1	1.043504E2	2.212676E1
1.712000E1	1.040688E2	2.210709E1
1.714000E1	1.040001E2	2.177989E1
1.716000E1	1.040392E2	2.206727E1
1.718000E1	1.040595E2	2.208156E1
1.720000E1	1.038963E2	2.161415E1
1.722000E1	1.039260E2	2.149019E1
1.724000E1	1.040152E2	2.119849E1
1.726000E1	1.041041E2	2.099871E1
1.728000E1	1.040840E2	2.077040E1
1.730000E1	1.042379E2	2.018357E1
1.732000E1	1.044552E2	2.006571E1
1.734000E1	1.045908E2	2.035627E1
1.736000E1	1.046358E2	2.060825E1
1.738000E1	1.046330E2	2.056088E1
1.740000E1	1.047459E2	2.002757E1
1.742000E1	1.046758E2	1.968712E1
1.744000E1	1.044266E2	1.886232E1
1.746000E1	1.043094E2	1.764731E1
1.748000E1	1.044089E2	1.680326E1
1.750000E1	1.048018E2	1.647138E1
1.752000E1	1.054189E2	1.634711E1
1.754000E1	1.060451E2	1.574187E1
1.756000E1	1.063911E2	1.481601E1
1.758000E1	1.068068E2	1.454020E1
1.760000E1	1.067523E2	1.456304E1
1.762000E1	1.065257E2	1.441593E1
1.764000E1	1.066125E2	1.392847E1
1.766000E1	1.067646E2	1.340473E1
1.768000E1	1.068038E2	1.335066E1
1.770000E1	1.069167E2	1.309001E1
1.772000E1	1.069200E2	1.299249E1
1.774000E1	1.070534E2	1.254291E1
1.776000E1	1.072606E2	1.192685E1
1.778000E1	1.072405E2	1.135625E1
1.780000E1	1.073241E2	1.063191E1
1.782000E1	1.074221E2	9.767722E0
1.784000E1	1.074551E2	8.990501E0
1.786000E1	1.071906E2	8.550885E0
1.788000E1	1.072090E2	8.225654E0
1.790000E1	1.072514E2	7.651741E0
1.792000E1	1.072525E2	7.094912E0
1.794000E1	1.073732E2	6.851084E0
1.796000E1	1.075508E2	6.661794E0
1.798000E1	1.075534E2	6.424317E0
1.800000E1	1.075801E2	6.124606E0
1.802000E1	1.076706E2	5.442997E0
1.804000E1	1.077634E2	4.729017E0
1.806000E1	1.078432E2	3.862325E0
1.808000E1	1.081570E2	2.357757E0
1.810000E1	1.086075E2	1.379006E0
1.812000E1	1.089354E2	1.571593E0
1.814000E1	1.087649E2	1.839689E0
1.816000E1	1.084093E2	1.610321E0
1.818000E1	1.083860E2	1.590672E0
1.820000E1	1.082442E2	1.355998E0
1.822000E1	1.081661E2	9.123560E-1
1.824000E1	1.081284E2	9.115507E-1
1.826000E1	1.082292E2	9.279129E-1
1.828000E1	1.087003E2	8.164871E-1
1.830000E1	1.088363E2	1.399961E-1
1.832000E1	1.089246E2	-2.564730E-2
1.834000E1	1.089053E2	-2.798582E-1
1.836000E1	1.089308E2	-4.281168E-1
1.838000E1	1.089317E2	-4.605788E-1
1.840000E1	1.088078E2	-9.630283E-1
1.842000E1	1.088034E2	-9.522681E-1
1.844000E1	1.087870E2	-9.312247E-1
1.846000E1	1.087483E2	-1.152487E0
1.848000E1	1.087196E2	-1.320609E0
1.850000E1	1.088658E2	-1.657983E0
1.852000E1	1.090217E2	-2.462125E0
1.854000E1	1.093840E2	-3.659544E0
1.856000E1	1.101287E2	-4.834302E0
1.858000E1	1.103855E2	-6.087886E0
1.860000E1	1.104181E2	-6.183444E0
1.862000E1	1.103192E2	-5.644710E0
1.864000E1	1.102549E2	-5.582059E0
1.866000E1	1.103227E2	-5.865229E0
1.868000E1	1.103877E2	-6.543694E0
1.870000E1	1.101769E2	-7.347881E0
1.872000E1	1.101662E2	-8.008207E0
1.874000E1	1.102953E2	-8.624114E0
1.876000E1	1.103380E2	-9.310389E0
1.878000E1	1.100709E2	-1.014294E1
1.880000E1	1.097251E2	-1.095023E1
1.882000E1	1.097996E2	-1.176044E1
1.884000E1	1.095738E2	-1.203165E1
1.886000E1	1.094979E2	-1.214023E1
1.888000E1	1.092609E2	-1.232102E1
1.890000E1	1.093675E2	-1.236309E1
1.892000E1	1.094073E2	-1.256041E1
1.894000E1	1.094482E2	-1.311577E1
1.896000E1	1.096035E2	-1.356038E1
1.898000E1	1.096650E2	-1.389058E1
1.900000E1	1.095608E2	-1.430709E1
1.902000E1	1.095245E2	-1.497923E1
1.904000E1	1.095713E2	-1.561804E1
1.906000E1	1.097410E2	-1.635620E1
1.908000E1	1.096696E2	-1.785579E1
1.910000E1	1.096738E2	-1.937122E1
1.912000E1	1.097751E2	-1.984250E1
1.914000E1	1.097601E2	-1.937544E1
1.916000E1	1.096396E2	-1.944937E1
1.918000E1	1.095699E2	-1.952587E1
1.920000E1	1.096384E2	-1.926193E1
1.922000E1	1.096200E2	-1.933065E1
1.924000E1	1.096031E2	-1.942464E1
1.926000E1	1.096205E2	-1.992598E1
1.928000E1	1.096718E2	-2.061105E1
1.930000E1	1.095544E2	-2.126359E1
1.932000E1	1.094164E2	-2.156955E1
1.934000E1	1.095397E2	-2.159823E1
1.936000E1	1.097138E2	-2.158323E1
1.938000E1	1.099548E2	-2.129412E1
1.940000E1	1.098881E2	-2.131233E1
1.942000E1	1.096455E2	-2.153285E1
1.944000E1	1.093972E2	-2.181948E1
1.946000E1	1.093423E2	-2.200373E1
1.948000E1	1.092166E2	-2.236461E1
1.950000E1	1.090527E2	-2.302216E1
1.952000E1	1.088554E2	-2.395226E1
1.954000E1	1.090711E2	-2.452180E1
1.956000E1	1.094098E2	-2.499192E1
1.958000E1	1.096740E2	-2.565383E1
1.960000E1	1.097982E2	-2.598427E1
1.962000E1	1.096432E2	-2.602044E1
1.964000E1	1.091926E2	-2.610549E1
1.966000E1	1.088777E2	-2.689621E1
1.968000E1	1.086119E2	-2.784175E1
1.970000E1	1.086847E2	-2.846803E1
1.972000E1	1.084455E2	-2.924659E1
1.974000E1	1.079114E2	-3.016005E1
1.976000E1	1.078991E2	-3.081027E1
1.978000E1	1.078565E2	-3.088652E1
1.980000E1	1.074671E2	-3.117233E1
1.982000E1	1.075690E2	-3.136290E1
1.984000E1	1.076408E2	-3.187432E1
1.986000E1	1.074229E2	-3.205088E1
1.988000E1	1.072872E2	-3.241659E1
1.990000E1	1.072875E2	-3.247222E1
1.992000E1	1.069817E2	-3.279009E1
1.994000E1	1.066393E2	-3.338694E1
1.996000E1	1.067666E2	-3.371936E1
1.998000E1	1.070687E2	-3.426049E1
2.000000E1	1.070798E2	-3.460225E1
2.002000E1	1.070342E2	-3.481618E1
2.004000E1	1.068161E2	-3.541843E1
2.006000E1	1.066358E2	-3.598491E1
2.008000E1	1.063410E2	-3.690574E1
2.010000E1	1.058038E2	-3.863920E1
2.012000E1	1.059402E2	-3.974660E1
2.014000E1	1.062439E2	-3.988271E1
2.016000E1	1.062608E2	-3.989258E1
2.018000E1	1.061625E2	-3.999821E1
2.020000E1	1.057385E2	-4.007398E1
2.022000E1	1.054488E2	-4.047594E1
2.024000E1	1.053023E2	-4.067811E1
2.026000E1	1.052712E2	-4.076271E1
2.028000E1	1.054042E2	-4.104430E1
2.030000E1	1.055207E2	-4.119660E1
2.032000E1	1.055390E2	-4.127332E1
2.034000E1	1.054637E2	-4.157814E1
2.036000E1	1.055390E2	-4.178948E1
2.038000E1	1.055345E2	-4.197092E1
2.040000E1	1.055510E2	-4.214550E1
2.042000E1	1.053844E2	-4.264929E1
2.044000E1	1.053037E2	-4.313453E1
2.046000E1	1.051179E2	-4.321610E1
2.048000E1	1.049642E2	-4.327195E1
2.050000E1	1.049791E2	-4.334752E1
2.052000E1	1.049285E2	-4.347297E1
2.054000E1	1.046453E2	-4.423812E1
2.056000E1	1.045544E2	-4.545730E1
2.058000E1	1.044024E2	-4.696856E1
2.060000E1	1.037712E2	-4.828914E1
2.062000E1	1.035912E2	-4.853590E1
2.064000E1	1.034177E2	-4.848416E1
2.066000E1	1.028855E2	-4.868158E1
2.068000E1	1.025232E2	-4.957183E1
2.070000E1	1.022712E2	-5.007143E1
2.072000E1	1.019038E2	-5.032380E1
2.074000E1	1.017711E2	-5.096584E1
2.076000E1	1.017818E2	-5.153462E1
2.078000E1	1.016807E2	-5.174769E1
2.080000E1	1.015803E2	-5.190903E1
2.082000E1	1.015433E2	-5.207662E1
2.084000E1	1.013716E2	-5.262528E1
2.086000E1	1.009450E2	-5.326811E1
2.088000E1	1.006625E2	-5.353497E1
2.090000E1	1.006061E2	-5.385341E1
2.092000E1	1.004269E2	-5.412146E1
2.094000E1	1.003664E2	-5.424611E1
2.096000E1	1.001283E2	-5.490103E1
2.098000E1	1.001618E2	-5.511303E1
2.100000E1	1.001490E2	-5.553226E1
2.102000E1	9.979493E1	-5.594913E1
2.104000E1	9.945688E1	-5.671851E1
2.106000E1	9.938991E1	-5.701237E1
2.108000E1	9.918700E1	-5.782791E1
2.110000E1	9.872851E1	-5.905585E1
2.112000E1	9.822786E1	-6.072081E1
2.114000E1	9.801341E1	-6.151103E1
2.116000E1	9.805685E1	-6.133279E1
2.118000E1	9.782234E1	-6.113627E1
2.120000E1	9.778920E1	-6.114213E1
2.122000E1	9.781685E1	-6.116835E1
2.124000E1	9.782132E1	-6.115331E1
2.126000E1	9.774076E1	-6.122077E1
2.128000E1	9.780095E1	-6.129921E1
2.130000E1	9.770505E1	-6.163512E1
2.132000E1	9.748022E1	-6.228753E1
2.134000E1	9.744160E1	-6.261139E1
2.136000E1	9.729184E1	-6.329796E1
2.138000E1	9.732542E1	-6.328665E1
2.140000E1	9.740818E1	-6.316283E1
2.142000E1	9.738037E1	-6.322925E1
2.144000E1	9.716874E1	-6.327808E1
2.146000E1	9.684897E1	-6.343939E1
2.148000E1	9.655728E1	-6.372508E1
2.150000E1	9.618202E1	-6.405824E1
2.152000E1	9.564796E1	-6.462063E1
2.154000E1	9.502757E1	-6.559461E1
2.156000E1	9.475273E1	-6.658824E1
2.158000E1	9.432962E1	-6.796681E1
2.160000E1	9.354167E1	-6.893199E1
2.162000E1	9.314546E1	-6.914335E1
2.164000E1	9.316732E1	-6.911792E1
2.166000E1	9.307841E1	-6.916769E1
2.168000E1	9.299773E1	-6.949370E1
2.170000E1	9.257605E1	-6.983085E1
2.172000E1	9.222485E1	-7.029350E1
2.174000E1	9.190019E1	-7.095663E1
2.176000E1	9.166417E1	-7.167582E1
2.178000E1	9.130147E1	-7.186430E1
2.180000E1	9.088025E1	-7.207278E1
2.182000E1	9.074320E1	-7.258416E1
2.184000E1	9.067422E1	-7.330038E1
2.186000E1	9.046879E1	-7.374047E1
2.188000E1	8.997933E1	-7.390763E1
2.190000E1	8.952151E1	-7.404333E1
2.192000E1	8.948903E1	-7.421333E1
2.194000E1	8.912699E1	-7.444671E1
2.196000E1	8.916169E1	-7.483337E1
2.198000E1	8.914820E1	-7.527952E1
2.200000E1	8.918681E1	-7.558988E1
2.202000E1	8.924371E1	-7.604096E1
2.204000E1	8.890327E1	-7.628908E1
2.206000E1	8.833352E1	-7.688379E1
2.208000E1	8.712667E1	-7.800367E1
2.210000E1	8.595606E1	-7.974450E1
2.212000E1	8.527226E1	-8.092495E1
2.214000E1	8.549339E1	-8.125560E1
2.216000E1	8.585474E1	-8.105562E1
2.218000E1	8.579820E1	-8.106579E1
2.220000E1	8.573503E1	-8.101409E1
2.222000E1	8.537199E1	-8.109561E1
2.224000E1	8.514709E1	-8.107657E1
2.226000E1	8.501653E1	-8.129105E1
2.228000E1	8.499286E1	-8.188046E1
2.230000E1	8.438437E1	-8.260790E1
2.232000E1	8.439360E1	-8.259175E1
2.234000E1	8.449319E1	-8.257533E1
2.236000E1	8.458446E1	-8.260539E1
2.238000E1	8.449685E1	-8.263566E1
2.240000E1	8.428015E1	-8.278066E1
2.242000E1	8.399271E1	-8.302031E1
2.244000E1	8.354194E1	-8.330950E1
2.246000E1	8.287114E1	-8.346099E1
2.248000E1	8.220444E1	-8.375389E1
2.250000E1	8.158766E1	-8.415800E1
2.252000E1	8.086939E1	-8.471952E1
2.254000E1	8.003050E1	-8.550649E1
2.256000E1	7.936775E1	-8.645217E1
2.258000E1	7.900941E1	-8.723950E1
2.260000E1	7.861988E1	-8.757717E1
2.262000E1	7.854327E1	-8.750412E1
2.264000E1	7.845188E1	-8.741585E1
2.266000E1	7.835133E1	-8.752126E1
2.268000E1	7.800929E1	-8.790110E1
2.270000E1	7.761726E1	-8.825988E1
2.272000E1	7.710429E1	-8.866296E1
2.274000E1	7.662888E1	-8.927321E1
2.276000E1	7.614378E1	-9.007088E1
2.278000E1	7.587365E1	-9.049275E1
2.280000E1	7.541236E1	-9.063051E1
2.282000E1	7.494472E1	-9.111093E1
2.284000E1	7.457817E1	-9.166701E1
2.286000E1	7.406747E1	-9.181714E1
2.288000E1	7.364724E1	-9.203785E1
2.290000E1	7.360008E1	-9.209269E1
2.292000E1	7.357054E1	-9.217403E1
2.294000E1	7.335870E1	-9.255177E1
2.296000E1	7.305797E1	-9.307118E1
2.298000E1	7.243155E1	-9.375985E1
2.300000E1	7.176860E1	-9.416112E1
2.302000E1	7.100417E1	-9.454465E1
2.304000E1	7.031684E1	-9.497301E1
2.306000E1	6.978548E1	-9.542977E1
2.308000E1	6.957877E1	-9.604026E1
2.310000E1	6.934865E1	-9.680059E1
2.312000E1	6.908072E1	-9.746475E1
2.314000E1	6.897341E1	-9.768325E1
2.316000E1	6.895279E1	-9.768759E1
2.318000E1	6.856358E1	-9.777426E1
2.320000E1	6.845806E1	-9.773839E1
2.322000E1	6.800439E1	-9.789056E1
2.324000E1	6.804128E1	-9.784582E1
2.326000E1	6.811663E1	-9.779779E1
2.328000E1	6.813460E1	-9.791376E1
2.330000E1	6.771890E1	-9.817949E1
2.332000E1	6.757424E1	-9.828062E1
2.334000E1	6.722541E1	-9.862572E1
2.336000E1	6.678897E1	-9.882603E1
2.338000E1	6.663208E1	-9.880073E1
2.340000E1	6.664810E1	-9.875827E1
2.342000E1	6.649285E1	-9.881359E1
2.344000E1	6.575196E1	-9.902597E1
2.346000E1	6.479295E1	-9.907731E1
2.348000E1	6.432123E1	-9.912574E1
2.350000E1	6.436558E1	-9.916917E1
2.352000E1	6.396964E1	-9.929565E1
2.354000E1	6.358853E1	-9.964489E1
2.356000E1	6.286148E1	-1.005466E2
2.358000E1	6.216170E1	-1.014327E2
2.360000E1	6.159544E1	-1.017526E2
2.362000E1	6.157740E1	-1.016664E2
2.364000E1	6.140760E1	-1.013560E2
2.366000E1	6.115547E1	-1.015487E2
2.368000E1	6.081907E1	-1.021088E2
2.370000E1	6.038480E1	-1.023035E2
2.372000E1	5.981153E1	-1.026513E2
2.374000E1	5.878785E1	-1.030093E2
2.376000E1	5.804839E1	-1.036846E2
2.378000E1	5.770980E1	-1.038843E2
2.380000E1	5.728129E1	-1.039689E2
2.382000E1	5.695680E1	-1.043919E2
2.384000E1	5.649051E1	-1.049935E2
2.386000E1	5.609725E1	-1.052919E2
2.388000E1	5.611026E1	-1.052445E2
2.390000E1	5.609133E1	-1.052408E2
2.392000E1	5.539762E1	-1.054165E2
2.394000E1	5.449431E1	-1.056472E2
2.396000E1	5.353175E1	-1.063964E2
2.398000E1	5.282343E1	-1.067852E2
2.400000E1	5.306466E1	-1.069204E2
2.402000E1	5.327759E1	-1.069358E2
2.404000E1	5.303084E1	-1.069919E2
2.406000E1	5.246512E1	-1.072704E2
2.408000E1	5.207795E1	-1.076387E2
2.410000E1	5.119048E1	-1.084562E2
2.412000E1	5.016232E1	-1.093315E2
2.414000E1	4.970424E1	-1.098135E2
2.416000E1	5.010848E1	-1.096430E2
2.418000E1	5.013086E1	-1.096018E2
2.420000E1	5.019709E1	-1.095476E2
2.422000E1	5.007740E1	-1.094855E2
2.424000E1	4.959782E1	-1.095299E2
2.426000E1	4.927182E1	-1.096346E2
2.428000E1	4.909231E1	-1.096640E2
2.430000E1	4.848169E1	-1.098672E2
2.432000E1	4.799610E1	-1.100504E2
2.434000E1	4.792024E1	-1.101860E2
2.436000E1	4.748829E1	-1.103787E2
2.438000E1	4.697031E1	-1.104076E2
2.440000E1	4.689283E1	-1.102426E2
2.442000E1	4.685446E1	-1.101692E2
2.444000E1	4.647640E1	-1.103533E2
2.446000E1	4.643179E1	-1.103380E2
2.448000E1	4.590209E1	-1.102421E2
2.450000E1	4.539674E1	-1.103055E2
2.452000E1	4.517271E1	-1.103190E2
2.454000E1	4.471575E1	-1.104051E2
2.456000E1	4.378293E1	-1.108136E2
2.458000E1	4.289399E1	-1.117804E2
2.460000E1	4.212015E1	-1.123576E2
2.462000E1	4.200524E1	-1.124321E2
2.464000E1	4.177569E1	-1.123095E2
2.466000E1	4.134659E1	-1.121911E2
2.468000E1	4.071063E1	-1.125329E2
2.470000E1	3.994432E1	-1.126750E2
2.472000E1	3.933909E1	-1.128793E2
2.474000E1	3.881835E1	-1.131826E2
2.476000E1	3.828387E1	-1.136334E2
2.478000E1	3.804674E1	-1.140198E2
2.480000E1	3.787037E1	-1.141131E2
2.482000E1	3.724605E1	-1.142443E2
2.484000E1	3.615664E1	-1.144071E2
2.486000E1	3.472064E1	-1.148107E2
2.488000E1	3.391485E1	-1.149117E2
2.490000E1	3.386985E1	-1.149027E2
2.492000E1	3.378460E1	-1.148261E2
2.494000E1	3.358170E1	-1.150790E2
2.496000E1	3.363380E1	-1.150894E2
2.498000E1	3.323884E1	-1.154353E2
2.500000E1	3.272234E1	-1.156779E2
2.502000E1	3.248381E1	-1.160816E2
2.504000E1	3.228490E1	-1.161923E2
2.506000E1	3.159800E1	-1.163615E2
2.508000E1	3.105668E1	-1.164544E2
2.510000E1	3.073514E1	-1.166636E2
2.512000E1	3.030362E1	-1.171015E2
2.514000E1	2.986106E1	-1.175870E2
2.516000E1	2.949169E1	-1.178757E2
2.518000E1	2.913537E1	-1.178606E2
2.520000E1	2.899506E1	-1.175361E2
2.522000E1	2.881208E1	-1.172626E2
2.524000E1	2.839066E1	-1.172189E2
2.526000E1	2.835372E1	-1.171888E2
2.528000E1	2.791627E1	-1.172350E2
2.530000E1	2.734845E1	-1.172513E2
2.532000E1	2.687181E1	-1.173795E2
2.534000E1	2.675186E1	-1.174197E2
2.536000E1	2.675777E1	-1.174876E2
2.538000E1	2.664121E1	-1.176046E2
2.540000E1	2.634067E1	-1.176076E2
2.542000E1	2.635688E1	-1.176086E2
2.544000E1	2.638316E1	-1.176214E2
2.546000E1	2.625692E1	-1.175889E2
2.548000E1	2.589339E1	-1.173569E2
2.550000E1	2.501354E1	-1.173262E2
2.552000E1	2.459975E1	-1.174141E2
2.554000E1	2.446156E1	-1.174725E2
2.556000E1	2.376846E1	-1.177427E2
2.558000E1	2.278891E1	-1.182866E2
2.560000E1	2.147276E1	-1.188046E2
2.562000E1	2.063913E1	-1.189910E2
2.564000E1	2.062506E1	-1.187710E2
2.566000E1	2.044425E1	-1.186267E2
2.568000E1	2.017764E1	-1.187315E2
2.570000E1	1.994365E1	-1.190744E2
2.572000E1	1.953673E1	-1.191801E2
2.574000E1	1.901114E1	-1.193089E2
2.576000E1	1.794745E1	-1.193418E2
2.578000E1	1.651218E1	-1.195410E2
2.580000E1	1.553441E1	-1.195712E2
2.582000E1	1.500583E1	-1.195759E2
2.584000E1	1.455724E1	-1.195944E2
2.586000E1	1.427368E1	-1.198531E2
2.588000E1	1.415152E1	-1.200023E2
2.590000E1	1.399404E1	-1.199780E2
2.592000E1	1.403267E1	-1.198212E2
2.594000E1	1.400588E1	-1.197348E2
2.596000E1	1.356970E1	-1.198657E2
2.598000E1	1.265600E1	-1.201266E2
2.600000E1	1.167349E1	-1.202506E2
2.602000E1	1.174272E1	-1.203272E2
2.604000E1	1.184856E1	-1.203264E2
2.606000E1	1.182214E1	-1.202878E2
2.608000E1	1.148815E1	-1.203027E2
2.610000E1	1.090883E1	-1.203178E2
2.612000E1	9.451756E0	-1.205383E2
2.614000E1	8.015053E0	-1.208429E2
2.616000E1	7.195276E0	-1.210709E2
2.618000E1	7.636082E0	-1.210089E2
2.620000E1	7.586046E0	-1.209768E2
2.622000E1	7.339081E0	-1.206469E2
2.624000E1	6.991132E0	-1.205681E2
2.626000E1	6.620467E0	-1.203125E2
2.628000E1	6.433807E0	-1.203808E2
2.630000E1	6.299775E0	-1.204750E2
2.632000E1	6.244166E0	-1.204787E2
2.634000E1	5.804628E0	-1.205015E2
2.636000E1	5.611148E0	-1.207247E2
2.638000E1	5.506420E0	-1.207408E2
2.640000E1	5.471599E0	-1.206509E2
2.642000E1	5.133524E0	-1.205981E2
2.644000E1	5.220241E0	-1.206098E2
2.646000E1	5.410387E0	-1.206091E2
2.648000E1	5.382959E0	-1.206660E2
2.650000E1	4.868642E0	-1.202934E2
2.652000E1	3.890523E0	-1.199069E2
2.654000E1	3.436328E0	-1.198860E2
2.656000E1	3.093294E0	-1.198239E2
2.658000E1	2.162794E0	-1.199219E2
2.660000E1	1.089932E0	-1.204607E2
2.662000E1	6.338556E-2	-1.210035E2
2.664000E1	-2.866234E-1	-1.212414E2
2.666000E1	-3.316203E-1	-1.212126E2
2.668000E1	-7.573414E-1	-1.209975E2
2.670000E1	-1.630379E0	-1.205484E2
2.672000E1	-2.779248E0	-1.205161E2
2.674000E1	-3.678934E0	-1.206810E2
2.676000E1	-3.898682E0	-1.204418E2
2.678000E1	-4.172505E0	-1.205870E2
2.680000E1	-4.584259E0	-1.207321E2
2.682000E1	-4.677881E0	-1.208927E2
2.684000E1	-4.850329E0	-1.208326E2
2.686000E1	-5.186065E0	-1.208178E2
2.688000E1	-5.372286E0	-1.208308E2
2.690000E1	-5.655265E0	-1.208539E2
2.692000E1	-6.151264E0	-1.204803E2
2.694000E1	-6.227312E0	-1.204123E2
2.696000E1	-6.300593E0	-1.204033E2
2.698000E1	-6.411848E0	-1.205206E2
2.700000E1	-6.723757E0	-1.207638E2
2.702000E1	-7.359808E0	-1.207891E2
2.704000E1	-7.982285E0	-1.207726E2
2.706000E1	-8.413380E0	-1.205974E2
2.708000E1	-9.106070E0	-1.202465E2
2.710000E1	-1.010879E1	-1.199251E2
2.712000E1	-1.131782E1	-1.198781E2
2.714000E1	-1.292772E1	-1.198704E2
2.716000E1	-1.414266E1	-1.198323E2
2.718000E1	-1.411690E1	-1.198339E2
2.720000E1	-1.368858E1	-1.196950E2
2.722000E1	-1.395297E1	-1.196127E2
2.724000E1	-1.387879E1	-1.196759E2
2.726000E1	-1.408294E1	-1.194497E2
2.728000E1	-1.445284E1	-1.193768E2
2.730000E1	-1.446318E1	-1.194974E2
2.732000E1	-1.469852E1	-1.196673E2
2.734000E1	-1.504067E1	-1.194990E2
2.736000E1	-1.547576E1	-1.195668E2
2.738000E1	-1.546942E1	-1.196918E2
2.740000E1	-1.529799E1	-1.198333E2
2.742000E1	-1.522794E1	-1.197454E2
2.744000E1	-1.541156E1	-1.196366E2
2.746000E1	-1.596280E1	-1.193769E2
2.748000E1	-1.618078E1	-1.192120E2
2.750000E1	-1.628634E1	-1.189858E2
2.752000E1	-1.688799E1	-1.186184E2
2.754000E1	-1.732021E1	-1.186374E2
2.756000E1	-1.729813E1	-1.186352E2
2.758000E1	-1.773580E1	-1.187453E2
2.760000E1	-1.909445E1	-1.189211E2
2.762000E1	-2.107642E1	-1.188473E2
2.764000E1	-2.298023E1	-1.185983E2
2.766000E1	-2.392237E1	-1.181887E2
2.768000E1	-2.413826E1	-1.177742E2
2.770000E1	-2.422579E1	-1.177136E2
2.772000E1	-2.462988E1	-1.178310E2
2.774000E1	-2.496215E1	-1.180385E2
2.776000E1	-2.525970E1	-1.179933E2
2.778000E1	-2.553415E1	-1.176093E2
2.780000E1	-2.560966E1	-1.176184E2
2.782000E1	-2.600530E1	-1.178135E2
2.784000E1	-2.614886E1	-1.177921E2
2.786000E1	-2.667002E1	-1.177199E2
2.788000E1	-2.706915E1	-1.176369E2
2.790000E1	-2.715906E1	-1.175746E2
2.792000E1	-2.722132E1	-1.175564E2
2.794000E1	-2.726325E1	-1.174816E2
2.796000E1	-2.765261E1	-1.172443E2
2.798000E1	-2.819857E1	-1.171937E2
2.800000E1	-2.886400E1	-1.168860E2
2.802000E1	-2.974067E1	-1.164954E2
2.804000E1	-3.010523E1	-1.164961E2
2.806000E1	-3.050233E1	-1.162941E2
2.808000E1	-3.119670E1	-1.159500E2
2.810000E1	-3.212508E1	-1.153166E2
2.812000E1	-3.302860E1	-1.151086E2
2.814000E1	-3.429446E1	-1.148083E2
2.816000E1	-3.530621E1	-1.148608E2
2.818000E1	-3.521071E1	-1.149683E2
2.820000E1	-3.509455E1	-1.147578E2
2.822000E1	-3.501827E1	-1.147697E2
2.824000E1	-3.485520E1	-1.148259E2
2.826000E1	-3.488508E1	-1.146710E2
2.828000E1	-3.542626E1	-1.140258E2
2.830000E1	-3.547361E1	-1.142279E2
2.832000E1	-3.554902E1	-1.143859E2
2.834000E1	-3.562652E1	-1.145186E2
2.836000E1	-3.573828E1	-1.144077E2
2.838000E1	-3.629159E1	-1.142549E2
2.840000E1	-3.680412E1	-1.141397E2
2.842000E1	-3.685283E1	-1.140537E2
2.844000E1	-3.689738E1	-1.140083E2
2.846000E1	-3.693644E1	-1.139793E2
2.848000E1	-3.705093E1	-1.139953E2
2.850000E1	-3.705556E1	-1.139767E2
2.852000E1	-3.725569E1	-1.137229E2
2.854000E1	-3.789476E1	-1.132359E2
2.856000E1	-3.875521E1	-1.127394E2
2.858000E1	-3.994716E1	-1.122653E2
2.860000E1	-4.152161E1	-1.118745E2
2.862000E1	-4.314265E1	-1.116901E2
2.864000E1	-4.404419E1	-1.117015E2
2.866000E1	-4.395272E1	-1.120223E2
2.868000E1	-4.350182E1	-1.122223E2
2.870000E1	-4.351982E1	-1.119978E2
2.872000E1	-4.417313E1	-1.116472E2
2.874000E1	-4.454803E1	-1.117927E2
2.876000E1	-4.480003E1	-1.117611E2
2.878000E1	-4.534211E1	-1.111425E2
2.880000E1	-4.586428E1	-1.111393E2
2.882000E1	-4.608419E1	-1.111419E2
2.884000E1	-4.624013E1	-1.112249E2
2.886000E1	-4.621694E1	-1.112246E2
2.888000E1	-4.657119E1	-1.111422E2
2.890000E1	-4.711283E1	-1.109189E2
2.892000E1	-4.749994E1	-1.106504E2
2.894000E1	-4.765871E1	-1.103129E2
2.896000E1	-4.818800E1	-1.098658E2
2.898000E1	-4.876436E1	-1.093191E2
2.900000E1	-4.945229E1	-1.089380E2
2.902000E1	-5.016004E1	-1.084313E2
2.904000E1	-5.035718E1	-1.082241E2
2.906000E1	-5.051441E1	-1.082896E2
2.908000E1	-5.086076E1	-1.081957E2
2.910000E1	-5.129456E1	-1.079189E2
2.912000E1	-5.181935E1	-1.075476E2
2.914000E1	-5.300761E1	-1.069746E2
2.916000E1	-5.440354E1	-1.067308E2
2.918000E1	-5.485484E1	-1.068451E2
2.920000E1	-5.453580E1	-1.067629E2
2.922000E1	-5.468757E1	-1.065512E2
2.924000E1	-5.459959E1	-1.066206E2
2.926000E1	-5.446926E1	-1.067385E2
2.928000E1	-5.469634E1	-1.062437E2
2.930000E1	-5.475744E1	-1.060918E2
2.932000E1	-5.511322E1	-1.059851E2
2.934000E1	-5.527979E1	-1.059212E2
2.936000E1	-5.545619E1	-1.057549E2
2.938000E1	-5.598826E1	-1.055583E2
2.940000E1	-5.611411E1	-1.056245E2
2.942000E1	-5.604204E1	-1.059032E2
2.944000E1	-5.605657E1	-1.058889E2
2.946000E1	-5.612224E1	-1.058847E2
2.948000E1	-5.670837E1	-1.055033E2
2.950000E1	-5.709157E1	-1.050864E2
2.952000E1	-5.737076E1	-1.043106E2
2.954000E1	-5.805504E1	-1.035387E2
2.956000E1	-5.862846E1	-1.029784E2
2.958000E1	-5.868370E1	-1.032959E2
2.960000E1	-5.905792E1	-1.034757E2
2.962000E1	-5.981245E1	-1.034144E2
2.964000E1	-6.090307E1	-1.029424E2
2.966000E1	-6.158591E1	-1.029470E2
2.968000E1	-6.159943E1	-1.029414E2
2.970000E1	-6.164803E1	-1.029225E2
2.972000E1	-6.195730E1	-1.025110E2
2.974000E1	-6.225159E1	-1.023368E2
2.976000E1	-6.256274E1	-1.023552E2
2.978000E1	-6.255358E1	-1.022733E2
2.980000E1	-6.264141E1	-1.022008E2
2.982000E1	-6.317944E1	-1.016957E2
2.984000E1	-6.382785E1	-1.014543E2
2.986000E1	-6.421261E1	-1.008133E2
2.988000E1	-6.480256E1	-1.001834E2
2.990000E1	-6.558994E1	-9.957122E1
2.992000E1	-6.653297E1	-9.901971E1
2.994000E1	-6.683960E1	-9.854743E1
2.996000E1	-6.686362E1	-9.832087E1
2.998000E1	-6.701789E1	-9.792979E1
3.000000E1	-6.734244E1	-9.749403E1
3.002000E1	-6.778951E1	-9.753285E1
3.004000E1	-6.801556E1	-9.758757E1
3.006000E1	-6.839470E1	-9.733641E1
3.008000E1	-6.862038E1	-9.719139E1
3.010000E1	-6.896675E1	-9.694802E1
3.012000E1	-6.936313E1	-9.655379E1
3.014000E1	-6.985058E1	-9.597453E1
3.016000E1	-7.096050E1	-9.520368E1
3.018000E1	-7.218352E1	-9.474938E1
3.020000E1	-7.260917E1	-9.483042E1
3.022000E1	-7.217818E1	-9.477184E1
3.024000E1	-7.218234E1	-9.460050E1
3.026000E1	-7.209583E1	-9.461303E1
3.028000E1	-7.209616E1	-9.457553E1
3.030000E1	-7.269377E1	-9.387224E1
3.032000E1	-7.263737E1	-9.390526E1
3.034000E1	-7.267281E1	-9.398915E1
3.036000E1	-7.319385E1	-9.404436E1
3.038000E1	-7.375689E1	-9.367287E1
3.040000E1	-7.389179E1	-9.352308E1
3.042000E1	-7.401901E1	-9.327540E1
3.044000E1	-7.408140E1	-9.315758E1
3.046000E1	-7.417206E1	-9.294172E1
3.048000E1	-7.426347E1	-9.282620E1
3.050000E1	-7.419413E1	-9.291781E1
3.052000E1	-7.416816E1	-9.287344E1
3.054000E1	-7.423828E1	-9.261181E1
3.056000E1	-7.449832E1	-9.229773E1
3.058000E1	-7.469264E1	-9.222492E1
3.060000E1	-7.528652E1	-9.183959E1
3.062000E1	-7.629152E1	-9.133927E1
3.064000E1	-7.754644E1	-9.073957E1
3.066000E1	-7.862792E1	-9.016779E1
3.068000E1	-7.877774E1	-9.031985E1
3.070000E1	-7.848319E1	-9.059952E1
3.072000E1	-7.823750E1	-9.075639E1
3.074000E1	-7.860964E1	-9.018039E1
3.076000E1	-7.925285E1	-8.956988E1
3.078000E1	-7.976813E1	-8.905831E1
3.080000E1	-7.995201E1	-8.843453E1
3.082000E1	-8.046534E1	-8.782084E1
3.084000E1	-8.109492E1	-8.724339E1
3.086000E1	-8.155735E1	-8.652244E1
3.088000E1	-8.173250E1	-8.571616E1
3.090000E1	-8.192660E1	-8.545166E1
3.092000E1	-8.212350E1	-8.526985E1
3.094000E1	-8.234020E1	-8.494410E1
3.096000E1	-8.240468E1	-8.486650E1
3.098000E1	-8.242679E1	-8.465406E1
3.100000E1	-8.261712E1	-8.440226E1
3.102000E1	-8.286798E1	-8.425786E1
3.104000E1	-8.306416E1	-8.401626E1
3.106000E1	-8.324008E1	-8.365133E1
3.108000E1	-8.385099E1	-8.320077E1
3.110000E1	-8.430187E1	-8.314618E1
3.112000E1	-8.468374E1	-8.282922E1
3.114000E1	-8.503082E1	-8.227966E1
3.116000E1	-8.579065E1	-8.113178E1
3.118000E1	-8.695759E1	-8.004616E1
3.120000E1	-8.773976E1	-7.950221E1
3.122000E1	-8.780645E1	-7.939180E1
3.124000E1	-8.759658E1	-7.962483E1
3.126000E1	-8.751618E1	-7.977627E1
3.128000E1	-8.750411E1	-7.995566E1
3.130000E1	-8.771271E1	-7.928837E1
3.132000E1	-8.791055E1	-7.875039E1
3.134000E1	-8.790525E1	-7.868124E1
3.136000E1	-8.811316E1	-7.858116E1
3.138000E1	-8.850337E1	-7.820284E1
3.140000E1	-8.888543E1	-7.776809E1
3.142000E1	-8.894211E1	-7.812262E1
3.144000E1	-8.898595E1	-7.820622E1
3.146000E1	-8.903231E1	-7.817797E1
3.148000E1	-8.908063E1	-7.804485E1
3.150000E1	-8.912546E1	-7.779734E1
3.152000E1	-8.945583E1	-7.740441E1
3.154000E1	-8.956015E1	-7.718526E1
3.156000E1	-8.969264E1	-7.663015E1
3.158000E1	-8.980646E1	-7.618026E1
3.160000E1	-9.001111E1	-7.618418E1
3.162000E1	-9.021272E1	-7.608555E1
3.164000E1	-9.077518E1	-7.593571E1
3.166000E1	-9.170736E1	-7.518845E1
3.168000E1	-9.255860E1	-7.416631E1
3.170000E1	-9.285757E1	-7.350433E1
3.172000E1	-9.256469E1	-7.307681E1
3.174000E1	-9.227850E1	-7.276076E1
3.176000E1	-9.272639E1	-7.228941E1
3.178000E1	-9.305214E1	-7.135069E1
3.180000E1	-9.355608E1	-7.076129E1
3.182000E1	-9.370720E1	-7.018366E1
3.184000E1	-9.380384E1	-6.975022E1
3.186000E1	-9.427860E1	-6.941620E1
3.188000E1	-9.448698E1	-6.932390E1
3.190000E1	-9.444279E1	-6.915743E1
3.192000E1	-9.466164E1	-6.893198E1
3.194000E1	-9.507402E1	-6.836288E1
3.196000E1	-9.524226E1	-6.798420E1
3.198000E1	-9.516700E1	-6.782690E1
3.200000E1	-9.525755E1	-6.758065E1
3.202000E1	-9.546872E1	-6.708386E1
3.204000E1	-9.595787E1	-6.690684E1
3.206000E1	-9.621454E1	-6.665267E1
3.208000E1	-9.642755E1	-6.596610E1
3.210000E1	-9.659655E1	-6.551766E1
3.212000E1	-9.675982E1	-6.541602E1
3.214000E1	-9.701484E1	-6.464988E1
3.216000E1	-9.767908E1	-6.341016E1
3.218000E1	-9.853032E1	-6.243830E1
3.220000E1	-9.922694E1	-6.180470E1
3.222000E1	-9.971211E1	-6.170626E1
3.224000E1	-9.970976E1	-6.163723E1
3.226000E1	-9.968671E1	-6.119821E1
3.228000E1	-9.943423E1	-6.098726E1
3.230000E1	-9.928591E1	-6.068547E1
3.232000E1	-9.935510E1	-6.033181E1
3.234000E1	-9.942956E1	-6.038088E1
3.236000E1	-9.955028E1	-6.057432E1
3.238000E1	-9.973292E1	-6.038634E1
3.240000E1	-9.976750E1	-6.003215E1
3.242000E1	-1.000215E2	-5.986237E1
3.244000E1	-1.004600E2	-5.963936E1
3.246000E1	-1.004942E2	-5.938072E1
3.248000E1	-1.006157E2	-5.908555E1
3.250000E1	-1.007198E2	-5.887961E1
3.252000E1	-1.007367E2	-5.897688E1
3.254000E1	-1.007230E2	-5.893483E1
3.256000E1	-1.007950E2	-5.861182E1
3.258000E1	-1.008236E2	-5.849032E1
3.260000E1	-1.009820E2	-5.806407E1
3.262000E1	-1.012605E2	-5.729812E1
3.264000E1	-1.019715E2	-5.604955E1
3.266000E1	-1.027942E2	-5.461444E1
3.268000E1	-1.033542E2	-5.389844E1
3.270000E1	-1.032639E2	-5.360014E1
3.272000E1	-1.028439E2	-5.324554E1
3.274000E1	-1.027554E2	-5.264606E1
3.276000E1	-1.029259E2	-5.235542E1
3.278000E1	-1.031384E2	-5.187223E1
3.280000E1	-1.032953E2	-5.142409E1
