	mass A		
t	x	y	
0.000000E0	-1.062082E2	6.457608E1
2.000000E-2	-1.062082E2	6.457608E1
4.000000E-2	-1.057890E2	6.509950E1
6.000000E-2	-1.054094E2	6.587279E1
8.000000E-2	-1.048418E2	6.641459E1
1.000000E-1	-1.042697E2	6.714351E1
1.200000E-1	-1.039590E2	6.791079E1
1.400000E-1	-1.034564E2	6.855539E1
1.600000E-1	-1.023783E2	6.993728E1
1.800000E-1	-1.014285E2	7.143884E1
2.000000E-1	-1.010432E2	7.156730E1
2.200000E-1	-1.010394E2	7.158546E1
2.400000E-1	-1.010293E2	7.160089E1
2.600000E-1	-1.009217E2	7.162593E1
2.800000E-1	-1.006940E2	7.169066E1
3.000000E-1	-1.004943E2	7.208965E1
3.200000E-1	-1.004511E2	7.197897E1
3.400000E-1	-1.000145E2	7.207552E1
3.600000E-1	-9.979592E1	7.262981E1
3.800000E-1	-9.982094E1	7.286376E1
4.000000E-1	-9.995129E1	7.278452E1
4.200000E-1	-9.989300E1	7.270427E1
4.400000E-1	-9.963734E1	7.298166E1
4.600000E-1	-9.921746E1	7.319485E1
4.800000E-1	-9.882310E1	7.319244E1
5.000000E-1	-9.868637E1	7.328743E1
5.200000E-1	-9.837902E1	7.400621E1
5.400000E-1	-9.832980E1	7.406871E1
5.600000E-1	-9.810040E1	7.445211E1
5.800000E-1	-9.766811E1	7.517720E1
6.000000E-1	-9.681504E1	7.619662E1
6.200000E-1	-9.563481E1	7.773347E1
6.400000E-1	-9.456263E1	7.871683E1
6.600000E-1	-9.361516E1	7.900451E1
6.800000E-1	-9.296557E1	7.941213E1
7.000000E-1	-9.294343E1	7.969949E1
7.200000E-1	-9.323992E1	7.988160E1
7.400000E-1	-9.321241E1	8.029170E1
7.600000E-1	-9.274912E1	8.042890E1
7.800000E-1	-9.235260E1	8.054189E1
8.000000E-1	-9.226573E1	8.051917E1
8.200000E-1	-9.182664E1	8.055534E1
8.400000E-1	-9.132568E1	8.060455E1
8.600000E-1	-9.105243E1	8.091722E1
8.800000E-1	-9.095655E1	8.109769E1
9.000000E-1	-9.085951E1	8.110815E1
9.200000E-1	-9.075726E1	8.116578E1
9.400000E-1	-9.048584E1	8.125472E1
9.600000E-1	-9.025391E1	8.141071E1
9.800000E-1	-8.970890E1	8.164283E1
1.000000E0	-8.875777E1	8.217332E1
1.020000E0	-8.802510E1	8.288943E1
1.040000E0	-8.762624E1	8.329500E1
1.060000E0	-8.725805E1	8.368606E1
1.080000E0	-8.638434E1	8.438098E1
1.100000E0	-8.502931E1	8.549453E1
1.120000E0	-8.393060E1	8.640751E1
1.140000E0	-8.378453E1	8.695519E1
1.160000E0	-8.385241E1	8.700032E1
1.180000E0	-8.359353E1	8.689630E1
1.200000E0	-8.324419E1	8.705425E1
1.220000E0	-8.348909E1	8.677445E1
1.240000E0	-8.330984E1	8.682025E1
1.260000E0	-8.255961E1	8.707038E1
1.280000E0	-8.241908E1	8.703488E1
1.300000E0	-8.238995E1	8.731740E1
1.320000E0	-8.250086E1	8.751736E1
1.340000E0	-8.250757E1	8.749216E1
1.360000E0	-8.214397E1	8.758697E1
1.380000E0	-8.171434E1	8.793563E1
1.400000E0	-8.133740E1	8.805356E1
1.420000E0	-8.123118E1	8.788163E1
1.440000E0	-8.121368E1	8.793792E1
1.460000E0	-8.092963E1	8.799727E1
1.480000E0	-8.087254E1	8.801651E1
1.500000E0	-8.063575E1	8.825755E1
1.520000E0	-8.005557E1	8.884211E1
1.540000E0	-7.887727E1	8.998105E1
1.560000E0	-7.755203E1	9.120783E1
1.580000E0	-7.611318E1	9.225906E1
1.600000E0	-7.492916E1	9.272702E1
1.620000E0	-7.433092E1	9.282177E1
1.640000E0	-7.437001E1	9.283211E1
1.660000E0	-7.466835E1	9.316403E1
1.680000E0	-7.463629E1	9.329461E1
1.700000E0	-7.402745E1	9.369091E1
1.720000E0	-7.359399E1	9.389871E1
1.740000E0	-7.362359E1	9.391176E1
1.760000E0	-7.334932E1	9.385304E1
1.780000E0	-7.243865E1	9.395350E1
1.800000E0	-7.196971E1	9.423462E1
1.820000E0	-7.201071E1	9.451824E1
1.840000E0	-7.199890E1	9.460253E1
1.860000E0	-7.196115E1	9.458082E1
1.880000E0	-7.181848E1	9.460605E1
1.900000E0	-7.133409E1	9.482751E1
1.920000E0	-7.056578E1	9.508596E1
1.940000E0	-6.965505E1	9.541542E1
1.960000E0	-6.888772E1	9.612217E1
1.980000E0	-6.854379E1	9.619324E1
2.000000E0	-6.811298E1	9.645232E1
2.020000E0	-6.706125E1	9.682317E1
2.040000E0	-6.578225E1	9.750828E1
2.060000E0	-6.501761E1	9.788479E1
2.080000E0	-6.441268E1	9.869010E1
2.100000E0	-6.386508E1	9.958445E1
2.120000E0	-6.376941E1	9.952098E1
2.140000E0	-6.366327E1	9.951549E1
2.160000E0	-6.339167E1	9.947444E1
2.180000E0	-6.334491E1	9.935572E1
2.200000E0	-6.288848E1	9.928746E1
2.220000E0	-6.229316E1	9.972961E1
2.240000E0	-6.236298E1	9.972928E1
2.260000E0	-6.247056E1	9.969450E1
2.280000E0	-6.243531E1	9.975083E1
2.300000E0	-6.185922E1	1.000443E2
2.320000E0	-6.140116E1	1.002533E2
2.340000E0	-6.096290E1	1.003818E2
2.360000E0	-6.094990E1	1.003568E2
2.380000E0	-6.097060E1	1.004298E2
2.400000E0	-6.111314E1	1.004488E2
2.420000E0	-6.108067E1	1.004039E2
2.440000E0	-6.068914E1	1.004009E2
2.460000E0	-6.011369E1	1.007183E2
2.480000E0	-5.921503E1	1.010975E2
2.500000E0	-5.794363E1	1.018779E2
2.520000E0	-5.637618E1	1.024978E2
2.540000E0	-5.471187E1	1.032158E2
2.560000E0	-5.375362E1	1.036288E2
2.580000E0	-5.386195E1	1.035962E2
2.600000E0	-5.431009E1	1.033904E2
2.620000E0	-5.429465E1	1.034093E2
2.640000E0	-5.355562E1	1.037213E2
2.660000E0	-5.322981E1	1.038112E2
2.680000E0	-5.304533E1	1.038704E2
2.700000E0	-5.232269E1	1.040289E2
2.720000E0	-5.177265E1	1.041704E2
2.740000E0	-5.126022E1	1.043334E2
2.760000E0	-5.123688E1	1.043125E2
2.780000E0	-5.124630E1	1.043807E2
2.800000E0	-5.107727E1	1.044902E2
2.820000E0	-5.066423E1	1.046380E2
2.840000E0	-5.051508E1	1.048438E2
2.860000E0	-5.015941E1	1.049092E2
2.880000E0	-4.942140E1	1.050954E2
2.900000E0	-4.842397E1	1.053510E2
2.920000E0	-4.745873E1	1.055706E2
2.940000E0	-4.612550E1	1.058135E2
2.960000E0	-4.544163E1	1.059935E2
2.980000E0	-4.519088E1	1.059968E2
3.000000E0	-4.513111E1	1.060596E2
3.020000E0	-4.458506E1	1.064052E2
3.040000E0	-4.386367E1	1.066873E2
3.060000E0	-4.299468E1	1.074675E2
3.080000E0	-4.236790E1	1.083028E2
3.100000E0	-4.221233E1	1.082939E2
3.120000E0	-4.200414E1	1.080472E2
3.140000E0	-4.152116E1	1.080739E2
3.160000E0	-4.153975E1	1.080340E2
3.180000E0	-4.180614E1	1.079213E2
3.200000E0	-4.130909E1	1.080324E2
3.220000E0	-4.089724E1	1.080221E2
3.240000E0	-4.048106E1	1.081143E2
3.260000E0	-4.005108E1	1.082427E2
3.280000E0	-3.975220E1	1.083294E2
3.300000E0	-3.967833E1	1.083994E2
3.320000E0	-3.958330E1	1.085992E2
3.340000E0	-3.968734E1	1.084678E2
3.360000E0	-4.012966E1	1.082716E2
3.380000E0	-3.991405E1	1.082974E2
3.400000E0	-3.943189E1	1.084117E2
3.420000E0	-3.869901E1	1.086326E2
3.440000E0	-3.732439E1	1.089275E2
3.460000E0	-3.574996E1	1.091076E2
3.480000E0	-3.437102E1	1.092718E2
3.500000E0	-3.390704E1	1.094548E2
3.520000E0	-3.401235E1	1.097559E2
3.540000E0	-3.376348E1	1.099669E2
3.560000E0	-3.330575E1	1.099905E2
3.580000E0	-3.293603E1	1.096109E2
3.600000E0	-3.260490E1	1.094137E2
3.620000E0	-3.237396E1	1.093664E2
3.640000E0	-3.174913E1	1.096705E2
3.660000E0	-3.102911E1	1.098353E2
3.680000E0	-3.098241E1	1.099131E2
3.700000E0	-3.099970E1	1.100009E2
3.720000E0	-3.095071E1	1.100504E2
3.740000E0	-3.078872E1	1.099809E2
3.760000E0	-3.003733E1	1.102632E2
3.780000E0	-2.940733E1	1.104679E2
3.800000E0	-2.886823E1	1.109093E2
3.820000E0	-2.809100E1	1.112196E2
3.840000E0	-2.751889E1	1.112936E2
3.860000E0	-2.664018E1	1.113752E2
3.880000E0	-2.554521E1	1.111597E2
3.900000E0	-2.456709E1	1.111734E2
3.920000E0	-2.414610E1	1.112998E2
3.940000E0	-2.412156E1	1.112902E2
3.960000E0	-2.405346E1	1.112875E2
3.980000E0	-2.372522E1	1.113467E2
4.000000E0	-2.339212E1	1.115236E2
4.020000E0	-2.287141E1	1.117671E2
4.040000E0	-2.193013E1	1.121399E2
4.060000E0	-2.062798E1	1.125373E2
4.080000E0	-1.989176E1	1.130407E2
4.100000E0	-1.998051E1	1.133021E2
4.120000E0	-2.023958E1	1.131202E2
4.140000E0	-1.987903E1	1.129784E2
4.160000E0	-1.947411E1	1.127152E2
4.180000E0	-1.896232E1	1.127585E2
4.200000E0	-1.852970E1	1.127503E2
4.220000E0	-1.841242E1	1.126249E2
4.240000E0	-1.820642E1	1.126248E2
4.260000E0	-1.817644E1	1.126701E2
4.280000E0	-1.810559E1	1.126808E2
4.300000E0	-1.766735E1	1.128022E2
4.320000E0	-1.725495E1	1.128785E2
4.340000E0	-1.702221E1	1.127799E2
4.360000E0	-1.688387E1	1.126480E2
4.380000E0	-1.645983E1	1.125499E2
4.400000E0	-1.593192E1	1.123469E2
4.420000E0	-1.555163E1	1.122711E2
4.440000E0	-1.547375E1	1.123304E2
4.460000E0	-1.547947E1	1.123475E2
4.480000E0	-1.539460E1	1.123829E2
4.500000E0	-1.456600E1	1.124641E2
4.520000E0	-1.366709E1	1.126056E2
4.540000E0	-1.310507E1	1.127959E2
4.560000E0	-1.257328E1	1.125990E2
4.580000E0	-1.202337E1	1.120996E2
4.600000E0	-1.156384E1	1.121071E2
4.620000E0	-1.152974E1	1.121393E2
4.640000E0	-1.148684E1	1.122023E2
4.660000E0	-1.126842E1	1.122894E2
4.680000E0	-1.069168E1	1.123913E2
4.700000E0	-9.793337E0	1.125751E2
4.720000E0	-9.357481E0	1.125714E2
4.740000E0	-8.472359E0	1.124602E2
4.760000E0	-7.576360E0	1.126255E2
4.780000E0	-6.624247E0	1.128025E2
4.800000E0	-5.396938E0	1.130717E2
4.820000E0	-4.747311E0	1.130070E2
4.840000E0	-4.327232E0	1.128960E2
4.860000E0	-3.939676E0	1.127419E2
4.880000E0	-3.390613E0	1.126908E2
4.900000E0	-3.167436E0	1.124452E2
4.920000E0	-2.819594E0	1.125175E2
4.940000E0	-2.616195E0	1.127603E2
4.960000E0	-2.279336E0	1.128420E2
4.980000E0	-2.052838E0	1.126816E2
5.000000E0	-1.600840E0	1.126566E2
5.020000E0	-9.843905E-1	1.128559E2
5.040000E0	-2.210029E-1	1.132186E2
5.060000E0	6.204783E-1	1.137413E2
5.080000E0	1.492907E0	1.139092E2
5.100000E0	1.995375E0	1.138244E2
5.120000E0	2.114638E0	1.136459E2
5.140000E0	2.140382E0	1.134755E2
5.160000E0	2.051827E0	1.133271E2
5.180000E0	2.132217E0	1.133379E2
5.200000E0	2.208338E0	1.133751E2
5.220000E0	2.145173E0	1.133781E2
5.240000E0	2.504194E0	1.132363E2
5.260000E0	3.182361E0	1.131475E2
5.280000E0	3.852909E0	1.131969E2
5.300000E0	4.385148E0	1.131016E2
5.320000E0	4.724393E0	1.127772E2
5.340000E0	4.934124E0	1.125528E2
5.360000E0	4.785073E0	1.126351E2
5.380000E0	4.272030E0	1.125965E2
5.400000E0	4.604208E0	1.126751E2
5.420000E0	5.084983E0	1.126539E2
5.440000E0	5.480622E0	1.125240E2
5.460000E0	5.761065E0	1.122039E2
5.480000E0	6.401473E0	1.118483E2
5.500000E0	7.708656E0	1.117519E2
5.520000E0	8.984158E0	1.118939E2
5.540000E0	9.432291E0	1.119003E2
5.560000E0	9.363620E0	1.118790E2
5.580000E0	9.254574E0	1.116503E2
5.600000E0	9.340842E0	1.113429E2
5.620000E0	9.830087E0	1.114021E2
5.640000E0	1.068550E1	1.115549E2
5.660000E0	1.137699E1	1.114069E2
5.680000E0	1.234484E1	1.112658E2
5.700000E0	1.329467E1	1.111924E2
5.720000E0	1.419667E1	1.111165E2
5.740000E0	1.536508E1	1.105675E2
5.760000E0	1.618837E1	1.103064E2
5.780000E0	1.645190E1	1.104294E2
5.800000E0	1.659871E1	1.104501E2
5.820000E0	1.696058E1	1.105098E2
5.840000E0	1.710830E1	1.104775E2
5.860000E0	1.736369E1	1.104298E2
5.880000E0	1.790023E1	1.102750E2
5.900000E0	1.839081E1	1.099860E2
5.920000E0	1.885010E1	1.096485E2
5.940000E0	1.917197E1	1.097301E2
5.960000E0	1.951657E1	1.101256E2
5.980000E0	1.959609E1	1.101488E2
6.000000E0	2.002798E1	1.102020E2
6.020000E0	2.052712E1	1.100988E2
6.040000E0	2.174282E1	1.099510E2
6.060000E0	2.315182E1	1.098878E2
6.080000E0	2.401386E1	1.100469E2
6.100000E0	2.450515E1	1.101067E2
6.120000E0	2.417004E1	1.099501E2
6.140000E0	2.396977E1	1.098674E2
6.160000E0	2.397258E1	1.097426E2
6.180000E0	2.453025E1	1.094466E2
6.200000E0	2.531697E1	1.092223E2
6.220000E0	2.556580E1	1.090788E2
6.240000E0	2.604050E1	1.086798E2
6.260000E0	2.676292E1	1.081315E2
6.280000E0	2.732627E1	1.081273E2
6.300000E0	2.697502E1	1.081819E2
6.320000E0	2.694828E1	1.082084E2
6.340000E0	2.701740E1	1.081237E2
6.360000E0	2.723721E1	1.081108E2
6.380000E0	2.735735E1	1.079645E2
6.400000E0	2.786510E1	1.075910E2
6.420000E0	2.833780E1	1.070281E2
6.440000E0	2.917447E1	1.066756E2
6.460000E0	2.957622E1	1.065884E2
6.480000E0	2.963590E1	1.066223E2
6.500000E0	2.999529E1	1.066881E2
6.520000E0	3.028414E1	1.066677E2
6.540000E0	3.118285E1	1.066194E2
6.560000E0	3.204341E1	1.063148E2
6.580000E0	3.250213E1	1.058477E2
6.600000E0	3.309065E1	1.054300E2
6.620000E0	3.376433E1	1.053033E2
6.640000E0	3.453058E1	1.050879E2
6.660000E0	3.559224E1	1.045785E2
6.680000E0	3.632885E1	1.040504E2
6.700000E0	3.698407E1	1.038638E2
6.720000E0	3.753185E1	1.038111E2
6.740000E0	3.777269E1	1.036503E2
6.760000E0	3.780365E1	1.036225E2
6.780000E0	3.781627E1	1.036635E2
6.800000E0	3.828347E1	1.037813E2
6.820000E0	3.889776E1	1.035775E2
6.840000E0	3.921509E1	1.033043E2
6.860000E0	3.959648E1	1.030989E2
6.880000E0	4.008809E1	1.029967E2
6.900000E0	4.054571E1	1.029802E2
6.920000E0	4.054973E1	1.028937E2
6.940000E0	4.085468E1	1.025239E2
6.960000E0	4.141133E1	1.024334E2
6.980000E0	4.194438E1	1.021720E2
7.000000E0	4.227742E1	1.020262E2
7.020000E0	4.297349E1	1.019882E2
7.040000E0	4.422640E1	1.019552E2
7.060000E0	4.520167E1	1.020125E2
7.080000E0	4.569089E1	1.020414E2
7.100000E0	4.567077E1	1.019151E2
7.120000E0	4.589615E1	1.014636E2
7.140000E0	4.638209E1	1.009251E2
7.160000E0	4.666132E1	1.003358E2
7.180000E0	4.713111E1	9.986842E1
7.200000E0	4.734723E1	9.952925E1
7.220000E0	4.724359E1	9.954777E1
7.240000E0	4.720394E1	9.960527E1
7.260000E0	4.759962E1	9.959057E1
7.280000E0	4.775886E1	9.947430E1
7.300000E0	4.790322E1	9.934318E1
7.320000E0	4.818441E1	9.918715E1
7.340000E0	4.843509E1	9.858990E1
7.360000E0	4.871116E1	9.810097E1
7.380000E0	4.904475E1	9.792375E1
7.400000E0	4.902656E1	9.789947E1
7.420000E0	4.906494E1	9.787523E1
7.440000E0	4.949346E1	9.788312E1
7.460000E0	4.958210E1	9.768113E1
7.480000E0	5.022132E1	9.734022E1
7.500000E0	5.120093E1	9.689034E1
7.520000E0	5.243283E1	9.625482E1
7.540000E0	5.394239E1	9.579075E1
7.560000E0	5.447783E1	9.552172E1
7.580000E0	5.472961E1	9.489196E1
7.600000E0	5.535122E1	9.404579E1
7.620000E0	5.610577E1	9.340323E1
7.640000E0	5.655400E1	9.334825E1
7.660000E0	5.676073E1	9.318252E1
7.680000E0	5.726482E1	9.295790E1
7.700000E0	5.785269E1	9.277997E1
7.720000E0	5.838658E1	9.273064E1
7.740000E0	5.851163E1	9.256334E1
7.760000E0	5.862566E1	9.242010E1
7.780000E0	5.889734E1	9.223236E1
7.800000E0	5.974889E1	9.202962E1
7.820000E0	6.032813E1	9.199248E1
7.840000E0	6.068588E1	9.204625E1
7.860000E0	6.082086E1	9.179723E1
7.880000E0	6.142356E1	9.113981E1
7.900000E0	6.212336E1	9.059783E1
7.920000E0	6.215659E1	9.041347E1
7.940000E0	6.227506E1	9.037553E1
7.960000E0	6.294761E1	9.034203E1
7.980000E0	6.333093E1	9.038655E1
8.000000E0	6.328447E1	9.026238E1
8.020000E0	6.374608E1	8.999346E1
8.040000E0	6.476789E1	8.949981E1
8.060000E0	6.637906E1	8.890184E1
8.080000E0	6.756921E1	8.826620E1
8.100000E0	6.768683E1	8.772804E1
8.120000E0	6.748910E1	8.726246E1
8.140000E0	6.744663E1	8.721733E1
8.160000E0	6.731822E1	8.737136E1
8.180000E0	6.764176E1	8.720570E1
8.200000E0	6.780170E1	8.707384E1
8.220000E0	6.786814E1	8.703167E1
8.240000E0	6.799781E1	8.673481E1
8.260000E0	6.865906E1	8.589253E1
8.280000E0	6.908203E1	8.530239E1
8.300000E0	6.947635E1	8.512391E1
8.320000E0	6.934458E1	8.514322E1
8.340000E0	6.919839E1	8.518183E1
8.360000E0	6.920856E1	8.516256E1
8.380000E0	6.937433E1	8.498292E1
8.400000E0	6.962883E1	8.470435E1
8.420000E0	6.997695E1	8.433421E1
8.440000E0	7.062592E1	8.360069E1
8.460000E0	7.120447E1	8.278499E1
8.480000E0	7.196091E1	8.227704E1
8.500000E0	7.270706E1	8.167083E1
8.520000E0	7.392520E1	8.068642E1
8.540000E0	7.525577E1	7.951652E1
8.560000E0	7.573987E1	7.909087E1
8.580000E0	7.573873E1	7.898703E1
8.600000E0	7.578274E1	7.887391E1
8.620000E0	7.586639E1	7.874737E1
8.640000E0	7.640816E1	7.837820E1
8.660000E0	7.685443E1	7.811629E1
8.680000E0	7.734267E1	7.774371E1
8.700000E0	7.786013E1	7.740291E1
8.720000E0	7.833767E1	7.698345E1
8.740000E0	7.881466E1	7.679480E1
8.760000E0	7.922366E1	7.690528E1
8.780000E0	7.948866E1	7.681893E1
8.800000E0	8.009969E1	7.620559E1
8.820000E0	8.079139E1	7.553598E1
8.840000E0	8.109790E1	7.522814E1
8.860000E0	8.118090E1	7.511934E1
8.880000E0	8.128864E1	7.496434E1
8.900000E0	8.127844E1	7.492425E1
8.920000E0	8.160996E1	7.480049E1
8.940000E0	8.173702E1	7.457766E1
8.960000E0	8.194566E1	7.423496E1
8.980000E0	8.248256E1	7.367456E1
9.000000E0	8.333373E1	7.298176E1
9.020000E0	8.476997E1	7.194350E1
9.040000E0	8.618510E1	7.059038E1
9.060000E0	8.721242E1	6.984966E1
9.080000E0	8.713806E1	7.008439E1
9.100000E0	8.697646E1	7.021745E1
9.120000E0	8.707060E1	7.009766E1
9.140000E0	8.718499E1	6.988948E1
9.160000E0	8.721853E1	6.961976E1
9.180000E0	8.740360E1	6.906560E1
9.200000E0	8.750976E1	6.842547E1
9.220000E0	8.771195E1	6.771351E1
9.240000E0	8.817378E1	6.728822E1
9.260000E0	8.819688E1	6.736846E1
9.280000E0	8.822718E1	6.737617E1
9.300000E0	8.831179E1	6.740229E1
9.320000E0	8.841908E1	6.727089E1
9.340000E0	8.846297E1	6.701438E1
9.360000E0	8.866640E1	6.635375E1
9.380000E0	8.901921E1	6.571068E1
9.400000E0	8.940219E1	6.527329E1
9.420000E0	8.998095E1	6.459062E1
9.440000E0	9.039782E1	6.362953E1
9.460000E0	9.117174E1	6.217017E1
9.480000E0	9.191610E1	6.112285E1
9.500000E0	9.228427E1	6.098542E1
9.520000E0	9.276345E1	6.079978E1
9.540000E0	9.331662E1	6.032491E1
9.560000E0	9.336991E1	6.011970E1
9.580000E0	9.338985E1	5.999685E1
9.600000E0	9.365385E1	5.982628E1
9.620000E0	9.386510E1	5.936165E1
9.640000E0	9.402667E1	5.866806E1
9.660000E0	9.460267E1	5.813704E1
9.680000E0	9.521874E1	5.813766E1
9.700000E0	9.594682E1	5.796934E1
9.720000E0	9.609530E1	5.739716E1
9.740000E0	9.625815E1	5.671060E1
9.760000E0	9.659257E1	5.614560E1
9.780000E0	9.691144E1	5.602363E1
9.800000E0	9.760248E1	5.557518E1
9.820000E0	9.803284E1	5.520455E1
9.840000E0	9.819345E1	5.490983E1
9.860000E0	9.821196E1	5.494445E1
9.880000E0	9.824184E1	5.475703E1
9.900000E0	9.848640E1	5.411511E1
9.920000E0	9.899321E1	5.332730E1
9.940000E0	9.956876E1	5.248439E1
9.960000E0	9.999541E1	5.153407E1
9.980000E0	1.003640E2	5.062117E1
1.000000E1	1.007666E2	5.019340E1
1.002000E1	1.011163E2	5.030618E1
1.004000E1	1.016330E2	5.018910E1
1.006000E1	1.021235E2	4.983760E1
1.008000E1	1.022485E2	4.946057E1
1.010000E1	1.021352E2	4.931928E1
1.012000E1	1.022325E2	4.865695E1
1.014000E1	1.020259E2	4.805010E1
1.016000E1	1.022589E2	4.762905E1
1.018000E1	1.022629E2	4.762127E1
1.020000E1	1.021608E2	4.759295E1
1.022000E1	1.021295E2	4.752866E1
1.024000E1	1.024056E2	4.708551E1
1.026000E1	1.025327E2	4.691637E1
1.028000E1	1.026690E2	4.663328E1
1.030000E1	1.029034E2	4.588257E1
1.032000E1	1.030585E2	4.518659E1
1.034000E1	1.030301E2	4.520623E1
1.036000E1	1.029708E2	4.521741E1
1.038000E1	1.031374E2	4.451855E1
1.040000E1	1.034891E2	4.306305E1
1.042000E1	1.038009E2	4.191257E1
1.044000E1	1.037925E2	4.164512E1
1.046000E1	1.039379E2	4.153592E1
1.048000E1	1.044375E2	4.100765E1
1.050000E1	1.049822E2	4.046464E1
1.052000E1	1.056395E2	4.004161E1
1.054000E1	1.061637E2	3.981507E1
1.056000E1	1.059041E2	3.931178E1
1.058000E1	1.058001E2	3.878435E1
1.060000E1	1.059652E2	3.859677E1
1.062000E1	1.065126E2	3.861292E1
1.064000E1	1.069828E2	3.826679E1
1.066000E1	1.071376E2	3.755855E1
1.068000E1	1.076319E2	3.657465E1
1.070000E1	1.081662E2	3.583015E1
1.072000E1	1.082303E2	3.544757E1
1.074000E1	1.085761E2	3.503898E1
1.076000E1	1.089652E2	3.461482E1
1.078000E1	1.094855E2	3.414569E1
1.080000E1	1.098264E2	3.374108E1
1.082000E1	1.098031E2	3.371915E1
1.084000E1	1.097759E2	3.371004E1
1.086000E1	1.099076E2	3.303868E1
1.088000E1	1.101369E2	3.213561E1
1.090000E1	1.104181E2	3.066054E1
1.092000E1	1.106970E2	2.932572E1
1.094000E1	1.106430E2	2.922797E1
1.096000E1	1.106485E2	2.947376E1
1.098000E1	1.106924E2	2.947926E1
1.100000E1	1.111513E2	2.909518E1
1.102000E1	1.113950E2	2.840746E1
1.104000E1	1.116414E2	2.770151E1
1.106000E1	1.122259E2	2.679905E1
1.108000E1	1.123060E2	2.614806E1
1.110000E1	1.123459E2	2.593227E1
1.112000E1	1.122055E2	2.592953E1
1.114000E1	1.121169E2	2.592293E1
1.116000E1	1.120994E2	2.588042E1
1.118000E1	1.120856E2	2.567517E1
1.120000E1	1.121035E2	2.517081E1
1.122000E1	1.120906E2	2.510106E1
1.124000E1	1.121552E2	2.410204E1
1.126000E1	1.123395E2	2.323546E1
1.128000E1	1.123174E2	2.323636E1
1.130000E1	1.123334E2	2.313203E1
1.132000E1	1.123204E2	2.251860E1
1.134000E1	1.121313E2	2.146909E1
1.136000E1	1.118902E2	2.090484E1
1.138000E1	1.119750E2	2.061147E1
1.140000E1	1.119986E2	2.057737E1
1.142000E1	1.121017E2	1.992248E1
1.144000E1	1.122556E2	1.935304E1
1.146000E1	1.122736E2	1.923880E1
1.148000E1	1.124997E2	1.886564E1
1.150000E1	1.128258E2	1.810400E1
1.152000E1	1.133227E2	1.728220E1
1.154000E1	1.139206E2	1.658147E1
1.156000E1	1.141819E2	1.647770E1
1.158000E1	1.140348E2	1.620998E1
1.160000E1	1.139397E2	1.569389E1
1.162000E1	1.141496E2	1.491729E1
1.164000E1	1.143567E2	1.409277E1
1.166000E1	1.146360E2	1.356680E1
1.168000E1	1.150523E2	1.307773E1
1.170000E1	1.152840E2	1.267528E1
1.172000E1	1.154059E2	1.225776E1
1.174000E1	1.154496E2	1.216958E1
1.176000E1	1.154535E2	1.197710E1
1.178000E1	1.156736E2	1.152105E1
1.180000E1	1.160419E2	1.080981E1
1.182000E1	1.163138E2	9.914335E0
1.184000E1	1.162746E2	9.061049E0
1.186000E1	1.161968E2	8.462469E0
1.188000E1	1.162644E2	8.452291E0
1.190000E1	1.166281E2	8.576238E0
1.192000E1	1.166393E2	8.280218E0
1.194000E1	1.165590E2	7.736694E0
1.196000E1	1.164581E2	7.335488E0
1.198000E1	1.165412E2	7.093735E0
1.200000E1	1.165529E2	6.535245E0
1.202000E1	1.163302E2	5.643795E0
1.204000E1	1.170395E2	4.321966E0
1.206000E1	1.175192E2	3.892407E0
1.208000E1	1.175983E2	4.071067E0
1.210000E1	1.175962E2	4.152908E0
1.212000E1	1.176156E2	3.918952E0
1.214000E1	1.176307E2	3.376360E0
1.216000E1	1.174187E2	3.054139E0
1.218000E1	1.172000E2	2.150352E0
1.220000E1	1.171514E2	1.858096E0
1.222000E1	1.171918E2	1.507738E0
1.224000E1	1.171656E2	8.691386E-1
1.226000E1	1.171410E2	-1.592564E-1
1.228000E1	1.168885E2	-1.094036E0
1.230000E1	1.168075E2	-1.160671E0
1.232000E1	1.168647E2	-1.220416E0
1.234000E1	1.169199E2	-1.284162E0
1.236000E1	1.167946E2	-1.289075E0
1.238000E1	1.169003E2	-1.587989E0
1.240000E1	1.170157E2	-1.647236E0
1.242000E1	1.171188E2	-2.251821E0
1.244000E1	1.169427E2	-3.079693E0
1.246000E1	1.169897E2	-3.647806E0
1.248000E1	1.172418E2	-4.173594E0
1.250000E1	1.177934E2	-4.736243E0
1.252000E1	1.179430E2	-5.170639E0
1.254000E1	1.181747E2	-6.081036E0
1.256000E1	1.181287E2	-6.897870E0
1.258000E1	1.178816E2	-7.356934E0
1.260000E1	1.178980E2	-7.625442E0
1.262000E1	1.182803E2	-8.431237E0
1.264000E1	1.184050E2	-9.097589E0
1.266000E1	1.184555E2	-9.330324E0
1.268000E1	1.185071E2	-9.543901E0
1.270000E1	1.185788E2	-9.820229E0
1.272000E1	1.186131E2	-1.038677E1
1.274000E1	1.185616E2	-1.170228E1
1.276000E1	1.186042E2	-1.314316E1
1.278000E1	1.188937E2	-1.460287E1
1.280000E1	1.190137E2	-1.528837E1
1.282000E1	1.190859E2	-1.511931E1
1.284000E1	1.192260E2	-1.502641E1
1.286000E1	1.192445E2	-1.502870E1
1.288000E1	1.190532E2	-1.557502E1
1.290000E1	1.186728E2	-1.593324E1
1.292000E1	1.186575E2	-1.658530E1
1.294000E1	1.183580E2	-1.710572E1
1.296000E1	1.183474E2	-1.767782E1
1.298000E1	1.184890E2	-1.814081E1
1.300000E1	1.184692E2	-1.813474E1
1.302000E1	1.184858E2	-1.815038E1
1.304000E1	1.185700E2	-1.853122E1
1.306000E1	1.188016E2	-1.946404E1
1.308000E1	1.190294E2	-2.043215E1
1.310000E1	1.187502E2	-2.075551E1
1.312000E1	1.184821E2	-2.129313E1
1.314000E1	1.181240E2	-2.161461E1
1.316000E1	1.180588E2	-2.171623E1
1.318000E1	1.179295E2	-2.236923E1
1.320000E1	1.175141E2	-2.318182E1
1.322000E1	1.168308E2	-2.401252E1
1.324000E1	1.167750E2	-2.432183E1
1.326000E1	1.170561E2	-2.446290E1
1.328000E1	1.170879E2	-2.461096E1
1.330000E1	1.169443E2	-2.515732E1
1.332000E1	1.169357E2	-2.522900E1
1.334000E1	1.169960E2	-2.511167E1
1.336000E1	1.169280E2	-2.493028E1
1.338000E1	1.166282E2	-2.535289E1
1.340000E1	1.167422E2	-2.585206E1
1.342000E1	1.168105E2	-2.633985E1
1.344000E1	1.168852E2	-2.639410E1
1.346000E1	1.167230E2	-2.665043E1
1.348000E1	1.165850E2	-2.756263E1
1.350000E1	1.165862E2	-2.887074E1
1.352000E1	1.166806E2	-2.982822E1
1.354000E1	1.169945E2	-3.073822E1
1.356000E1	1.171313E2	-3.146484E1
1.358000E1	1.170598E2	-3.153545E1
1.360000E1	1.169928E2	-3.163919E1
1.362000E1	1.169771E2	-3.187771E1
1.364000E1	1.169161E2	-3.233826E1
1.366000E1	1.167029E2	-3.308580E1
1.368000E1	1.165769E2	-3.430161E1
1.370000E1	1.163718E2	-3.573996E1
1.372000E1	1.160929E2	-3.679198E1
1.374000E1	1.159506E2	-3.729209E1
1.376000E1	1.162391E2	-3.698033E1
1.378000E1	1.165432E2	-3.706629E1
1.380000E1	1.166149E2	-3.761859E1
1.382000E1	1.163059E2	-3.784933E1
1.384000E1	1.162364E2	-3.782915E1
1.386000E1	1.158678E2	-3.807075E1
1.388000E1	1.154372E2	-3.869417E1
1.390000E1	1.151074E2	-3.982306E1
1.392000E1	1.150846E2	-4.010748E1
1.394000E1	1.150175E2	-4.009030E1
1.396000E1	1.150138E2	-4.007257E1
1.398000E1	1.149835E2	-4.018858E1
1.400000E1	1.149987E2	-4.077788E1
1.402000E1	1.147703E2	-4.157146E1
1.404000E1	1.144548E2	-4.258655E1
1.406000E1	1.142972E2	-4.437140E1
1.408000E1	1.143948E2	-4.544523E1
1.410000E1	1.143107E2	-4.537203E1
1.412000E1	1.139323E2	-4.561701E1
1.414000E1	1.131641E2	-4.649155E1
1.416000E1	1.125361E2	-4.663661E1
1.418000E1	1.124521E2	-4.725361E1
1.420000E1	1.125261E2	-4.726273E1
1.422000E1	1.125449E2	-4.722582E1
1.424000E1	1.123470E2	-4.750689E1
1.426000E1	1.124255E2	-4.772467E1
1.428000E1	1.124633E2	-4.797178E1
1.430000E1	1.123571E2	-4.821764E1
1.432000E1	1.121901E2	-4.854470E1
1.434000E1	1.121651E2	-4.857343E1
1.436000E1	1.124183E2	-4.805276E1
1.438000E1	1.124393E2	-4.791460E1
1.440000E1	1.121731E2	-4.815789E1
1.442000E1	1.118056E2	-4.930709E1
1.444000E1	1.112499E2	-5.038652E1
1.446000E1	1.110499E2	-5.092854E1
1.448000E1	1.111453E2	-5.171508E1
1.450000E1	1.112280E2	-5.245927E1
1.452000E1	1.112203E2	-5.287186E1
1.454000E1	1.112164E2	-5.343660E1
1.456000E1	1.108828E2	-5.389103E1
1.458000E1	1.104365E2	-5.451455E1
1.460000E1	1.098690E2	-5.535176E1
1.462000E1	1.095463E2	-5.625655E1
1.464000E1	1.092383E2	-5.723983E1
1.466000E1	1.090397E2	-5.784962E1
1.468000E1	1.092075E2	-5.789544E1
1.470000E1	1.095713E2	-5.801030E1
1.472000E1	1.097187E2	-5.829187E1
1.474000E1	1.093344E2	-5.852613E1
1.476000E1	1.089472E2	-5.882967E1
1.478000E1	1.090066E2	-5.882237E1
1.480000E1	1.089906E2	-5.888272E1
1.482000E1	1.086908E2	-5.942902E1
1.484000E1	1.083615E2	-6.014689E1
1.486000E1	1.082890E2	-6.009353E1
1.488000E1	1.083205E2	-6.009721E1
1.490000E1	1.082133E2	-6.009746E1
1.492000E1	1.078928E2	-6.037304E1
1.494000E1	1.076339E2	-6.124252E1
1.496000E1	1.074719E2	-6.169240E1
1.498000E1	1.071774E2	-6.242514E1
1.500000E1	1.069688E2	-6.327675E1
1.502000E1	1.067088E2	-6.417726E1
1.504000E1	1.063649E2	-6.535761E1
1.506000E1	1.058656E2	-6.712361E1
1.508000E1	1.052497E2	-6.819607E1
1.510000E1	1.050402E2	-6.801192E1
1.512000E1	1.050887E2	-6.803559E1
1.514000E1	1.050289E2	-6.813968E1
1.516000E1	1.048084E2	-6.808588E1
1.518000E1	1.045074E2	-6.866236E1
1.520000E1	1.044988E2	-6.865494E1
1.522000E1	1.045307E2	-6.864781E1
1.524000E1	1.041296E2	-6.897536E1
1.526000E1	1.038550E2	-6.978736E1
1.528000E1	1.039352E2	-6.983665E1
1.530000E1	1.043135E2	-6.973308E1
1.532000E1	1.042547E2	-6.959301E1
1.534000E1	1.039103E2	-6.979769E1
1.536000E1	1.034591E2	-7.006667E1
1.538000E1	1.031983E2	-7.030936E1
1.540000E1	1.032458E2	-7.038661E1
1.542000E1	1.029814E2	-7.110850E1
1.544000E1	1.028679E2	-7.149558E1
1.546000E1	1.027652E2	-7.162470E1
1.548000E1	1.026883E2	-7.174291E1
1.550000E1	1.023058E2	-7.265983E1
1.552000E1	1.016789E2	-7.422179E1
1.554000E1	1.009392E2	-7.613750E1
1.556000E1	1.000763E2	-7.732955E1
1.558000E1	9.919999E1	-7.807130E1
1.560000E1	9.873410E1	-7.818560E1
1.562000E1	9.888062E1	-7.835431E1
1.564000E1	9.929244E1	-7.846121E1
1.566000E1	9.925691E1	-7.875229E1
1.568000E1	9.887075E1	-7.933591E1
1.570000E1	9.857056E1	-7.950262E1
1.572000E1	9.858517E1	-7.948253E1
1.574000E1	9.811404E1	-7.958864E1
1.576000E1	9.739116E1	-8.009715E1
1.578000E1	9.735182E1	-8.064214E1
1.580000E1	9.746420E1	-8.072466E1
1.582000E1	9.753440E1	-8.081372E1
1.584000E1	9.744295E1	-8.083447E1
1.586000E1	9.716806E1	-8.102286E1
1.588000E1	9.691670E1	-8.142194E1
1.590000E1	9.637558E1	-8.188918E1
1.592000E1	9.556110E1	-8.278097E1
1.594000E1	9.517419E1	-8.344677E1
1.596000E1	9.504070E1	-8.357306E1
1.598000E1	9.476151E1	-8.416754E1
1.600000E1	9.392736E1	-8.515953E1
1.602000E1	9.282463E1	-8.622644E1
1.604000E1	9.252930E1	-8.703087E1
1.606000E1	9.234013E1	-8.797783E1
1.608000E1	9.223759E1	-8.847938E1
1.610000E1	9.211152E1	-8.839616E1
1.612000E1	9.192563E1	-8.858526E1
1.614000E1	9.186338E1	-8.855329E1
1.616000E1	9.186325E1	-8.843211E1
1.618000E1	9.140773E1	-8.869780E1
1.620000E1	9.096244E1	-8.926250E1
1.622000E1	9.121919E1	-8.906946E1
1.624000E1	9.136909E1	-8.912496E1
1.626000E1	9.123534E1	-8.921667E1
1.628000E1	9.085379E1	-8.964556E1
1.630000E1	9.045002E1	-9.023881E1
1.632000E1	9.010812E1	-9.031880E1
1.634000E1	9.009646E1	-9.023891E1
1.636000E1	9.017944E1	-9.021883E1
1.638000E1	9.027819E1	-9.024275E1
1.640000E1	9.032441E1	-9.017205E1
1.642000E1	9.016439E1	-9.022737E1
1.644000E1	8.979695E1	-9.066825E1
1.646000E1	8.926738E1	-9.139024E1
1.648000E1	8.841620E1	-9.236538E1
1.650000E1	8.728468E1	-9.355938E1
1.652000E1	8.601679E1	-9.483358E1
1.654000E1	8.498512E1	-9.601838E1
1.656000E1	8.497703E1	-9.613966E1
1.658000E1	8.526987E1	-9.590018E1
1.660000E1	8.519446E1	-9.550935E1
1.662000E1	8.475619E1	-9.603975E1
1.664000E1	8.445388E1	-9.636816E1
1.666000E1	8.439272E1	-9.642923E1
1.668000E1	8.391124E1	-9.676831E1
1.670000E1	8.320617E1	-9.749256E1
1.672000E1	8.299342E1	-9.777085E1
1.674000E1	8.298220E1	-9.786785E1
1.676000E1	8.295359E1	-9.789406E1
1.678000E1	8.286607E1	-9.798442E1
1.680000E1	8.259497E1	-9.837855E1
1.682000E1	8.249804E1	-9.871934E1
1.684000E1	8.240686E1	-9.880723E1
1.686000E1	8.201420E1	-9.912006E1
1.688000E1	8.124543E1	-9.978827E1
1.690000E1	8.046530E1	-1.003565E2
1.692000E1	7.943155E1	-1.010053E2
1.694000E1	7.850253E1	-1.016771E2
1.696000E1	7.834064E1	-1.017565E2
1.698000E1	7.831658E1	-1.017189E2
1.700000E1	7.801958E1	-1.020274E2
1.702000E1	7.763184E1	-1.027237E2
1.704000E1	7.714454E1	-1.033890E2
1.706000E1	7.678867E1	-1.044499E2
1.708000E1	7.659831E1	-1.051303E2
1.710000E1	7.650540E1	-1.049519E2
1.712000E1	7.606444E1	-1.050673E2
1.714000E1	7.589307E1	-1.053753E2
1.716000E1	7.614029E1	-1.050974E2
1.718000E1	7.610867E1	-1.051570E2
1.720000E1	7.551178E1	-1.054697E2
1.722000E1	7.518798E1	-1.055356E2
1.724000E1	7.484771E1	-1.058025E2
1.726000E1	7.456054E1	-1.059167E2
1.728000E1	7.438056E1	-1.060420E2
1.730000E1	7.434261E1	-1.063673E2
1.732000E1	7.442207E1	-1.064502E2
1.734000E1	7.460832E1	-1.062258E2
1.736000E1	7.463913E1	-1.060955E2
1.738000E1	7.444264E1	-1.060938E2
1.740000E1	7.403441E1	-1.063231E2
1.742000E1	7.354227E1	-1.067302E2
1.744000E1	7.246458E1	-1.074270E2
1.746000E1	7.089651E1	-1.082400E2
1.748000E1	7.000941E1	-1.087468E2
1.750000E1	7.011045E1	-1.089164E2
1.752000E1	7.034693E1	-1.091659E2
1.754000E1	7.003235E1	-1.096452E2
1.756000E1	6.934585E1	-1.102027E2
1.758000E1	6.908308E1	-1.100961E2
1.760000E1	6.866843E1	-1.099382E2
1.762000E1	6.812649E1	-1.099272E2
1.764000E1	6.771825E1	-1.102770E2
1.766000E1	6.754533E1	-1.105517E2
1.768000E1	6.747861E1	-1.106971E2
1.770000E1	6.742508E1	-1.108617E2
1.772000E1	6.745207E1	-1.109243E2
1.774000E1	6.707850E1	-1.111313E2
1.776000E1	6.653517E1	-1.114989E2
1.778000E1	6.597230E1	-1.119125E2
1.780000E1	6.562312E1	-1.126713E2
1.782000E1	6.506494E1	-1.132992E2
1.784000E1	6.443681E1	-1.136496E2
1.786000E1	6.375485E1	-1.139689E2
1.788000E1	6.304752E1	-1.140717E2
1.790000E1	6.221561E1	-1.143783E2
1.792000E1	6.173646E1	-1.147005E2
1.794000E1	6.172740E1	-1.148596E2
1.796000E1	6.169530E1	-1.149051E2
1.798000E1	6.157037E1	-1.151724E2
1.800000E1	6.131905E1	-1.154079E2
1.802000E1	6.101265E1	-1.159902E2
1.804000E1	6.044650E1	-1.163264E2
1.806000E1	5.969289E1	-1.170619E2
1.808000E1	5.894206E1	-1.180623E2
1.810000E1	5.882509E1	-1.187441E2
1.812000E1	5.902430E1	-1.184256E2
1.814000E1	5.875572E1	-1.184568E2
1.816000E1	5.813745E1	-1.185638E2
1.818000E1	5.772111E1	-1.184256E2
1.820000E1	5.729794E1	-1.184634E2
1.822000E1	5.716513E1	-1.186112E2
1.824000E1	5.712470E1	-1.185841E2
1.826000E1	5.713503E1	-1.185455E2
1.828000E1	5.711373E1	-1.185722E2
1.830000E1	5.671717E1	-1.189332E2
1.832000E1	5.646579E1	-1.191339E2
1.834000E1	5.600089E1	-1.192362E2
1.836000E1	5.563720E1	-1.192297E2
1.838000E1	5.522155E1	-1.191874E2
1.840000E1	5.476545E1	-1.192902E2
1.842000E1	5.481907E1	-1.192632E2
1.844000E1	5.489645E1	-1.193021E2
1.846000E1	5.450953E1	-1.195746E2
1.848000E1	5.443122E1	-1.196339E2
1.850000E1	5.396675E1	-1.197253E2
1.852000E1	5.318524E1	-1.201851E2
1.854000E1	5.240246E1	-1.206680E2
1.856000E1	5.144745E1	-1.210136E2
1.858000E1	5.058095E1	-1.216256E2
1.860000E1	5.027068E1	-1.214285E2
1.862000E1	5.042577E1	-1.211507E2
1.864000E1	5.041814E1	-1.211301E2
1.866000E1	5.010209E1	-1.213447E2
1.868000E1	4.951332E1	-1.217248E2
1.870000E1	4.883300E1	-1.221587E2
1.872000E1	4.819587E1	-1.225054E2
1.874000E1	4.772391E1	-1.227286E2
1.876000E1	4.692144E1	-1.231474E2
1.878000E1	4.604661E1	-1.235348E2
1.880000E1	4.503644E1	-1.239525E2
1.882000E1	4.432774E1	-1.242315E2
1.884000E1	4.387963E1	-1.244200E2
1.886000E1	4.346643E1	-1.245681E2
1.888000E1	4.332731E1	-1.245644E2
1.890000E1	4.297867E1	-1.245802E2
1.892000E1	4.274262E1	-1.247275E2
1.894000E1	4.237961E1	-1.249374E2
1.896000E1	4.207722E1	-1.251167E2
1.898000E1	4.159946E1	-1.251446E2
1.900000E1	4.120787E1	-1.254274E2
1.902000E1	4.090101E1	-1.258501E2
1.904000E1	4.065291E1	-1.262680E2
1.906000E1	4.028539E1	-1.268535E2
1.908000E1	3.914659E1	-1.276097E2
1.910000E1	3.792678E1	-1.282315E2
1.912000E1	3.759805E1	-1.282312E2
1.914000E1	3.776264E1	-1.278972E2
1.916000E1	3.763884E1	-1.279249E2
1.918000E1	3.764925E1	-1.279725E2
1.920000E1	3.783068E1	-1.277665E2
1.922000E1	3.776854E1	-1.278344E2
1.924000E1	3.764737E1	-1.278297E2
1.926000E1	3.699386E1	-1.279759E2
1.928000E1	3.614837E1	-1.281532E2
1.930000E1	3.528931E1	-1.284284E2
1.932000E1	3.481646E1	-1.284269E2
1.934000E1	3.455573E1	-1.282275E2
1.936000E1	3.480485E1	-1.282209E2
1.938000E1	3.520832E1	-1.280617E2
1.940000E1	3.518826E1	-1.280839E2
1.942000E1	3.472566E1	-1.282003E2
1.944000E1	3.429004E1	-1.282722E2
1.946000E1	3.395566E1	-1.283059E2
1.948000E1	3.319991E1	-1.280973E2
1.950000E1	3.221377E1	-1.280762E2
1.952000E1	3.131536E1	-1.284155E2
1.954000E1	3.121780E1	-1.285967E2
1.956000E1	3.105282E1	-1.288475E2
1.958000E1	3.068340E1	-1.290207E2
1.960000E1	3.028723E1	-1.291073E2
1.962000E1	2.985115E1	-1.291432E2
1.964000E1	2.927257E1	-1.290206E2
1.966000E1	2.828930E1	-1.292667E2
1.968000E1	2.743266E1	-1.297213E2
1.970000E1	2.686209E1	-1.298807E2
1.972000E1	2.580784E1	-1.301219E2
1.974000E1	2.452355E1	-1.304701E2
1.976000E1	2.404822E1	-1.305751E2
1.978000E1	2.353258E1	-1.305127E2
1.980000E1	2.319840E1	-1.306304E2
1.982000E1	2.314644E1	-1.305901E2
1.984000E1	2.289665E1	-1.308283E2
1.986000E1	2.250581E1	-1.309733E2
1.988000E1	2.220428E1	-1.310592E2
1.990000E1	2.178457E1	-1.310544E2
1.992000E1	2.121623E1	-1.310633E2
1.994000E1	2.066662E1	-1.312201E2
1.996000E1	2.062765E1	-1.313390E2
1.998000E1	2.050886E1	-1.315798E2
2.000000E1	2.008592E1	-1.316641E2
2.002000E1	1.969731E1	-1.316307E2
2.004000E1	1.910434E1	-1.317347E2
2.006000E1	1.848949E1	-1.319228E2
2.008000E1	1.758457E1	-1.323024E2
2.010000E1	1.626602E1	-1.333016E2
2.012000E1	1.570822E1	-1.336210E2
2.014000E1	1.571356E1	-1.334889E2
2.016000E1	1.571967E1	-1.333659E2
2.018000E1	1.521318E1	-1.332301E2
2.020000E1	1.461359E1	-1.328921E2
2.022000E1	1.405805E1	-1.329871E2
2.024000E1	1.359456E1	-1.329420E2
2.026000E1	1.328946E1	-1.326592E2
2.028000E1	1.317423E1	-1.327158E2
2.030000E1	1.311039E1	-1.327914E2
2.032000E1	1.304412E1	-1.328820E2
2.034000E1	1.277234E1	-1.329604E2
2.036000E1	1.245223E1	-1.329004E2
2.038000E1	1.214804E1	-1.328170E2
2.040000E1	1.181362E1	-1.324781E2
2.042000E1	1.107932E1	-1.322117E2
2.044000E1	1.057546E1	-1.322973E2
2.046000E1	1.022668E1	-1.323955E2
2.048000E1	1.016625E1	-1.323679E2
2.050000E1	1.011063E1	-1.324313E2
2.052000E1	9.886825E0	-1.324696E2
2.054000E1	9.023568E0	-1.326848E2
2.056000E1	8.034479E0	-1.328846E2
2.058000E1	6.562508E0	-1.331371E2
2.060000E1	5.142268E0	-1.333529E2
2.062000E1	4.777264E0	-1.332471E2
2.064000E1	4.369904E0	-1.329714E2
2.066000E1	3.305067E0	-1.325775E2
2.068000E1	2.318062E0	-1.326873E2
2.070000E1	1.815440E0	-1.326073E2
2.072000E1	1.328554E0	-1.326791E2
2.074000E1	8.309148E-1	-1.328355E2
2.076000E1	3.968055E-1	-1.329201E2
2.078000E1	6.072404E-2	-1.328833E2
2.080000E1	-6.388311E-2	-1.330026E2
2.082000E1	-1.410703E-1	-1.329693E2
2.084000E1	-6.774793E-1	-1.330926E2
2.086000E1	-1.525258E0	-1.332537E2
2.088000E1	-1.908361E0	-1.334066E2
2.090000E1	-2.074521E0	-1.336827E2
2.092000E1	-2.359281E0	-1.336281E2
2.094000E1	-2.951199E0	-1.333321E2
2.096000E1	-3.793693E0	-1.332526E2
2.098000E1	-4.037445E0	-1.330519E2
2.100000E1	-4.162588E0	-1.330420E2
2.102000E1	-4.756058E0	-1.332279E2
2.104000E1	-5.443623E0	-1.334401E2
2.106000E1	-5.653484E0	-1.335652E2
2.108000E1	-6.267075E0	-1.336542E2
2.110000E1	-7.713024E0	-1.339041E2
2.112000E1	-9.078009E0	-1.341589E2
2.114000E1	-9.700391E0	-1.340520E2
2.116000E1	-9.834741E0	-1.335569E2
2.118000E1	-1.040674E1	-1.330691E2
2.120000E1	-1.072096E1	-1.328431E2
2.122000E1	-1.068881E1	-1.329342E2
2.124000E1	-1.072765E1	-1.329708E2
2.126000E1	-1.085398E1	-1.330102E2
2.128000E1	-1.101232E1	-1.329766E2
2.130000E1	-1.158197E1	-1.328051E2
2.132000E1	-1.211786E1	-1.326015E2
2.134000E1	-1.260074E1	-1.324385E2
2.136000E1	-1.311340E1	-1.323460E2
2.138000E1	-1.316059E1	-1.321981E2
2.140000E1	-1.295428E1	-1.321133E2
2.142000E1	-1.303682E1	-1.321035E2
2.144000E1	-1.316362E1	-1.321070E2
2.146000E1	-1.365345E1	-1.321047E2
2.148000E1	-1.414974E1	-1.320782E2
2.150000E1	-1.483873E1	-1.316814E2
2.152000E1	-1.593339E1	-1.312818E2
2.154000E1	-1.700441E1	-1.314550E2
2.156000E1	-1.800624E1	-1.316260E2
2.158000E1	-1.926292E1	-1.315772E2
2.160000E1	-2.074125E1	-1.312317E2
2.162000E1	-2.144384E1	-1.307835E2
2.164000E1	-2.150651E1	-1.306364E2
2.166000E1	-2.150605E1	-1.306473E2
2.168000E1	-2.171662E1	-1.306495E2
2.170000E1	-2.231695E1	-1.306693E2
2.172000E1	-2.286180E1	-1.306325E2
2.174000E1	-2.342092E1	-1.307565E2
2.176000E1	-2.401678E1	-1.307733E2
2.178000E1	-2.470211E1	-1.304785E2
2.180000E1	-2.524708E1	-1.306046E2
2.182000E1	-2.556888E1	-1.308799E2
2.184000E1	-2.594819E1	-1.310667E2
2.186000E1	-2.644321E1	-1.310846E2
2.188000E1	-2.723899E1	-1.305913E2
2.190000E1	-2.781934E1	-1.304791E2
2.192000E1	-2.811945E1	-1.302461E2
2.194000E1	-2.857159E1	-1.303327E2
2.196000E1	-2.865822E1	-1.303480E2
2.198000E1	-2.905831E1	-1.304543E2
2.200000E1	-2.912143E1	-1.303713E2
2.202000E1	-2.946447E1	-1.302244E2
2.204000E1	-2.989449E1	-1.301986E2
2.206000E1	-3.081834E1	-1.301152E2
2.208000E1	-3.243732E1	-1.298578E2
2.210000E1	-3.443591E1	-1.296078E2
2.212000E1	-3.572103E1	-1.293348E2
2.214000E1	-3.574524E1	-1.292885E2
2.216000E1	-3.537627E1	-1.292414E2
2.218000E1	-3.552960E1	-1.292013E2
2.220000E1	-3.560685E1	-1.291323E2
2.222000E1	-3.600279E1	-1.288696E2
2.224000E1	-3.623364E1	-1.286335E2
2.226000E1	-3.647145E1	-1.283841E2
2.228000E1	-3.701649E1	-1.277618E2
2.230000E1	-3.791862E1	-1.275598E2
2.232000E1	-3.786857E1	-1.275918E2
2.234000E1	-3.780892E1	-1.276225E2
2.236000E1	-3.777264E1	-1.276571E2
2.238000E1	-3.789401E1	-1.275849E2
2.240000E1	-3.805089E1	-1.274598E2
2.242000E1	-3.846477E1	-1.272109E2
2.244000E1	-3.902658E1	-1.267678E2
2.246000E1	-3.984453E1	-1.264183E2
2.248000E1	-4.084094E1	-1.260309E2
2.250000E1	-4.170004E1	-1.256621E2
2.252000E1	-4.280656E1	-1.250925E2
2.254000E1	-4.404898E1	-1.244570E2
2.256000E1	-4.504447E1	-1.241842E2
2.258000E1	-4.553536E1	-1.242379E2
2.260000E1	-4.602628E1	-1.242804E2
2.262000E1	-4.613595E1	-1.238907E2
2.264000E1	-4.621147E1	-1.238192E2
2.266000E1	-4.630235E1	-1.237842E2
2.268000E1	-4.674337E1	-1.236575E2
2.270000E1	-4.741886E1	-1.232043E2
2.272000E1	-4.806078E1	-1.230545E2
2.274000E1	-4.868271E1	-1.232567E2
2.276000E1	-4.941319E1	-1.237027E2
2.278000E1	-4.977758E1	-1.234211E2
2.280000E1	-5.030932E1	-1.229216E2
2.282000E1	-5.097147E1	-1.226782E2
2.284000E1	-5.142625E1	-1.224734E2
2.286000E1	-5.197082E1	-1.225239E2
2.288000E1	-5.240203E1	-1.225493E2
2.290000E1	-5.255097E1	-1.224195E2
2.292000E1	-5.256163E1	-1.223600E2
2.294000E1	-5.282283E1	-1.221600E2
2.296000E1	-5.337540E1	-1.218520E2
2.298000E1	-5.429355E1	-1.214530E2
2.300000E1	-5.508044E1	-1.209575E2
2.302000E1	-5.610552E1	-1.205070E2
2.304000E1	-5.705715E1	-1.199813E2
2.306000E1	-5.775156E1	-1.197174E2
2.308000E1	-5.814009E1	-1.199231E2
2.310000E1	-5.852068E1	-1.200530E2
2.312000E1	-5.891414E1	-1.201848E2
2.314000E1	-5.921258E1	-1.199154E2
2.316000E1	-5.935221E1	-1.195502E2
2.318000E1	-5.984364E1	-1.190615E2
2.320000E1	-6.006805E1	-1.184549E2
2.322000E1	-6.060765E1	-1.184034E2
2.324000E1	-6.054376E1	-1.182767E2
2.326000E1	-6.046688E1	-1.182594E2
2.328000E1	-6.052785E1	-1.182047E2
2.330000E1	-6.108880E1	-1.180547E2
2.332000E1	-6.127795E1	-1.178646E2
2.334000E1	-6.178273E1	-1.175993E2
2.336000E1	-6.241464E1	-1.170078E2
2.338000E1	-6.263629E1	-1.166796E2
2.340000E1	-6.257321E1	-1.166999E2
2.342000E1	-6.268972E1	-1.164679E2
2.344000E1	-6.334688E1	-1.158306E2
2.346000E1	-6.454909E1	-1.148649E2
2.348000E1	-6.519385E1	-1.141967E2
2.350000E1	-6.519519E1	-1.140996E2
2.352000E1	-6.551683E1	-1.140477E2
2.354000E1	-6.605839E1	-1.138109E2
2.356000E1	-6.678021E1	-1.136962E2
2.358000E1	-6.766140E1	-1.137388E2
2.360000E1	-6.822950E1	-1.136364E2
2.362000E1	-6.836129E1	-1.130397E2
2.364000E1	-6.849455E1	-1.126119E2
2.366000E1	-6.877186E1	-1.127128E2
2.368000E1	-6.911768E1	-1.129301E2
2.370000E1	-6.949525E1	-1.127674E2
2.372000E1	-7.011570E1	-1.121086E2
2.374000E1	-7.124937E1	-1.115490E2
2.376000E1	-7.202945E1	-1.111528E2
2.378000E1	-7.227664E1	-1.109948E2
2.380000E1	-7.273937E1	-1.109385E2
2.382000E1	-7.308987E1	-1.108794E2
2.384000E1	-7.354976E1	-1.108432E2
2.386000E1	-7.384569E1	-1.107614E2
2.388000E1	-7.384966E1	-1.107394E2
2.390000E1	-7.388840E1	-1.106151E2
2.392000E1	-7.455114E1	-1.100036E2
2.394000E1	-7.568042E1	-1.091217E2
2.396000E1	-7.658441E1	-1.078383E2
2.398000E1	-7.725476E1	-1.071800E2
2.400000E1	-7.718411E1	-1.072985E2
2.402000E1	-7.699849E1	-1.076638E2
2.404000E1	-7.716593E1	-1.075086E2
2.406000E1	-7.771659E1	-1.071517E2
2.408000E1	-7.817586E1	-1.067351E2
2.410000E1	-7.905648E1	-1.061749E2
2.412000E1	-7.988225E1	-1.054446E2
2.414000E1	-8.045266E1	-1.050487E2
2.416000E1	-8.039406E1	-1.051203E2
2.418000E1	-8.015532E1	-1.051466E2
2.420000E1	-8.012327E1	-1.051629E2
2.422000E1	-8.017753E1	-1.050515E2
2.424000E1	-8.057380E1	-1.046548E2
2.426000E1	-8.076244E1	-1.043289E2
2.428000E1	-8.094779E1	-1.037097E2
2.430000E1	-8.161368E1	-1.030836E2
2.432000E1	-8.207548E1	-1.029576E2
2.434000E1	-8.221967E1	-1.027121E2
2.436000E1	-8.246036E1	-1.021728E2
2.438000E1	-8.298700E1	-1.012758E2
2.440000E1	-8.310687E1	-1.006997E2
2.442000E1	-8.311565E1	-1.006639E2
2.444000E1	-8.318926E1	-1.005856E2
2.446000E1	-8.329435E1	-1.004722E2
2.448000E1	-8.386110E1	-9.996324E1
2.450000E1	-8.433128E1	-9.976988E1
2.452000E1	-8.443483E1	-9.963937E1
2.454000E1	-8.490559E1	-9.906374E1
2.456000E1	-8.572182E1	-9.859695E1
2.458000E1	-8.655141E1	-9.847435E1
2.460000E1	-8.715542E1	-9.842149E1
2.462000E1	-8.729158E1	-9.821195E1
2.464000E1	-8.740777E1	-9.753274E1
2.466000E1	-8.787312E1	-9.686161E1
2.468000E1	-8.837194E1	-9.628104E1
2.470000E1	-8.894609E1	-9.615031E1
2.472000E1	-8.961058E1	-9.578530E1
2.474000E1	-9.012211E1	-9.560619E1
2.476000E1	-9.050571E1	-9.538445E1
2.478000E1	-9.073167E1	-9.525320E1
2.480000E1	-9.081680E1	-9.498815E1
2.482000E1	-9.134771E1	-9.446218E1
2.484000E1	-9.228114E1	-9.385896E1
2.486000E1	-9.341529E1	-9.319240E1
2.488000E1	-9.410940E1	-9.245668E1
2.490000E1	-9.412388E1	-9.225245E1
2.492000E1	-9.420319E1	-9.218625E1
2.494000E1	-9.444544E1	-9.233907E1
2.496000E1	-9.445720E1	-9.224262E1
2.498000E1	-9.462499E1	-9.169803E1
2.500000E1	-9.511049E1	-9.117317E1
2.502000E1	-9.520586E1	-9.103861E1
2.504000E1	-9.533369E1	-9.056920E1
2.506000E1	-9.582046E1	-8.997389E1
2.508000E1	-9.630633E1	-8.956568E1
2.510000E1	-9.633412E1	-8.947652E1
2.512000E1	-9.677710E1	-8.934079E1
2.514000E1	-9.710420E1	-8.918901E1
2.516000E1	-9.742835E1	-8.889583E1
2.518000E1	-9.758122E1	-8.838305E1
2.520000E1	-9.767264E1	-8.768013E1
2.522000E1	-9.772774E1	-8.718865E1
2.524000E1	-9.791983E1	-8.697272E1
2.526000E1	-9.794608E1	-8.678746E1
2.528000E1	-9.808676E1	-8.609113E1
2.530000E1	-9.854947E1	-8.493826E1
2.532000E1	-9.891963E1	-8.417559E1
2.534000E1	-9.920284E1	-8.415180E1
2.536000E1	-9.926638E1	-8.427843E1
2.538000E1	-9.932658E1	-8.415459E1
2.540000E1	-9.947530E1	-8.392474E1
2.542000E1	-9.947410E1	-8.388037E1
2.544000E1	-9.947136E1	-8.391119E1
2.546000E1	-9.950161E1	-8.374358E1
2.548000E1	-9.970755E1	-8.307048E1
2.550000E1	-1.003547E2	-8.251590E1
2.552000E1	-1.007111E2	-8.223898E1
2.554000E1	-1.008709E2	-8.216067E1
2.556000E1	-1.013800E2	-8.167472E1
2.558000E1	-1.020437E2	-8.103271E1
2.560000E1	-1.028246E2	-8.018838E1
2.562000E1	-1.034049E2	-7.955854E1
2.564000E1	-1.034610E2	-7.936059E1
2.566000E1	-1.037180E2	-7.890214E1
2.568000E1	-1.037412E2	-7.877793E1
2.570000E1	-1.037873E2	-7.874630E1
2.572000E1	-1.040346E2	-7.851276E1
2.574000E1	-1.045322E2	-7.798924E1
2.576000E1	-1.051676E2	-7.722396E1
2.578000E1	-1.060805E2	-7.605687E1
2.580000E1	-1.066864E2	-7.504822E1
2.582000E1	-1.069152E2	-7.406668E1
2.584000E1	-1.072032E2	-7.387924E1
2.586000E1	-1.076113E2	-7.427975E1
2.588000E1	-1.078909E2	-7.445744E1
2.590000E1	-1.078545E2	-7.418909E1
2.592000E1	-1.077415E2	-7.369738E1
2.594000E1	-1.076023E2	-7.341323E1
2.596000E1	-1.076820E2	-7.282922E1
2.598000E1	-1.078629E2	-7.191052E1
2.600000E1	-1.085346E2	-7.108341E1
2.602000E1	-1.084875E2	-7.108605E1
2.604000E1	-1.084280E2	-7.119909E1
2.606000E1	-1.084341E2	-7.116936E1
2.608000E1	-1.085383E2	-7.100905E1
2.610000E1	-1.089971E2	-7.051941E1
2.612000E1	-1.097678E2	-6.943924E1
2.614000E1	-1.105866E2	-6.817146E1
2.616000E1	-1.111411E2	-6.762059E1
2.618000E1	-1.109437E2	-6.775583E1
2.620000E1	-1.107917E2	-6.749605E1
2.622000E1	-1.107658E2	-6.659155E1
2.624000E1	-1.109123E2	-6.564656E1
2.626000E1	-1.110232E2	-6.502014E1
2.628000E1	-1.110044E2	-6.506722E1
2.630000E1	-1.109881E2	-6.507962E1
2.632000E1	-1.110438E2	-6.472980E1
2.634000E1	-1.113363E2	-6.456916E1
2.636000E1	-1.115015E2	-6.456982E1
2.638000E1	-1.116058E2	-6.442954E1
2.640000E1	-1.115053E2	-6.415029E1
2.642000E1	-1.117263E2	-6.386068E1
2.644000E1	-1.116462E2	-6.409156E1
2.646000E1	-1.114996E2	-6.445173E1
2.648000E1	-1.115082E2	-6.440538E1
2.650000E1	-1.116651E2	-6.354659E1
2.652000E1	-1.122693E2	-6.221392E1
2.654000E1	-1.124631E2	-6.140120E1
2.656000E1	-1.124863E2	-6.122502E1
2.658000E1	-1.130593E2	-6.060195E1
2.660000E1	-1.136286E2	-6.019510E1
2.662000E1	-1.141683E2	-5.973417E1
2.664000E1	-1.142579E2	-5.940128E1
2.666000E1	-1.140898E2	-5.900652E1
2.668000E1	-1.142405E2	-5.840858E1
2.670000E1	-1.148139E2	-5.768784E1
2.672000E1	-1.154277E2	-5.676782E1
2.674000E1	-1.156924E2	-5.585632E1
2.676000E1	-1.158200E2	-5.518814E1
2.678000E1	-1.160471E2	-5.532401E1
2.680000E1	-1.164949E2	-5.541298E1
2.682000E1	-1.165125E2	-5.528001E1
2.684000E1	-1.163994E2	-5.469994E1
2.686000E1	-1.164992E2	-5.437539E1
2.688000E1	-1.165301E2	-5.430785E1
2.690000E1	-1.164950E2	-5.398762E1
2.692000E1	-1.166388E2	-5.327342E1
2.694000E1	-1.167562E2	-5.277471E1
2.696000E1	-1.167722E2	-5.275233E1
2.698000E1	-1.167674E2	-5.276715E1
2.700000E1	-1.167848E2	-5.252443E1
2.702000E1	-1.169706E2	-5.185333E1
2.704000E1	-1.174018E2	-5.143437E1
2.706000E1	-1.175811E2	-5.089157E1
2.708000E1	-1.178512E2	-5.007902E1
2.710000E1	-1.184673E2	-4.911034E1
2.712000E1	-1.190369E2	-4.807452E1
2.714000E1	-1.197063E2	-4.676970E1
2.716000E1	-1.201127E2	-4.546349E1
2.718000E1	-1.200559E2	-4.479528E1
2.720000E1	-1.198320E2	-4.481299E1
2.722000E1	-1.199163E2	-4.458042E1
2.724000E1	-1.197259E2	-4.462731E1
2.726000E1	-1.197204E2	-4.419462E1
2.728000E1	-1.198709E2	-4.384066E1
2.730000E1	-1.198953E2	-4.396474E1
2.732000E1	-1.199224E2	-4.388127E1
2.734000E1	-1.200297E2	-4.308755E1
2.736000E1	-1.203392E2	-4.276861E1
2.738000E1	-1.204116E2	-4.300731E1
2.740000E1	-1.204517E2	-4.330966E1
2.742000E1	-1.203804E2	-4.331210E1
2.744000E1	-1.202791E2	-4.297289E1
2.746000E1	-1.202987E2	-4.227374E1
2.748000E1	-1.202600E2	-4.188452E1
2.750000E1	-1.203333E2	-4.163000E1
2.752000E1	-1.205543E2	-4.093105E1
2.754000E1	-1.209433E2	-4.066780E1
2.756000E1	-1.210092E2	-4.062389E1
2.758000E1	-1.210563E2	-4.027739E1
2.760000E1	-1.214357E2	-3.927479E1
2.762000E1	-1.221378E2	-3.759216E1
2.764000E1	-1.228430E2	-3.588136E1
2.766000E1	-1.230472E2	-3.442963E1
2.768000E1	-1.228112E2	-3.343121E1
2.770000E1	-1.228311E2	-3.300041E1
2.772000E1	-1.232451E2	-3.314269E1
2.774000E1	-1.234690E2	-3.321624E1
2.776000E1	-1.235278E2	-3.286938E1
2.778000E1	-1.236240E2	-3.213797E1
2.780000E1	-1.235451E2	-3.202465E1
2.782000E1	-1.234895E2	-3.192668E1
2.784000E1	-1.231250E2	-3.118086E1
2.786000E1	-1.232179E2	-3.061372E1
2.788000E1	-1.235521E2	-3.037419E1
2.790000E1	-1.235884E2	-3.029521E1
2.792000E1	-1.235942E2	-3.022106E1
2.794000E1	-1.235695E2	-3.014538E1
2.796000E1	-1.236729E2	-2.968624E1
2.798000E1	-1.237234E2	-2.912766E1
2.800000E1	-1.235203E2	-2.818801E1
2.802000E1	-1.237906E2	-2.710437E1
2.804000E1	-1.239521E2	-2.652175E1
2.806000E1	-1.240688E2	-2.617199E1
2.808000E1	-1.242060E2	-2.523321E1
2.810000E1	-1.241900E2	-2.358125E1
2.812000E1	-1.243329E2	-2.254003E1
2.814000E1	-1.249358E2	-2.172514E1
2.816000E1	-1.255748E2	-2.101342E1
2.818000E1	-1.252677E2	-2.086508E1
2.820000E1	-1.253025E2	-2.073152E1
2.822000E1	-1.253112E2	-2.053959E1
2.824000E1	-1.252777E2	-2.066961E1
2.826000E1	-1.250042E2	-2.042608E1
2.828000E1	-1.250422E2	-1.952104E1
2.830000E1	-1.250834E2	-1.959386E1
2.832000E1	-1.252954E2	-1.981939E1
2.834000E1	-1.252634E2	-1.978266E1
2.836000E1	-1.251975E2	-1.935724E1
2.838000E1	-1.252195E2	-1.871870E1
2.840000E1	-1.252267E2	-1.819654E1
2.842000E1	-1.251737E2	-1.825764E1
2.844000E1	-1.250609E2	-1.825009E1
2.846000E1	-1.250175E2	-1.828436E1
2.848000E1	-1.250204E2	-1.832728E1
2.850000E1	-1.249824E2	-1.825095E1
2.852000E1	-1.249372E2	-1.782946E1
2.854000E1	-1.250855E2	-1.705510E1
2.856000E1	-1.251507E2	-1.584475E1
2.858000E1	-1.252495E2	-1.445455E1
2.860000E1	-1.252528E2	-1.270773E1
2.862000E1	-1.252191E2	-1.108240E1
2.864000E1	-1.254143E2	-1.027980E1
2.866000E1	-1.254412E2	-1.057960E1
2.868000E1	-1.252429E2	-1.093667E1
2.870000E1	-1.249540E2	-1.070237E1
2.872000E1	-1.250694E2	-9.975003E0
2.874000E1	-1.250649E2	-9.821301E0
2.876000E1	-1.249563E2	-9.498261E0
2.878000E1	-1.247989E2	-8.470303E0
2.880000E1	-1.249335E2	-7.816319E0
2.882000E1	-1.249769E2	-7.807528E0
2.884000E1	-1.250539E2	-7.858063E0
2.886000E1	-1.249832E2	-7.819908E0
2.888000E1	-1.250320E2	-7.551591E0
2.890000E1	-1.252044E2	-7.072423E0
2.892000E1	-1.253663E2	-6.621020E0
2.894000E1	-1.253223E2	-6.068258E0
2.896000E1	-1.251981E2	-5.327588E0
2.898000E1	-1.250000E2	-4.362474E0
2.900000E1	-1.246331E2	-3.362823E0
2.902000E1	-1.243555E2	-2.018977E0
2.904000E1	-1.243443E2	-1.384052E0
2.906000E1	-1.244261E2	-1.433026E0
2.908000E1	-1.245144E2	-1.305525E0
2.910000E1	-1.245843E2	-7.388578E-1
2.912000E1	-1.247266E2	-7.064715E-2
2.914000E1	-1.250891E2	9.031764E-1
2.916000E1	-1.256332E2	1.886532E0
2.918000E1	-1.256483E2	2.230054E0
2.920000E1	-1.253174E2	2.387063E0
2.922000E1	-1.254736E2	2.814718E0
2.924000E1	-1.254950E2	2.679620E0
2.926000E1	-1.254381E2	2.358095E0
2.928000E1	-1.253755E2	2.941952E0
2.930000E1	-1.250832E2	3.431422E0
2.932000E1	-1.250297E2	3.671607E0
2.934000E1	-1.250113E2	3.983376E0
2.936000E1	-1.249081E2	4.268951E0
2.938000E1	-1.249876E2	4.641267E0
2.940000E1	-1.251214E2	4.666107E0
2.942000E1	-1.250786E2	4.529470E0
2.944000E1	-1.249984E2	4.437512E0
2.946000E1	-1.247168E2	4.516928E0
2.948000E1	-1.246418E2	4.985096E0
2.950000E1	-1.246484E2	5.715066E0
2.952000E1	-1.243105E2	6.639367E0
2.954000E1	-1.237484E2	8.257095E0
2.956000E1	-1.235272E2	9.350456E0
2.958000E1	-1.236551E2	9.071472E0
2.960000E1	-1.239446E2	8.931951E0
2.962000E1	-1.239723E2	9.525813E0
2.964000E1	-1.238655E2	1.044746E1
2.966000E1	-1.239808E2	1.112001E1
2.968000E1	-1.235626E2	1.125899E1
2.970000E1	-1.228781E2	1.164179E1
2.972000E1	-1.227125E2	1.226784E1
2.974000E1	-1.229744E2	1.257010E1
2.976000E1	-1.230039E2	1.266494E1
2.978000E1	-1.230235E2	1.280462E1
2.980000E1	-1.229640E2	1.291486E1
2.982000E1	-1.229958E2	1.356046E1
2.984000E1	-1.229316E2	1.415862E1
2.986000E1	-1.225990E2	1.507356E1
2.988000E1	-1.224426E2	1.590425E1
2.990000E1	-1.225911E2	1.684431E1
2.992000E1	-1.227389E2	1.778517E1
2.994000E1	-1.224602E2	1.869495E1
2.996000E1	-1.220010E2	1.926279E1
2.998000E1	-1.216261E2	1.970499E1
3.000000E1	-1.216623E2	2.034945E1
3.002000E1	-1.215834E2	2.056470E1
3.004000E1	-1.214443E2	2.071302E1
3.006000E1	-1.215478E2	2.102395E1
3.008000E1	-1.215978E2	2.129693E1
3.010000E1	-1.215817E2	2.166034E1
3.012000E1	-1.214116E2	2.220436E1
3.014000E1	-1.212854E2	2.297888E1
3.016000E1	-1.216214E2	2.420534E1
3.018000E1	-1.220614E2	2.507589E1
3.020000E1	-1.220814E2	2.528920E1
3.022000E1	-1.218415E2	2.542554E1
3.024000E1	-1.215850E2	2.590268E1
3.026000E1	-1.211836E2	2.599582E1
3.028000E1	-1.210898E2	2.590161E1
3.030000E1	-1.211450E2	2.667016E1
3.032000E1	-1.210284E2	2.662187E1
3.034000E1	-1.209095E2	2.658192E1
3.036000E1	-1.208808E2	2.664261E1
3.038000E1	-1.208292E2	2.724851E1
3.040000E1	-1.206316E2	2.767707E1
3.042000E1	-1.204068E2	2.803956E1
3.044000E1	-1.199918E2	2.830078E1
3.046000E1	-1.196514E2	2.862605E1
3.048000E1	-1.194165E2	2.880898E1
3.050000E1	-1.194552E2	2.871345E1
3.052000E1	-1.196600E2	2.864580E1
3.054000E1	-1.195461E2	2.891612E1
3.056000E1	-1.194938E2	2.949568E1
3.058000E1	-1.191231E2	2.974713E1
3.060000E1	-1.187952E2	3.045055E1
3.062000E1	-1.185038E2	3.134720E1
3.064000E1	-1.182094E2	3.249538E1
3.066000E1	-1.180531E2	3.356284E1
3.068000E1	-1.180314E2	3.360743E1
3.070000E1	-1.179944E2	3.346217E1
3.072000E1	-1.176730E2	3.313323E1
3.074000E1	-1.175884E2	3.376169E1
3.076000E1	-1.176445E2	3.464808E1
3.078000E1	-1.173351E2	3.545739E1
3.080000E1	-1.170700E2	3.623132E1
3.082000E1	-1.167516E2	3.702493E1
3.084000E1	-1.165774E2	3.770353E1
3.086000E1	-1.159954E2	3.865245E1
3.088000E1	-1.152622E2	3.967558E1
3.090000E1	-1.150799E2	4.024945E1
3.092000E1	-1.151046E2	4.036107E1
3.094000E1	-1.151419E2	4.080137E1
3.096000E1	-1.150309E2	4.080402E1
3.098000E1	-1.149650E2	4.108577E1
3.100000E1	-1.146275E2	4.147074E1
3.102000E1	-1.144053E2	4.186298E1
3.104000E1	-1.140042E2	4.220452E1
3.106000E1	-1.138719E2	4.250763E1
3.108000E1	-1.140551E2	4.308374E1
3.110000E1	-1.142581E2	4.333615E1
3.112000E1	-1.142343E2	4.364737E1
3.114000E1	-1.138296E2	4.421481E1
3.116000E1	-1.135128E2	4.553916E1
3.118000E1	-1.130613E2	4.707924E1
3.120000E1	-1.127688E2	4.790131E1
3.122000E1	-1.128348E2	4.811027E1
3.124000E1	-1.127010E2	4.790262E1
3.126000E1	-1.126806E2	4.771486E1
3.128000E1	-1.125568E2	4.741415E1
3.130000E1	-1.122060E2	4.802250E1
3.132000E1	-1.117811E2	4.878080E1
3.134000E1	-1.114806E2	4.898195E1
3.136000E1	-1.112108E2	4.920333E1
3.138000E1	-1.105655E2	4.978597E1
3.140000E1	-1.101146E2	5.047265E1
3.142000E1	-1.102543E2	5.036387E1
3.144000E1	-1.105689E2	5.007757E1
3.146000E1	-1.105632E2	5.009759E1
3.148000E1	-1.103387E2	5.028817E1
3.150000E1	-1.100523E2	5.044661E1
3.152000E1	-1.099305E2	5.069088E1
3.154000E1	-1.093198E2	5.112904E1
3.156000E1	-1.086138E2	5.172391E1
3.158000E1	-1.082037E2	5.239644E1
3.160000E1	-1.082435E2	5.232971E1
3.162000E1	-1.082623E2	5.250002E1
3.164000E1	-1.082256E2	5.266249E1
3.166000E1	-1.079321E2	5.351969E1
3.168000E1	-1.076308E2	5.448281E1
3.170000E1	-1.070931E2	5.534100E1
3.172000E1	-1.063710E2	5.580870E1
3.174000E1	-1.059463E2	5.615040E1
3.176000E1	-1.057331E2	5.674464E1
3.178000E1	-1.051921E2	5.769790E1
3.180000E1	-1.043956E2	5.855171E1
3.182000E1	-1.039098E2	5.911952E1
3.184000E1	-1.036686E2	5.971736E1
3.186000E1	-1.036949E2	6.014062E1
3.188000E1	-1.033330E2	6.026381E1
3.190000E1	-1.032665E2	6.043851E1
3.192000E1	-1.033512E2	6.060909E1
3.194000E1	-1.032854E2	6.119542E1
3.196000E1	-1.029334E2	6.170532E1
3.198000E1	-1.026155E2	6.191771E1
3.200000E1	-1.024837E2	6.224316E1
3.202000E1	-1.024328E2	6.262236E1
3.204000E1	-1.024077E2	6.288526E1
3.206000E1	-1.019516E2	6.306105E1
3.208000E1	-1.015350E2	6.373821E1
3.210000E1	-1.011667E2	6.418246E1
3.212000E1	-1.010512E2	6.428439E1
3.214000E1	-1.008155E2	6.498177E1
3.216000E1	-1.005146E2	6.623300E1
3.218000E1	-1.003030E2	6.727102E1
3.220000E1	-1.001576E2	6.804680E1
3.222000E1	-9.994454E1	6.822442E1
3.224000E1	-9.954381E1	6.822662E1
3.226000E1	-9.900768E1	6.856782E1
3.228000E1	-9.831356E1	6.893354E1
3.230000E1	-9.775930E1	6.907770E1
3.232000E1	-9.720848E1	6.946962E1
3.234000E1	-9.713297E1	6.951707E1
3.236000E1	-9.720198E1	6.940929E1
3.238000E1	-9.710765E1	6.958218E1
3.240000E1	-9.678390E1	6.990828E1
3.242000E1	-9.666242E1	7.005304E1
3.244000E1	-9.634632E1	7.033121E1
3.246000E1	-9.582491E1	7.046189E1
3.248000E1	-9.530095E1	7.062059E1
3.250000E1	-9.495218E1	7.090404E1
3.252000E1	-9.491192E1	7.084358E1
3.254000E1	-9.489910E1	7.083810E1
3.256000E1	-9.475509E1	7.117810E1
3.258000E1	-9.451184E1	7.135285E1
3.260000E1	-9.428799E1	7.162997E1
3.262000E1	-9.374343E1	7.239613E1
3.264000E1	-9.259725E1	7.334493E1
3.266000E1	-9.186149E1	7.466576E1
3.268000E1	-9.145683E1	7.555405E1
3.270000E1	-9.097076E1	7.568534E1
3.272000E1	-8.995520E1	7.594876E1
3.274000E1	-8.910422E1	7.647111E1
3.276000E1	-8.886013E1	7.671904E1
3.278000E1	-8.885245E1	7.701312E1
3.280000E1	-8.864824E1	7.739044E1
