	mass A		
t	x	y	
0.000000E0	2.407290E-2	-4.814579E-2
2.000000E-2	4.212972E-1	-4.148790E-1
4.000000E-2	1.045949E0	-6.454060E-1
6.000000E-2	2.154540E0	-2.670084E-1
8.000000E-2	2.344206E0	-6.164817E-1
1.000000E-1	2.488224E0	-1.975739E0
1.200000E-1	2.771617E0	-2.658402E0
1.400000E-1	3.196069E0	-2.584922E0
1.600000E-1	3.623972E0	-2.090884E0
1.800000E-1	3.860120E0	-1.602217E0
2.000000E-1	4.331886E0	-1.493108E0
2.200000E-1	4.414966E0	-1.426092E0
2.400000E-1	4.511439E0	-1.382704E0
2.600000E-1	4.987790E0	-1.361836E0
2.800000E-1	5.883007E0	-1.219313E0
3.000000E-1	6.617778E0	-5.767941E-1
3.200000E-1	6.803195E0	-5.359149E-1
3.400000E-1	6.840998E0	-5.191543E-1
3.600000E-1	6.881503E0	-6.019388E-1
3.800000E-1	7.344874E0	-4.817773E-1
4.000000E-1	8.077748E0	-3.259598E-2
4.200000E-1	8.295827E0	2.284856E-1
4.400000E-1	8.277579E0	2.654262E-1
4.600000E-1	8.509207E0	-4.262471E-1
4.800000E-1	8.920188E0	-1.452954E0
5.000000E-1	8.963972E0	-1.781376E0
5.200000E-1	9.423821E0	-1.845774E0
5.400000E-1	1.063384E1	-1.721586E0
5.600000E-1	1.116428E1	-1.865675E0
5.800000E-1	1.121085E1	-1.845872E0
6.000000E-1	1.103772E1	-1.505645E0
6.200000E-1	1.074144E1	-1.600875E0
6.400000E-1	1.113576E1	-1.411711E0
6.600000E-1	1.086451E1	-2.083209E0
6.800000E-1	1.087531E1	-2.907277E0
7.000000E-1	1.118943E1	-3.408232E0
7.200000E-1	1.166414E1	-3.573029E0
7.400000E-1	1.217600E1	-2.902358E0
7.600000E-1	1.286906E1	-1.733353E0
7.800000E-1	1.376469E1	-2.093146E-1
8.000000E-1	1.413009E1	5.524354E-1
8.200000E-1	1.481813E1	6.018384E-1
8.400000E-1	1.508664E1	1.221027E-1
8.600000E-1	1.534197E1	-7.974944E-1
8.800000E-1	1.559914E1	-1.872793E0
9.000000E-1	1.603712E1	-2.289844E0
9.200000E-1	1.666669E1	-1.953620E0
9.400000E-1	1.711154E1	-1.807422E0
9.600000E-1	1.735844E1	-2.362631E0
9.800000E-1	1.751632E1	-2.735800E0
1.000000E0	1.785718E1	-2.601846E0
1.020000E0	1.811827E1	-1.969156E0
1.040000E0	1.849417E1	-1.797772E0
1.060000E0	1.853460E1	-1.924958E0
1.080000E0	1.866266E1	-2.450523E0
1.100000E0	1.866075E1	-3.169473E0
1.120000E0	1.899027E1	-2.900342E0
1.140000E0	1.957733E1	-2.782872E0
1.160000E0	2.030332E1	-2.696079E0
1.180000E0	2.072610E1	-2.725217E0
1.200000E0	2.087350E1	-2.639492E0
1.220000E0	2.089776E1	-2.504195E0
1.240000E0	2.078398E1	-2.616694E0
1.260000E0	2.118636E1	-2.414689E0
1.280000E0	2.177998E1	-1.912171E0
1.300000E0	2.231230E1	-1.478739E0
1.320000E0	2.269849E1	-1.670003E0
1.340000E0	2.315696E1	-2.420747E0
1.360000E0	2.361778E1	-2.504668E0
1.380000E0	2.425629E1	-2.545797E0
1.400000E0	2.517365E1	-2.526660E0
1.420000E0	2.528754E1	-2.741569E0
1.440000E0	2.506139E1	-2.601925E0
1.460000E0	2.513162E1	-2.060674E0
1.480000E0	2.511376E1	-1.867861E0
1.500000E0	2.511597E1	-1.922775E0
1.520000E0	2.464380E1	-2.732864E0
1.540000E0	2.453914E1	-3.419246E0
1.560000E0	2.516580E1	-4.025789E0
1.580000E0	2.609501E1	-3.603125E0
1.600000E0	2.654915E1	-2.729619E0
1.620000E0	2.656765E1	-1.256412E0
1.640000E0	2.567620E1	1.320826E-1
1.660000E0	2.590603E1	-2.774767E-1
1.680000E0	2.677897E1	-1.207075E0
1.700000E0	2.690326E1	-2.646642E0
1.720000E0	2.713991E1	-2.706876E0
1.740000E0	2.764309E1	-2.086596E0
1.760000E0	2.849234E1	-1.322251E0
1.780000E0	2.974495E1	-6.945446E-1
1.800000E0	3.048312E1	-6.768721E-1
1.820000E0	3.076100E1	-1.249333E0
1.840000E0	3.091015E1	-1.997695E0
1.860000E0	3.080219E1	-3.208906E0
1.880000E0	3.054660E1	-4.000790E0
1.900000E0	3.067033E1	-3.737012E0
1.920000E0	3.115171E1	-3.046129E0
1.940000E0	3.128489E1	-2.161760E0
1.960000E0	3.135153E1	-1.130814E0
1.980000E0	3.159441E1	-6.091990E-1
2.000000E0	3.247404E1	-8.582947E-1
2.020000E0	3.332136E1	-1.176893E0
2.040000E0	3.338112E1	-1.727695E0
2.060000E0	3.285332E1	-2.449597E0
2.080000E0	3.226979E1	-3.330358E0
2.100000E0	3.239114E1	-3.271726E0
2.120000E0	3.323904E1	-2.357259E0
2.140000E0	3.354208E1	-1.593196E0
2.160000E0	3.370980E1	-1.970743E0
2.180000E0	3.402150E1	-2.703070E0
2.200000E0	3.443047E1	-3.442056E0
2.220000E0	3.484125E1	-3.697276E0
2.240000E0	3.539600E1	-3.949269E0
2.260000E0	3.634846E1	-3.713105E0
2.280000E0	3.676337E1	-3.038128E0
2.300000E0	3.692380E1	-2.411110E0
2.320000E0	3.706560E1	-2.170038E0
2.340000E0	3.760227E1	-2.191902E0
2.360000E0	3.793286E1	-2.371505E0
2.380000E0	3.783284E1	-3.170515E0
2.400000E0	3.770930E1	-3.731122E0
2.420000E0	3.805608E1	-3.738645E0
2.440000E0	3.820511E1	-3.090174E0
2.460000E0	3.853146E1	-2.343866E0
2.480000E0	3.863609E1	-1.033990E0
2.500000E0	3.879103E1	-6.345600E-1
2.520000E0	3.943463E1	-7.384330E-1
2.540000E0	3.974151E1	-1.265349E0
2.560000E0	4.001780E1	-1.549134E0
2.580000E0	4.012901E1	-1.581003E0
2.600000E0	4.043325E1	-1.466580E0
2.620000E0	4.078467E1	-1.100249E0
2.640000E0	4.158856E1	-1.799414E0
2.660000E0	4.220179E1	-3.155319E0
2.680000E0	4.230831E1	-3.947794E0
2.700000E0	4.237255E1	-3.953482E0
2.720000E0	4.318488E1	-3.440321E0
2.740000E0	4.448903E1	-2.745290E0
2.760000E0	4.513376E1	-2.277633E0
2.780000E0	4.552241E1	-2.095201E0
2.800000E0	4.523831E1	-1.917515E0
2.820000E0	4.533092E1	-2.037272E0
2.840000E0	4.581013E1	-2.758351E0
2.860000E0	4.636857E1	-3.154928E0
2.880000E0	4.673505E1	-2.871885E0
2.900000E0	4.698837E1	-2.470880E0
2.920000E0	4.695718E1	-2.343173E0
2.940000E0	4.668953E1	-2.214418E0
2.960000E0	4.645364E1	-2.003838E0
2.980000E0	4.677282E1	-1.575004E0
3.000000E0	4.722772E1	-1.418974E0
3.020000E0	4.768243E1	-1.824654E0
3.040000E0	4.790941E1	-3.012542E0
3.060000E0	4.843350E1	-4.280669E0
3.080000E0	4.869612E1	-4.745306E0
3.100000E0	4.917535E1	-4.692836E0
3.120000E0	5.012976E1	-4.370177E0
3.140000E0	5.042378E1	-4.292554E0
3.160000E0	5.032613E1	-4.356301E0
3.180000E0	5.026041E1	-4.308131E0
3.200000E0	5.057572E1	-4.184042E0
3.220000E0	5.108481E1	-3.758732E0
3.240000E0	5.099866E1	-3.907561E0
3.260000E0	5.069792E1	-4.715456E0
3.280000E0	5.107646E1	-5.222100E0
3.300000E0	5.158040E1	-5.272003E0
3.320000E0	5.254025E1	-4.490696E0
3.340000E0	5.341950E1	-2.619084E0
3.360000E0	5.323419E1	-7.466848E-1
3.380000E0	5.304473E1	1.323345E-1
3.400000E0	5.348452E1	-2.483589E-1
3.420000E0	5.415259E1	-1.768712E0
3.440000E0	5.459651E1	-3.267272E0
3.460000E0	5.531770E1	-3.555809E0
3.480000E0	5.578585E1	-2.824367E0
3.500000E0	5.589742E1	-2.101282E0
3.520000E0	5.626222E1	-2.870014E0
3.540000E0	5.680928E1	-4.000516E0
3.560000E0	5.732885E1	-4.133019E0
3.580000E0	5.744622E1	-3.900352E0
3.600000E0	5.745064E1	-3.355391E0
3.620000E0	5.738012E1	-3.703520E0
3.640000E0	5.752561E1	-4.237679E0
3.660000E0	5.788076E1	-4.307574E0
3.680000E0	5.823769E1	-4.133054E0
3.700000E0	5.855532E1	-4.295488E0
3.720000E0	5.906407E1	-4.503737E0
3.740000E0	5.990308E1	-4.481759E0
3.760000E0	6.077404E1	-3.935825E0
3.780000E0	6.111947E1	-3.559417E0
3.800000E0	6.111797E1	-3.481935E0
3.820000E0	6.117517E1	-3.231524E0
3.840000E0	6.159855E1	-3.136313E0
3.860000E0	6.162471E1	-3.600446E0
3.880000E0	6.168390E1	-4.395988E0
3.900000E0	6.193046E1	-4.872451E0
3.920000E0	6.227607E1	-5.194304E0
3.940000E0	6.214521E1	-5.299311E0
3.960000E0	6.201247E1	-5.037785E0
3.980000E0	6.253263E1	-4.706407E0
4.000000E0	6.283646E1	-4.597203E0
4.020000E0	6.278791E1	-3.979087E0
4.040000E0	6.302313E1	-4.002995E0
4.060000E0	6.356684E1	-4.516022E0
4.080000E0	6.405475E1	-5.014720E0
4.100000E0	6.353656E1	-5.399535E0
4.120000E0	6.373659E1	-5.893953E0
4.140000E0	6.398764E1	-6.031143E0
4.160000E0	6.439580E1	-5.597697E0
4.180000E0	6.524531E1	-4.667295E0
4.200000E0	6.568946E1	-3.181211E0
4.220000E0	6.572477E1	-3.246012E0
4.240000E0	6.585109E1	-3.709941E0
4.260000E0	6.595644E1	-3.756684E0
4.280000E0	6.629405E1	-3.254401E0
4.300000E0	6.679475E1	-3.149151E0
4.320000E0	6.741613E1	-3.132736E0
4.340000E0	6.834535E1	-3.046276E0
4.360000E0	6.881016E1	-3.092680E0
4.380000E0	6.879169E1	-3.828518E0
4.400000E0	6.906006E1	-4.020885E0
4.420000E0	6.940236E1	-4.049558E0
4.440000E0	6.939721E1	-4.021613E0
4.460000E0	6.934240E1	-4.152258E0
4.480000E0	6.947457E1	-4.425844E0
4.500000E0	6.992518E1	-4.108463E0
4.520000E0	7.025578E1	-3.625134E0
4.540000E0	7.031748E1	-3.536995E0
4.560000E0	7.075338E1	-3.945651E0
4.580000E0	7.100422E1	-4.383770E0
4.600000E0	7.098819E1	-4.415915E0
4.620000E0	7.111057E1	-4.415985E0
4.640000E0	7.141292E1	-4.551783E0
4.660000E0	7.153755E1	-4.677814E0
4.680000E0	7.193708E1	-4.561973E0
4.700000E0	7.231446E1	-4.092515E0
4.720000E0	7.287479E1	-4.002210E0
4.740000E0	7.376498E1	-4.220006E0
4.760000E0	7.428659E1	-4.874576E0
4.780000E0	7.466431E1	-5.253869E0
4.800000E0	7.481776E1	-5.335352E0
4.820000E0	7.572595E1	-5.294605E0
4.840000E0	7.601610E1	-5.808666E0
4.860000E0	7.607406E1	-5.697422E0
4.880000E0	7.625930E1	-5.529308E0
4.900000E0	7.625626E1	-4.986850E0
4.920000E0	7.600312E1	-4.427485E0
4.940000E0	7.555757E1	-4.384188E0
4.960000E0	7.550895E1	-4.767053E0
4.980000E0	7.608248E1	-5.411521E0
5.000000E0	7.685383E1	-5.239290E0
5.020000E0	7.765070E1	-4.589602E0
5.040000E0	7.847405E1	-4.045059E0
5.060000E0	7.872294E1	-4.379276E0
5.080000E0	7.858712E1	-4.790220E0
5.100000E0	7.858277E1	-4.779462E0
5.120000E0	7.860593E1	-4.651447E0
5.140000E0	7.875893E1	-4.699669E0
5.160000E0	7.926169E1	-4.776425E0
5.180000E0	8.002329E1	-4.726590E0
5.200000E0	8.053670E1	-4.697473E0
5.220000E0	8.090403E1	-5.103898E0
5.240000E0	8.109786E1	-5.985959E0
5.260000E0	8.168490E1	-5.939427E0
5.280000E0	8.234406E1	-5.202607E0
5.300000E0	8.264598E1	-5.026850E0
5.320000E0	8.272578E1	-4.956151E0
5.340000E0	8.300830E1	-5.112139E0
5.360000E0	8.334730E1	-5.003624E0
5.380000E0	8.350727E1	-4.784215E0
5.400000E0	8.376115E1	-4.575171E0
5.420000E0	8.423405E1	-4.536157E0
5.440000E0	8.457132E1	-4.875538E0
5.460000E0	8.474597E1	-5.238109E0
5.480000E0	8.474637E1	-5.256368E0
5.500000E0	8.466507E1	-5.189073E0
5.520000E0	8.492785E1	-4.568941E0
5.540000E0	8.563630E1	-4.357287E0
5.560000E0	8.619149E1	-4.381690E0
5.580000E0	8.636973E1	-4.574301E0
5.600000E0	8.636441E1	-4.765073E0
5.620000E0	8.660752E1	-5.062752E0
5.640000E0	8.706327E1	-4.914440E0
5.660000E0	8.725581E1	-5.358232E0
5.680000E0	8.787734E1	-5.919882E0
5.700000E0	8.863008E1	-6.048063E0
5.720000E0	8.871776E1	-6.375970E0
5.740000E0	8.873837E1	-6.257906E0
5.760000E0	8.908265E1	-5.726273E0
5.780000E0	8.968511E1	-4.871044E0
5.800000E0	9.004509E1	-4.444467E0
5.820000E0	8.972508E1	-4.929214E0
5.840000E0	8.967161E1	-5.656222E0
5.860000E0	9.048929E1	-6.266848E0
5.880000E0	9.126188E1	-6.381173E0
5.900000E0	9.189372E1	-5.693402E0
5.920000E0	9.245603E1	-4.668527E0
5.940000E0	9.231862E1	-4.157774E0
5.960000E0	9.237092E1	-4.156020E0
5.980000E0	9.241939E1	-4.121187E0
6.000000E0	9.244376E1	-4.111562E0
6.020000E0	9.256014E1	-4.552338E0
6.040000E0	9.287127E1	-5.023561E0
6.060000E0	9.351804E1	-5.148972E0
6.080000E0	9.403862E1	-5.297327E0
6.100000E0	9.426233E1	-6.306169E0
6.120000E0	9.447492E1	-6.808824E0
6.140000E0	9.487313E1	-6.794306E0
6.160000E0	9.522503E1	-6.415079E0
6.180000E0	9.571731E1	-6.002915E0
6.200000E0	9.614760E1	-6.002273E0
6.220000E0	9.630138E1	-6.129773E0
6.240000E0	9.629110E1	-6.261563E0
6.260000E0	9.646399E1	-5.961178E0
6.280000E0	9.736464E1	-5.183898E0
6.300000E0	9.820637E1	-5.142772E0
6.320000E0	9.826914E1	-5.452265E0
6.340000E0	9.832207E1	-5.544854E0
6.360000E0	9.840594E1	-5.453517E0
6.380000E0	9.845987E1	-5.094223E0
6.400000E0	9.864279E1	-4.814523E0
6.420000E0	9.916622E1	-4.548436E0
6.440000E0	9.921123E1	-4.564024E0
6.460000E0	9.899058E1	-5.227975E0
6.480000E0	9.916682E1	-5.753540E0
6.500000E0	9.986170E1	-5.780151E0
6.520000E0	1.006114E2	-5.757340E0
6.540000E0	1.015584E2	-5.843576E0
6.560000E0	1.019710E2	-5.758854E0
6.580000E0	1.016694E2	-5.731931E0
6.600000E0	1.014381E2	-5.664038E0
6.620000E0	1.010650E2	-5.733672E0
6.640000E0	1.012948E2	-5.677405E0
6.660000E0	1.014832E2	-6.008059E0
6.680000E0	1.014957E2	-6.845486E0
6.700000E0	1.015424E2	-7.661004E0
6.720000E0	1.020702E2	-7.774698E0
6.740000E0	1.028397E2	-6.828177E0
6.760000E0	1.036647E2	-4.842211E0
6.780000E0	1.041877E2	-3.207838E0
6.800000E0	1.042826E2	-2.433256E0
6.820000E0	1.045081E2	-3.591621E0
6.840000E0	1.044631E2	-5.847199E0
6.860000E0	1.048455E2	-6.661383E0
6.880000E0	1.055239E2	-6.125792E0
6.900000E0	1.060042E2	-5.403908E0
6.920000E0	1.062948E2	-4.823984E0
6.940000E0	1.064013E2	-4.547034E0
6.960000E0	1.067423E2	-4.750669E0
6.980000E0	1.076062E2	-5.303502E0
7.000000E0	1.081522E2	-5.629689E0
7.020000E0	1.083251E2	-6.347084E0
7.040000E0	1.078776E2	-7.192671E0
7.060000E0	1.073840E2	-8.138588E0
7.080000E0	1.074434E2	-8.308182E0
7.100000E0	1.079561E2	-7.413169E0
7.120000E0	1.086730E2	-5.942291E0
7.140000E0	1.093214E2	-5.926310E0
7.160000E0	1.100973E2	-6.152544E0
7.180000E0	1.105202E2	-6.672396E0
7.200000E0	1.106025E2	-6.661606E0
7.220000E0	1.105119E2	-6.687029E0
7.240000E0	1.105117E2	-6.650938E0
7.260000E0	1.112757E2	-6.067829E0
7.280000E0	1.119027E2	-5.533505E0
7.300000E0	1.122155E2	-5.315520E0
7.320000E0	1.122419E2	-5.686105E0
7.340000E0	1.128054E2	-6.436727E0
7.360000E0	1.136210E2	-6.808160E0
7.380000E0	1.138725E2	-6.680973E0
7.400000E0	1.141889E2	-6.295557E0
7.420000E0	1.147799E2	-5.755305E0
7.440000E0	1.148441E2	-5.997272E0
7.460000E0	1.146500E2	-6.611256E0
7.480000E0	1.141031E2	-6.826510E0
7.500000E0	1.145032E2	-6.790782E0
7.520000E0	1.150903E2	-6.090461E0
7.540000E0	1.154213E2	-6.668456E0
7.560000E0	1.154600E2	-7.325861E0
7.580000E0	1.155383E2	-7.646841E0
7.600000E0	1.154750E2	-7.499116E0
7.620000E0	1.156730E2	-6.493325E0
7.640000E0	1.156357E2	-4.872688E0
7.660000E0	1.157189E2	-4.533400E0
7.680000E0	1.160614E2	-5.207047E0
7.700000E0	1.162057E2	-6.719946E0
7.720000E0	1.162181E2	-7.326340E0
7.740000E0	1.168726E2	-6.546017E0
7.760000E0	1.176732E2	-5.717428E0
7.780000E0	1.188147E2	-5.468637E0
7.800000E0	1.199599E2	-5.455867E0
7.820000E0	1.206114E2	-5.988933E0
7.840000E0	1.208649E2	-6.234097E0
7.860000E0	1.210740E2	-6.452282E0
7.880000E0	1.210529E2	-7.235028E0
7.900000E0	1.208437E2	-7.867369E0
7.920000E0	1.207621E2	-8.161144E0
7.940000E0	1.210244E2	-7.752002E0
7.960000E0	1.212090E2	-7.056881E0
7.980000E0	1.214260E2	-5.999095E0
8.000000E0	1.218854E2	-5.264866E0
8.020000E0	1.228534E2	-5.218838E0
8.040000E0	1.235875E2	-5.457760E0
8.060000E0	1.235897E2	-5.671590E0
8.080000E0	1.231890E2	-6.377250E0
8.100000E0	1.227431E2	-7.497031E0
8.120000E0	1.229988E2	-7.812298E0
8.140000E0	1.234597E2	-6.960541E0
8.160000E0	1.239236E2	-5.943179E0
8.180000E0	1.239120E2	-6.624357E0
8.200000E0	1.240442E2	-7.604299E0
8.220000E0	1.244623E2	-8.276069E0
8.240000E0	1.248307E2	-8.249898E0
8.260000E0	1.255735E2	-7.790106E0
8.280000E0	1.263664E2	-7.269216E0
8.300000E0	1.268616E2	-6.939761E0
8.320000E0	1.271682E2	-6.732007E0
8.340000E0	1.272782E2	-6.532156E0
8.360000E0	1.277094E2	-6.165768E0
8.380000E0	1.278358E2	-6.074328E0
8.400000E0	1.279340E2	-6.997617E0
8.420000E0	1.281007E2	-7.738232E0
8.440000E0	1.284682E2	-7.710508E0
8.460000E0	1.289232E2	-6.917181E0
8.480000E0	1.290415E2	-5.441610E0
8.500000E0	1.285225E2	-3.791276E0
8.520000E0	1.286482E2	-3.939262E0
8.540000E0	1.294616E2	-4.786262E0
8.560000E0	1.296505E2	-5.683157E0
8.580000E0	1.300308E2	-5.799519E0
8.600000E0	1.304705E2	-5.322207E0
8.620000E0	1.309145E2	-4.718683E0
8.640000E0	1.309832E2	-4.535193E0
8.660000E0	1.309883E2	-5.049491E0
8.680000E0	1.315876E2	-6.576614E0
8.700000E0	1.323722E2	-7.635128E0
8.720000E0	1.325077E2	-7.838979E0
8.740000E0	1.325647E2	-7.563809E0
8.760000E0	1.332760E2	-6.939513E0
8.780000E0	1.342855E2	-6.378354E0
8.800000E0	1.346951E2	-5.555242E0
8.820000E0	1.345955E2	-4.897216E0
8.840000E0	1.347092E2	-4.913928E0
8.860000E0	1.353703E2	-6.070593E0
8.880000E0	1.354843E2	-7.126326E0
8.900000E0	1.354771E2	-7.199202E0
8.920000E0	1.355014E2	-6.666225E0
8.940000E0	1.354221E2	-6.139035E0
8.960000E0	1.352883E2	-5.427972E0
8.980000E0	1.354217E2	-4.865471E0
9.000000E0	1.358070E2	-4.880340E0
9.020000E0	1.358083E2	-5.578641E0
9.040000E0	1.360625E2	-6.673426E0
9.060000E0	1.365939E2	-7.745479E0
9.080000E0	1.372147E2	-8.476104E0
9.100000E0	1.377421E2	-8.561411E0
9.120000E0	1.383604E2	-7.967541E0
9.140000E0	1.385487E2	-7.700615E0
9.160000E0	1.385958E2	-7.679421E0
9.180000E0	1.387010E2	-7.677290E0
9.200000E0	1.390548E2	-7.570799E0
9.220000E0	1.393184E2	-7.240931E0
9.240000E0	1.390499E2	-7.717157E0
9.260000E0	1.391545E2	-8.510269E0
9.280000E0	1.397005E2	-8.741886E0
9.300000E0	1.405147E2	-8.309147E0
9.320000E0	1.415733E2	-6.879222E0
9.340000E0	1.418338E2	-4.788942E0
9.360000E0	1.414069E2	-3.423166E0
9.380000E0	1.415970E2	-3.208334E0
9.400000E0	1.421968E2	-4.497383E0
9.420000E0	1.429408E2	-6.016331E0
9.440000E0	1.435637E2	-6.818651E0
9.460000E0	1.438721E2	-6.151951E0
9.480000E0	1.438599E2	-4.869435E0
9.500000E0	1.438575E2	-4.467435E0
9.520000E0	1.446089E2	-5.922593E0
9.540000E0	1.451800E2	-6.775654E0
9.560000E0	1.454011E2	-6.470863E0
9.580000E0	1.456169E2	-6.072499E0
9.600000E0	1.458606E2	-5.861438E0
9.620000E0	1.458827E2	-6.419909E0
9.640000E0	1.458155E2	-6.341752E0
9.660000E0	1.458510E2	-6.309480E0
9.680000E0	1.464169E2	-6.333832E0
9.700000E0	1.473244E2	-6.764466E0
9.720000E0	1.478355E2	-7.107729E0
9.740000E0	1.478589E2	-7.184630E0
9.760000E0	1.482324E2	-6.903406E0
9.780000E0	1.491897E2	-6.579814E0
9.800000E0	1.498357E2	-6.478521E0
9.820000E0	1.503512E2	-5.975739E0
9.840000E0	1.504807E2	-5.224924E0
9.860000E0	1.506017E2	-5.010399E0
9.880000E0	1.507672E2	-5.961545E0
9.900000E0	1.511760E2	-7.619046E0
9.920000E0	1.514852E2	-8.543570E0
9.940000E0	1.519284E2	-8.524140E0
9.960000E0	1.524298E2	-8.167288E0
9.980000E0	1.527472E2	-7.543697E0
1.000000E1	1.524555E2	-7.094169E0
1.002000E1	1.523042E2	-6.669994E0
1.004000E1	1.524690E2	-6.865465E0
1.006000E1	1.528848E2	-6.805704E0
1.008000E1	1.533566E2	-6.800641E0
1.010000E1	1.532308E2	-7.119708E0
1.012000E1	1.534627E2	-8.342616E0
1.014000E1	1.539764E2	-9.017212E0
1.016000E1	1.543411E2	-8.633527E0
1.018000E1	1.546552E2	-7.151589E0
1.020000E1	1.555008E2	-5.717026E0
1.022000E1	1.558548E2	-5.423513E0
1.024000E1	1.559001E2	-6.209435E0
1.026000E1	1.558325E2	-6.689426E0
1.028000E1	1.560859E2	-6.692271E0
1.030000E1	1.566494E2	-6.298727E0
1.032000E1	1.575560E2	-5.819489E0
1.034000E1	1.585031E2	-5.595366E0
1.036000E1	1.591996E2	-5.318469E0
1.038000E1	1.592851E2	-5.956157E0
1.040000E1	1.595052E2	-6.437141E0
1.042000E1	1.599018E2	-6.375321E0
1.044000E1	1.600472E2	-6.330028E0
1.046000E1	1.602489E2	-6.037247E0
1.048000E1	1.605752E2	-6.104973E0
1.050000E1	1.607635E2	-5.971074E0
1.052000E1	1.606386E2	-5.882228E0
1.054000E1	1.606632E2	-5.871297E0
1.056000E1	1.613566E2	-6.184892E0
1.058000E1	1.622456E2	-6.231316E0
1.060000E1	1.626551E2	-6.229233E0
1.062000E1	1.626689E2	-6.053096E0
1.064000E1	1.624251E2	-5.989247E0
1.066000E1	1.622143E2	-5.962539E0
1.068000E1	1.625492E2	-5.910384E0
1.070000E1	1.629905E2	-5.893370E0
1.072000E1	1.632459E2	-6.242182E0
1.074000E1	1.633602E2	-7.110267E0
1.076000E1	1.635675E2	-7.869076E0
1.078000E1	1.642658E2	-8.158328E0
1.080000E1	1.651790E2	-7.987553E0
1.082000E1	1.660572E2	-7.322226E0
1.084000E1	1.662430E2	-7.148488E0
1.086000E1	1.656889E2	-6.456431E0
1.088000E1	1.657605E2	-6.321491E0
1.090000E1	1.659799E2	-6.661717E0
1.092000E1	1.666104E2	-7.142711E0
1.094000E1	1.665487E2	-7.810824E0
1.096000E1	1.659360E2	-8.158427E0
1.098000E1	1.659818E2	-7.883495E0
1.100000E1	1.662241E2	-6.759918E0
1.102000E1	1.670020E2	-5.771173E0
1.104000E1	1.681338E2	-4.859667E0
1.106000E1	1.684214E2	-4.298025E0
1.108000E1	1.681737E2	-4.863951E0
1.110000E1	1.681958E2	-6.707360E0
1.112000E1	1.681219E2	-7.693569E0
1.114000E1	1.683797E2	-7.358744E0
1.116000E1	1.688745E2	-6.503152E0
1.118000E1	1.693723E2	-6.322654E0
1.120000E1	1.699019E2	-6.548518E0
1.122000E1	1.701156E2	-7.323181E0
1.124000E1	1.702245E2	-8.045996E0
1.126000E1	1.705269E2	-8.583465E0
1.128000E1	1.710877E2	-8.365423E0
1.130000E1	1.716520E2	-7.352092E0
1.132000E1	1.718764E2	-6.378742E0
1.134000E1	1.722268E2	-6.000923E0
1.136000E1	1.725863E2	-6.013397E0
1.138000E1	1.729397E2	-6.030614E0
1.140000E1	1.733873E2	-6.024184E0
1.142000E1	1.737417E2	-5.830785E0
1.144000E1	1.739461E2	-5.952571E0
1.146000E1	1.739692E2	-6.120708E0
1.148000E1	1.737118E2	-6.352691E0
1.150000E1	1.734749E2	-6.191168E0
1.152000E1	1.738330E2	-5.839423E0
1.154000E1	1.746836E2	-5.299183E0
1.156000E1	1.752982E2	-5.212489E0
1.158000E1	1.755452E2	-5.680106E0
1.160000E1	1.759827E2	-6.555029E0
1.162000E1	1.760756E2	-7.310105E0
1.164000E1	1.761660E2	-7.434143E0
1.166000E1	1.766241E2	-7.369607E0
1.168000E1	1.775758E2	-7.349882E0
1.170000E1	1.777433E2	-7.633436E0
1.172000E1	1.777256E2	-8.152879E0
1.174000E1	1.777206E2	-8.163095E0
1.176000E1	1.783605E2	-7.613065E0
1.178000E1	1.788675E2	-6.715802E0
1.180000E1	1.788300E2	-6.797325E0
1.182000E1	1.786112E2	-7.181102E0
1.184000E1	1.792184E2	-7.632295E0
1.186000E1	1.801398E2	-7.728815E0
1.188000E1	1.807505E2	-7.275930E0
1.190000E1	1.812186E2	-6.452443E0
1.192000E1	1.814480E2	-6.046463E0
1.194000E1	1.814986E2	-6.217967E0
1.196000E1	1.813574E2	-6.282820E0
1.198000E1	1.809863E2	-6.275061E0
1.200000E1	1.810298E2	-6.384986E0
1.202000E1	1.813821E2	-6.644667E0
1.204000E1	1.821996E2	-6.725373E0
1.206000E1	1.831430E2	-6.101078E0
1.208000E1	1.834085E2	-6.375803E0
1.210000E1	1.837200E2	-7.697614E0
1.212000E1	1.837435E2	-8.741831E0
1.214000E1	1.836015E2	-9.427763E0
1.216000E1	1.835641E2	-9.762243E0
1.218000E1	1.838233E2	-9.698818E0
1.220000E1	1.840639E2	-9.191131E0
1.222000E1	1.842961E2	-8.293534E0
1.224000E1	1.850642E2	-7.348156E0
1.226000E1	1.857550E2	-7.151472E0
1.228000E1	1.865234E2	-7.812576E0
1.230000E1	1.868891E2	-8.211910E0
1.232000E1	1.872030E2	-7.942498E0
1.234000E1	1.876619E2	-7.126309E0
1.236000E1	1.877232E2	-6.856445E0
1.238000E1	1.878665E2	-6.588353E0
1.240000E1	1.884566E2	-6.252759E0
1.242000E1	1.891383E2	-5.804664E0
1.244000E1	1.894184E2	-5.923285E0
1.246000E1	1.895471E2	-6.544126E0
1.248000E1	1.899102E2	-7.353888E0
1.250000E1	1.903262E2	-7.522219E0
1.252000E1	1.904666E2	-7.381330E0
1.254000E1	1.908156E2	-7.156649E0
1.256000E1	1.910718E2	-7.137129E0
1.258000E1	1.912700E2	-7.481817E0
1.260000E1	1.916092E2	-7.491796E0
1.262000E1	1.918077E2	-7.277376E0
1.264000E1	1.921192E2	-6.699482E0
1.266000E1	1.917364E2	-6.535853E0
1.268000E1	1.914677E2	-7.310378E0
1.270000E1	1.913266E2	-8.418124E0
1.272000E1	1.914498E2	-9.098647E0
1.274000E1	1.923318E2	-8.524758E0
1.276000E1	1.931673E2	-7.322862E0
1.278000E1	1.932750E2	-6.164524E0
1.280000E1	1.934936E2	-5.867845E0
1.282000E1	1.943368E2	-6.058295E0
1.284000E1	1.947247E2	-5.909792E0
1.286000E1	1.953746E2	-5.707603E0
1.288000E1	1.957601E2	-5.609782E0
1.290000E1	1.962736E2	-6.111007E0
1.292000E1	1.965542E2	-7.011453E0
1.294000E1	1.966998E2	-7.669506E0
1.296000E1	1.971000E2	-8.255333E0
1.298000E1	1.974512E2	-8.317478E0
1.300000E1	1.978623E2	-8.037496E0
1.302000E1	1.982398E2	-7.287364E0
1.304000E1	1.984482E2	-6.646215E0
1.306000E1	1.985878E2	-6.586081E0
1.308000E1	1.985824E2	-6.710899E0
1.310000E1	1.983911E2	-6.938290E0
1.312000E1	1.985087E2	-7.635773E0
1.314000E1	1.991894E2	-8.719579E0
1.316000E1	1.996045E2	-9.090855E0
1.318000E1	1.997424E2	-8.978057E0
1.320000E1	1.998695E2	-8.619642E0
1.322000E1	1.999867E2	-8.375963E0
1.324000E1	1.999936E2	-8.190813E0
1.326000E1	2.002899E2	-7.832940E0
1.328000E1	2.007414E2	-7.469435E0
1.330000E1	2.009073E2	-7.549930E0
1.332000E1	2.013414E2	-7.914457E0
1.334000E1	2.020058E2	-8.280733E0
1.336000E1	2.025652E2	-8.256303E0
1.338000E1	2.031884E2	-7.925126E0
1.340000E1	2.040491E2	-7.470920E0
1.342000E1	2.043516E2	-7.428560E0
1.344000E1	2.042202E2	-7.196677E0
1.346000E1	2.040956E2	-6.876919E0
1.348000E1	2.043852E2	-6.635219E0
1.350000E1	2.042965E2	-6.675584E0
1.352000E1	2.038082E2	-7.568885E0
1.354000E1	2.035648E2	-8.652799E0
1.356000E1	2.041312E2	-9.378700E0
1.358000E1	2.051336E2	-9.020120E0
1.360000E1	2.057981E2	-7.690204E0
1.362000E1	2.055529E2	-5.429581E0
1.364000E1	2.046297E2	-3.734885E0
1.366000E1	2.048712E2	-4.192477E0
1.368000E1	2.052101E2	-5.883868E0
1.370000E1	2.053577E2	-7.716980E0
1.372000E1	2.062087E2	-8.279896E0
1.374000E1	2.070077E2	-7.704825E0
1.376000E1	2.075165E2	-7.024668E0
1.378000E1	2.084545E2	-6.779985E0
1.380000E1	2.096014E2	-7.121570E0
1.382000E1	2.105074E2	-6.990537E0
1.384000E1	2.109143E2	-6.476269E0
1.386000E1	2.108905E2	-6.417132E0
1.388000E1	2.107032E2	-7.182445E0
1.390000E1	2.104149E2	-8.660041E0
1.392000E1	2.102765E2	-9.274429E0
1.394000E1	2.104917E2	-8.487902E0
1.396000E1	2.109466E2	-7.133320E0
1.398000E1	2.117713E2	-6.227101E0
1.400000E1	2.127337E2	-5.547192E0
1.402000E1	2.131971E2	-5.546277E0
1.404000E1	2.130144E2	-6.009263E0
1.406000E1	2.124883E2	-6.611500E0
1.408000E1	2.120670E2	-7.493492E0
1.410000E1	2.122895E2	-7.887821E0
1.412000E1	2.129283E2	-7.749230E0
1.414000E1	2.133613E2	-7.206736E0
1.416000E1	2.134114E2	-7.476114E0
1.418000E1	2.135778E2	-8.228007E0
1.420000E1	2.140652E2	-9.082871E0
1.422000E1	2.145710E2	-9.332954E0
1.424000E1	2.149920E2	-9.003816E0
1.426000E1	2.157997E2	-8.400036E0
1.428000E1	2.162180E2	-8.061716E0
1.430000E1	2.162601E2	-8.314392E0
1.432000E1	2.164315E2	-8.501313E0
1.434000E1	2.168819E2	-8.424235E0
1.436000E1	2.176523E2	-7.488402E0
1.438000E1	2.177834E2	-7.233015E0
1.440000E1	2.175970E2	-7.788189E0
1.442000E1	2.178070E2	-8.512905E0
1.444000E1	2.183318E2	-8.797781E0
1.446000E1	2.188830E2	-7.972130E0
1.448000E1	2.191825E2	-5.964449E0
1.450000E1	2.186282E2	-3.924452E0
1.452000E1	2.182524E2	-2.948948E0
1.454000E1	2.184965E2	-3.714909E0
1.456000E1	2.191922E2	-5.871937E0
1.458000E1	2.196571E2	-7.728078E0
1.460000E1	2.205849E2	-7.769289E0
1.462000E1	2.212708E2	-6.217049E0
1.464000E1	2.216973E2	-4.497057E0
1.466000E1	2.220310E2	-5.037476E0
1.468000E1	2.224683E2	-6.589816E0
1.470000E1	2.223287E2	-7.314697E0
1.472000E1	2.223513E2	-7.293074E0
1.474000E1	2.227749E2	-7.091157E0
1.476000E1	2.234435E2	-7.320393E0
1.478000E1	2.237199E2	-7.807846E0
1.480000E1	2.234132E2	-8.160072E0
1.482000E1	2.235466E2	-7.837908E0
1.484000E1	2.247061E2	-7.436514E0
1.486000E1	2.263279E2	-6.765088E0
1.488000E1	2.275155E2	-6.271369E0
1.490000E1	2.278039E2	-6.018978E0
1.492000E1	2.272206E2	-6.081279E0
1.494000E1	2.267525E2	-6.938886E0
1.496000E1	2.268321E2	-7.589696E0
1.498000E1	2.273202E2	-7.402877E0
1.500000E1	2.276745E2	-6.887366E0
1.502000E1	2.276916E2	-6.868988E0
1.504000E1	2.277135E2	-7.660717E0
1.506000E1	2.279002E2	-8.332199E0
1.508000E1	2.279529E2	-8.525085E0
1.510000E1	2.284430E2	-8.246783E0
1.512000E1	2.292070E2	-7.656128E0
1.514000E1	2.294547E2	-7.351721E0
1.516000E1	2.296510E2	-7.495363E0
1.518000E1	2.300214E2	-8.283337E0
1.520000E1	2.305072E2	-8.501250E0
1.522000E1	2.305342E2	-8.201674E0
1.524000E1	2.301661E2	-8.329122E0
1.526000E1	2.303223E2	-8.938326E0
1.528000E1	2.308769E2	-9.341852E0
1.530000E1	2.311696E2	-9.036260E0
1.532000E1	2.316444E2	-7.581019E0
1.534000E1	2.321624E2	-6.047377E0
1.536000E1	2.325074E2	-5.353782E0
1.538000E1	2.325957E2	-5.670601E0
1.540000E1	2.326331E2	-6.449533E0
1.542000E1	2.331060E2	-6.767242E0
1.544000E1	2.336724E2	-6.632897E0
1.546000E1	2.345471E2	-6.124348E0
1.548000E1	2.351474E2	-5.404413E0
1.550000E1	2.351161E2	-5.213580E0
1.552000E1	2.354282E2	-6.313399E0
1.554000E1	2.358045E2	-6.813034E0
1.556000E1	2.357201E2	-7.005989E0
1.558000E1	2.356814E2	-7.326400E0
1.560000E1	2.358100E2	-7.585579E0
1.562000E1	2.362830E2	-7.437456E0
1.564000E1	2.367142E2	-6.626952E0
1.566000E1	2.367978E2	-5.874949E0
1.568000E1	2.372693E2	-5.815544E0
1.570000E1	2.376345E2	-6.513126E0
1.572000E1	2.376238E2	-7.161980E0
1.574000E1	2.377693E2	-7.447915E0
1.576000E1	2.382114E2	-7.363540E0
1.578000E1	2.382864E2	-7.595741E0
1.580000E1	2.378595E2	-7.763499E0
1.582000E1	2.383466E2	-7.442023E0
1.584000E1	2.393130E2	-6.612017E0
1.586000E1	2.402838E2	-6.129141E0
1.588000E1	2.406077E2	-6.671295E0
1.590000E1	2.407793E2	-7.503877E0
1.592000E1	2.410683E2	-8.217636E0
1.594000E1	2.420459E2	-8.674623E0
1.596000E1	2.426018E2	-8.902961E0
1.598000E1	2.425512E2	-8.618947E0
1.600000E1	2.426218E2	-8.150246E0
1.602000E1	2.423834E2	-7.643463E0
1.604000E1	2.422342E2	-7.024709E0
1.606000E1	2.424207E2	-6.871614E0
1.608000E1	2.421917E2	-7.139197E0
1.610000E1	2.423424E2	-7.781651E0
1.612000E1	2.428781E2	-7.850547E0
1.614000E1	2.435681E2	-7.788189E0
1.616000E1	2.443934E2	-7.363236E0
1.618000E1	2.446491E2	-6.780307E0
1.620000E1	2.446304E2	-6.799406E0
1.622000E1	2.445816E2	-7.336289E0
1.624000E1	2.445789E2	-7.614235E0
1.626000E1	2.447515E2	-7.208450E0
1.628000E1	2.450963E2	-7.063945E0
1.630000E1	2.455528E2	-7.185411E0
1.632000E1	2.461543E2	-7.308249E0
1.634000E1	2.465966E2	-7.266714E0
1.636000E1	2.471100E2	-7.402057E0
1.638000E1	2.475876E2	-7.753537E0
1.640000E1	2.479311E2	-7.469306E0
1.642000E1	2.480887E2	-7.282170E0
1.644000E1	2.481248E2	-7.200707E0
1.646000E1	2.485569E2	-7.243366E0
1.648000E1	2.489653E2	-7.094631E0
1.650000E1	2.491709E2	-6.660292E0
1.652000E1	2.494219E2	-6.095352E0
1.654000E1	2.499168E2	-6.071378E0
1.656000E1	2.501589E2	-6.691991E0
1.658000E1	2.502058E2	-7.431586E0
1.660000E1	2.503435E2	-7.535275E0
1.662000E1	2.505316E2	-7.172854E0
1.664000E1	2.507773E2	-6.794019E0
1.666000E1	2.511388E2	-6.424077E0
1.668000E1	2.518536E2	-6.236556E0
1.670000E1	2.520315E2	-6.047753E0
1.672000E1	2.518294E2	-6.282259E0
1.674000E1	2.519269E2	-6.869271E0
1.676000E1	2.522531E2	-7.298063E0
1.678000E1	2.527817E2	-7.766202E0
1.680000E1	2.529078E2	-8.081522E0
1.682000E1	2.536578E2	-8.399986E0
1.684000E1	2.541029E2	-8.491434E0
1.686000E1	2.541813E2	-8.682000E0
1.688000E1	2.543162E2	-8.578458E0
1.690000E1	2.548204E2	-7.933693E0
1.692000E1	2.556586E2	-7.162777E0
1.694000E1	2.561251E2	-7.178551E0
1.696000E1	2.557494E2	-7.687778E0
1.698000E1	2.557449E2	-8.310264E0
1.700000E1	2.567339E2	-8.458785E0
1.702000E1	2.575081E2	-8.067429E0
1.704000E1	2.580124E2	-7.259697E0
1.706000E1	2.582901E2	-6.700587E0
1.708000E1	2.582641E2	-6.869088E0
1.710000E1	2.581107E2	-6.987827E0
1.712000E1	2.578109E2	-6.821894E0
1.714000E1	2.577919E2	-6.813192E0
1.716000E1	2.581663E2	-7.008988E0
1.718000E1	2.587711E2	-7.139324E0
1.720000E1	2.595997E2	-6.874980E0
1.722000E1	2.600187E2	-6.853238E0
1.724000E1	2.601911E2	-8.386935E0
1.726000E1	2.602274E2	-9.252233E0
1.728000E1	2.602377E2	-9.904953E0
1.730000E1	2.601872E2	-9.868032E0
1.732000E1	2.603188E2	-9.636206E0
1.734000E1	2.607999E2	-8.983452E0
1.736000E1	2.613221E2	-8.281810E0
1.738000E1	2.616758E2	-7.513668E0
1.740000E1	2.621382E2	-7.760146E0
1.742000E1	2.628215E2	-8.365705E0
1.744000E1	2.635407E2	-8.100869E0
1.746000E1	2.637963E2	-7.521123E0
1.748000E1	2.639026E2	-7.237873E0
1.750000E1	2.638154E2	-7.353154E0
1.752000E1	2.642211E2	-7.069461E0
1.754000E1	2.649192E2	-6.549964E0
1.756000E1	2.652171E2	-6.464525E0
1.758000E1	2.653263E2	-6.610033E0
1.760000E1	2.656739E2	-7.269292E0
1.762000E1	2.660826E2	-7.585353E0
1.764000E1	2.660048E2	-7.737961E0
1.766000E1	2.661972E2	-7.918644E0
1.768000E1	2.672634E2	-7.719080E0
1.770000E1	2.677491E2	-7.603014E0
1.772000E1	2.678644E2	-7.382886E0
1.774000E1	2.676176E2	-6.886388E0
1.776000E1	2.676723E2	-6.850104E0
1.778000E1	2.673591E2	-7.173738E0
1.780000E1	2.668562E2	-8.299861E0
1.782000E1	2.667992E2	-9.035884E0
1.784000E1	2.676854E2	-9.422534E0
1.786000E1	2.680885E2	-9.298087E0
1.788000E1	2.683891E2	-7.989049E0
1.790000E1	2.690680E2	-6.227609E0
1.792000E1	2.694643E2	-4.957270E0
1.794000E1	2.700835E2	-4.687322E0
1.796000E1	2.700862E2	-5.286074E0
1.798000E1	2.702116E2	-6.332649E0
1.800000E1	2.705345E2	-7.543118E0
1.802000E1	2.709626E2	-7.731374E0
1.804000E1	2.715440E2	-7.309022E0
1.806000E1	2.718239E2	-7.098138E0
1.808000E1	2.722038E2	-7.588436E0
1.810000E1	2.727040E2	-7.664190E0
1.812000E1	2.733388E2	-7.317358E0
1.814000E1	2.739230E2	-7.123234E0
1.816000E1	2.739826E2	-7.149581E0
1.818000E1	2.739552E2	-7.468314E0
1.820000E1	2.737724E2	-8.261104E0
1.822000E1	2.732837E2	-9.007722E0
1.824000E1	2.737346E2	-8.817589E0
1.826000E1	2.744683E2	-8.183715E0
1.828000E1	2.750561E2	-7.843531E0
1.830000E1	2.755416E2	-7.812841E0
1.832000E1	2.759335E2	-7.664186E0
1.834000E1	2.757582E2	-7.867768E0
1.836000E1	2.753284E2	-8.099662E0
1.838000E1	2.755553E2	-8.222475E0
1.840000E1	2.763156E2	-7.504100E0
1.842000E1	2.769338E2	-6.555679E0
1.844000E1	2.773804E2	-6.719345E0
1.846000E1	2.778790E2	-7.550409E0
1.848000E1	2.784238E2	-7.935526E0
1.850000E1	2.789706E2	-7.788027E0
1.852000E1	2.798336E2	-7.351639E0
1.854000E1	2.803821E2	-6.946723E0
1.856000E1	2.803626E2	-6.991329E0
1.858000E1	2.803104E2	-6.966917E0
1.860000E1	2.802776E2	-6.918163E0
1.862000E1	2.802910E2	-6.906979E0
1.864000E1	2.798454E2	-7.033733E0
1.866000E1	2.794733E2	-7.912446E0
1.868000E1	2.798748E2	-8.678196E0
1.870000E1	2.804419E2	-8.781656E0
1.872000E1	2.809656E2	-7.895988E0
1.874000E1	2.815172E2	-6.337955E0
1.876000E1	2.808863E2	-5.212587E0
1.878000E1	2.803276E2	-4.424923E0
1.880000E1	2.806939E2	-5.221326E0
1.882000E1	2.810949E2	-6.852393E0
1.884000E1	2.813335E2	-8.071689E0
1.886000E1	2.820505E2	-7.879257E0
1.888000E1	2.825183E2	-7.193959E0
1.890000E1	2.830517E2	-7.224107E0
1.892000E1	2.837141E2	-7.736010E0
1.894000E1	2.848984E2	-8.141208E0
1.896000E1	2.861015E2	-8.159297E0
1.898000E1	2.870250E2	-7.385351E0
1.900000E1	2.871797E2	-7.177117E0
1.902000E1	2.868293E2	-7.521740E0
1.904000E1	2.866321E2	-8.365929E0
1.906000E1	2.864939E2	-8.862270E0
1.908000E1	2.861877E2	-8.754003E0
1.910000E1	2.866609E2	-7.905418E0
1.912000E1	2.875062E2	-7.344157E0
1.914000E1	2.884174E2	-7.012402E0
1.916000E1	2.889048E2	-6.910547E0
1.918000E1	2.888909E2	-6.759409E0
1.920000E1	2.888217E2	-6.407510E0
1.922000E1	2.886902E2	-6.330191E0
1.924000E1	2.883623E2	-6.685575E0
1.926000E1	2.888328E2	-7.388722E0
1.928000E1	2.892337E2	-8.061967E0
1.930000E1	2.893210E2	-8.120921E0
1.932000E1	2.897572E2	-8.130506E0
1.934000E1	2.901664E2	-8.319639E0
1.936000E1	2.902526E2	-8.729022E0
1.938000E1	2.907693E2	-8.886309E0
1.940000E1	2.917355E2	-8.830571E0
1.942000E1	2.920703E2	-8.112957E0
1.944000E1	2.924361E2	-7.985848E0
1.946000E1	2.924023E2	-7.998291E0
1.948000E1	2.928135E2	-8.089417E0
1.950000E1	2.934691E2	-7.463650E0
1.952000E1	2.937232E2	-7.181063E0
1.954000E1	2.938403E2	-7.625249E0
1.956000E1	2.939910E2	-8.240329E0
1.958000E1	2.945739E2	-8.287586E0
1.960000E1	2.953600E2	-7.742124E0
1.962000E1	2.955847E2	-5.936764E0
1.964000E1	2.948835E2	-4.382242E0
1.966000E1	2.944241E2	-3.471367E0
1.968000E1	2.944918E2	-3.452904E0
1.970000E1	2.950873E2	-5.093649E0
1.972000E1	2.957871E2	-7.354203E0
1.974000E1	2.966907E2	-7.343395E0
1.976000E1	2.971973E2	-6.072199E0
1.978000E1	2.976239E2	-4.848062E0
1.980000E1	2.976084E2	-5.158231E0
1.982000E1	2.981680E2	-6.831043E0
1.984000E1	2.981084E2	-7.352304E0
1.986000E1	2.980635E2	-7.227695E0
1.988000E1	2.984985E2	-6.996807E0
1.990000E1	2.991415E2	-7.222899E0
1.992000E1	2.990285E2	-7.814801E0
1.994000E1	2.985183E2	-7.900245E0
1.996000E1	2.990360E2	-7.669515E0
1.998000E1	3.008293E2	-7.013391E0
2.000000E1	3.024456E2	-6.687878E0
2.002000E1	3.027089E2	-6.323933E0
2.004000E1	3.019974E2	-6.399439E0
2.006000E1	3.013756E2	-7.050502E0
2.008000E1	3.009056E2	-7.823650E0
2.010000E1	3.011997E2	-7.776643E0
2.012000E1	3.015798E2	-6.888906E0
2.014000E1	3.018746E2	-6.148119E0
2.016000E1	3.018088E2	-6.352788E0
2.018000E1	3.017842E2	-7.190827E0
2.020000E1	3.020810E2	-8.058383E0
2.022000E1	3.025883E2	-8.721585E0
2.024000E1	3.033236E2	-8.319399E0
2.026000E1	3.038648E2	-7.677611E0
2.028000E1	3.039938E2	-7.810591E0
2.030000E1	3.039097E2	-8.060254E0
2.032000E1	3.040346E2	-8.252306E0
2.034000E1	3.042968E2	-7.792769E0
2.036000E1	3.039747E2	-7.604850E0
2.038000E1	3.039508E2	-8.055140E0
2.040000E1	3.043951E2	-8.826838E0
2.042000E1	3.048639E2	-9.081138E0
2.044000E1	3.052196E2	-8.411151E0
2.046000E1	3.057383E2	-6.660615E0
2.048000E1	3.062575E2	-5.112040E0
2.050000E1	3.066770E2	-5.201001E0
2.052000E1	3.067436E2	-5.989324E0
2.054000E1	3.070384E2	-6.551717E0
2.056000E1	3.076912E2	-6.530641E0
2.058000E1	3.083026E2	-6.241343E0
2.060000E1	3.089893E2	-5.960150E0
2.062000E1	3.093728E2	-5.476563E0
2.064000E1	3.093304E2	-5.671397E0
2.066000E1	3.095707E2	-6.752067E0
2.068000E1	3.097313E2	-6.896988E0
2.070000E1	3.096777E2	-7.040621E0
2.072000E1	3.101081E2	-6.839866E0
2.074000E1	3.105599E2	-6.695300E0
2.076000E1	3.109920E2	-6.582894E0
2.078000E1	3.111586E2	-6.390519E0
2.080000E1	3.111273E2	-6.324668E0
2.082000E1	3.113003E2	-6.443690E0
2.084000E1	3.116135E2	-6.695354E0
2.086000E1	3.119622E2	-6.983565E0
2.088000E1	3.124601E2	-6.957106E0
2.090000E1	3.127002E2	-6.998994E0
2.092000E1	3.123702E2	-7.251843E0
2.094000E1	3.116022E2	-7.538654E0
2.096000E1	3.121582E2	-7.308563E0
2.098000E1	3.133879E2	-6.612347E0
2.100000E1	3.146046E2	-6.393195E0
2.102000E1	3.150820E2	-6.854739E0
2.104000E1	3.150480E2	-7.680969E0
2.106000E1	3.150130E2	-8.320313E0
2.108000E1	3.156939E2	-8.185221E0
2.110000E1	3.165703E2	-8.083816E0
2.112000E1	3.169977E2	-7.982448E0
2.114000E1	3.168776E2	-7.861946E0
2.116000E1	3.168430E2	-7.827106E0
2.118000E1	3.167710E2	-7.743780E0
2.120000E1	3.167659E2	-7.053366E0
2.122000E1	3.168947E2	-6.800985E0
2.124000E1	3.167176E2	-6.995694E0
2.126000E1	3.170132E2	-7.729900E0
2.128000E1	3.174797E2	-7.709837E0
2.130000E1	3.181195E2	-7.091531E0
2.132000E1	3.188638E2	-6.680302E0
2.134000E1	3.191790E2	-6.356392E0
2.136000E1	3.191705E2	-6.237871E0
2.138000E1	3.191351E2	-6.475083E0
2.140000E1	3.189557E2	-6.818943E0
2.142000E1	3.191775E2	-6.938773E0
2.144000E1	3.194611E2	-6.969698E0
2.146000E1	3.199338E2	-6.807411E0
2.148000E1	3.205429E2	-6.217000E0
2.150000E1	3.210717E2	-5.969397E0
2.152000E1	3.216698E2	-6.742085E0
2.154000E1	3.222545E2	-7.047800E0
2.156000E1	3.225278E2	-6.569363E0
2.158000E1	3.228456E2	-6.135676E0
2.160000E1	3.231940E2	-5.988484E0
2.162000E1	3.235069E2	-6.107252E0
2.164000E1	3.239393E2	-6.047343E0
2.166000E1	3.240261E2	-5.733938E0
2.168000E1	3.244372E2	-5.556934E0
2.170000E1	3.251284E2	-5.627795E0
2.172000E1	3.256264E2	-5.888216E0
2.174000E1	3.255353E2	-6.453970E0
2.176000E1	3.253879E2	-6.342122E0
2.178000E1	3.253740E2	-6.111793E0
2.180000E1	3.256474E2	-5.765650E0
2.182000E1	3.262998E2	-5.520504E0
2.184000E1	3.268761E2	-5.408708E0
2.186000E1	3.271128E2	-5.540457E0
2.188000E1	3.269379E2	-5.934727E0
2.190000E1	3.270178E2	-6.523874E0
2.192000E1	3.274130E2	-6.659694E0
2.194000E1	3.275950E2	-7.290570E0
2.196000E1	3.281335E2	-7.612673E0
2.198000E1	3.287809E2	-7.884113E0
2.200000E1	3.288134E2	-8.160787E0
2.202000E1	3.290354E2	-7.863765E0
2.204000E1	3.294498E2	-7.121094E0
2.206000E1	3.299322E2	-6.330668E0
2.208000E1	3.301569E2	-6.125912E0
2.210000E1	3.298044E2	-6.878167E0
2.212000E1	3.299673E2	-7.837172E0
2.214000E1	3.307826E2	-8.492523E0
2.216000E1	3.313266E2	-8.544778E0
2.218000E1	3.317216E2	-7.242436E0
2.220000E1	3.322845E2	-5.676300E0
2.222000E1	3.323469E2	-4.483414E0
2.224000E1	3.323150E2	-4.395567E0
2.226000E1	3.323200E2	-5.056668E0
2.228000E1	3.321708E2	-6.018381E0
2.230000E1	3.319563E2	-7.062947E0
2.232000E1	3.323110E2	-7.748106E0
2.234000E1	3.333329E2	-7.380308E0
2.236000E1	3.336217E2	-6.349878E0
2.238000E1	3.340689E2	-6.608424E0
2.240000E1	3.345293E2	-7.586005E0
2.242000E1	3.345975E2	-8.110657E0
2.244000E1	3.349181E2	-7.853130E0
2.246000E1	3.352701E2	-7.318037E0
2.248000E1	3.354803E2	-7.204524E0
2.250000E1	3.355039E2	-7.266757E0
2.252000E1	3.353146E2	-7.400684E0
2.254000E1	3.357619E2	-6.851745E0
2.256000E1	3.366520E2	-6.145977E0
2.258000E1	3.373888E2	-5.825152E0
2.260000E1	3.376247E2	-6.139162E0
2.262000E1	3.378577E2	-6.689260E0
2.264000E1	3.378965E2	-6.574008E0
2.266000E1	3.378711E2	-6.260173E0
2.268000E1	3.383556E2	-5.904512E0
2.270000E1	3.389407E2	-5.840206E0
2.272000E1	3.389722E2	-6.046891E0
2.274000E1	3.386065E2	-6.549881E0
2.276000E1	3.387014E2	-7.048819E0
2.278000E1	3.394969E2	-7.052100E0
2.280000E1	3.404364E2	-7.101699E0
2.282000E1	3.413153E2	-7.155976E0
2.284000E1	3.418271E2	-7.024226E0
2.286000E1	3.417112E2	-6.979131E0
2.288000E1	3.413926E2	-7.143931E0
2.290000E1	3.409705E2	-7.259295E0
2.292000E1	3.409533E2	-7.354055E0
2.294000E1	3.414432E2	-7.422896E0
2.296000E1	3.414479E2	-8.252209E0
2.298000E1	3.413951E2	-8.981937E0
2.300000E1	3.417012E2	-9.089168E0
2.302000E1	3.425316E2	-8.563301E0
2.304000E1	3.433211E2	-7.324198E0
2.306000E1	3.443028E2	-5.760994E0
2.308000E1	3.446048E2	-4.360282E0
2.310000E1	3.446846E2	-4.485816E0
2.312000E1	3.446980E2	-6.114648E0
2.314000E1	3.443679E2	-7.837739E0
2.316000E1	3.444997E2	-8.337958E0
2.318000E1	3.453184E2	-7.521761E0
2.320000E1	3.460394E2	-6.651009E0
2.322000E1	3.465641E2	-5.983541E0
2.324000E1	3.469440E2	-5.776638E0
2.326000E1	3.475061E2	-6.039314E0
2.328000E1	3.480963E2	-6.721718E0
2.330000E1	3.483681E2	-7.372770E0
2.332000E1	3.484581E2	-8.151197E0
2.334000E1	3.480324E2	-8.844002E0
2.336000E1	3.475758E2	-9.509956E0
2.338000E1	3.475594E2	-9.533514E0
2.340000E1	3.480320E2	-8.679853E0
2.342000E1	3.486773E2	-7.324739E0
2.344000E1	3.497149E2	-6.692605E0
2.346000E1	3.509055E2	-6.705113E0
2.348000E1	3.513746E2	-7.253748E0
2.350000E1	3.511262E2	-7.544468E0
2.352000E1	3.505487E2	-7.863153E0
2.354000E1	3.499888E2	-8.058483E0
2.356000E1	3.502506E2	-7.786604E0
2.358000E1	3.514018E2	-6.620881E0
2.360000E1	3.521846E2	-5.917432E0
2.362000E1	3.525876E2	-6.242223E0
2.364000E1	3.527016E2	-7.271895E0
2.366000E1	3.529993E2	-7.775854E0
2.368000E1	3.535108E2	-7.413986E0
2.370000E1	3.542875E2	-7.222775E0
2.372000E1	3.551781E2	-6.939699E0
2.374000E1	3.553963E2	-6.988949E0
2.376000E1	3.552390E2	-7.225383E0
2.378000E1	3.550189E2	-7.113661E0
2.380000E1	3.548029E2	-7.218803E0
2.382000E1	3.546598E2	-6.948028E0
2.384000E1	3.544901E2	-7.328626E0
2.386000E1	3.548318E2	-8.092832E0
2.388000E1	3.553468E2	-8.937406E0
2.390000E1	3.558050E2	-8.537734E0
2.392000E1	3.562398E2	-7.227821E0
2.394000E1	3.563609E2	-5.778403E0
2.396000E1	3.554727E2	-4.736910E0
2.398000E1	3.555446E2	-4.949914E0
2.400000E1	3.559211E2	-6.031873E0
