	mass A		
t	x	y	
0.000000E0	1.659349E-2	-1.982009E-2
2.000000E-2	8.722926E-1	-8.310341E-2
4.000000E-2	7.115980E-1	4.653991E-2
6.000000E-2	6.305318E-1	5.394191E-1
8.000000E-2	7.950078E-1	1.132225E0
1.000000E-1	1.229688E0	1.656872E0
1.200000E-1	1.350009E0	1.411955E0
1.400000E-1	8.964118E-1	6.830948E-1
1.600000E-1	1.352941E0	-1.347187E-1
1.800000E-1	1.790210E0	-1.284396E-1
2.000000E-1	2.612831E0	3.615551E-1
2.200000E-1	3.601554E0	2.191012E0
2.400000E-1	3.253021E0	4.247738E0
2.600000E-1	3.204002E0	4.992514E0
2.800000E-1	3.533649E0	4.213580E0
3.000000E-1	3.924690E0	2.647700E0
3.200000E-1	4.363227E0	1.920253E0
3.400000E-1	4.626522E0	2.253482E0
3.600000E-1	5.030093E0	2.977320E0
3.800000E-1	5.476725E0	2.668264E0
4.000000E-1	6.113905E0	1.685131E0
4.200000E-1	6.326683E0	1.177239E0
4.400000E-1	6.651216E0	1.490457E0
4.600000E-1	6.791075E0	1.600660E0
4.800000E-1	6.776994E0	1.430346E0
5.000000E-1	6.701952E0	7.298553E-1
5.200000E-1	6.808156E0	8.032386E-3
5.400000E-1	7.255545E0	-4.818536E-1
5.600000E-1	7.245258E0	-3.959884E-1
5.800000E-1	7.664874E0	3.358321E-1
6.000000E-1	8.897642E0	9.219031E-1
6.200000E-1	1.022628E1	1.354750E0
6.400000E-1	1.084720E1	1.479057E0
6.600000E-1	1.074422E1	1.549064E0
6.800000E-1	1.024988E1	9.525542E-1
7.000000E-1	9.605149E0	1.322137E-1
7.200000E-1	9.597756E0	-4.797471E-1
7.400000E-1	1.045397E1	3.221203E-2
7.600000E-1	1.105582E1	1.075638E0
7.800000E-1	1.107732E1	1.172159E0
8.000000E-1	1.075115E1	1.973379E-1
8.200000E-1	1.081820E1	-8.661389E-1
8.400000E-1	1.117011E1	-1.604709E0
8.600000E-1	1.180898E1	-1.437120E0
8.800000E-1	1.260051E1	-5.033235E-1
9.000000E-1	1.291327E1	2.982583E-3
9.200000E-1	1.284833E1	-1.775666E-1
9.400000E-1	1.286304E1	-6.987572E-1
9.600000E-1	1.307011E1	-5.968155E-1
9.800000E-1	1.337085E1	2.268653E-2
1.000000E0	1.294866E1	-6.859971E-3
1.020000E0	1.302543E1	-6.748533E-1
1.040000E0	1.335888E1	-1.137773E0
1.060000E0	1.376809E1	-8.313672E-1
1.080000E0	1.456616E1	5.020684E-1
1.100000E0	1.551797E1	2.042533E0
1.120000E0	1.588625E1	2.655884E0
1.140000E0	1.600576E1	2.403065E0
1.160000E0	1.590109E1	1.717510E0
1.180000E0	1.626407E1	1.781179E0
1.200000E0	1.670165E1	1.847322E0
1.220000E0	1.743088E1	2.417851E0
1.240000E0	1.805703E1	2.577625E0
1.260000E0	1.812786E1	1.987578E0
1.280000E0	1.808464E1	1.137102E0
1.300000E0	1.848293E1	9.763751E-1
1.320000E0	1.877769E1	1.149135E0
1.340000E0	1.871544E1	8.597193E-1
1.360000E0	1.885001E1	5.557678E-1
1.380000E0	1.921315E1	3.987288E-1
1.400000E0	1.984030E1	9.410515E-1
1.420000E0	2.023395E1	1.490992E0
1.440000E0	2.035759E1	1.697127E0
1.460000E0	2.062527E1	1.501270E0
1.480000E0	2.085790E1	8.880451E-1
1.500000E0	2.108858E1	8.789910E-1
1.520000E0	2.150864E1	9.013861E-1
1.540000E0	2.190683E1	8.689590E-1
1.560000E0	2.178289E1	1.775932E-1
1.580000E0	2.132490E1	-5.707114E-1
1.600000E0	2.167357E1	-4.338223E-1
1.620000E0	2.261801E1	3.807647E-1
1.640000E0	2.394991E1	1.221714E0
1.660000E0	2.444263E1	1.123618E0
1.680000E0	2.444246E1	-9.338154E-2
1.700000E0	2.461012E1	-1.218090E0
1.720000E0	2.501145E1	-1.578000E0
1.740000E0	2.554856E1	-1.247329E0
1.760000E0	2.619873E1	-5.856359E-1
1.780000E0	2.630139E1	-4.801439E-2
1.800000E0	2.629856E1	-1.052192E-1
1.820000E0	2.609074E1	-3.480804E-1
1.840000E0	2.614804E1	-1.819535E-1
1.860000E0	2.612442E1	1.422874E-1
1.880000E0	2.602679E1	3.709245E-2
1.900000E0	2.628833E1	-3.948267E-1
1.920000E0	2.679974E1	-5.334346E-1
1.940000E0	2.762204E1	-4.649112E-1
1.960000E0	2.842237E1	7.851372E-1
1.980000E0	2.842817E1	1.606603E0
2.000000E0	2.851738E1	9.794004E-1
2.020000E0	2.822217E1	1.585452E-1
2.040000E0	2.809978E1	-4.031695E-2
2.060000E0	2.843507E1	1.760705E-1
2.080000E0	2.887029E1	5.095610E-1
2.100000E0	2.971638E1	6.745935E-1
2.120000E0	3.021100E1	5.866598E-1
2.140000E0	3.052337E1	7.298744E-1
2.160000E0	3.096089E1	7.322608E-1
2.180000E0	3.141060E1	8.921113E-1
2.200000E0	3.168334E1	9.224293E-1
2.220000E0	3.198972E1	8.168532E-1
2.240000E0	3.233586E1	8.240043E-1
2.260000E0	3.247545E1	9.071323E-1
2.280000E0	3.270571E1	1.398705E0
2.300000E0	3.272663E1	1.500112E0
2.320000E0	3.275153E1	1.145232E0
2.340000E0	3.323788E1	5.447926E-1
2.360000E0	3.371906E1	6.434401E-1
2.380000E0	3.414763E1	9.083914E-1
2.400000E0	3.436281E1	9.364231E-1
2.420000E0	3.430938E1	8.490999E-1
2.440000E0	3.418383E1	9.704276E-1
2.460000E0	3.421121E1	1.214339E0
2.480000E0	3.426618E1	1.237841E0
2.500000E0	3.432980E1	9.288238E-1
2.520000E0	3.434756E1	6.205455E-4
2.540000E0	3.433021E1	-9.743795E-1
2.560000E0	3.471017E1	-1.521208E0
2.580000E0	3.519096E1	-1.310327E0
2.600000E0	3.624253E1	-1.161793E0
2.620000E0	3.715628E1	-8.346448E-1
2.640000E0	3.726072E1	-7.742116E-1
2.660000E0	3.701128E1	-4.920213E-1
2.680000E0	3.714804E1	-5.298643E-1
2.700000E0	3.758589E1	-6.093176E-1
2.720000E0	3.753630E1	-5.828298E-1
2.740000E0	3.713005E1	-8.544027E-1
2.760000E0	3.714430E1	-1.375997E0
2.780000E0	3.715515E1	-1.395879E0
2.800000E0	3.760105E1	-5.602239E-1
2.820000E0	3.877524E1	8.652451E-1
2.840000E0	3.965610E1	1.986193E0
2.860000E0	3.946789E1	1.945371E0
2.880000E0	3.933469E1	4.728921E-1
2.900000E0	3.901908E1	-7.552596E-1
2.920000E0	3.904039E1	-7.717030E-1
2.940000E0	3.967570E1	2.684195E-2
2.960000E0	4.007852E1	6.158225E-1
2.980000E0	4.058581E1	5.983025E-1
3.000000E0	4.102067E1	4.472149E-1
3.020000E0	4.109989E1	-6.672490E-2
3.040000E0	4.147249E1	-2.625431E-1
3.060000E0	4.209102E1	-3.553946E-1
3.080000E0	4.246565E1	-2.872531E-1
3.100000E0	4.279342E1	7.068168E-2
3.120000E0	4.301768E1	3.385824E-1
3.140000E0	4.338735E1	7.412430E-1
3.160000E0	4.361610E1	1.291977E0
3.180000E0	4.403426E1	1.325010E0
3.200000E0	4.446416E1	8.439245E-1
3.220000E0	4.492075E1	6.461738E-1
3.240000E0	4.531676E1	6.801457E-1
3.260000E0	4.533905E1	6.878891E-1
3.280000E0	4.512849E1	2.810698E-1
3.300000E0	4.480200E1	1.647692E-1
3.320000E0	4.526363E1	3.522789E-1
3.340000E0	4.628013E1	1.214850E0
3.360000E0	4.709836E1	1.331621E0
3.380000E0	4.721851E1	1.031619E0
3.400000E0	4.726277E1	4.290391E-1
3.420000E0	4.724631E1	-2.392159E-1
3.440000E0	4.732083E1	-1.757555E-1
3.460000E0	4.746914E1	-4.547036E-1
3.480000E0	4.815897E1	-8.850217E-1
3.500000E0	4.881583E1	-9.676149E-1
3.520000E0	4.880603E1	-1.456816E0
3.540000E0	4.899121E1	-1.143134E0
3.560000E0	4.934194E1	-7.918698E-1
3.580000E0	5.017395E1	-2.883009E-1
3.600000E0	5.067673E1	-5.040424E-1
3.620000E0	5.032130E1	-1.134397E0
3.640000E0	5.029794E1	-1.637888E0
3.660000E0	5.102619E1	-1.500205E0
3.680000E0	5.146311E1	-7.646129E-1
3.700000E0	5.257223E1	-7.643049E-2
3.720000E0	5.302383E1	6.588865E-1
3.740000E0	5.304712E1	6.042882E-1
3.760000E0	5.292123E1	1.835648E-1
3.780000E0	5.257128E1	-2.192080E-1
3.800000E0	5.251677E1	-3.919243E-1
3.820000E0	5.263134E1	-5.470795E-1
3.840000E0	5.315403E1	-6.975452E-1
3.860000E0	5.412018E1	-4.968857E-1
3.880000E0	5.453512E1	2.853339E-1
3.900000E0	5.452685E1	-1.835103E-1
3.920000E0	5.466002E1	-9.363904E-1
3.940000E0	5.521563E1	-1.305739E0
3.960000E0	5.553990E1	-1.608302E0
3.980000E0	5.550979E1	-1.553055E0
4.000000E0	5.554169E1	-1.538569E0
4.020000E0	5.577787E1	-1.188528E0
4.040000E0	5.610283E1	-8.272118E-1
4.060000E0	5.662916E1	-5.992055E-1
4.080000E0	5.738880E1	-4.306284E-1
4.100000E0	5.840616E1	-3.748998E-2
4.120000E0	5.898560E1	5.279064E-1
4.140000E0	5.897608E1	5.111346E-1
4.160000E0	5.900853E1	3.770046E-1
4.180000E0	5.912218E1	7.910788E-2
4.200000E0	5.969593E1	3.392878E-1
4.220000E0	6.020531E1	1.093226E0
4.240000E0	6.065277E1	1.198410E0
4.260000E0	6.070153E1	9.948682E-1
4.280000E0	6.062903E1	1.386247E-1
4.300000E0	6.066545E1	-7.993953E-1
4.320000E0	6.089699E1	-1.110817E0
4.340000E0	6.175835E1	-1.009287E0
4.360000E0	6.284888E1	-5.357224E-1
4.380000E0	6.331338E1	-8.429745E-2
4.400000E0	6.324347E1	-5.042054E-2
4.420000E0	6.269766E1	-1.372106E-1
4.440000E0	6.229245E1	-4.449321E-1
4.460000E0	6.228263E1	-7.157114E-1
4.480000E0	6.223198E1	-1.506700E0
4.500000E0	6.223946E1	-2.274056E0
4.520000E0	6.258086E1	-2.414749E0
4.540000E0	6.309820E1	-1.911899E0
4.560000E0	6.407791E1	-9.601861E-1
4.580000E0	6.544647E1	7.141804E-1
4.600000E0	6.534745E1	1.834522E0
4.620000E0	6.533206E1	1.665396E0
4.640000E0	6.529507E1	1.236830E-2
4.660000E0	6.464470E1	-1.365201E0
4.680000E0	6.471997E1	-1.704082E0
4.700000E0	6.530442E1	-9.306882E-1
4.720000E0	6.612490E1	-2.735511E-2
4.740000E0	6.669811E1	7.560507E-1
4.760000E0	6.690776E1	7.158988E-1
4.780000E0	6.730118E1	3.084309E-3
4.800000E0	6.774865E1	-7.414232E-1
4.820000E0	6.775301E1	-1.192305E0
4.840000E0	6.724697E1	-1.458585E0
4.860000E0	6.674016E1	-2.224519E0
4.880000E0	6.665518E1	-2.641084E0
4.900000E0	6.683202E1	-2.566599E0
4.920000E0	6.729155E1	-1.608252E0
4.940000E0	6.821447E1	-5.980641E-1
4.960000E0	6.931380E1	3.389382E-1
4.980000E0	7.040905E1	9.143452E-1
5.000000E0	7.079060E1	6.208734E-1
5.020000E0	7.039409E1	-2.637493E-2
5.040000E0	6.987147E1	-7.957605E-1
5.060000E0	6.989850E1	-8.762881E-1
5.080000E0	7.075572E1	2.364307E-2
5.100000E0	7.169214E1	1.488700E0
5.120000E0	7.219373E1	1.490350E0
5.140000E0	7.236114E1	4.715565E-1
5.160000E0	7.236144E1	-9.472089E-1
5.180000E0	7.273448E1	-1.211856E0
5.200000E0	7.335552E1	-9.191242E-1
5.220000E0	7.412857E1	-2.134401E-1
5.240000E0	7.415479E1	-1.738673E-1
5.260000E0	7.371810E1	-8.258805E-1
5.280000E0	7.376317E1	-9.889139E-1
5.300000E0	7.422777E1	-1.001336E0
5.320000E0	7.502036E1	-3.129236E-1
5.340000E0	7.507257E1	-9.692830E-2
5.360000E0	7.461184E1	-8.452934E-1
5.380000E0	7.433556E1	-2.111242E0
5.400000E0	7.405121E1	-2.617672E0
5.420000E0	7.485283E1	-2.012698E0
5.440000E0	7.618119E1	-2.605826E-1
5.460000E0	7.635132E1	9.063082E-1
5.480000E0	7.632942E1	6.631730E-1
5.500000E0	7.637071E1	-4.164258E-2
5.520000E0	7.663964E1	-2.739924E-1
5.540000E0	7.751902E1	-4.309114E-1
5.560000E0	7.820916E1	-2.063399E-1
5.580000E0	7.902525E1	-1.268600E-1
5.600000E0	7.915666E1	-4.476191E-1
5.620000E0	7.909344E1	-6.874776E-1
5.640000E0	7.906433E1	-1.072204E0
5.660000E0	7.962540E1	-1.151753E0
5.680000E0	8.011675E1	-1.086939E0
5.700000E0	8.012485E1	-1.015758E0
5.720000E0	8.011203E1	-1.166478E0
5.740000E0	8.051495E1	-1.872349E0
5.760000E0	8.057045E1	-2.138978E0
5.780000E0	8.034288E1	-1.959985E0
5.800000E0	8.060088E1	-1.686401E0
5.820000E0	8.104005E1	-1.574754E0
5.840000E0	8.142493E1	-1.441033E0
5.860000E0	8.206925E1	-8.617390E-1
5.880000E0	8.255069E1	-2.742258E-1
5.900000E0	8.287572E1	-1.411476E-1
5.920000E0	8.256765E1	-6.222373E-1
5.940000E0	8.194236E1	-1.248120E0
5.960000E0	8.161975E1	-1.485088E0
5.980000E0	8.184892E1	-1.315303E0
6.000000E0	8.261462E1	-1.045027E0
6.020000E0	8.299105E1	-9.472812E-1
6.040000E0	8.311307E1	-1.350131E0
6.060000E0	8.356506E1	-1.384920E0
6.080000E0	8.395002E1	-1.234497E0
6.100000E0	8.448718E1	-7.761968E-1
6.120000E0	8.561003E1	-1.932792E-1
6.140000E0	8.623070E1	-2.125311E-2
6.160000E0	8.671115E1	-4.030022E-1
6.180000E0	8.624695E1	-4.793006E-1
6.200000E0	8.618530E1	-5.254527E-1
6.220000E0	8.643846E1	-3.003197E-1
6.240000E0	8.640433E1	-7.878620E-1
6.260000E0	8.605580E1	-1.529068E0
6.280000E0	8.557963E1	-2.249498E0
6.300000E0	8.580081E1	-2.019513E0
6.320000E0	8.698981E1	-8.247330E-1
6.340000E0	8.792667E1	1.493897E0
6.360000E0	8.780316E1	1.980480E0
6.380000E0	8.790888E1	1.087473E0
6.400000E0	8.786083E1	-2.512882E-1
6.420000E0	8.780441E1	-1.769124E-1
6.440000E0	8.815778E1	-3.369925E-2
6.460000E0	8.871889E1	-7.878924E-2
6.480000E0	8.965789E1	-4.382410E-1
6.500000E0	9.016575E1	-4.499677E-1
6.520000E0	9.065162E1	-6.403540E-1
6.540000E0	9.156758E1	-1.038682E0
6.560000E0	9.263310E1	-7.986060E-1
6.580000E0	9.299048E1	-4.095626E-1
6.600000E0	9.269372E1	-3.732480E-1
6.620000E0	9.235112E1	-1.110679E0
6.640000E0	9.192282E1	-1.941371E0
6.660000E0	9.169716E1	-2.416749E0
6.680000E0	9.190525E1	-1.721425E0
6.700000E0	9.287082E1	-8.450934E-1
6.720000E0	9.391531E1	-1.211182E-1
6.740000E0	9.473351E1	1.291526E-1
6.760000E0	9.477203E1	-1.637729E-1
6.780000E0	9.440527E1	-6.212855E-1
6.800000E0	9.391946E1	-1.125656E0
6.820000E0	9.332148E1	-1.548592E0
6.840000E0	9.327378E1	-1.511079E0
6.860000E0	9.390264E1	-1.042786E0
6.880000E0	9.442673E1	-3.753071E-1
6.900000E0	9.439838E1	-8.803358E-1
6.920000E0	9.433276E1	-1.917850E0
6.940000E0	9.474860E1	-2.722962E0
6.960000E0	9.510697E1	-3.101374E0
6.980000E0	9.590286E1	-2.817990E0
7.000000E0	9.634409E1	-2.353030E0
7.020000E0	9.661422E1	-1.831357E0
7.040000E0	9.701518E1	-1.218581E0
7.060000E0	9.754954E1	-7.208839E-1
7.080000E0	9.811885E1	-1.122074E-1
7.100000E0	9.807937E1	-6.320871E-1
7.120000E0	9.811023E1	-1.576151E0
7.140000E0	9.831155E1	-2.318977E0
7.160000E0	9.876727E1	-2.065210E0
7.180000E0	9.959884E1	-8.912921E-1
7.200000E0	9.952815E1	1.241881E0
7.220000E0	9.895841E1	1.895285E0
7.240000E0	9.939514E1	7.577746E-1
7.260000E0	9.948966E1	2.201173E-1
7.280000E0	9.990913E1	1.671985E-1
7.300000E0	1.005794E2	5.954041E-1
7.320000E0	1.012627E2	6.371026E-1
7.340000E0	1.016022E2	2.578196E-1
7.360000E0	1.016541E2	-4.134806E-2
7.380000E0	1.017024E2	-7.938071E-1
7.400000E0	1.021582E2	-1.318578E0
7.420000E0	1.027811E2	-1.510220E0
7.440000E0	1.030056E2	-1.670474E0
7.460000E0	1.031205E2	-1.610718E0
7.480000E0	1.035885E2	-1.886149E0
7.500000E0	1.044069E2	-1.897100E0
7.520000E0	1.047494E2	-1.365096E0
7.540000E0	1.047351E2	-6.413932E-1
7.560000E0	1.051685E2	-6.035270E-1
7.580000E0	1.054155E2	-1.292137E0
7.600000E0	1.058266E2	-1.619403E0
7.620000E0	1.061565E2	-1.217005E0
7.640000E0	1.062627E2	-8.222853E-1
7.660000E0	1.059943E2	-1.127184E0
7.680000E0	1.057254E2	-1.853035E0
7.700000E0	1.056628E2	-1.991533E0
7.720000E0	1.059210E2	-1.655268E0
7.740000E0	1.064573E2	-1.162253E0
7.760000E0	1.070251E2	-1.427798E0
7.780000E0	1.070071E2	-2.244007E0
7.800000E0	1.070354E2	-2.766782E0
7.820000E0	1.074998E2	-2.829167E0
7.840000E0	1.083413E2	-2.454717E0
7.860000E0	1.092106E2	-1.960162E0
7.880000E0	1.093747E2	-1.967151E0
7.900000E0	1.093476E2	-1.993464E0
7.920000E0	1.092971E2	-2.172626E0
7.940000E0	1.097494E2	-1.982912E0
7.960000E0	1.100694E2	-1.582977E0
7.980000E0	1.097906E2	-1.672023E0
8.000000E0	1.099145E2	-2.332868E0
8.020000E0	1.103986E2	-2.407406E0
8.040000E0	1.112921E2	-2.043327E0
8.060000E0	1.123218E2	-4.370300E-1
8.080000E0	1.127339E2	1.690858E0
8.100000E0	1.125422E2	2.267773E0
8.120000E0	1.129516E2	1.500319E0
8.140000E0	1.131508E2	-4.553500E-2
8.160000E0	1.135326E2	-4.703896E-1
8.180000E0	1.140328E2	-1.048626E-1
8.200000E0	1.145182E2	7.623859E-1
8.220000E0	1.145786E2	1.162686E0
8.240000E0	1.146021E2	3.711273E-1
8.260000E0	1.150183E2	-6.415594E-1
8.280000E0	1.156170E2	-5.119766E-1
8.300000E0	1.162382E2	-3.646929E-2
8.320000E0	1.166268E2	-2.328561E-2
8.340000E0	1.166949E2	-1.320515E-1
8.360000E0	1.165651E2	-6.440978E-1
8.380000E0	1.165437E2	-4.491592E-1
8.400000E0	1.165827E2	-1.813557E-1
8.420000E0	1.170326E2	-1.458160E-1
8.440000E0	1.175578E2	-5.140325E-1
8.460000E0	1.180930E2	-1.108710E0
8.480000E0	1.185752E2	-1.040006E0
8.500000E0	1.192606E2	-5.906869E-1
8.520000E0	1.199976E2	-2.714497E-1
8.540000E0	1.202204E2	-6.201013E-1
8.560000E0	1.201189E2	-1.008130E0
8.580000E0	1.202595E2	-9.108015E-1
8.600000E0	1.205690E2	-8.467979E-1
8.620000E0	1.203004E2	-1.169776E0
8.640000E0	1.203077E2	-1.818059E0
8.660000E0	1.206012E2	-2.246764E0
8.680000E0	1.210774E2	-2.438446E0
8.700000E0	1.213026E2	-2.638755E0
8.720000E0	1.218614E2	-2.579308E0
8.740000E0	1.222680E2	-2.091849E0
8.760000E0	1.223142E2	-1.764018E0
8.780000E0	1.224055E2	-1.588580E0
8.800000E0	1.224622E2	-1.580015E0
8.820000E0	1.226240E2	-1.498019E0
8.840000E0	1.226859E2	-1.354736E0
8.860000E0	1.226365E2	-1.549989E0
8.880000E0	1.227065E2	-2.161067E0
8.900000E0	1.228458E2	-2.126456E0
8.920000E0	1.234216E2	-1.397114E0
8.940000E0	1.247355E2	-9.752650E-2
8.960000E0	1.258832E2	1.101448E0
8.980000E0	1.259100E2	9.286635E-1
9.000000E0	1.257539E2	2.147837E-1
9.020000E0	1.257898E2	1.691894E-1
9.040000E0	1.264292E2	7.404106E-1
9.060000E0	1.272472E2	9.501902E-1
9.080000E0	1.280661E2	9.183896E-1
9.100000E0	1.288516E2	6.204651E-1
9.120000E0	1.289737E2	-2.115100E-1
9.140000E0	1.291237E2	-4.871651E-1
9.160000E0	1.295884E2	-1.746300E-1
9.180000E0	1.297807E2	-2.511361E-1
9.200000E0	1.296135E2	-4.774805E-1
9.220000E0	1.294379E2	-8.920177E-1
9.240000E0	1.298492E2	-8.135478E-1
9.260000E0	1.303336E2	-1.353270E-1
9.280000E0	1.305673E2	4.075911E-1
9.300000E0	1.308220E2	1.418263E-1
9.320000E0	1.312509E2	-5.447401E-1
9.340000E0	1.312839E2	-7.057420E-1
9.360000E0	1.312547E2	-5.034769E-1
9.380000E0	1.313371E2	-4.367523E-1
9.400000E0	1.311717E2	-9.897712E-1
9.420000E0	1.305825E2	-1.541646E0
9.440000E0	1.306656E2	-1.514775E0
9.460000E0	1.315338E2	-1.006190E0
9.480000E0	1.326560E2	-5.744921E-1
9.500000E0	1.330862E2	-6.530636E-1
9.520000E0	1.329870E2	-1.580494E0
9.540000E0	1.331793E2	-2.507784E0
9.560000E0	1.333841E2	-2.923623E0
9.580000E0	1.339079E2	-2.814553E0
9.600000E0	1.344456E2	-2.042740E0
9.620000E0	1.345966E2	-1.587298E0
9.640000E0	1.345748E2	-1.630404E0
9.660000E0	1.342511E2	-1.865869E0
9.680000E0	1.343942E2	-1.680898E0
9.700000E0	1.346754E2	-1.380677E0
9.720000E0	1.346298E2	-1.404535E0
9.740000E0	1.348506E2	-1.910512E0
9.760000E0	1.355468E2	-2.414832E0
9.780000E0	1.358106E2	-2.001680E0
9.800000E0	1.368598E2	-3.945091E-1
9.820000E0	1.374521E2	6.509655E-1
9.840000E0	1.374303E2	2.905244E-1
9.860000E0	1.373010E2	-5.396352E-1
9.880000E0	1.370962E2	-1.092735E0
9.900000E0	1.371453E2	-1.265921E0
9.920000E0	1.374293E2	-1.216296E0
9.940000E0	1.381770E2	-9.868950E-1
9.960000E0	1.390417E2	-1.442100E-1
9.980000E0	1.396247E2	3.498943E-1
1.000000E1	1.401602E2	-1.392076E-1
1.002000E1	1.405009E2	-3.774128E-1
1.004000E1	1.406766E2	-4.645092E-1
1.006000E1	1.411112E2	-4.413965E-1
1.008000E1	1.413906E2	-4.940788E-1
1.010000E1	1.415864E2	-5.715970E-1
1.012000E1	1.418708E2	-2.248031E-1
1.014000E1	1.420139E2	2.324580E-1
1.016000E1	1.420767E2	1.569481E-1
1.018000E1	1.423680E2	-5.742878E-1
1.020000E1	1.427833E2	-6.096259E-1
1.022000E1	1.433386E2	-3.325905E-1
1.024000E1	1.437953E2	-2.199580E-1
1.026000E1	1.438156E2	-4.774432E-1
1.028000E1	1.437028E2	-4.534834E-1
1.030000E1	1.439041E2	-4.627230E-2
1.032000E1	1.442078E2	2.610121E-1
1.034000E1	1.442296E2	3.283611E-1
1.036000E1	1.439939E2	-4.425627E-1
1.038000E1	1.441889E2	-1.495350E0
1.040000E1	1.446496E2	-2.317281E0
1.042000E1	1.450299E2	-2.663216E0
1.044000E1	1.455233E2	-2.321985E0
1.046000E1	1.466915E2	-1.970434E0
1.048000E1	1.481107E2	-1.848383E0
1.050000E1	1.483488E2	-2.183286E0
1.052000E1	1.475841E2	-2.087968E0
1.054000E1	1.475096E2	-1.764172E0
1.056000E1	1.484272E2	-1.655266E0
1.058000E1	1.486819E2	-1.824961E0
1.060000E1	1.481030E2	-2.539001E0
1.062000E1	1.483352E2	-2.978062E0
1.064000E1	1.488321E2	-2.747072E0
1.066000E1	1.493538E2	-2.008778E0
1.068000E1	1.497797E2	-8.123933E-1
1.070000E1	1.505915E2	4.497570E-1
1.072000E1	1.507653E2	1.117061E0
1.074000E1	1.508525E2	8.172800E-1
1.076000E1	1.507835E2	-3.813800E-1
1.078000E1	1.507550E2	-1.971247E0
1.080000E1	1.512744E2	-2.857976E0
1.082000E1	1.520726E2	-2.381840E0
1.084000E1	1.526353E2	-1.469526E0
1.086000E1	1.527810E2	-1.920792E0
1.088000E1	1.527875E2	-3.249175E0
1.090000E1	1.530745E2	-3.811344E0
1.092000E1	1.538008E2	-3.636454E0
1.094000E1	1.544199E2	-3.096150E0
1.096000E1	1.548471E2	-2.809004E0
1.098000E1	1.548828E2	-3.080182E0
1.100000E1	1.550858E2	-2.969825E0
1.102000E1	1.555694E2	-2.343500E0
1.104000E1	1.560483E2	-1.265186E0
1.106000E1	1.567290E2	-1.013540E0
1.108000E1	1.573834E2	-1.531813E0
1.110000E1	1.577850E2	-2.309055E0
1.112000E1	1.577596E2	-2.467030E0
1.114000E1	1.576765E2	-1.882890E0
1.116000E1	1.577432E2	-1.138760E0
1.118000E1	1.580220E2	-8.422577E-1
1.120000E1	1.582923E2	-1.160156E0
1.122000E1	1.582562E2	-1.715966E0
1.124000E1	1.583623E2	-2.182710E0
1.126000E1	1.589758E2	-2.313755E0
1.128000E1	1.598974E2	-2.335663E0
1.130000E1	1.602829E2	-2.325897E0
1.132000E1	1.604150E2	-2.352896E0
1.134000E1	1.605982E2	-2.260979E0
1.136000E1	1.603422E2	-2.557631E0
1.138000E1	1.601771E2	-2.826398E0
1.140000E1	1.606332E2	-2.836895E0
1.142000E1	1.610565E2	-2.723080E0
1.144000E1	1.609230E2	-2.723091E0
1.146000E1	1.605119E2	-2.971434E0
1.148000E1	1.605548E2	-2.917375E0
1.150000E1	1.612885E2	-2.554510E0
1.152000E1	1.618362E2	-1.896122E0
1.154000E1	1.625720E2	-1.018220E0
1.156000E1	1.633366E2	-6.450038E-1
1.158000E1	1.631840E2	-8.940361E-1
1.160000E1	1.632108E2	-1.834081E0
1.162000E1	1.631930E2	-2.352917E0
1.164000E1	1.631056E2	-1.909785E0
1.166000E1	1.631523E2	-1.184952E0
1.168000E1	1.633089E2	-9.014602E-1
1.170000E1	1.639356E2	-1.027459E0
1.172000E1	1.648405E2	-9.532706E-1
1.174000E1	1.653156E2	-9.488033E-1
1.176000E1	1.657806E2	-1.865848E0
1.178000E1	1.659887E2	-3.147882E0
1.180000E1	1.657506E2	-4.393552E0
1.182000E1	1.657495E2	-4.754385E0
1.184000E1	1.660835E2	-4.328945E0
1.186000E1	1.665448E2	-3.505115E0
1.188000E1	1.669933E2	-2.660524E0
1.190000E1	1.672503E2	-2.196114E0
1.192000E1	1.676403E2	-2.604585E0
1.194000E1	1.682576E2	-3.242705E0
1.196000E1	1.689699E2	-3.046385E0
1.198000E1	1.696912E2	-2.173554E0
1.200000E1	1.698046E2	-1.779911E0
1.202000E1	1.696860E2	-1.942133E0
1.204000E1	1.699265E2	-1.963447E0
1.206000E1	1.707923E2	-1.669039E0
1.208000E1	1.712582E2	-1.260265E0
1.210000E1	1.712739E2	-1.153129E0
1.212000E1	1.714419E2	-1.520632E0
1.214000E1	1.719088E2	-2.357414E0
1.216000E1	1.721950E2	-2.929699E0
1.218000E1	1.721882E2	-3.311904E0
1.220000E1	1.727458E2	-3.150870E0
1.222000E1	1.735788E2	-2.610725E0
1.224000E1	1.740617E2	-2.543323E0
1.226000E1	1.740834E2	-2.366518E0
1.228000E1	1.738982E2	-2.132058E0
1.230000E1	1.740467E2	-1.925411E0
1.232000E1	1.737146E2	-2.331346E0
1.234000E1	1.733797E2	-3.306363E0
1.236000E1	1.734550E2	-4.062249E0
1.238000E1	1.744610E2	-4.186117E0
1.240000E1	1.749715E2	-3.898103E0
1.242000E1	1.753762E2	-2.447704E0
1.244000E1	1.755462E2	-9.898917E-1
1.246000E1	1.763346E2	3.937847E-2
1.248000E1	1.771477E2	-1.585643E-1
1.250000E1	1.775270E2	-2.383818E-1
1.252000E1	1.777966E2	-5.168104E-1
1.254000E1	1.781243E2	-1.148614E0
1.256000E1	1.785031E2	-1.966781E0
1.258000E1	1.788349E2	-2.231491E0
1.260000E1	1.793135E2	-2.314064E0
1.262000E1	1.797335E2	-2.737370E0
1.264000E1	1.803015E2	-2.959306E0
1.266000E1	1.805784E2	-2.613049E0
1.268000E1	1.806914E2	-1.984048E0
1.270000E1	1.808944E2	-1.490342E0
1.272000E1	1.811111E2	-1.610880E0
1.274000E1	1.812137E2	-1.784335E0
1.276000E1	1.811330E2	-2.051722E0
1.278000E1	1.813762E2	-2.591670E0
1.280000E1	1.820842E2	-3.271578E0
1.282000E1	1.826071E2	-3.804489E0
1.284000E1	1.831685E2	-3.767626E0
1.286000E1	1.834873E2	-3.411506E0
1.288000E1	1.837700E2	-2.924745E0
1.290000E1	1.838399E2	-2.876649E0
1.292000E1	1.839429E2	-3.114964E0
1.294000E1	1.842303E2	-2.846124E0
1.296000E1	1.846556E2	-2.571918E0
1.298000E1	1.850219E2	-2.453077E0
1.300000E1	1.855213E2	-2.810070E0
1.302000E1	1.863194E2	-3.301581E0
1.304000E1	1.870899E2	-3.379318E0
1.306000E1	1.876123E2	-3.337543E0
1.308000E1	1.883091E2	-2.943621E0
1.310000E1	1.890878E2	-3.024504E0
1.312000E1	1.890962E2	-3.177554E0
1.314000E1	1.889234E2	-3.026073E0
1.316000E1	1.888057E2	-2.512811E0
1.318000E1	1.891582E2	-2.008852E0
1.320000E1	1.890671E2	-2.440849E0
1.322000E1	1.887897E2	-3.588331E0
1.324000E1	1.884525E2	-4.495850E0
1.326000E1	1.890624E2	-4.545344E0
1.328000E1	1.901654E2	-3.510034E0
1.330000E1	1.909291E2	-1.667928E0
1.332000E1	1.898922E2	2.647476E-1
1.334000E1	1.895567E2	9.136819E-1
1.336000E1	1.898508E2	-4.114495E-2
1.338000E1	1.901581E2	-1.797909E0
1.340000E1	1.908241E2	-3.060583E0
1.342000E1	1.919368E2	-3.185787E0
1.344000E1	1.926656E2	-2.901586E0
1.346000E1	1.930832E2	-2.532494E0
1.348000E1	1.939197E2	-2.647712E0
1.350000E1	1.950552E2	-2.851196E0
1.352000E1	1.959426E2	-2.476470E0
1.354000E1	1.961258E2	-1.988345E0
1.356000E1	1.958175E2	-1.981427E0
1.358000E1	1.957317E2	-3.045914E0
1.360000E1	1.956363E2	-4.429253E0
1.362000E1	1.956207E2	-4.763043E0
1.364000E1	1.958342E2	-3.572114E0
1.366000E1	1.963954E2	-2.015397E0
1.368000E1	1.972580E2	-9.134943E-1
1.370000E1	1.979182E2	-6.001455E-1
1.372000E1	1.980566E2	-1.019445E0
1.374000E1	1.977894E2	-1.647749E0
1.376000E1	1.972585E2	-2.425412E0
1.378000E1	1.967557E2	-3.194828E0
1.380000E1	1.973561E2	-3.455553E0
1.382000E1	1.980361E2	-3.095252E0
1.384000E1	1.981258E2	-2.709978E0
1.386000E1	1.981471E2	-3.066545E0
1.388000E1	1.986060E2	-3.957790E0
1.390000E1	1.991612E2	-4.555676E0
1.392000E1	1.995854E2	-4.638489E0
1.394000E1	2.003297E2	-4.528476E0
1.396000E1	2.007268E2	-4.474242E0
1.398000E1	2.008547E2	-4.136509E0
1.400000E1	2.011526E2	-3.704765E0
1.402000E1	2.016335E2	-3.034791E0
1.404000E1	2.020961E2	-2.278848E0
1.406000E1	2.021721E2	-2.706907E0
1.408000E1	2.024826E2	-3.712850E0
1.410000E1	2.028122E2	-4.439810E0
1.412000E1	2.031025E2	-4.304935E0
1.414000E1	2.034292E2	-3.229066E0
1.416000E1	2.035435E2	-1.393990E0
1.418000E1	2.024675E2	1.772191E-2
1.420000E1	2.028415E2	-3.386654E-1
1.422000E1	2.036200E2	-1.540699E0
1.424000E1	2.042919E2	-2.563964E0
1.426000E1	2.050741E2	-2.828446E0
1.428000E1	2.055598E2	-2.261140E0
1.430000E1	2.056689E2	-1.386123E0
1.432000E1	2.055100E2	-1.017015E0
1.434000E1	2.058365E2	-2.023037E0
1.436000E1	2.067108E2	-3.743424E0
1.438000E1	2.075568E2	-4.753105E0
1.440000E1	2.077802E2	-5.051693E0
1.442000E1	2.076386E2	-4.786780E0
1.444000E1	2.080826E2	-4.501704E0
1.446000E1	2.089880E2	-3.880177E0
1.448000E1	2.100120E2	-3.035887E0
1.450000E1	2.102387E2	-1.885193E0
1.452000E1	2.105178E2	-1.256866E0
1.454000E1	2.111946E2	-1.811931E0
1.456000E1	2.116062E2	-3.040507E0
1.458000E1	2.114246E2	-4.110091E0
1.460000E1	2.112979E2	-4.273197E0
1.462000E1	2.112688E2	-3.828908E0
1.464000E1	2.112364E2	-3.143153E0
1.466000E1	2.113009E2	-2.113700E0
1.468000E1	2.115791E2	-1.346562E0
1.470000E1	2.117139E2	-1.381857E0
1.472000E1	2.118634E2	-2.477932E0
1.474000E1	2.120838E2	-3.557118E0
1.476000E1	2.127333E2	-4.367136E0
1.478000E1	2.135217E2	-4.934968E0
1.480000E1	2.144200E2	-5.153772E0
1.482000E1	2.150443E2	-4.879638E0
1.484000E1	2.151959E2	-4.683862E0
1.486000E1	2.151116E2	-4.425269E0
1.488000E1	2.150635E2	-4.265258E0
1.490000E1	2.156426E2	-4.080808E0
1.492000E1	2.159188E2	-3.983585E0
1.494000E1	2.155619E2	-4.455290E0
1.496000E1	2.157190E2	-5.165317E0
1.498000E1	2.161442E2	-5.423379E0
1.500000E1	2.167990E2	-4.798755E0
1.502000E1	2.176380E2	-3.344162E0
1.504000E1	2.178559E2	-1.630514E0
1.506000E1	2.178961E2	-6.967305E-1
1.508000E1	2.180704E2	-6.592515E-1
1.510000E1	2.183870E2	-1.552904E0
1.512000E1	2.190071E2	-2.732165E0
1.514000E1	2.197559E2	-3.605736E0
1.516000E1	2.203367E2	-2.962050E0
1.518000E1	2.205689E2	-1.492851E0
1.520000E1	2.203636E2	-2.677696E-1
1.522000E1	2.205340E2	-1.021086E0
1.524000E1	2.208549E2	-3.039724E0
1.526000E1	2.208999E2	-4.244290E0
1.528000E1	2.211377E2	-3.796890E0
1.530000E1	2.217476E2	-2.708400E0
1.532000E1	2.225066E2	-2.546537E0
1.534000E1	2.228218E2	-2.806797E0
1.536000E1	2.226849E2	-2.854937E0
1.538000E1	2.225784E2	-2.609559E0
1.540000E1	2.230172E2	-2.552704E0
1.542000E1	2.237992E2	-2.969457E0
1.544000E1	2.244498E2	-3.594826E0
1.546000E1	2.246390E2	-3.972594E0
1.548000E1	2.243494E2	-4.204425E0
1.550000E1	2.239742E2	-4.428160E0
1.552000E1	2.244888E2	-4.103831E0
1.554000E1	2.258696E2	-2.831674E0
1.556000E1	2.268771E2	-1.729192E0
1.558000E1	2.268610E2	-1.492063E0
1.560000E1	2.265112E2	-2.371012E0
1.562000E1	2.268391E2	-3.732926E0
1.564000E1	2.277439E2	-5.325565E0
1.566000E1	2.282781E2	-5.993671E0
1.568000E1	2.290084E2	-5.374368E0
1.570000E1	2.288140E2	-4.352055E0
1.572000E1	2.282147E2	-3.410063E0
1.574000E1	2.281262E2	-2.885375E0
1.576000E1	2.284518E2	-2.912028E0
1.578000E1	2.287462E2	-3.219259E0
1.580000E1	2.285526E2	-3.426636E0
1.582000E1	2.288089E2	-3.781270E0
1.584000E1	2.294777E2	-4.355676E0
1.586000E1	2.304748E2	-4.910639E0
1.588000E1	2.310164E2	-4.357854E0
1.590000E1	2.310563E2	-2.705975E0
1.592000E1	2.310861E2	-2.439032E0
1.594000E1	2.314091E2	-3.136239E0
1.596000E1	2.314554E2	-3.622743E0
1.598000E1	2.316597E2	-3.315690E0
1.600000E1	2.320964E2	-3.069937E0
1.602000E1	2.326763E2	-3.222558E0
1.604000E1	2.335042E2	-3.090897E0
1.606000E1	2.342509E2	-2.862971E0
1.608000E1	2.345792E2	-3.313732E0
1.610000E1	2.346843E2	-3.488535E0
1.612000E1	2.351650E2	-3.550751E0
1.614000E1	2.355817E2	-3.544366E0
1.616000E1	2.356151E2	-3.441152E0
1.618000E1	2.359418E2	-3.300854E0
1.620000E1	2.362521E2	-2.869901E0
1.622000E1	2.362114E2	-2.574447E0
1.624000E1	2.360934E2	-2.756819E0
1.626000E1	2.366204E2	-3.632748E0
1.628000E1	2.373362E2	-3.929967E0
1.630000E1	2.378740E2	-3.613498E0
1.632000E1	2.380530E2	-2.974697E0
1.634000E1	2.379477E2	-2.780853E0
1.636000E1	2.376681E2	-2.942237E0
1.638000E1	2.377531E2	-3.030031E0
1.640000E1	2.381127E2	-2.974168E0
1.642000E1	2.384394E2	-2.955506E0
1.644000E1	2.389080E2	-3.568130E0
1.646000E1	2.391798E2	-4.668724E0
1.648000E1	2.395974E2	-5.348146E0
1.650000E1	2.404128E2	-5.299356E0
1.652000E1	2.417545E2	-4.586649E0
1.654000E1	2.425778E2	-3.870125E0
1.656000E1	2.422225E2	-3.406429E0
1.658000E1	2.417092E2	-2.801187E0
1.660000E1	2.421395E2	-3.400603E0
1.662000E1	2.427212E2	-3.869978E0
1.664000E1	2.430996E2	-4.562809E0
1.666000E1	2.427721E2	-5.022924E0
1.668000E1	2.424650E2	-5.209422E0
1.670000E1	2.425530E2	-4.576128E0
1.672000E1	2.429320E2	-3.168911E0
1.674000E1	2.440618E2	-1.970146E0
1.676000E1	2.449168E2	-9.016510E-1
1.678000E1	2.448337E2	-6.237661E-1
1.680000E1	2.447880E2	-1.543515E0
1.682000E1	2.450026E2	-3.606472E0
1.684000E1	2.454641E2	-4.411066E0
1.686000E1	2.459591E2	-4.202407E0
1.688000E1	2.463959E2	-3.354941E0
1.690000E1	2.468684E2	-3.314329E0
1.692000E1	2.473758E2	-3.672376E0
1.694000E1	2.475920E2	-4.611431E0
1.696000E1	2.478161E2	-5.218630E0
1.698000E1	2.483063E2	-5.229541E0
1.700000E1	2.487962E2	-5.288441E0
1.702000E1	2.493434E2	-5.046709E0
1.704000E1	2.498234E2	-4.524544E0
1.706000E1	2.501859E2	-3.950173E0
1.708000E1	2.502384E2	-3.362241E0
1.710000E1	2.503733E2	-2.926082E0
1.712000E1	2.511681E2	-2.998258E0
1.714000E1	2.520226E2	-3.450233E0
1.716000E1	2.522820E2	-3.775982E0
1.718000E1	2.523493E2	-3.608605E0
1.720000E1	2.523325E2	-3.090212E0
1.722000E1	2.523247E2	-2.960146E0
1.724000E1	2.523235E2	-3.076353E0
1.726000E1	2.525874E2	-3.296095E0
1.728000E1	2.528585E2	-3.158305E0
1.730000E1	2.533165E2	-3.067390E0
1.732000E1	2.538343E2	-3.348209E0
1.734000E1	2.543839E2	-3.981796E0
1.736000E1	2.547407E2	-4.016209E0
1.738000E1	2.546672E2	-3.829327E0
1.740000E1	2.547947E2	-3.803580E0
1.742000E1	2.553478E2	-3.526724E0
1.744000E1	2.552752E2	-3.889065E0
1.746000E1	2.551347E2	-4.638879E0
1.748000E1	2.553943E2	-4.716378E0
1.750000E1	2.560112E2	-4.704842E0
1.752000E1	2.561569E2	-4.324602E0
1.754000E1	2.560161E2	-4.700641E0
1.756000E1	2.560667E2	-5.458869E0
1.758000E1	2.569332E2	-5.454100E0
1.760000E1	2.579364E2	-4.713521E0
1.762000E1	2.584741E2	-3.125644E0
1.764000E1	2.594949E2	-1.423254E0
1.766000E1	2.595472E2	-9.764252E-1
1.768000E1	2.594750E2	-2.017868E0
1.770000E1	2.595586E2	-3.827939E0
1.772000E1	2.599865E2	-4.540018E0
1.774000E1	2.604515E2	-3.837107E0
1.776000E1	2.607226E2	-3.097351E0
1.778000E1	2.609831E2	-2.426174E0
1.780000E1	2.615376E2	-1.890856E0
1.782000E1	2.619983E2	-1.934836E0
1.784000E1	2.626882E2	-2.581702E0
1.786000E1	2.631858E2	-3.078601E0
1.788000E1	2.633119E2	-4.044720E0
1.790000E1	2.631319E2	-5.389833E0
1.792000E1	2.627290E2	-6.328776E0
1.794000E1	2.628930E2	-6.192971E0
1.796000E1	2.633958E2	-5.008300E0
1.798000E1	2.638429E2	-3.944491E0
1.800000E1	2.645629E2	-3.656431E0
1.802000E1	2.654343E2	-4.186305E0
1.804000E1	2.658391E2	-4.779176E0
1.806000E1	2.658264E2	-5.043502E0
1.808000E1	2.658523E2	-4.879976E0
1.810000E1	2.661559E2	-4.253726E0
1.812000E1	2.667161E2	-3.547661E0
1.814000E1	2.672104E2	-2.814005E0
1.816000E1	2.676519E2	-2.566397E0
1.818000E1	2.679689E2	-3.002031E0
1.820000E1	2.683916E2	-3.817421E0
1.822000E1	2.688781E2	-4.379551E0
1.824000E1	2.693191E2	-4.227098E0
1.826000E1	2.697766E2	-3.916122E0
1.828000E1	2.701799E2	-3.635530E0
1.830000E1	2.697358E2	-4.064904E0
1.832000E1	2.694727E2	-4.495283E0
1.834000E1	2.697767E2	-4.296539E0
1.836000E1	2.704124E2	-3.637081E0
1.838000E1	2.705962E2	-3.194967E0
1.840000E1	2.702856E2	-3.710600E0
1.842000E1	2.701778E2	-4.625254E0
1.844000E1	2.701207E2	-5.416481E0
1.846000E1	2.700508E2	-5.452934E0
1.848000E1	2.706683E2	-4.205567E0
1.850000E1	2.714317E2	-2.549013E0
1.852000E1	2.713135E2	-2.296052E0
1.854000E1	2.716540E2	-3.000504E0
1.856000E1	2.721158E2	-2.988614E0
1.858000E1	2.729477E2	-2.247281E0
1.860000E1	2.738907E2	-1.656160E0
1.862000E1	2.744268E2	-1.348808E0
1.864000E1	2.747602E2	-1.765200E0
1.866000E1	2.749622E2	-3.010748E0
1.868000E1	2.752521E2	-4.354367E0
1.870000E1	2.758013E2	-4.865484E0
1.872000E1	2.762519E2	-4.487839E0
1.874000E1	2.768092E2	-3.862519E0
1.876000E1	2.769394E2	-3.124734E0
1.878000E1	2.769567E2	-2.732738E0
1.880000E1	2.769785E2	-2.781172E0
1.882000E1	2.769177E2	-2.868613E0
1.884000E1	2.767866E2	-3.039897E0
1.886000E1	2.772638E2	-3.825763E0
1.888000E1	2.781565E2	-4.803285E0
1.890000E1	2.786866E2	-5.249722E0
1.892000E1	2.790366E2	-4.911166E0
1.894000E1	2.792027E2	-4.409227E0
1.896000E1	2.792356E2	-4.428720E0
1.898000E1	2.792945E2	-4.526351E0
1.900000E1	2.798071E2	-4.346532E0
1.902000E1	2.801939E2	-3.672700E0
1.904000E1	2.806259E2	-3.776068E0
1.906000E1	2.809397E2	-4.390115E0
1.908000E1	2.819592E2	-4.921859E0
1.910000E1	2.829745E2	-4.898996E0
1.912000E1	2.835642E2	-4.653005E0
1.914000E1	2.841603E2	-3.853629E0
1.916000E1	2.848156E2	-3.246003E0
1.918000E1	2.850522E2	-3.778554E0
1.920000E1	2.849284E2	-3.936477E0
1.922000E1	2.849515E2	-3.899535E0
1.924000E1	2.853558E2	-3.526152E0
1.926000E1	2.853629E2	-3.530850E0
1.928000E1	2.850634E2	-4.416814E0
1.930000E1	2.848086E2	-5.148395E0
1.932000E1	2.851097E2	-5.424025E0
1.934000E1	2.860787E2	-4.585684E0
1.936000E1	2.869346E2	-2.847429E0
1.938000E1	2.864863E2	-1.173102E0
1.940000E1	2.859473E2	-5.106434E-2
1.942000E1	2.860905E2	-5.017918E-1
1.944000E1	2.864734E2	-2.009548E0
1.946000E1	2.868532E2	-3.714737E0
1.948000E1	2.874963E2	-4.319608E0
1.950000E1	2.883905E2	-3.446279E0
1.952000E1	2.890829E2	-3.050142E0
1.954000E1	2.893236E2	-3.967873E0
1.956000E1	2.897585E2	-5.386850E0
1.958000E1	2.906750E2	-5.648445E0
1.960000E1	2.920003E2	-4.918579E0
1.962000E1	2.928851E2	-3.364305E0
1.964000E1	2.933427E2	-2.521929E0
1.966000E1	2.933254E2	-2.551756E0
1.968000E1	2.932012E2	-3.283757E0
1.970000E1	2.927787E2	-4.251582E0
1.972000E1	2.928802E2	-4.884309E0
1.974000E1	2.936920E2	-4.611836E0
1.976000E1	2.945566E2	-3.926800E0
1.978000E1	2.951980E2	-3.370407E0
1.980000E1	2.954107E2	-2.769370E0
1.982000E1	2.952190E2	-2.515058E0
1.984000E1	2.946189E2	-2.547969E0
1.986000E1	2.943058E2	-2.976630E0
1.988000E1	2.944025E2	-3.217372E0
1.990000E1	2.950727E2	-3.391511E0
1.992000E1	2.955828E2	-4.001056E0
1.994000E1	2.960523E2	-4.792206E0
1.996000E1	2.965114E2	-5.600712E0
1.998000E1	2.969677E2	-5.726973E0
2.000000E1	2.972318E2	-5.636131E0
2.002000E1	2.980089E2	-5.130659E0
2.004000E1	2.986838E2	-4.996028E0
2.006000E1	2.986763E2	-4.934444E0
2.008000E1	2.985906E2	-4.854904E0
2.010000E1	2.988218E2	-4.614418E0
2.012000E1	2.996182E2	-4.154146E0
2.014000E1	2.999057E2	-4.338763E0
2.016000E1	3.001770E2	-5.192253E0
2.018000E1	3.003239E2	-5.827269E0
2.020000E1	3.007159E2	-5.306493E0
2.022000E1	3.016173E2	-3.980340E0
2.024000E1	3.024371E2	-2.331897E0
2.026000E1	3.015576E2	-8.220806E-1
2.028000E1	3.011882E2	-1.618791E-1
2.030000E1	3.016294E2	-3.453956E-1
2.032000E1	3.020034E2	-1.725930E0
2.034000E1	3.024922E2	-3.438822E0
2.036000E1	3.029907E2	-4.082077E0
2.038000E1	3.037596E2	-3.217516E0
2.040000E1	3.044043E2	-1.867763E0
2.042000E1	3.047456E2	-1.818174E0
2.044000E1	3.053393E2	-2.923239E0
2.046000E1	3.052954E2	-3.719323E0
2.048000E1	3.050644E2	-3.951909E0
2.050000E1	3.055557E2	-3.909531E0
2.052000E1	3.061828E2	-3.941242E0
2.054000E1	3.066276E2	-4.280607E0
2.056000E1	3.063230E2	-4.601109E0
2.058000E1	3.062906E2	-4.585427E0
2.060000E1	3.073739E2	-3.900012E0
2.062000E1	3.093139E2	-3.148998E0
2.064000E1	3.101430E2	-2.182921E0
2.066000E1	3.101068E2	-1.639993E0
2.068000E1	3.095941E2	-1.744958E0
2.070000E1	3.090292E2	-2.896596E0
2.072000E1	3.087785E2	-4.331500E0
2.074000E1	3.092408E2	-4.338743E0
2.076000E1	3.095415E2	-3.346216E0
2.078000E1	3.095226E2	-2.521587E0
2.080000E1	3.093197E2	-2.619776E0
2.082000E1	3.092626E2	-3.348637E0
2.084000E1	3.096898E2	-4.155466E0
2.086000E1	3.104324E2	-4.829387E0
2.088000E1	3.111748E2	-4.626199E0
2.090000E1	3.115798E2	-4.345894E0
2.092000E1	3.116306E2	-4.125434E0
2.094000E1	3.120577E2	-4.383658E0
2.096000E1	3.125136E2	-4.653830E0
2.098000E1	3.125036E2	-4.689460E0
2.100000E1	3.120971E2	-4.898011E0
2.102000E1	3.121606E2	-5.193826E0
2.104000E1	3.128223E2	-5.428339E0
2.106000E1	3.133601E2	-5.354350E0
2.108000E1	3.139308E2	-4.653995E0
2.110000E1	3.143883E2	-3.010939E0
2.112000E1	3.147344E2	-1.913731E0
2.114000E1	3.151181E2	-1.799924E0
2.116000E1	3.153881E2	-2.114183E0
2.118000E1	3.158501E2	-2.889457E0
2.120000E1	3.163711E2	-3.030528E0
2.122000E1	3.172017E2	-2.850337E0
2.124000E1	3.179910E2	-2.645764E0
2.126000E1	3.183464E2	-1.799967E0
2.128000E1	3.182886E2	-1.830521E0
2.130000E1	3.187489E2	-2.716808E0
2.132000E1	3.189372E2	-3.522383E0
2.134000E1	3.188204E2	-4.250569E0
2.136000E1	3.188156E2	-4.259794E0
2.138000E1	3.193884E2	-3.798305E0
2.140000E1	3.200093E2	-3.304780E0
2.142000E1	3.203073E2	-3.038448E0
2.144000E1	3.203197E2	-2.746735E0
2.146000E1	3.206062E2	-2.917565E0
2.148000E1	3.209813E2	-3.354706E0
2.150000E1	3.213331E2	-3.713532E0
2.152000E1	3.217782E2	-3.868727E0
2.154000E1	3.220078E2	-3.947264E0
2.156000E1	3.217955E2	-4.351084E0
2.158000E1	3.215262E2	-4.641925E0
2.160000E1	3.221775E2	-4.370926E0
2.162000E1	3.230621E2	-3.579168E0
2.164000E1	3.239873E2	-2.736739E0
2.166000E1	3.248124E2	-3.038106E0
2.168000E1	3.251707E2	-3.752878E0
2.170000E1	3.253627E2	-4.485066E0
2.172000E1	3.256454E2	-4.816364E0
2.174000E1	3.265702E2	-4.745661E0
2.176000E1	3.269219E2	-4.863240E0
2.178000E1	3.270555E2	-4.828098E0
2.180000E1	3.270638E2	-4.829515E0
2.182000E1	3.268363E2	-4.518696E0
2.184000E1	3.267407E2	-3.645144E0
2.186000E1	3.268580E2	-3.408971E0
2.188000E1	3.266970E2	-3.517442E0
2.190000E1	3.271092E2	-4.182277E0
2.192000E1	3.276012E2	-4.243324E0
2.194000E1	3.282667E2	-3.581631E0
2.196000E1	3.290020E2	-2.867188E0
2.198000E1	3.294442E2	-3.202168E0
2.200000E1	3.293907E2	-3.935806E0
2.202000E1	3.293690E2	-3.898179E0
2.204000E1	3.295131E2	-3.575184E0
2.206000E1	3.296030E2	-3.542213E0
2.208000E1	3.300062E2	-3.583059E0
2.210000E1	3.307548E2	-3.615362E0
2.212000E1	3.313537E2	-3.417838E0
2.214000E1	3.317921E2	-3.630944E0
2.216000E1	3.322014E2	-4.860710E0
2.218000E1	3.329767E2	-4.963438E0
2.220000E1	3.337809E2	-4.048003E0
2.222000E1	3.340818E2	-3.239614E0
2.224000E1	3.341987E2	-3.176372E0
2.226000E1	3.344532E2	-3.466069E0
2.228000E1	3.349268E2	-3.548985E0
2.230000E1	3.350734E2	-3.063366E0
2.232000E1	3.354659E2	-2.323723E0
2.234000E1	3.360622E2	-2.378661E0
2.236000E1	3.366148E2	-2.940182E0
2.238000E1	3.366036E2	-3.746020E0
2.240000E1	3.363670E2	-3.908678E0
2.242000E1	3.362839E2	-3.735295E0
2.244000E1	3.365792E2	-3.084487E0
2.246000E1	3.373325E2	-2.732067E0
2.248000E1	3.378605E2	-2.514140E0
2.250000E1	3.379221E2	-2.488609E0
2.252000E1	3.377196E2	-2.973386E0
2.254000E1	3.380651E2	-3.688217E0
2.256000E1	3.385668E2	-4.166496E0
2.258000E1	3.389929E2	-4.605919E0
2.260000E1	3.396839E2	-4.837947E0
2.262000E1	3.402749E2	-5.114909E0
2.264000E1	3.403899E2	-5.351357E0
2.266000E1	3.404940E2	-4.912978E0
2.268000E1	3.407546E2	-3.756738E0
2.270000E1	3.412977E2	-2.492031E0
2.272000E1	3.416811E2	-2.455041E0
2.274000E1	3.413221E2	-3.383036E0
2.276000E1	3.416175E2	-4.700822E0
2.278000E1	3.422756E2	-5.137679E0
2.280000E1	3.430917E2	-5.130640E0
2.282000E1	3.434446E2	-3.821095E0
2.284000E1	3.435695E2	-2.151268E0
2.286000E1	3.435516E2	-6.210744E-1
2.288000E1	3.436097E2	-5.981356E-1
2.290000E1	3.437526E2	-1.345159E0
2.292000E1	3.436965E2	-2.685650E0
2.294000E1	3.435036E2	-3.745346E0
2.296000E1	3.438667E2	-4.279265E0
2.298000E1	3.449680E2	-4.257345E0
2.300000E1	3.454383E2	-4.334000E0
2.302000E1	3.457868E2	-4.988160E0
2.304000E1	3.458097E2	-5.342888E0
2.306000E1	3.461887E2	-5.391411E0
2.308000E1	3.468340E2	-5.260818E0
2.310000E1	3.472770E2	-5.087876E0
2.312000E1	3.474241E2	-5.097675E0
2.314000E1	3.473231E2	-5.132331E0
2.316000E1	3.473429E2	-4.868692E0
2.318000E1	3.480821E2	-4.156064E0
2.320000E1	3.490869E2	-3.670920E0
2.322000E1	3.496504E2	-3.588446E0
2.324000E1	3.498700E2	-3.796572E0
2.326000E1	3.500689E2	-4.009026E0
2.328000E1	3.500337E2	-3.903038E0
2.330000E1	3.501954E2	-3.480595E0
2.332000E1	3.506712E2	-3.075142E0
2.334000E1	3.511010E2	-2.632584E0
2.336000E1	3.510407E2	-2.630749E0
2.338000E1	3.506639E2	-3.418610E0
2.340000E1	3.511026E2	-4.288897E0
2.342000E1	3.521473E2	-4.750036E0
2.344000E1	3.530145E2	-4.609159E0
2.346000E1	3.536160E2	-4.020884E0
2.348000E1	3.539597E2	-3.418189E0
2.350000E1	3.535957E2	-3.799121E0
2.352000E1	3.534008E2	-4.207426E0
2.354000E1	3.530349E2	-4.411523E0
2.356000E1	3.531825E2	-4.306889E0
2.358000E1	3.537979E2	-4.193090E0
2.360000E1	3.539914E2	-5.053544E0
2.362000E1	3.540085E2	-5.931849E0
2.364000E1	3.544791E2	-6.024261E0
2.366000E1	3.553216E2	-5.082539E0
2.368000E1	3.561638E2	-3.195925E0
2.370000E1	3.574951E2	-1.152006E0
2.372000E1	3.575121E2	-1.839969E-1
2.374000E1	3.574683E2	-9.323296E-1
2.376000E1	3.574655E2	-2.770023E0
2.378000E1	3.574976E2	-4.079783E0
2.380000E1	3.580322E2	-4.021999E0
2.382000E1	3.586822E2	-3.491360E0
2.384000E1	3.589404E2	-3.093583E0
2.386000E1	3.593609E2	-2.309808E0
2.388000E1	3.598402E2	-1.898507E0
2.390000E1	3.606949E2	-1.943007E0
2.392000E1	3.613935E2	-2.451391E0
2.394000E1	3.613643E2	-2.987014E0
2.396000E1	3.613258E2	-4.004935E0
2.398000E1	3.609606E2	-5.480064E0
2.400000E1	3.607388E2	-6.279285E0
