	mass A		
t	x	y	
0.000000E0	3.184480E-2	-3.184480E-2
2.000000E-2	3.088828E-2	-1.593341E0
4.000000E-2	9.360854E-2	-2.384421E0
6.000000E-2	3.747918E-1	-2.341669E0
8.000000E-2	7.871904E-1	-1.920836E0
1.000000E-1	1.386287E0	-1.776677E0
1.200000E-1	1.917383E0	-1.161658E0
1.400000E-1	2.140118E0	-7.431154E-1
1.600000E-1	2.302507E0	-4.918918E-1
1.800000E-1	2.728273E0	-9.198605E-1
2.000000E-1	3.276195E0	-1.360057E0
2.200000E-1	3.796428E0	-1.353094E0
2.400000E-1	4.275361E0	-8.714396E-1
2.600000E-1	4.409083E0	-5.128212E-1
2.800000E-1	4.499973E0	-5.573544E-1
3.000000E-1	4.956019E0	-5.431002E-1
3.200000E-1	5.743647E0	-1.885149E-1
3.400000E-1	6.253641E0	2.224878E-2
3.600000E-1	6.310512E0	-1.021665E-1
3.800000E-1	6.344752E0	-6.438314E-1
4.000000E-1	6.824541E0	-1.402800E0
4.200000E-1	7.358135E0	-1.617779E0
4.400000E-1	7.332176E0	-1.871576E0
4.600000E-1	7.702181E0	-1.891733E0
4.800000E-1	8.297391E0	-2.032026E0
5.000000E-1	8.399276E0	-2.033015E0
5.200000E-1	8.559927E0	-1.860526E0
5.400000E-1	8.572767E0	-1.587263E0
5.600000E-1	8.942974E0	-1.184020E0
5.800000E-1	8.688074E0	-1.553902E0
6.000000E-1	8.527347E0	-2.423505E0
6.200000E-1	8.314787E0	-3.246467E0
6.400000E-1	8.674696E0	-3.731856E0
6.600000E-1	9.460701E0	-2.843939E0
6.800000E-1	1.043229E1	-1.452759E0
7.000000E-1	1.034233E1	-5.573713E-1
7.200000E-1	1.070114E1	-8.294722E-1
7.400000E-1	1.128214E1	-1.186706E0
7.600000E-1	1.180165E1	-8.579950E-1
7.800000E-1	1.247167E1	-5.934789E-1
8.000000E-1	1.279297E1	-3.537516E-1
8.200000E-1	1.332450E1	-8.591052E-1
8.400000E-1	1.360201E1	-1.757130E0
8.600000E-1	1.366195E1	-2.588041E0
8.800000E-1	1.394964E1	-2.905475E0
9.000000E-1	1.443033E1	-2.908700E0
9.200000E-1	1.477923E1	-2.916920E0
9.400000E-1	1.508099E1	-2.416965E0
9.600000E-1	1.524421E1	-1.894088E0
9.800000E-1	1.557765E1	-1.945716E0
1.000000E0	1.560980E1	-2.012271E0
1.020000E0	1.562892E1	-2.397965E0
1.040000E0	1.593722E1	-2.717765E0
1.060000E0	1.633276E1	-3.040304E0
1.080000E0	1.682772E1	-2.923330E0
1.100000E0	1.722771E1	-2.868480E0
1.120000E0	1.763815E1	-2.696366E0
1.140000E0	1.793236E1	-2.489710E0
1.160000E0	1.791747E1	-2.729655E0
1.180000E0	1.783693E1	-2.878684E0
1.200000E0	1.833296E1	-2.336706E0
1.220000E0	1.900541E1	-1.967401E0
1.240000E0	1.932131E1	-1.749189E0
1.260000E0	1.945690E1	-2.311850E0
1.280000E0	1.980637E1	-2.802079E0
1.300000E0	2.037776E1	-2.805854E0
1.320000E0	2.097432E1	-2.724656E0
1.340000E0	2.179410E1	-2.845649E0
1.360000E0	2.171416E1	-3.297828E0
1.380000E0	2.163136E1	-3.073732E0
1.400000E0	2.150535E1	-2.425610E0
1.420000E0	2.159178E1	-1.547610E0
1.440000E0	2.137289E1	-1.491467E0
1.460000E0	2.150613E1	-2.487680E0
1.480000E0	2.130338E1	-3.502324E0
1.500000E0	2.180041E1	-4.251301E0
1.520000E0	2.257333E1	-3.642484E0
1.540000E0	2.331257E1	-2.117768E0
1.560000E0	2.238471E1	2.102100E-1
1.580000E0	2.191215E1	1.623685E0
1.600000E0	2.212693E1	9.713331E-1
1.620000E0	2.264302E1	-9.913228E-1
1.640000E0	2.295577E1	-3.066700E0
1.660000E0	2.356271E1	-3.379824E0
1.680000E0	2.423701E1	-2.479587E0
1.700000E0	2.476597E1	-1.493091E0
1.720000E0	2.562735E1	-9.967678E-1
1.740000E0	2.633507E1	-1.520679E0
1.760000E0	2.692644E1	-2.085674E0
1.780000E0	2.694643E1	-2.213876E0
1.800000E0	2.696825E1	-3.087172E0
1.820000E0	2.674092E1	-3.803442E0
1.840000E0	2.664795E1	-4.010456E0
1.860000E0	2.686421E1	-3.633530E0
1.880000E0	2.695797E1	-2.736531E0
1.900000E0	2.715151E1	-1.656383E0
1.920000E0	2.772689E1	-8.441768E-1
1.940000E0	2.875440E1	-8.916905E-1
1.960000E0	2.933560E1	-1.349166E0
1.980000E0	2.930590E1	-2.247801E0
2.000000E0	2.877825E1	-3.292119E0
2.020000E0	2.838566E1	-3.775120E0
2.040000E0	2.883907E1	-3.321496E0
2.060000E0	2.936536E1	-2.250228E0
2.080000E0	2.964609E1	-1.896884E0
2.100000E0	2.997913E1	-2.403876E0
2.120000E0	3.016984E1	-3.121070E0
2.140000E0	3.046819E1	-3.641447E0
2.160000E0	3.093336E1	-3.789123E0
2.180000E0	3.143922E1	-3.878364E0
2.200000E0	3.264169E1	-3.576632E0
2.220000E0	3.315689E1	-3.028261E0
2.240000E0	3.327984E1	-2.439640E0
2.260000E0	3.328415E1	-2.138633E0
2.280000E0	3.367701E1	-1.856817E0
2.300000E0	3.384362E1	-2.106458E0
2.320000E0	3.397490E1	-3.074238E0
2.340000E0	3.400140E1	-3.860210E0
2.360000E0	3.412930E1	-3.892857E0
2.380000E0	3.463639E1	-3.102117E0
2.400000E0	3.476082E1	-1.818371E0
2.420000E0	3.439743E1	-2.646024E-1
2.440000E0	3.433556E1	-1.613934E-1
2.460000E0	3.499193E1	-7.568435E-1
2.480000E0	3.546935E1	-1.750345E0
2.500000E0	3.594912E1	-2.372148E0
2.520000E0	3.642022E1	-2.125822E0
2.540000E0	3.659588E1	-1.408809E0
2.560000E0	3.663189E1	-8.647300E-1
2.580000E0	3.667954E1	-1.030461E0
2.600000E0	3.737162E1	-2.735439E0
2.620000E0	3.812983E1	-3.893878E0
2.640000E0	3.859804E1	-4.333931E0
2.660000E0	3.849199E1	-4.266094E0
2.680000E0	3.885898E1	-4.046655E0
2.700000E0	3.979364E1	-3.763966E0
2.720000E0	4.091583E1	-3.146304E0
2.740000E0	4.134527E1	-2.228956E0
2.760000E0	4.091564E1	-1.574953E0
2.780000E0	4.133067E1	-1.838540E0
2.800000E0	4.189832E1	-3.332543E0
2.820000E0	4.211680E1	-4.056977E0
2.840000E0	4.220268E1	-3.826374E0
2.860000E0	4.237039E1	-3.024199E0
2.880000E0	4.234877E1	-2.381372E0
2.900000E0	4.232138E1	-2.087001E0
2.920000E0	4.260031E1	-1.713001E0
2.940000E0	4.292818E1	-1.560547E0
2.960000E0	4.306222E1	-1.823069E0
2.980000E0	4.346005E1	-2.708184E0
3.000000E0	4.395626E1	-3.863371E0
3.020000E0	4.423463E1	-4.629400E0
3.040000E0	4.462487E1	-5.000494E0
3.060000E0	4.540508E1	-4.879707E0
3.080000E0	4.605251E1	-4.730847E0
3.100000E0	4.625225E1	-4.694875E0
3.120000E0	4.622362E1	-4.363203E0
3.140000E0	4.633309E1	-3.966203E0
3.160000E0	4.680142E1	-3.535359E0
3.180000E0	4.679235E1	-3.711525E0
3.200000E0	4.657733E1	-4.723095E0
3.220000E0	4.685006E1	-5.351111E0
3.240000E0	4.729508E1	-5.353371E0
3.260000E0	4.813037E1	-4.613148E0
3.280000E0	4.903761E1	-2.975631E0
3.300000E0	4.868446E1	-1.064443E0
3.320000E0	4.850505E1	8.687454E-2
3.340000E0	4.894670E1	1.011196E-1
3.360000E0	4.947999E1	-1.121771E0
3.380000E0	5.004007E1	-3.067255E0
3.400000E0	5.062695E1	-4.149822E0
3.420000E0	5.110572E1	-3.781400E0
3.440000E0	5.110489E1	-2.597599E0
3.460000E0	5.108372E1	-2.433847E0
3.480000E0	5.174359E1	-3.793390E0
3.500000E0	5.220115E1	-4.529109E0
3.520000E0	5.225690E1	-4.364129E0
3.540000E0	5.249288E1	-3.746533E0
3.560000E0	5.241655E1	-3.671714E0
3.580000E0	5.250759E1	-4.129866E0
3.600000E0	5.255737E1	-4.445453E0
3.620000E0	5.288578E1	-4.422034E0
3.640000E0	5.346128E1	-4.379370E0
3.660000E0	5.389880E1	-4.641150E0
3.680000E0	5.440367E1	-4.726647E0
3.700000E0	5.521036E1	-4.651758E0
3.720000E0	5.606090E1	-4.093424E0
3.740000E0	5.625218E1	-3.683847E0
3.760000E0	5.608052E1	-3.474779E0
3.780000E0	5.590174E1	-3.413833E0
3.800000E0	5.618480E1	-3.802787E0
3.820000E0	5.641778E1	-4.426850E0
3.840000E0	5.643202E1	-4.583767E0
3.860000E0	5.642259E1	-4.886667E0
3.880000E0	5.643041E1	-4.961434E0
3.900000E0	5.641534E1	-4.942065E0
3.920000E0	5.683641E1	-4.874159E0
3.940000E0	5.744787E1	-4.831075E0
3.960000E0	5.758528E1	-4.451987E0
3.980000E0	5.783879E1	-4.247944E0
4.000000E0	5.826410E1	-4.691006E0
4.020000E0	5.871759E1	-4.840973E0
4.040000E0	5.847667E1	-5.116243E0
4.060000E0	5.817583E1	-5.615394E0
4.080000E0	5.851458E1	-6.148103E0
4.100000E0	5.897490E1	-6.186951E0
4.120000E0	5.943748E1	-5.577104E0
4.140000E0	6.011264E1	-3.858446E0
4.160000E0	6.017972E1	-3.106233E0
4.180000E0	6.066539E1	-3.040953E0
4.200000E0	6.052116E1	-3.518376E0
4.220000E0	6.070235E1	-3.492366E0
4.240000E0	6.120096E1	-3.417411E0
4.260000E0	6.166510E1	-3.414014E0
4.280000E0	6.234438E1	-3.073369E0
4.300000E0	6.308609E1	-2.898271E0
4.320000E0	6.298079E1	-2.940658E0
4.340000E0	6.314708E1	-3.712551E0
4.360000E0	6.362272E1	-3.947070E0
4.380000E0	6.360779E1	-4.134541E0
4.400000E0	6.347025E1	-4.497412E0
4.420000E0	6.358823E1	-4.649138E0
4.440000E0	6.415222E1	-4.386104E0
4.460000E0	6.455427E1	-4.016928E0
4.480000E0	6.457678E1	-3.809174E0
4.500000E0	6.477291E1	-3.671528E0
4.520000E0	6.524643E1	-3.857347E0
4.540000E0	6.540450E1	-4.221268E0
4.560000E0	6.546308E1	-4.695772E0
4.580000E0	6.575013E1	-4.851146E0
4.600000E0	6.610204E1	-5.034083E0
4.620000E0	6.604523E1	-5.005264E0
4.640000E0	6.634682E1	-4.606222E0
4.660000E0	6.730425E1	-4.081960E0
4.680000E0	6.830778E1	-3.439437E0
4.700000E0	6.882239E1	-3.540091E0
4.720000E0	6.878496E1	-4.349672E0
4.740000E0	6.881853E1	-5.107231E0
4.760000E0	6.960524E1	-5.640725E0
4.780000E0	7.067713E1	-5.899844E0
4.800000E0	7.117404E1	-5.854658E0
4.820000E0	7.121157E1	-5.499926E0
4.840000E0	7.086405E1	-5.058893E0
4.860000E0	7.031869E1	-4.520731E0
4.880000E0	7.071520E1	-4.163834E0
4.900000E0	7.110514E1	-4.288136E0
4.920000E0	7.086849E1	-4.602139E0
4.940000E0	7.111174E1	-4.911910E0
4.960000E0	7.184737E1	-5.114960E0
4.980000E0	7.275617E1	-5.184122E0
5.000000E0	7.326258E1	-4.269009E0
5.020000E0	7.322890E1	-3.631682E0
5.040000E0	7.324488E1	-4.344147E0
5.060000E0	7.320866E1	-4.755307E0
5.080000E0	7.339424E1	-4.332294E0
5.100000E0	7.361099E1	-4.093195E0
5.120000E0	7.403724E1	-4.193866E0
5.140000E0	7.443558E1	-4.338780E0
5.160000E0	7.494680E1	-4.278239E0
5.180000E0	7.524436E1	-4.296613E0
5.200000E0	7.552219E1	-4.789605E0
5.220000E0	7.600350E1	-4.793101E0
5.240000E0	7.630839E1	-4.539526E0
5.260000E0	7.637397E1	-4.438594E0
5.280000E0	7.657336E1	-4.402024E0
5.300000E0	7.701471E1	-4.408039E0
5.320000E0	7.740149E1	-4.262176E0
5.340000E0	7.759572E1	-4.124807E0
5.360000E0	7.762301E1	-3.795727E0
5.380000E0	7.798756E1	-3.779467E0
5.400000E0	7.837705E1	-4.188660E0
5.420000E0	7.849855E1	-4.799328E0
5.440000E0	7.856293E1	-4.861491E0
5.460000E0	7.881324E1	-4.522213E0
5.480000E0	7.910920E1	-4.209338E0
5.500000E0	7.931603E1	-3.970863E0
5.520000E0	7.980421E1	-3.897761E0
5.540000E0	8.001506E1	-3.623239E0
5.560000E0	7.994608E1	-3.669795E0
5.580000E0	8.002550E1	-4.019656E0
5.600000E0	8.041068E1	-4.415675E0
5.620000E0	8.107479E1	-5.042280E0
5.640000E0	8.145413E1	-5.533819E0
5.660000E0	8.230315E1	-5.919083E0
5.680000E0	8.281217E1	-5.940475E0
5.700000E0	8.335177E1	-5.800986E0
5.720000E0	8.339209E1	-4.758351E0
5.740000E0	8.335642E1	-3.787694E0
5.760000E0	8.387617E1	-3.070848E0
5.780000E0	8.384984E1	-3.857090E0
5.800000E0	8.362904E1	-5.087756E0
5.820000E0	8.415891E1	-6.062333E0
5.840000E0	8.520753E1	-6.284830E0
5.860000E0	8.570580E1	-5.518107E0
5.880000E0	8.596171E1	-3.790008E0
5.900000E0	8.589610E1	-2.423606E0
5.920000E0	8.609519E1	-2.143710E0
5.940000E0	8.614652E1	-2.869199E0
5.960000E0	8.616157E1	-3.826966E0
5.980000E0	8.625898E1	-4.510579E0
6.000000E0	8.672269E1	-4.840497E0
6.020000E0	8.725762E1	-5.139135E0
6.040000E0	8.744272E1	-4.956977E0
6.060000E0	8.746244E1	-5.063091E0
6.080000E0	8.763221E1	-5.732649E0
6.100000E0	8.812012E1	-6.077319E0
6.120000E0	8.880327E1	-6.052563E0
6.140000E0	8.911203E1	-5.782049E0
6.160000E0	8.924088E1	-5.590223E0
6.180000E0	8.913992E1	-5.914251E0
6.200000E0	8.929575E1	-5.883572E0
6.220000E0	8.978452E1	-5.055149E0
6.240000E0	8.986052E1	-4.272850E0
6.260000E0	9.039604E1	-4.349438E0
6.280000E0	9.084348E1	-5.006126E0
6.300000E0	9.115205E1	-5.269871E0
6.320000E0	9.126890E1	-4.987051E0
6.340000E0	9.126808E1	-4.435735E0
6.360000E0	9.126493E1	-4.044994E0
6.380000E0	9.160884E1	-4.035307E0
6.400000E0	9.162157E1	-4.290594E0
6.420000E0	9.149614E1	-4.575074E0
6.440000E0	9.163332E1	-4.660633E0
6.460000E0	9.237772E1	-4.844848E0
6.480000E0	9.334955E1	-4.852512E0
6.500000E0	9.372132E1	-4.859640E0
6.520000E0	9.411826E1	-4.749312E0
6.540000E0	9.407367E1	-4.598221E0
6.560000E0	9.377243E1	-4.901772E0
6.580000E0	9.381244E1	-5.284252E0
6.600000E0	9.418449E1	-5.363581E0
6.620000E0	9.470434E1	-5.251993E0
6.640000E0	9.450135E1	-5.450855E0
6.660000E0	9.419743E1	-5.871063E0
6.680000E0	9.451578E1	-5.866153E0
6.700000E0	9.536056E1	-5.397302E0
6.720000E0	9.588619E1	-4.540362E0
6.740000E0	9.684132E1	-3.211040E0
6.760000E0	9.685820E1	-3.189686E0
6.780000E0	9.681451E1	-4.233803E0
6.800000E0	9.684326E1	-5.160932E0
6.820000E0	9.691241E1	-4.960762E0
6.840000E0	9.701077E1	-4.253036E0
6.860000E0	9.713524E1	-4.001282E0
6.880000E0	9.743381E1	-4.027084E0
6.900000E0	9.790835E1	-4.194620E0
6.920000E0	9.838830E1	-4.319894E0
6.940000E0	9.876476E1	-4.719104E0
6.960000E0	9.923959E1	-5.577519E0
6.980000E0	9.923693E1	-6.477298E0
7.000000E0	9.892317E1	-7.215332E0
7.020000E0	9.884860E1	-7.611895E0
7.040000E0	9.885009E1	-7.667670E0
7.060000E0	9.889045E1	-7.241054E0
7.080000E0	9.922812E1	-6.259949E0
7.100000E0	1.000483E2	-5.252679E0
7.120000E0	1.008322E2	-5.064039E0
7.140000E0	1.015642E2	-5.606124E0
7.160000E0	1.017406E2	-5.955814E0
7.180000E0	1.017463E2	-5.900353E0
7.200000E0	1.021380E2	-5.324436E0
7.220000E0	1.022761E2	-4.799849E0
7.240000E0	1.024316E2	-4.193779E0
7.260000E0	1.029014E2	-4.091182E0
7.280000E0	1.035379E2	-4.209158E0
7.300000E0	1.041523E2	-4.747224E0
7.320000E0	1.041723E2	-5.040889E0
7.340000E0	1.042547E2	-4.981095E0
7.360000E0	1.048070E2	-4.715084E0
7.380000E0	1.053378E2	-4.746565E0
7.400000E0	1.057745E2	-5.262384E0
7.420000E0	1.059847E2	-5.507412E0
7.440000E0	1.057637E2	-5.633199E0
7.460000E0	1.061626E2	-5.467333E0
7.480000E0	1.065123E2	-5.044204E0
7.500000E0	1.070887E2	-4.680238E0
7.520000E0	1.069734E2	-4.602407E0
7.540000E0	1.067657E2	-5.403559E0
7.560000E0	1.065736E2	-6.390493E0
7.580000E0	1.065072E2	-6.531181E0
7.600000E0	1.065669E2	-6.237962E0
7.620000E0	1.074595E2	-4.974030E0
7.640000E0	1.079638E2	-3.418551E0
7.660000E0	1.080485E2	-3.562741E0
7.680000E0	1.079808E2	-4.859766E0
7.700000E0	1.079244E2	-5.530260E0
7.720000E0	1.088037E2	-4.916090E0
7.740000E0	1.101880E2	-4.020692E0
7.760000E0	1.112302E2	-3.492374E0
7.780000E0	1.117089E2	-3.079624E0
7.800000E0	1.118741E2	-3.570188E0
7.820000E0	1.119770E2	-5.123334E0
7.840000E0	1.119368E2	-6.757224E0
7.860000E0	1.117590E2	-7.474917E0
7.880000E0	1.118109E2	-7.300487E0
7.900000E0	1.123142E2	-6.999222E0
7.920000E0	1.131162E2	-6.315488E0
7.940000E0	1.135699E2	-5.160990E0
7.960000E0	1.135621E2	-4.200339E0
7.980000E0	1.135368E2	-3.777287E0
8.000000E0	1.141659E2	-4.591649E0
8.020000E0	1.147281E2	-5.959062E0
8.040000E0	1.144574E2	-6.834046E0
8.060000E0	1.141944E2	-7.085094E0
8.080000E0	1.144083E2	-6.847724E0
8.100000E0	1.145912E2	-6.223211E0
8.120000E0	1.148431E2	-5.904959E0
8.140000E0	1.152896E2	-5.115673E0
8.160000E0	1.157284E2	-5.069369E0
8.180000E0	1.158954E2	-5.394691E0
8.200000E0	1.159853E2	-6.285902E0
8.220000E0	1.163128E2	-6.873037E0
8.240000E0	1.168027E2	-6.624416E0
8.260000E0	1.175104E2	-5.944236E0
8.280000E0	1.187192E2	-5.185925E0
8.300000E0	1.192047E2	-4.659158E0
8.320000E0	1.195907E2	-4.772415E0
8.340000E0	1.194231E2	-4.858483E0
8.360000E0	1.194563E2	-4.991105E0
8.380000E0	1.195057E2	-4.788482E0
8.400000E0	1.196278E2	-5.300936E0
8.420000E0	1.194858E2	-5.953805E0
8.440000E0	1.192374E2	-6.610459E0
8.460000E0	1.192839E2	-6.602932E0
8.480000E0	1.201929E2	-5.473129E0
8.500000E0	1.208958E2	-2.976182E0
8.520000E0	1.204773E2	-1.755947E0
8.540000E0	1.204804E2	-1.894903E0
8.560000E0	1.207634E2	-3.247105E0
8.580000E0	1.207493E2	-4.684334E0
8.600000E0	1.209928E2	-5.414968E0
8.620000E0	1.217282E2	-5.177685E0
8.640000E0	1.224932E2	-4.909578E0
8.660000E0	1.228461E2	-5.053696E0
8.680000E0	1.230445E2	-5.853150E0
8.700000E0	1.238770E2	-6.464350E0
8.720000E0	1.250910E2	-5.996967E0
8.740000E0	1.256940E2	-5.097642E0
8.760000E0	1.255242E2	-4.522472E0
8.780000E0	1.252160E2	-5.152814E0
8.800000E0	1.248679E2	-6.479441E0
8.820000E0	1.244113E2	-7.410517E0
8.840000E0	1.246485E2	-6.844685E0
8.860000E0	1.254338E2	-5.600446E0
8.880000E0	1.263758E2	-4.492956E0
8.900000E0	1.270445E2	-3.606804E0
8.920000E0	1.271098E2	-3.675902E0
8.940000E0	1.268623E2	-4.385976E0
8.960000E0	1.261844E2	-5.410619E0
8.980000E0	1.258521E2	-6.415253E0
9.000000E0	1.262670E2	-6.370092E0
9.020000E0	1.267156E2	-5.562601E0
9.040000E0	1.267322E2	-4.752583E0
9.060000E0	1.269374E2	-5.422992E0
9.080000E0	1.271633E2	-6.697990E0
9.100000E0	1.275994E2	-7.612182E0
9.120000E0	1.280307E2	-7.837253E0
9.140000E0	1.287345E2	-7.156711E0
9.160000E0	1.292074E2	-6.401046E0
9.180000E0	1.294382E2	-6.218021E0
9.200000E0	1.297003E2	-6.214782E0
9.220000E0	1.299547E2	-6.222907E0
9.240000E0	1.306571E2	-5.553176E0
9.260000E0	1.308280E2	-5.244620E0
9.280000E0	1.309205E2	-5.663627E0
9.300000E0	1.313365E2	-6.493822E0
9.320000E0	1.316774E2	-7.080542E0
9.340000E0	1.318859E2	-6.375117E0
9.360000E0	1.323611E2	-4.229039E0
9.380000E0	1.319955E2	-2.232386E0
9.400000E0	1.317754E2	-1.372048E0
9.420000E0	1.320510E2	-2.507624E0
9.440000E0	1.324555E2	-4.451234E0
9.460000E0	1.329064E2	-5.382367E0
9.480000E0	1.336898E2	-5.115331E0
9.500000E0	1.347563E2	-3.787998E0
9.520000E0	1.352190E2	-2.886410E0
9.540000E0	1.355833E2	-3.635324E0
9.560000E0	1.358205E2	-4.910174E0
9.580000E0	1.356488E2	-4.982395E0
9.600000E0	1.357258E2	-5.079939E0
9.620000E0	1.362117E2	-5.310112E0
9.640000E0	1.366663E2	-5.862856E0
9.660000E0	1.366254E2	-6.574063E0
9.680000E0	1.361111E2	-6.848274E0
9.700000E0	1.362536E2	-6.765496E0
9.720000E0	1.372461E2	-6.087783E0
9.740000E0	1.391104E2	-5.337028E0
9.760000E0	1.405584E2	-4.744473E0
9.780000E0	1.409930E2	-4.591788E0
9.800000E0	1.404551E2	-4.629849E0
9.820000E0	1.399386E2	-5.434746E0
9.840000E0	1.394142E2	-6.482110E0
9.860000E0	1.395381E2	-6.815173E0
9.880000E0	1.400715E2	-5.972888E0
9.900000E0	1.404388E2	-4.605692E0
9.920000E0	1.405158E2	-4.683662E0
9.940000E0	1.406036E2	-5.723387E0
9.960000E0	1.406747E2	-6.659862E0
9.980000E0	1.409243E2	-6.979127E0
1.000000E1	1.415421E2	-6.578312E0
1.002000E1	1.425014E2	-5.734619E0
1.004000E1	1.430092E2	-5.736742E0
1.006000E1	1.429451E2	-6.358751E0
1.008000E1	1.429826E2	-6.847650E0
1.010000E1	1.432243E2	-6.756247E0
1.012000E1	1.432170E2	-5.926713E0
1.014000E1	1.431560E2	-5.807374E0
1.016000E1	1.433259E2	-6.628763E0
1.018000E1	1.435455E2	-7.582069E0
1.020000E1	1.437605E2	-7.400838E0
1.022000E1	1.443072E2	-5.977854E0
1.024000E1	1.453267E2	-3.825405E0
1.026000E1	1.457903E2	-2.569852E0
1.028000E1	1.459662E2	-2.999238E0
1.030000E1	1.459234E2	-3.767528E0
1.032000E1	1.462142E2	-4.096225E0
1.034000E1	1.467860E2	-3.983072E0
1.036000E1	1.476482E2	-3.571350E0
1.038000E1	1.484034E2	-3.309458E0
1.040000E1	1.488385E2	-3.136619E0
1.042000E1	1.489276E2	-3.909358E0
1.044000E1	1.490833E2	-4.317059E0
1.046000E1	1.491080E2	-4.316908E0
1.048000E1	1.491359E2	-4.567276E0
1.050000E1	1.492678E2	-4.634353E0
1.052000E1	1.495459E2	-4.678773E0
1.054000E1	1.500336E2	-4.283364E0
1.056000E1	1.503701E2	-3.808416E0
1.058000E1	1.504219E2	-3.725268E0
1.060000E1	1.505466E2	-4.291002E0
1.062000E1	1.507551E2	-4.500886E0
1.064000E1	1.509000E2	-4.662173E0
1.066000E1	1.512110E2	-4.897296E0
1.068000E1	1.512076E2	-5.289611E0
1.070000E1	1.504270E2	-5.904588E0
1.072000E1	1.500873E2	-6.259933E0
1.074000E1	1.510092E2	-5.794868E0
1.076000E1	1.524619E2	-4.773385E0
1.078000E1	1.528017E2	-3.930398E0
1.080000E1	1.522134E2	-4.142431E0
1.082000E1	1.521177E2	-5.431142E0
1.084000E1	1.528080E2	-7.099092E0
1.086000E1	1.530922E2	-8.078868E0
1.088000E1	1.535328E2	-7.665247E0
1.090000E1	1.537260E2	-6.661021E0
1.092000E1	1.534053E2	-5.536033E0
1.094000E1	1.532103E2	-4.957395E0
1.096000E1	1.533053E2	-5.211334E0
1.098000E1	1.537710E2	-5.530157E0
1.100000E1	1.536082E2	-5.684330E0
1.102000E1	1.536539E2	-6.124798E0
1.104000E1	1.544901E2	-6.910566E0
1.106000E1	1.548014E2	-7.107778E0
1.108000E1	1.550106E2	-6.360601E0
1.110000E1	1.555278E2	-4.284553E0
1.112000E1	1.560190E2	-3.384280E0
1.114000E1	1.563236E2	-3.763135E0
1.116000E1	1.561018E2	-4.868719E0
1.118000E1	1.559408E2	-5.342465E0
1.120000E1	1.561754E2	-5.233565E0
1.122000E1	1.567545E2	-4.655397E0
1.124000E1	1.577986E2	-3.620231E0
1.126000E1	1.585568E2	-3.237946E0
1.128000E1	1.589017E2	-4.041126E0
1.130000E1	1.588781E2	-4.687193E0
1.132000E1	1.592897E2	-4.603462E0
1.134000E1	1.596536E2	-4.421704E0
1.136000E1	1.598058E2	-4.232478E0
1.138000E1	1.598767E2	-4.314487E0
1.140000E1	1.603227E2	-4.318200E0
1.142000E1	1.604111E2	-4.220012E0
1.144000E1	1.603501E2	-4.269991E0
1.146000E1	1.605085E2	-4.495025E0
1.148000E1	1.611552E2	-4.538940E0
1.150000E1	1.619071E2	-4.442460E0
1.152000E1	1.621906E2	-4.348814E0
1.154000E1	1.622047E2	-4.346626E0
1.156000E1	1.621236E2	-4.439169E0
1.158000E1	1.621267E2	-4.425351E0
1.160000E1	1.624172E2	-4.127371E0
1.162000E1	1.626186E2	-4.176123E0
1.164000E1	1.626838E2	-4.786483E0
1.166000E1	1.629232E2	-5.855819E0
1.168000E1	1.632392E2	-6.863127E0
1.170000E1	1.635314E2	-7.188540E0
1.172000E1	1.644058E2	-7.028320E0
1.174000E1	1.659187E2	-6.465418E0
1.176000E1	1.669535E2	-5.857258E0
1.178000E1	1.666472E2	-5.514274E0
1.180000E1	1.659934E2	-5.023210E0
1.182000E1	1.663103E2	-5.362490E0
1.184000E1	1.668665E2	-5.668756E0
1.186000E1	1.672744E2	-5.967398E0
1.188000E1	1.671069E2	-6.512039E0
1.190000E1	1.670844E2	-7.275762E0
1.192000E1	1.670004E2	-7.153663E0
1.194000E1	1.671837E2	-5.894344E0
1.196000E1	1.680354E2	-4.061345E0
1.198000E1	1.690646E2	-2.774541E0
1.200000E1	1.690827E2	-2.701135E0
1.202000E1	1.690148E2	-3.726337E0
1.204000E1	1.688935E2	-5.489589E0
1.206000E1	1.686982E2	-6.287742E0
1.208000E1	1.689474E2	-5.840197E0
1.210000E1	1.695745E2	-4.847726E0
1.212000E1	1.701443E2	-4.424599E0
1.214000E1	1.706358E2	-4.552170E0
1.216000E1	1.708827E2	-5.199077E0
1.218000E1	1.711838E2	-5.829700E0
1.220000E1	1.713896E2	-5.955366E0
1.222000E1	1.716400E2	-5.943599E0
1.224000E1	1.716343E2	-5.936858E0
1.226000E1	1.718158E2	-6.054643E0
1.228000E1	1.721524E2	-5.771782E0
1.230000E1	1.724806E2	-4.896879E0
1.232000E1	1.729300E2	-3.822980E0
1.234000E1	1.735094E2	-3.669614E0
1.236000E1	1.744046E2	-4.415716E0
1.238000E1	1.749013E2	-4.906760E0
1.240000E1	1.749011E2	-4.819613E0
1.242000E1	1.749016E2	-4.321325E0
1.244000E1	1.749767E2	-4.220522E0
1.246000E1	1.750533E2	-4.303696E0
1.248000E1	1.752640E2	-4.466787E0
1.250000E1	1.752766E2	-4.192971E0
1.252000E1	1.754112E2	-4.172741E0
1.254000E1	1.759831E2	-4.541573E0
1.256000E1	1.767610E2	-5.284634E0
1.258000E1	1.772653E2	-5.501595E0
1.260000E1	1.776340E2	-5.409498E0
1.262000E1	1.779001E2	-5.209810E0
1.264000E1	1.778705E2	-5.160660E0
1.266000E1	1.777897E2	-5.818142E0
1.268000E1	1.777197E2	-6.196479E0
1.270000E1	1.780664E2	-6.153370E0
1.272000E1	1.782674E2	-5.819966E0
1.274000E1	1.781860E2	-5.807703E0
1.276000E1	1.780481E2	-6.292734E0
1.278000E1	1.785567E2	-6.307441E0
1.280000E1	1.793062E2	-6.214120E0
1.282000E1	1.797411E2	-5.368790E0
1.284000E1	1.808260E2	-4.127362E0
1.286000E1	1.810863E2	-3.894874E0
1.288000E1	1.809555E2	-4.508674E0
1.290000E1	1.809832E2	-5.229091E0
1.292000E1	1.810173E2	-5.396525E0
1.294000E1	1.811299E2	-4.972061E0
1.296000E1	1.810344E2	-4.553340E0
1.298000E1	1.813497E2	-4.570910E0
1.300000E1	1.821203E2	-4.703259E0
1.302000E1	1.828625E2	-4.352174E0
1.304000E1	1.831973E2	-4.942471E0
1.306000E1	1.832556E2	-5.808801E0
1.308000E1	1.831934E2	-6.677800E0
1.310000E1	1.830595E2	-7.122856E0
1.312000E1	1.830324E2	-7.276892E0
1.314000E1	1.830859E2	-7.278668E0
1.316000E1	1.833641E2	-6.820081E0
1.318000E1	1.838237E2	-6.057341E0
1.320000E1	1.843340E2	-5.279019E0
1.322000E1	1.851056E2	-5.240892E0
1.324000E1	1.857841E2	-5.356610E0
1.326000E1	1.862172E2	-5.307538E0
1.328000E1	1.863008E2	-5.012427E0
1.330000E1	1.863732E2	-4.792969E0
1.332000E1	1.864340E2	-4.757212E0
1.334000E1	1.868637E2	-4.618239E0
1.336000E1	1.873564E2	-4.419867E0
1.338000E1	1.875560E2	-4.273741E0
1.340000E1	1.877487E2	-4.494639E0
1.342000E1	1.880449E2	-5.045008E0
1.344000E1	1.883541E2	-5.657853E0
1.346000E1	1.881660E2	-6.077183E0
1.348000E1	1.886096E2	-6.234714E0
1.350000E1	1.897146E2	-5.826967E0
1.352000E1	1.903139E2	-5.623533E0
1.354000E1	1.903864E2	-5.467706E0
1.356000E1	1.901297E2	-5.160956E0
1.358000E1	1.901445E2	-5.197986E0
1.360000E1	1.898424E2	-5.476796E0
1.362000E1	1.894950E2	-6.508845E0
1.364000E1	1.896299E2	-7.243984E0
1.366000E1	1.902609E2	-7.430025E0
1.368000E1	1.905749E2	-7.061223E0
1.370000E1	1.909575E2	-5.652122E0
1.372000E1	1.920370E2	-4.142677E0
1.374000E1	1.926376E2	-3.130562E0
1.376000E1	1.930916E2	-3.001164E0
1.378000E1	1.931095E2	-3.533053E0
1.380000E1	1.931860E2	-4.589328E0
1.382000E1	1.934351E2	-5.737811E0
1.384000E1	1.939168E2	-6.178948E0
1.386000E1	1.946874E2	-5.879639E0
1.388000E1	1.951326E2	-5.555088E0
1.390000E1	1.954055E2	-5.711467E0
1.392000E1	1.955560E2	-5.676816E0
1.394000E1	1.960947E2	-5.514390E0
1.396000E1	1.965782E2	-5.411955E0
1.398000E1	1.967684E2	-5.547604E0
1.400000E1	1.967181E2	-6.000493E0
1.402000E1	1.966969E2	-6.938811E0
1.404000E1	1.965721E2	-7.676915E0
1.406000E1	1.969467E2	-7.245045E0
1.408000E1	1.975176E2	-6.611855E0
1.410000E1	1.980211E2	-6.627318E0
1.412000E1	1.985864E2	-6.715850E0
1.414000E1	1.992288E2	-6.684289E0
1.416000E1	1.995519E2	-6.578294E0
1.418000E1	1.992814E2	-6.779883E0
1.420000E1	1.990185E2	-7.059677E0
1.422000E1	1.994980E2	-6.780358E0
1.424000E1	2.003995E2	-6.236769E0
1.426000E1	2.009100E2	-5.573615E0
1.428000E1	2.012386E2	-6.094419E0
1.430000E1	2.016609E2	-6.803329E0
1.432000E1	2.021888E2	-7.079579E0
1.434000E1	2.025341E2	-6.932114E0
1.436000E1	2.034457E2	-6.575331E0
1.438000E1	2.043927E2	-6.167270E0
1.440000E1	2.042431E2	-6.424176E0
1.442000E1	2.041044E2	-6.395407E0
1.444000E1	2.040503E2	-6.227033E0
1.446000E1	2.044807E2	-5.928238E0
1.448000E1	2.041050E2	-6.112769E0
1.450000E1	2.039676E2	-6.868640E0
1.452000E1	2.039077E2	-7.701703E0
1.454000E1	2.045329E2	-7.999723E0
1.456000E1	2.052861E2	-7.355277E0
1.458000E1	2.058995E2	-5.860804E0
1.460000E1	2.056103E2	-4.081359E0
1.462000E1	2.047493E2	-2.707474E0
1.464000E1	2.049905E2	-3.111631E0
1.466000E1	2.054080E2	-4.633105E0
1.468000E1	2.059157E2	-6.353168E0
1.470000E1	2.068348E2	-6.944085E0
1.472000E1	2.078304E2	-6.599678E0
1.474000E1	2.084205E2	-5.943707E0
1.476000E1	2.091103E2	-6.139437E0
1.478000E1	2.100822E2	-6.729573E0
1.480000E1	2.112497E2	-6.795762E0
1.482000E1	2.117523E2	-6.172912E0
1.484000E1	2.117247E2	-5.432373E0
1.486000E1	2.114732E2	-5.700636E0
1.488000E1	2.114693E2	-7.245513E0
1.490000E1	2.112218E2	-8.281381E0
1.492000E1	2.112788E2	-7.983388E0
1.494000E1	2.118062E2	-6.446961E0
1.496000E1	2.125741E2	-5.317076E0
1.498000E1	2.133402E2	-4.399263E0
1.500000E1	2.138018E2	-4.381468E0
1.502000E1	2.136307E2	-4.862615E0
1.504000E1	2.131557E2	-5.580992E0
1.506000E1	2.125846E2	-6.639707E0
1.508000E1	2.126962E2	-7.042405E0
1.510000E1	2.136343E2	-7.132338E0
1.512000E1	2.139487E2	-6.632584E0
1.514000E1	2.139341E2	-6.870501E0
1.516000E1	2.140933E2	-7.596857E0
1.518000E1	2.146350E2	-8.295842E0
1.520000E1	2.150820E2	-8.566084E0
1.522000E1	2.157029E2	-8.444629E0
1.524000E1	2.163637E2	-8.134062E0
1.526000E1	2.163550E2	-7.892581E0
1.528000E1	2.165759E2	-7.530098E0
1.530000E1	2.169947E2	-7.097161E0
1.532000E1	2.177188E2	-6.428771E0
1.534000E1	2.176964E2	-6.386747E0
1.536000E1	2.177741E2	-6.842521E0
1.538000E1	2.182191E2	-7.595570E0
1.540000E1	2.187592E2	-7.988011E0
1.542000E1	2.190083E2	-7.327782E0
1.544000E1	2.193426E2	-5.523928E0
1.546000E1	2.184841E2	-3.361786E0
1.548000E1	2.181147E2	-2.370407E0
1.550000E1	2.186430E2	-3.582106E0
1.552000E1	2.193225E2	-5.413198E0
1.554000E1	2.200709E2	-6.425186E0
1.556000E1	2.208941E2	-6.147020E0
1.558000E1	2.215335E2	-5.072313E0
1.560000E1	2.215283E2	-3.848358E0
1.562000E1	2.214730E2	-4.278229E0
1.564000E1	2.219390E2	-5.901013E0
1.566000E1	2.225463E2	-7.429324E0
1.568000E1	2.231029E2	-8.060042E0
1.570000E1	2.233199E2	-8.145649E0
1.572000E1	2.232960E2	-7.810140E0
1.574000E1	2.236700E2	-7.551943E0
1.576000E1	2.246928E2	-6.932701E0
1.578000E1	2.255408E2	-5.753180E0
1.580000E1	2.260768E2	-4.576306E0
1.582000E1	2.266285E2	-4.275053E0
1.584000E1	2.271138E2	-5.085967E0
1.586000E1	2.269102E2	-6.538470E0
1.588000E1	2.265287E2	-7.418688E0
1.590000E1	2.264012E2	-7.199179E0
1.592000E1	2.263860E2	-6.447471E0
1.594000E1	2.265963E2	-5.405364E0
1.596000E1	2.268764E2	-4.445345E0
1.598000E1	2.271010E2	-4.394047E0
1.600000E1	2.271473E2	-5.449312E0
1.602000E1	2.273327E2	-6.615209E0
1.604000E1	2.279489E2	-7.658125E0
1.606000E1	2.288137E2	-8.268381E0
1.608000E1	2.297351E2	-8.352707E0
1.610000E1	2.300728E2	-8.072061E0
1.612000E1	2.300798E2	-7.762758E0
1.614000E1	2.300376E2	-7.428501E0
1.616000E1	2.302539E2	-7.215879E0
1.618000E1	2.308179E2	-6.965563E0
1.620000E1	2.305590E2	-7.172304E0
1.622000E1	2.304441E2	-7.864640E0
1.624000E1	2.309592E2	-8.580288E0
1.626000E1	2.314757E2	-8.611971E0
1.628000E1	2.322640E2	-7.703165E0
1.630000E1	2.327747E2	-5.798905E0
1.632000E1	2.327530E2	-4.125269E0
1.634000E1	2.327813E2	-3.423830E0
1.636000E1	2.329184E2	-3.821739E0
1.638000E1	2.334740E2	-5.017056E0
1.640000E1	2.343825E2	-6.542075E0
1.642000E1	2.349660E2	-7.110169E0
1.644000E1	2.352673E2	-5.867386E0
1.646000E1	2.354114E2	-4.090435E0
1.648000E1	2.353248E2	-3.432739E0
1.650000E1	2.358100E2	-4.935242E0
1.652000E1	2.358743E2	-6.805130E0
1.654000E1	2.358696E2	-7.557305E0
1.656000E1	2.363715E2	-6.745009E0
1.658000E1	2.370368E2	-5.726065E0
1.660000E1	2.375467E2	-5.735410E0
1.662000E1	2.377514E2	-5.969504E0
1.664000E1	2.376335E2	-5.982285E0
1.666000E1	2.377205E2	-5.736870E0
1.668000E1	2.381741E2	-5.794582E0
1.670000E1	2.387361E2	-6.222871E0
1.672000E1	2.392812E2	-6.846726E0
1.674000E1	2.395356E2	-6.980032E0
1.676000E1	2.393031E2	-7.103842E0
1.678000E1	2.387681E2	-7.367134E0
1.680000E1	2.389873E2	-7.193165E0
1.682000E1	2.401232E2	-6.620618E0
1.684000E1	2.411197E2	-5.862689E0
1.686000E1	2.417978E2	-5.784717E0
1.688000E1	2.418973E2	-6.606289E0
1.690000E1	2.419860E2	-7.350396E0
1.692000E1	2.424427E2	-7.777813E0
1.694000E1	2.434213E2	-7.664782E0
1.696000E1	2.440526E2	-7.738567E0
1.698000E1	2.444267E2	-7.766970E0
1.700000E1	2.443377E2	-7.747127E0
1.702000E1	2.437895E2	-7.255820E0
1.704000E1	2.436638E2	-6.415074E0
1.706000E1	2.438080E2	-6.150065E0
1.708000E1	2.436163E2	-6.432202E0
1.710000E1	2.439578E2	-7.056499E0
1.712000E1	2.445322E2	-7.177567E0
1.714000E1	2.452108E2	-6.883883E0
1.716000E1	2.461604E2	-6.139098E0
1.718000E1	2.463891E2	-5.970785E0
1.720000E1	2.462535E2	-6.385996E0
1.722000E1	2.461450E2	-6.669961E0
1.724000E1	2.463259E2	-6.482908E0
1.726000E1	2.466713E2	-6.290434E0
1.728000E1	2.471250E2	-6.425834E0
1.730000E1	2.476415E2	-6.477018E0
1.732000E1	2.481406E2	-6.394835E0
1.734000E1	2.486907E2	-6.348116E0
1.736000E1	2.492505E2	-6.712693E0
1.738000E1	2.497497E2	-6.645950E0
1.740000E1	2.499972E2	-6.372516E0
1.742000E1	2.501929E2	-6.313346E0
1.744000E1	2.506238E2	-6.471069E0
1.746000E1	2.510291E2	-6.446748E0
1.748000E1	2.511794E2	-6.041601E0
1.750000E1	2.512191E2	-5.456350E0
1.752000E1	2.515434E2	-5.218775E0
1.754000E1	2.519665E2	-5.730666E0
1.756000E1	2.519406E2	-6.614459E0
1.758000E1	2.519549E2	-6.854048E0
1.760000E1	2.523640E2	-6.211614E0
1.762000E1	2.526630E2	-5.949089E0
1.764000E1	2.527230E2	-5.725838E0
1.766000E1	2.529574E2	-5.611368E0
1.768000E1	2.529196E2	-5.581809E0
1.770000E1	2.526343E2	-5.635832E0
1.772000E1	2.526227E2	-6.239547E0
1.774000E1	2.532403E2	-7.225212E0
1.776000E1	2.541647E2	-7.953448E0
1.778000E1	2.543871E2	-8.437413E0
1.780000E1	2.549985E2	-8.352311E0
1.782000E1	2.558472E2	-7.974371E0
1.784000E1	2.561058E2	-7.090470E0
1.786000E1	2.557828E2	-5.860310E0
1.788000E1	2.559180E2	-5.299468E0
1.790000E1	2.564352E2	-5.604263E0
1.792000E1	2.563973E2	-7.084106E0
1.794000E1	2.562846E2	-8.062416E0
1.796000E1	2.571819E2	-8.724118E0
1.798000E1	2.574744E2	-8.426645E0
1.800000E1	2.571066E2	-7.290077E0
1.802000E1	2.576212E2	-5.390806E0
1.804000E1	2.587354E2	-3.719268E0
1.806000E1	2.589678E2	-3.269053E0
1.808000E1	2.588268E2	-3.902780E0
1.810000E1	2.587399E2	-5.655564E0
1.812000E1	2.589097E2	-7.388567E0
1.814000E1	2.596962E2	-7.629862E0
1.816000E1	2.602863E2	-6.783783E0
1.818000E1	2.606610E2	-6.257984E0
1.820000E1	2.608293E2	-7.197782E0
1.822000E1	2.611172E2	-8.167493E0
1.824000E1	2.615441E2	-8.449650E0
1.826000E1	2.620562E2	-8.146916E0
1.828000E1	2.625597E2	-7.698536E0
1.830000E1	2.625986E2	-7.694040E0
1.832000E1	2.629173E2	-7.839657E0
1.834000E1	2.631964E2	-7.587477E0
1.836000E1	2.635536E2	-6.616213E0
1.838000E1	2.639958E2	-5.818135E0
1.840000E1	2.647045E2	-6.127559E0
1.842000E1	2.654759E2	-6.882126E0
1.844000E1	2.657013E2	-7.404717E0
1.846000E1	2.656848E2	-6.937712E0
1.848000E1	2.656928E2	-6.184168E0
1.850000E1	2.658876E2	-5.849781E0
1.852000E1	2.663438E2	-5.913889E0
1.854000E1	2.663811E2	-6.153538E0
1.856000E1	2.661773E2	-6.496196E0
1.858000E1	2.664861E2	-6.704975E0
1.860000E1	2.674011E2	-6.945795E0
1.862000E1	2.683215E2	-7.093234E0
1.864000E1	2.687275E2	-7.124418E0
1.866000E1	2.689835E2	-6.972557E0
1.868000E1	2.692533E2	-6.654640E0
1.870000E1	2.690494E2	-6.769673E0
1.872000E1	2.689359E2	-7.086857E0
1.874000E1	2.688089E2	-7.440494E0
1.876000E1	2.692201E2	-7.375624E0
1.878000E1	2.697867E2	-7.341766E0
1.880000E1	2.697377E2	-7.881127E0
1.882000E1	2.696288E2	-8.710195E0
1.884000E1	2.700116E2	-9.138163E0
1.886000E1	2.707509E2	-8.448261E0
1.888000E1	2.716723E2	-6.815006E0
1.890000E1	2.727033E2	-4.871248E0
1.892000E1	2.730324E2	-3.354975E0
1.894000E1	2.730680E2	-3.536178E0
1.896000E1	2.731828E2	-5.059849E0
1.898000E1	2.730815E2	-6.784950E0
1.900000E1	2.736425E2	-7.382610E0
1.902000E1	2.743767E2	-6.917906E0
1.904000E1	2.748017E2	-6.127749E0
1.906000E1	2.752855E2	-5.388964E0
1.908000E1	2.756804E2	-4.931029E0
1.910000E1	2.763313E2	-5.196163E0
1.912000E1	2.769551E2	-5.752695E0
1.914000E1	2.771183E2	-6.419724E0
1.916000E1	2.772032E2	-7.263568E0
1.918000E1	2.769570E2	-8.563450E0
1.920000E1	2.767113E2	-9.422118E0
1.922000E1	2.768245E2	-8.871814E0
1.924000E1	2.773257E2	-7.595955E0
1.926000E1	2.779176E2	-6.941867E0
1.928000E1	2.788409E2	-7.058111E0
1.930000E1	2.797501E2	-7.350808E0
1.932000E1	2.799393E2	-7.652697E0
1.934000E1	2.797699E2	-7.677447E0
1.936000E1	2.794327E2	-7.999514E0
1.938000E1	2.795562E2	-8.006236E0
1.940000E1	2.805125E2	-7.332341E0
1.942000E1	2.813171E2	-6.153064E0
1.944000E1	2.815624E2	-5.651182E0
1.946000E1	2.816073E2	-6.393862E0
1.948000E1	2.822077E2	-7.528672E0
1.950000E1	2.830744E2	-7.851137E0
1.952000E1	2.833311E2	-7.658842E0
1.954000E1	2.838244E2	-6.888328E0
1.956000E1	2.842347E2	-6.323801E0
1.958000E1	2.841529E2	-6.679151E0
1.960000E1	2.838201E2	-7.319150E0
1.962000E1	2.833826E2	-7.440738E0
1.964000E1	2.838616E2	-7.041861E0
1.966000E1	2.843757E2	-7.010616E0
1.968000E1	2.847565E2	-7.587663E0
1.970000E1	2.849075E2	-7.991538E0
1.972000E1	2.849837E2	-8.094135E0
1.974000E1	2.848768E2	-7.450289E0
1.976000E1	2.849331E2	-5.935709E0
1.978000E1	2.850201E2	-5.003217E0
1.980000E1	2.854864E2	-4.941486E0
1.982000E1	2.857715E2	-5.832329E0
1.984000E1	2.857446E2	-6.887136E0
1.986000E1	2.863506E2	-6.855545E0
1.988000E1	2.875601E2	-5.769687E0
1.990000E1	2.887992E2	-4.503827E0
1.992000E1	2.893459E2	-3.927638E0
1.994000E1	2.897538E2	-4.546337E0
1.996000E1	2.899438E2	-6.236991E0
1.998000E1	2.901807E2	-7.717268E0
2.000000E1	2.903026E2	-7.918425E0
2.002000E1	2.904465E2	-7.424320E0
2.004000E1	2.906056E2	-7.052997E0
2.006000E1	2.908613E2	-6.686650E0
2.008000E1	2.908157E2	-5.929243E0
2.010000E1	2.907884E2	-5.388471E0
2.012000E1	2.912799E2	-5.384168E0
2.014000E1	2.922841E2	-5.886426E0
2.016000E1	2.927740E2	-6.707195E0
2.018000E1	2.927112E2	-7.600387E0
2.020000E1	2.923652E2	-7.755633E0
2.022000E1	2.922998E2	-7.636093E0
2.024000E1	2.921278E2	-7.632122E0
2.026000E1	2.925645E2	-7.127918E0
2.028000E1	2.933080E2	-6.837609E0
2.030000E1	2.936562E2	-6.733895E0
2.032000E1	2.937447E2	-7.342779E0
2.034000E1	2.941739E2	-8.120823E0
2.036000E1	2.950844E2	-8.443858E0
2.038000E1	2.960500E2	-8.267483E0
2.040000E1	2.970960E2	-7.619553E0
2.042000E1	2.975002E2	-6.831239E0
2.044000E1	2.975950E2	-6.479698E0
2.046000E1	2.976755E2	-6.371965E0
2.048000E1	2.979612E2	-6.720276E0
2.050000E1	2.982606E2	-6.712471E0
2.052000E1	2.981672E2	-7.070284E0
2.054000E1	2.981718E2	-7.679437E0
2.056000E1	2.981050E2	-7.977371E0
2.058000E1	2.979999E2	-8.025504E0
2.060000E1	2.982419E2	-7.442279E0
2.062000E1	2.988992E2	-5.776036E0
2.064000E1	2.989345E2	-4.216452E0
2.066000E1	2.988930E2	-3.667730E0
2.068000E1	2.991674E2	-4.280073E0
2.070000E1	2.995888E2	-5.485478E0
2.072000E1	2.999195E2	-6.725199E0
2.074000E1	3.002591E2	-6.845734E0
2.076000E1	3.005983E2	-6.161103E0
2.078000E1	3.014616E2	-5.942722E0
2.080000E1	3.022703E2	-6.793840E0
2.082000E1	3.021860E2	-7.982511E0
2.084000E1	3.026181E2	-8.618790E0
2.086000E1	3.037093E2	-8.248509E0
2.088000E1	3.052061E2	-7.121181E0
2.090000E1	3.058953E2	-6.065296E0
2.092000E1	3.061408E2	-5.582280E0
2.094000E1	3.058502E2	-5.710767E0
2.096000E1	3.055502E2	-6.593752E0
2.098000E1	3.057276E2	-7.728119E0
2.100000E1	3.063888E2	-7.956177E0
2.102000E1	3.071389E2	-7.274895E0
2.104000E1	3.077355E2	-6.468854E0
2.106000E1	3.081438E2	-5.709049E0
2.108000E1	3.079095E2	-5.477818E0
2.110000E1	3.071605E2	-5.575210E0
2.112000E1	3.068065E2	-6.123046E0
2.114000E1	3.071216E2	-6.317575E0
2.116000E1	3.077814E2	-6.456782E0
2.118000E1	3.084463E2	-7.033249E0
2.120000E1	3.086263E2	-7.795370E0
2.122000E1	3.090351E2	-8.596759E0
2.124000E1	3.094033E2	-8.848213E0
2.126000E1	3.097835E2	-8.689255E0
2.128000E1	3.106554E2	-8.181515E0
2.130000E1	3.112678E2	-7.886668E0
2.132000E1	3.112361E2	-7.864305E0
2.134000E1	3.111700E2	-7.788522E0
2.136000E1	3.113849E2	-7.642060E0
2.138000E1	3.118568E2	-7.251244E0
2.140000E1	3.119987E2	-7.283768E0
2.142000E1	3.122207E2	-8.183770E0
2.144000E1	3.126659E2	-8.803518E0
2.146000E1	3.131239E2	-8.213750E0
2.148000E1	3.137128E2	-7.012922E0
2.150000E1	3.145315E2	-5.223708E0
2.152000E1	3.143071E2	-3.854115E0
2.154000E1	3.140914E2	-3.781375E0
2.156000E1	3.144477E2	-4.424023E0
2.158000E1	3.152751E2	-5.606416E0
2.160000E1	3.160137E2	-6.723249E0
2.162000E1	3.160144E2	-6.731034E0
2.164000E1	3.157756E2	-5.554686E0
2.166000E1	3.161958E2	-4.692583E0
2.168000E1	3.172082E2	-5.545693E0
2.170000E1	3.179131E2	-6.659663E0
2.172000E1	3.181258E2	-6.466914E0
2.174000E1	3.182198E2	-6.242090E0
2.176000E1	3.182352E2	-6.222697E0
2.178000E1	3.183284E2	-6.685832E0
2.180000E1	3.186874E2	-7.036751E0
2.182000E1	3.188300E2	-7.083038E0
2.184000E1	3.190646E2	-6.902544E0
2.186000E1	3.193810E2	-6.897778E0
2.188000E1	3.203888E2	-6.964912E0
2.190000E1	3.217735E2	-6.756874E0
2.192000E1	3.226246E2	-6.213456E0
2.194000E1	3.225905E2	-5.392334E0
2.196000E1	3.220617E2	-5.068311E0
2.198000E1	3.219307E2	-5.504667E0
2.200000E1	3.221898E2	-6.188999E0
2.202000E1	3.224707E2	-6.896859E0
2.204000E1	3.225229E2	-6.921281E0
2.206000E1	3.227104E2	-6.969404E0
2.208000E1	3.227895E2	-7.029541E0
2.210000E1	3.227388E2	-7.224381E0
2.212000E1	3.227636E2	-7.230234E0
2.214000E1	3.236585E2	-7.354106E0
2.216000E1	3.240510E2	-7.299040E0
2.218000E1	3.239443E2	-6.847875E0
2.220000E1	3.241944E2	-6.647617E0
2.222000E1	3.248602E2	-7.102208E0
2.224000E1	3.249118E2	-7.193255E0
2.226000E1	3.245217E2	-7.972342E0
2.228000E1	3.246933E2	-8.374189E0
2.230000E1	3.252735E2	-8.465990E0
2.232000E1	3.258258E2	-8.235145E0
2.234000E1	3.263352E2	-6.995398E0
2.236000E1	3.268129E2	-5.320375E0
2.238000E1	3.271096E2	-4.764817E0
2.240000E1	3.272704E2	-4.923145E0
2.242000E1	3.275630E2	-5.474440E0
2.244000E1	3.281052E2	-5.656274E0
2.246000E1	3.285370E2	-5.692550E0
2.248000E1	3.293303E2	-5.412396E0
2.250000E1	3.302364E2	-4.992250E0
2.252000E1	3.304683E2	-4.777942E0
2.254000E1	3.304297E2	-5.345671E0
2.256000E1	3.309177E2	-6.020554E0
2.258000E1	3.311537E2	-6.276478E0
2.260000E1	3.310939E2	-6.713310E0
2.262000E1	3.310731E2	-6.838315E0
2.264000E1	3.315960E2	-6.855402E0
2.266000E1	3.321497E2	-6.223942E0
2.268000E1	3.323439E2	-5.637645E0
2.270000E1	3.325583E2	-5.552076E0
2.272000E1	3.332239E2	-5.733991E0
2.274000E1	3.334366E2	-6.187491E0
2.276000E1	3.334582E2	-6.350257E0
2.278000E1	3.337547E2	-6.508451E0
2.280000E1	3.340532E2	-6.668779E0
2.282000E1	3.340161E2	-6.916419E0
2.284000E1	3.340152E2	-7.002761E0
2.286000E1	3.345965E2	-6.768217E0
2.288000E1	3.354495E2	-6.023590E0
2.290000E1	3.362603E2	-5.765622E0
2.292000E1	3.369366E2	-5.925086E0
2.294000E1	3.372754E2	-6.555496E0
2.296000E1	3.374091E2	-7.230413E0
2.298000E1	3.382301E2	-7.408352E0
2.300000E1	3.387954E2	-7.921705E0
2.302000E1	3.389348E2	-7.759872E0
2.304000E1	3.389933E2	-7.329327E0
2.306000E1	3.388040E2	-6.846919E0
2.308000E1	3.386073E2	-6.218735E0
2.310000E1	3.387358E2	-6.008791E0
2.312000E1	3.384809E2	-6.202845E0
2.314000E1	3.388709E2	-6.870520E0
2.316000E1	3.394863E2	-6.948068E0
2.318000E1	3.401101E2	-6.746539E0
2.320000E1	3.408304E2	-6.084328E0
2.322000E1	3.413000E2	-6.098919E0
2.324000E1	3.411204E2	-6.412582E0
2.326000E1	3.411583E2	-6.512840E0
2.328000E1	3.412310E2	-6.466944E0
2.330000E1	3.414317E2	-6.317722E0
2.332000E1	3.418672E2	-6.335420E0
2.334000E1	3.423692E2	-6.344369E0
2.336000E1	3.429019E2	-6.350528E0
2.338000E1	3.434251E2	-6.352979E0
2.340000E1	3.438244E2	-7.163623E0
2.342000E1	3.444470E2	-7.362480E0
2.344000E1	3.450509E2	-6.657502E0
2.346000E1	3.455020E2	-6.403616E0
2.348000E1	3.455960E2	-6.337376E0
2.350000E1	3.457577E2	-6.586364E0
2.352000E1	3.461926E2	-6.522093E0
2.354000E1	3.466896E2	-6.020081E0
2.356000E1	3.468577E2	-5.684726E0
2.358000E1	3.472756E2	-5.681337E0
2.360000E1	3.477543E2	-5.861910E0
2.362000E1	3.480574E2	-6.281129E0
2.364000E1	3.481021E2	-6.577620E0
2.366000E1	3.480479E2	-6.609710E0
2.368000E1	3.479693E2	-6.547109E0
2.370000E1	3.483333E2	-6.053417E0
2.372000E1	3.491543E2	-5.856217E0
2.374000E1	3.495933E2	-5.705104E0
2.376000E1	3.496938E2	-5.846527E0
2.378000E1	3.497086E2	-6.309899E0
2.380000E1	3.499549E2	-6.920469E0
2.382000E1	3.503291E2	-6.918795E0
2.384000E1	3.505732E2	-7.182432E0
2.386000E1	3.512027E2	-7.441214E0
2.388000E1	3.517834E2	-7.709394E0
2.390000E1	3.520488E2	-8.366467E0
2.392000E1	3.520669E2	-8.176306E0
2.394000E1	3.524724E2	-7.308611E0
2.396000E1	3.532608E2	-5.854785E0
2.398000E1	3.535134E2	-5.700686E0
2.400000E1	3.531519E2	-6.255514E0
