	mass A		
t	x	y	
0.000000E0	0.000000E0	-2.552990E-3
2.000000E-2	2.430685E-2	5.349523E-2
4.000000E-2	2.022199E-2	7.097895E-2
6.000000E-2	1.650765E-2	4.908766E-2
8.000000E-2	1.455347E-2	4.981018E-2
1.000000E-1	3.228946E-2	6.279520E-2
1.200000E-1	5.142281E-2	7.390128E-2
1.400000E-1	8.292597E-2	9.432989E-2
1.600000E-1	1.126320E-1	9.540937E-2
1.800000E-1	1.345296E-1	1.032770E-1
2.000000E-1	1.615592E-1	1.044711E-1
2.200000E-1	1.751465E-1	9.295704E-2
2.400000E-1	1.841903E-1	6.111414E-2
2.600000E-1	2.103903E-1	2.235704E-2
2.800000E-1	2.375340E-1	1.074445E-2
3.000000E-1	2.675218E-1	8.112379E-4
3.200000E-1	2.821370E-1	-4.954108E-3
3.400000E-1	2.987445E-1	-5.046717E-3
3.600000E-1	3.185709E-1	3.934247E-3
3.800000E-1	3.416919E-1	2.160254E-2
4.000000E-1	3.548006E-1	3.900816E-2
4.200000E-1	3.604864E-1	8.856669E-2
4.400000E-1	3.735482E-1	1.532712E-1
4.600000E-1	4.171311E-1	1.605464E-1
4.800000E-1	4.426434E-1	1.370868E-1
5.000000E-1	4.698154E-1	1.135059E-1
5.200000E-1	5.043333E-1	1.190572E-1
5.400000E-1	5.097576E-1	1.482631E-1
5.600000E-1	5.012407E-1	1.880667E-1
5.800000E-1	4.945504E-1	2.223153E-1
6.000000E-1	5.111273E-1	2.506014E-1
6.200000E-1	5.436580E-1	2.662835E-1
6.400000E-1	5.677329E-1	2.470045E-1
6.600000E-1	5.963919E-1	1.959783E-1
6.800000E-1	6.139034E-1	1.826296E-1
7.000000E-1	6.631937E-1	2.167527E-1
7.200000E-1	7.194064E-1	2.843833E-1
7.400000E-1	7.441587E-1	3.501796E-1
7.600000E-1	7.594211E-1	4.084783E-1
7.800000E-1	7.843209E-1	4.225674E-1
8.000000E-1	7.767372E-1	3.900445E-1
8.200000E-1	7.606503E-1	3.115492E-1
8.400000E-1	7.525451E-1	2.232293E-1
8.600000E-1	7.891659E-1	1.735003E-1
8.800000E-1	8.014292E-1	1.737997E-1
9.000000E-1	7.745475E-1	1.622138E-1
9.200000E-1	7.418179E-1	1.480765E-1
9.400000E-1	7.424440E-1	1.572154E-1
9.600000E-1	7.688195E-1	2.022508E-1
9.800000E-1	8.093027E-1	2.424277E-1
1.000000E0	8.481677E-1	2.721300E-1
1.020000E0	9.010715E-1	2.662127E-1
1.040000E0	9.016766E-1	2.234956E-1
1.060000E0	9.087062E-1	1.713844E-1
1.080000E0	9.436886E-1	1.454741E-1
1.100000E0	9.727005E-1	1.066773E-1
1.120000E0	9.735125E-1	9.793366E-2
1.140000E0	9.731431E-1	1.099006E-1
1.160000E0	9.732050E-1	1.087424E-1
1.180000E0	9.772176E-1	9.503404E-2
1.200000E0	9.789397E-1	8.475040E-2
1.220000E0	9.903467E-1	6.657011E-2
1.240000E0	1.005895E0	4.408512E-2
1.260000E0	1.021530E0	1.872123E-2
1.280000E0	1.038907E0	-9.373860E-3
1.300000E0	1.050096E0	-1.796805E-2
1.320000E0	1.068695E0	-6.790116E-3
1.340000E0	1.098175E0	2.612777E-2
1.360000E0	1.128909E0	5.965638E-2
1.380000E0	1.150438E0	8.538022E-2
1.400000E0	1.162516E0	1.207340E-1
1.420000E0	1.181892E0	1.217575E-1
1.440000E0	1.206504E0	1.125023E-1
1.460000E0	1.233226E0	9.752925E-2
1.480000E0	1.257052E0	8.646228E-2
1.500000E0	1.273027E0	8.760271E-2
1.520000E0	1.272623E0	8.806706E-2
1.540000E0	1.271652E0	1.006278E-1
1.560000E0	1.293076E0	1.343878E-1
1.580000E0	1.308193E0	1.754987E-1
1.600000E0	1.317678E0	1.877081E-1
1.620000E0	1.326866E0	2.027450E-1
1.640000E0	1.330053E0	2.166127E-1
1.660000E0	1.358400E0	2.353070E-1
1.680000E0	1.405050E0	2.575974E-1
1.700000E0	1.425259E0	2.640923E-1
1.720000E0	1.414911E0	2.525677E-1
1.740000E0	1.414932E0	2.790187E-1
1.760000E0	1.396632E0	3.272617E-1
1.780000E0	1.382994E0	3.358920E-1
1.800000E0	1.382397E0	3.459421E-1
1.820000E0	1.387899E0	3.224133E-1
1.840000E0	1.399356E0	2.666174E-1
1.860000E0	1.384417E0	1.889194E-1
1.880000E0	1.379232E0	1.629682E-1
1.900000E0	1.410016E0	1.993114E-1
1.920000E0	1.466465E0	3.249812E-1
1.940000E0	1.526081E0	4.353653E-1
1.960000E0	1.552790E0	4.943045E-1
1.980000E0	1.548171E0	4.860652E-1
2.000000E0	1.547180E0	4.312608E-1
2.020000E0	1.563626E0	3.673078E-1
2.040000E0	1.581175E0	3.001717E-1
2.060000E0	1.600982E0	2.453839E-1
2.080000E0	1.624839E0	2.346615E-1
2.100000E0	1.631479E0	2.488667E-1
2.120000E0	1.632033E0	2.620520E-1
2.140000E0	1.644059E0	2.707762E-1
2.160000E0	1.647123E0	2.776895E-1
2.180000E0	1.660403E0	2.702870E-1
2.200000E0	1.708147E0	2.407913E-1
2.220000E0	1.735995E0	2.034555E-1
2.240000E0	1.752285E0	1.539639E-1
2.260000E0	1.740022E0	8.640533E-2
2.280000E0	1.736300E0	4.452873E-2
2.300000E0	1.748157E0	4.340341E-2
2.320000E0	1.752263E0	6.138190E-2
2.340000E0	1.749604E0	8.276687E-2
2.360000E0	1.757651E0	1.210278E-1
2.380000E0	1.760454E0	1.259035E-1
2.400000E0	1.777833E0	1.073500E-1
2.420000E0	1.808117E0	7.036341E-2
2.440000E0	1.822064E0	3.666417E-2
2.460000E0	1.835727E0	3.652965E-2
2.480000E0	1.846807E0	4.264779E-2
2.500000E0	1.850732E0	4.466258E-2
2.520000E0	1.857811E0	7.675033E-2
2.540000E0	1.870654E0	1.334278E-1
2.560000E0	1.888218E0	1.686236E-1
2.580000E0	1.898641E0	1.726044E-1
2.600000E0	1.910051E0	1.718148E-1
2.620000E0	1.928485E0	1.691343E-1
2.640000E0	1.965315E0	1.707560E-1
2.660000E0	1.985249E0	1.711535E-1
2.680000E0	2.014369E0	1.643117E-1
2.700000E0	2.039494E0	1.510560E-1
2.720000E0	2.040668E0	1.526501E-1
2.740000E0	2.020509E0	1.489903E-1
2.760000E0	2.040289E0	1.618890E-1
2.780000E0	2.046860E0	1.743142E-1
2.800000E0	2.053179E0	1.888568E-1
2.820000E0	2.053234E0	1.918341E-1
2.840000E0	2.058806E0	1.852393E-1
2.860000E0	2.079000E0	1.892183E-1
2.880000E0	2.084623E0	2.385458E-1
2.900000E0	2.075889E0	3.507873E-1
2.920000E0	2.074330E0	4.620528E-1
2.940000E0	2.080705E0	5.099824E-1
2.960000E0	2.093633E0	4.622027E-1
2.980000E0	2.107440E0	3.820072E-1
3.000000E0	2.124107E0	3.597563E-1
3.020000E0	2.150222E0	3.686314E-1
3.040000E0	2.180380E0	3.909814E-1
3.060000E0	2.211983E0	3.753997E-1
3.080000E0	2.230034E0	3.278512E-1
3.100000E0	2.253970E0	3.074209E-1
3.120000E0	2.288735E0	3.404237E-1
3.140000E0	2.333506E0	3.635347E-1
3.160000E0	2.390226E0	3.479473E-1
3.180000E0	2.437007E0	3.433963E-1
3.200000E0	2.470329E0	3.332542E-1
3.220000E0	2.475765E0	3.159553E-1
3.240000E0	2.466390E0	2.747658E-1
3.260000E0	2.453203E0	2.083471E-1
3.280000E0	2.444656E0	1.418582E-1
3.300000E0	2.449422E0	1.268683E-1
3.320000E0	2.472257E0	1.932530E-1
3.340000E0	2.486322E0	2.504270E-1
3.360000E0	2.520764E0	2.538318E-1
3.380000E0	2.554779E0	2.279899E-1
3.400000E0	2.588573E0	2.056028E-1
3.420000E0	2.622758E0	1.983447E-1
3.440000E0	2.632235E0	1.996548E-1
3.460000E0	2.616058E0	1.677377E-1
3.480000E0	2.584548E0	1.294068E-1
3.500000E0	2.593629E0	1.319983E-1
3.520000E0	2.611801E0	1.878152E-1
3.540000E0	2.611603E0	2.144927E-1
3.560000E0	2.608469E0	2.031768E-1
3.580000E0	2.605962E0	1.785036E-1
3.600000E0	2.608691E0	1.827914E-1
3.620000E0	2.609339E0	1.810702E-1
3.640000E0	2.617746E0	1.572433E-1
3.660000E0	2.625852E0	1.466935E-1
3.680000E0	2.616740E0	1.640962E-1
3.700000E0	2.610543E0	1.649007E-1
3.720000E0	2.615387E0	1.736518E-1
3.740000E0	2.614950E0	1.793052E-1
3.760000E0	2.622152E0	2.072448E-1
3.780000E0	2.622668E0	2.064373E-1
3.800000E0	2.632512E0	1.885836E-1
3.820000E0	2.664995E0	1.717015E-1
3.840000E0	2.677621E0	1.692491E-1
3.860000E0	2.689487E0	2.080717E-1
3.880000E0	2.699735E0	2.763734E-1
3.900000E0	2.696211E0	3.574413E-1
3.920000E0	2.703443E0	3.907672E-1
3.940000E0	2.724841E0	3.413849E-1
3.960000E0	2.724546E0	2.813066E-1
3.980000E0	2.732938E0	2.915958E-1
4.000000E0	2.760944E0	3.453181E-1
4.020000E0	2.778225E0	3.635537E-1
4.040000E0	2.788332E0	3.549882E-1
4.060000E0	2.814525E0	3.607993E-1
4.080000E0	2.825328E0	3.583455E-1
4.100000E0	2.849165E0	3.474012E-1
4.120000E0	2.890792E0	3.293445E-1
4.140000E0	2.906284E0	3.394407E-1
4.160000E0	2.917702E0	3.307931E-1
4.180000E0	2.931854E0	3.095879E-1
4.200000E0	2.949427E0	2.917453E-1
4.220000E0	2.972770E0	2.908848E-1
4.240000E0	2.989036E0	2.843666E-1
4.260000E0	3.005247E0	2.731145E-1
4.280000E0	3.007975E0	2.681220E-1
4.300000E0	3.032084E0	2.666925E-1
4.320000E0	3.079646E0	2.596472E-1
4.340000E0	3.131758E0	2.673146E-1
4.360000E0	3.191968E0	2.637288E-1
4.380000E0	3.229300E0	2.549891E-1
4.400000E0	3.228353E0	2.544682E-1
4.420000E0	3.203610E0	2.606795E-1
4.440000E0	3.198854E0	2.656331E-1
4.460000E0	3.248377E0	2.637251E-1
4.480000E0	3.259751E0	2.437388E-1
4.500000E0	3.272155E0	2.223001E-1
4.520000E0	3.270929E0	2.154641E-1
4.540000E0	3.270165E0	2.052570E-1
4.560000E0	3.266030E0	1.897372E-1
4.580000E0	3.256671E0	1.817094E-1
4.600000E0	3.259849E0	1.844708E-1
4.620000E0	3.281997E0	2.028144E-1
4.640000E0	3.277464E0	2.202276E-1
4.660000E0	3.287104E0	2.160482E-1
4.680000E0	3.314793E0	1.779324E-1
4.700000E0	3.331349E0	1.492781E-1
4.720000E0	3.315540E0	1.340671E-1
4.740000E0	3.313380E0	1.231063E-1
4.760000E0	3.320103E0	1.028081E-1
4.780000E0	3.319021E0	9.692748E-2
4.800000E0	3.327185E0	1.001611E-1
4.820000E0	3.340902E0	1.299618E-1
4.840000E0	3.341700E0	1.632761E-1
4.860000E0	3.346109E0	1.841445E-1
4.880000E0	3.354069E0	1.906593E-1
4.900000E0	3.358206E0	1.920493E-1
4.920000E0	3.367477E0	1.906972E-1
4.940000E0	3.372078E0	2.012161E-1
4.960000E0	3.374019E0	2.050794E-1
4.980000E0	3.377922E0	2.130759E-1
5.000000E0	3.388045E0	2.270494E-1
5.020000E0	3.401151E0	2.282730E-1
5.040000E0	3.437472E0	2.283961E-1
5.060000E0	3.458088E0	2.144853E-1
5.080000E0	3.478607E0	2.152036E-1
5.100000E0	3.502127E0	2.152181E-1
5.120000E0	3.523704E0	1.925756E-1
5.140000E0	3.531245E0	1.883055E-1
5.160000E0	3.531506E0	1.907911E-1
5.180000E0	3.530016E0	1.914800E-1
5.200000E0	3.530789E0	1.920027E-1
5.220000E0	3.540052E0	2.224799E-1
5.240000E0	3.544588E0	2.499707E-1
5.260000E0	3.564146E0	2.348737E-1
5.280000E0	3.583109E0	2.236941E-1
5.300000E0	3.609933E0	2.122560E-1
5.320000E0	3.639101E0	2.190346E-1
5.340000E0	3.658351E0	2.128763E-1
5.360000E0	3.649244E0	2.283196E-1
5.380000E0	3.619286E0	2.784620E-1
5.400000E0	3.623914E0	3.118202E-1
5.420000E0	3.636536E0	3.180905E-1
5.440000E0	3.640129E0	3.163517E-1
5.460000E0	3.647535E0	3.069593E-1
5.480000E0	3.670447E0	2.717944E-1
5.500000E0	3.697735E0	2.238048E-1
5.520000E0	3.697962E0	1.874262E-1
5.540000E0	3.718199E0	1.775167E-1
5.560000E0	3.765871E0	2.209925E-1
5.580000E0	3.808549E0	3.022280E-1
5.600000E0	3.804412E0	3.668539E-1
5.620000E0	3.800433E0	3.873563E-1
5.640000E0	3.790222E0	3.505901E-1
5.660000E0	3.821022E0	2.896876E-1
5.680000E0	3.818195E0	2.297488E-1
5.700000E0	3.817446E0	1.977278E-1
5.720000E0	3.831986E0	1.978237E-1
5.740000E0	3.842932E0	2.156194E-1
5.760000E0	3.841650E0	2.151488E-1
5.780000E0	3.840612E0	2.229360E-1
5.800000E0	3.851675E0	2.468500E-1
5.820000E0	3.847569E0	2.774853E-1
5.840000E0	3.846649E0	2.719519E-1
5.860000E0	3.852816E0	2.482165E-1
5.880000E0	3.850961E0	2.387980E-1
5.900000E0	3.846152E0	2.315974E-1
5.920000E0	3.842739E0	2.338326E-1
5.940000E0	3.840235E0	2.282904E-1
5.960000E0	3.839695E0	2.333736E-1
5.980000E0	3.840809E0	2.271176E-1
6.000000E0	3.845047E0	2.085993E-1
6.020000E0	3.846814E0	2.038252E-1
6.040000E0	3.861193E0	1.836462E-1
6.060000E0	3.888124E0	1.614424E-1
6.080000E0	3.895209E0	1.218947E-1
6.100000E0	3.888787E0	1.059241E-1
6.120000E0	3.890060E0	9.548840E-2
6.140000E0	3.899753E0	9.904015E-2
6.160000E0	3.911557E0	1.363278E-1
6.180000E0	3.923398E0	1.903254E-1
6.200000E0	3.937086E0	2.154310E-1
6.220000E0	3.976366E0	2.054138E-1
6.240000E0	4.005352E0	2.019968E-1
6.260000E0	4.028156E0	1.995419E-1
6.280000E0	4.045355E0	2.030167E-1
6.300000E0	4.053058E0	2.045823E-1
6.320000E0	4.052299E0	2.197033E-1
6.340000E0	4.044705E0	2.430615E-1
6.360000E0	4.043093E0	2.481094E-1
6.380000E0	4.035508E0	2.561320E-1
6.400000E0	4.025517E0	2.623291E-1
6.420000E0	4.035507E0	2.678544E-1
6.440000E0	4.050555E0	2.660060E-1
6.460000E0	4.067640E0	2.764889E-1
6.480000E0	4.089845E0	2.821512E-1
6.500000E0	4.116750E0	2.928927E-1
6.520000E0	4.142691E0	3.102864E-1
6.540000E0	4.135721E0	3.438904E-1
6.560000E0	4.121721E0	3.982310E-1
6.580000E0	4.101087E0	4.350616E-1
6.600000E0	4.110450E0	4.156435E-1
6.620000E0	4.126309E0	3.463430E-1
6.640000E0	4.122732E0	2.670719E-1
6.660000E0	4.128683E0	2.390262E-1
6.680000E0	4.138871E0	2.497167E-1
6.700000E0	4.146458E0	2.646791E-1
6.720000E0	4.149389E0	2.580235E-1
6.740000E0	4.165341E0	2.416431E-1
6.760000E0	4.174721E0	2.637201E-1
6.780000E0	4.178003E0	3.241891E-1
6.800000E0	4.187943E0	3.966776E-1
6.820000E0	4.214634E0	4.269746E-1
6.840000E0	4.244163E0	4.095685E-1
6.860000E0	4.277025E0	3.979086E-1
6.880000E0	4.301197E0	3.727883E-1
6.900000E0	4.309246E0	3.288641E-1
6.920000E0	4.304770E0	2.891887E-1
6.940000E0	4.293299E0	2.832019E-1
6.960000E0	4.302350E0	2.757823E-1
6.980000E0	4.310344E0	2.532886E-1
7.000000E0	4.319158E0	2.396563E-1
7.020000E0	4.344226E0	2.229952E-1
7.040000E0	4.355502E0	2.124938E-1
7.060000E0	4.358876E0	2.034481E-1
7.080000E0	4.359570E0	1.793973E-1
7.100000E0	4.355868E0	1.848742E-1
7.120000E0	4.342562E0	1.984400E-1
7.140000E0	4.332495E0	2.151814E-1
7.160000E0	4.338373E0	2.160811E-1
7.180000E0	4.348712E0	1.981938E-1
7.200000E0	4.359482E0	1.894240E-1
7.220000E0	4.364552E0	1.858772E-1
7.240000E0	4.369889E0	1.850587E-1
7.260000E0	4.375865E0	1.874778E-1
7.280000E0	4.373610E0	1.865770E-1
7.300000E0	4.378023E0	2.146469E-1
7.320000E0	4.376970E0	2.405708E-1
7.340000E0	4.375823E0	2.439909E-1
7.360000E0	4.378534E0	2.446455E-1
7.380000E0	4.380860E0	2.461752E-1
7.400000E0	4.385921E0	2.494953E-1
7.420000E0	4.393516E0	2.630923E-1
7.440000E0	4.405408E0	2.754377E-1
7.460000E0	4.424364E0	2.722819E-1
7.480000E0	4.446615E0	2.807204E-1
7.500000E0	4.439561E0	2.947953E-1
7.520000E0	4.436422E0	3.346327E-1
7.540000E0	4.439746E0	3.536774E-1
7.560000E0	4.441315E0	3.539354E-1
7.580000E0	4.446078E0	3.438180E-1
7.600000E0	4.449671E0	3.221460E-1
7.620000E0	4.449246E0	2.853554E-1
7.640000E0	4.446658E0	2.747955E-1
7.660000E0	4.461360E0	2.877484E-1
7.680000E0	4.483419E0	3.392916E-1
7.700000E0	4.485670E0	3.683562E-1
7.720000E0	4.486083E0	3.756957E-1
7.740000E0	4.489055E0	3.819640E-1
7.760000E0	4.492086E0	4.125736E-1
7.780000E0	4.496034E0	4.522457E-1
7.800000E0	4.498778E0	4.762018E-1
7.820000E0	4.498964E0	4.678337E-1
7.840000E0	4.507091E0	4.159781E-1
7.860000E0	4.507218E0	3.760169E-1
7.880000E0	4.504215E0	3.702545E-1
7.900000E0	4.502196E0	3.675657E-1
7.920000E0	4.522175E0	3.328846E-1
7.940000E0	4.542665E0	2.898500E-1
7.960000E0	4.561675E0	2.559872E-1
7.980000E0	4.579225E0	2.281282E-1
8.000000E0	4.602599E0	2.080577E-1
8.020000E0	4.652468E0	2.088540E-1
8.040000E0	4.684932E0	2.297178E-1
8.060000E0	4.683220E0	2.700716E-1
8.080000E0	4.682086E0	2.941854E-1
8.100000E0	4.687898E0	3.057472E-1
8.120000E0	4.710941E0	2.764057E-1
8.140000E0	4.719394E0	2.261428E-1
8.160000E0	4.714027E0	1.991970E-1
8.180000E0	4.721142E0	2.016789E-1
8.200000E0	4.727532E0	2.116605E-1
8.220000E0	4.721374E0	1.995416E-1
8.240000E0	4.714213E0	2.090005E-1
8.260000E0	4.715301E0	2.565860E-1
8.280000E0	4.707249E0	2.958619E-1
8.300000E0	4.704888E0	3.025047E-1
8.320000E0	4.699667E0	2.816468E-1
8.340000E0	4.690582E0	2.571413E-1
8.360000E0	4.691518E0	2.501748E-1
8.380000E0	4.688524E0	2.550141E-1
8.400000E0	4.693643E0	2.430334E-1
8.420000E0	4.696214E0	2.350346E-1
8.440000E0	4.690995E0	2.509717E-1
8.460000E0	4.687010E0	2.547064E-1
8.480000E0	4.686651E0	2.530858E-1
8.500000E0	4.687482E0	2.423921E-1
8.520000E0	4.692583E0	2.545136E-1
8.540000E0	4.688075E0	2.517836E-1
8.560000E0	4.673844E0	2.164732E-1
8.580000E0	4.687451E0	2.095454E-1
8.600000E0	4.688506E0	2.127531E-1
8.620000E0	4.701667E0	2.353400E-1
8.640000E0	4.710993E0	2.679607E-1
8.660000E0	4.710853E0	3.034742E-1
8.680000E0	4.705476E0	3.274778E-1
8.700000E0	4.709968E0	3.464082E-1
8.720000E0	4.706839E0	3.618105E-1
8.740000E0	4.714686E0	3.587443E-1
8.760000E0	4.717338E0	3.605600E-1
8.780000E0	4.720747E0	3.645634E-1
8.800000E0	4.720821E0	3.629626E-1
8.820000E0	4.721783E0	3.453459E-1
8.840000E0	4.719738E0	3.193472E-1
8.860000E0	4.742728E0	2.907309E-1
8.880000E0	4.772108E0	2.947878E-1
8.900000E0	4.792335E0	2.981399E-1
8.920000E0	4.810996E0	2.822606E-1
8.940000E0	4.820246E0	2.904683E-1
8.960000E0	4.828569E0	3.048427E-1
8.980000E0	4.845436E0	3.116458E-1
9.000000E0	4.857608E0	3.176281E-1
9.020000E0	4.840125E0	3.454963E-1
9.040000E0	4.817127E0	3.732501E-1
9.060000E0	4.835541E0	3.576171E-1
9.080000E0	4.876809E0	3.158370E-1
9.100000E0	4.908854E0	2.568515E-1
9.120000E0	4.934582E0	2.298735E-1
9.140000E0	4.958239E0	2.162587E-1
9.160000E0	4.938755E0	1.931983E-1
9.180000E0	4.935598E0	2.037467E-1
9.200000E0	4.959635E0	2.534602E-1
9.220000E0	4.970451E0	3.091213E-1
9.240000E0	4.977996E0	3.440693E-1
9.260000E0	4.970415E0	3.477846E-1
9.280000E0	4.969745E0	3.378368E-1
9.300000E0	4.978433E0	3.231865E-1
9.320000E0	4.978024E0	3.049336E-1
9.340000E0	4.967483E0	2.854619E-1
9.360000E0	4.976122E0	2.788494E-1
9.380000E0	4.963592E0	2.926546E-1
9.400000E0	4.960073E0	3.004178E-1
9.420000E0	4.954812E0	3.003351E-1
9.440000E0	4.953662E0	2.996275E-1
9.460000E0	4.958843E0	3.217971E-1
9.480000E0	4.951244E0	3.200023E-1
9.500000E0	4.949225E0	2.959814E-1
9.520000E0	4.956369E0	2.799814E-1
9.540000E0	4.945024E0	2.722453E-1
9.560000E0	4.947934E0	2.748196E-1
9.580000E0	4.953783E0	2.921557E-1
9.600000E0	4.949640E0	3.078032E-1
9.620000E0	4.948040E0	3.071389E-1
9.640000E0	4.950766E0	3.071375E-1
9.660000E0	4.951379E0	3.066574E-1
9.680000E0	4.955161E0	3.072264E-1
9.700000E0	4.956058E0	3.057921E-1
9.720000E0	4.955654E0	3.053351E-1
9.740000E0	4.955214E0	3.038309E-1
9.760000E0	4.954733E0	3.038814E-1
9.780000E0	4.955483E0	3.005555E-1
9.800000E0	4.965008E0	2.758987E-1
9.820000E0	4.984605E0	2.823833E-1
9.840000E0	5.027211E0	2.872618E-1
9.860000E0	5.051132E0	2.759837E-1
9.880000E0	5.061205E0	2.757508E-1
9.900000E0	5.064627E0	2.804713E-1
9.920000E0	5.073486E0	2.911520E-1
9.940000E0	5.073548E0	2.970421E-1
9.960000E0	5.066220E0	3.238497E-1
9.980000E0	5.068327E0	3.307280E-1
1.000000E1	5.081654E0	3.147195E-1
1.002000E1	5.098720E0	2.968451E-1
1.004000E1	5.124089E0	2.957903E-1
1.006000E1	5.142840E0	3.005784E-1
1.008000E1	5.152688E0	3.011029E-1
1.010000E1	5.158605E0	3.082398E-1
1.012000E1	5.146722E0	3.503905E-1
1.014000E1	5.144812E0	3.807326E-1
1.016000E1	5.144585E0	4.223648E-1
1.018000E1	5.132598E0	4.648901E-1
1.020000E1	5.122823E0	5.023735E-1
1.022000E1	5.121528E0	4.982165E-1
1.024000E1	5.140132E0	4.348291E-1
1.026000E1	5.140529E0	3.793746E-1
1.028000E1	5.152147E0	3.543335E-1
1.030000E1	5.178643E0	3.436184E-1
1.032000E1	5.172033E0	3.451770E-1
1.034000E1	5.162315E0	3.386157E-1
1.036000E1	5.161381E0	3.311483E-1
1.038000E1	5.160740E0	3.358365E-1
1.040000E1	5.161840E0	3.505771E-1
1.042000E1	5.157824E0	3.548185E-1
1.044000E1	5.147520E0	3.441693E-1
1.046000E1	5.145971E0	3.451112E-1
1.048000E1	5.145536E0	3.474105E-1
1.050000E1	5.164362E0	3.544882E-1
1.052000E1	5.162516E0	3.520172E-1
1.054000E1	5.155447E0	3.545155E-1
1.056000E1	5.151091E0	3.595136E-1
1.058000E1	5.154734E0	3.583784E-1
1.060000E1	5.156521E0	3.547630E-1
1.062000E1	5.159099E0	3.557291E-1
1.064000E1	5.158735E0	3.526502E-1
1.066000E1	5.158201E0	3.462318E-1
1.068000E1	5.159146E0	3.455562E-1
1.070000E1	5.157895E0	3.463509E-1
1.072000E1	5.151257E0	3.325972E-1
1.074000E1	5.151935E0	3.170029E-1
1.076000E1	5.157924E0	2.964138E-1
1.078000E1	5.169825E0	2.712954E-1
1.080000E1	5.170605E0	2.365382E-1
1.082000E1	5.169298E0	2.141883E-1
1.084000E1	5.168926E0	2.086442E-1
1.086000E1	5.170974E0	2.171266E-1
1.088000E1	5.170213E0	2.310148E-1
1.090000E1	5.173712E0	2.650856E-1
1.092000E1	5.171804E0	2.685007E-1
1.094000E1	5.176552E0	2.466766E-1
1.096000E1	5.193380E0	2.405985E-1
1.098000E1	5.208360E0	2.441313E-1
1.100000E1	5.233589E0	2.676901E-1
1.102000E1	5.266761E0	2.882908E-1
1.104000E1	5.267949E0	3.041375E-1
1.106000E1	5.254768E0	3.364205E-1
1.108000E1	5.256104E0	3.593424E-1
1.110000E1	5.255886E0	3.725521E-1
1.112000E1	5.252765E0	3.792582E-1
1.114000E1	5.256983E0	3.871852E-1
1.116000E1	5.263750E0	3.844842E-1
1.118000E1	5.260330E0	3.664586E-1
1.120000E1	5.256506E0	3.440717E-1
1.122000E1	5.276832E0	3.448626E-1
1.124000E1	5.292232E0	3.665650E-1
1.126000E1	5.288731E0	3.873553E-1
1.128000E1	5.294445E0	3.961709E-1
1.130000E1	5.297514E0	3.996527E-1
1.132000E1	5.303043E0	4.203117E-1
1.134000E1	5.306342E0	4.464294E-1
1.136000E1	5.304728E0	4.707997E-1
1.138000E1	5.304835E0	4.836033E-1
1.140000E1	5.296038E0	4.670626E-1
1.142000E1	5.307970E0	4.095882E-1
1.144000E1	5.311540E0	3.620217E-1
1.146000E1	5.310102E0	3.607908E-1
1.148000E1	5.301634E0	3.683832E-1
1.150000E1	5.300337E0	3.535172E-1
1.152000E1	5.302003E0	3.519047E-1
1.154000E1	5.305971E0	3.508935E-1
1.156000E1	5.307106E0	3.508474E-1
1.158000E1	5.311637E0	3.488216E-1
1.160000E1	5.311131E0	3.495001E-1
1.162000E1	5.310212E0	3.501263E-1
1.164000E1	5.309203E0	3.506439E-1
1.166000E1	5.309451E0	3.489030E-1
1.168000E1	5.311088E0	3.301462E-1
1.170000E1	5.306238E0	3.053808E-1
1.172000E1	5.310067E0	2.740421E-1
1.174000E1	5.314957E0	2.519180E-1
1.176000E1	5.311724E0	2.431175E-1
1.178000E1	5.314764E0	2.412857E-1
1.180000E1	5.319449E0	2.500103E-1
1.182000E1	5.316347E0	2.647058E-1
1.184000E1	5.320047E0	2.814704E-1
1.186000E1	5.320938E0	2.862871E-1
1.188000E1	5.319692E0	2.650034E-1
1.190000E1	5.320352E0	2.420816E-1
1.192000E1	5.326801E0	2.291911E-1
1.194000E1	5.324735E0	2.314705E-1
1.196000E1	5.323165E0	2.343808E-1
1.198000E1	5.318255E0	2.508900E-1
1.200000E1	5.312690E0	2.683656E-1
1.202000E1	5.311151E0	2.746742E-1
1.204000E1	5.309870E0	2.749473E-1
1.206000E1	5.308491E0	2.711196E-1
1.208000E1	5.307504E0	2.691437E-1
1.210000E1	5.308462E0	2.655812E-1
1.212000E1	5.307469E0	2.656957E-1
1.214000E1	5.311610E0	2.664468E-1
1.216000E1	5.314943E0	2.665755E-1
1.218000E1	5.318849E0	2.729786E-1
1.220000E1	5.320601E0	2.891768E-1
1.222000E1	5.325287E0	3.218793E-1
1.224000E1	5.324406E0	3.413846E-1
1.226000E1	5.325944E0	3.511380E-1
1.228000E1	5.324025E0	3.545129E-1
1.230000E1	5.328827E0	3.574213E-1
1.232000E1	5.328651E0	3.576776E-1
1.234000E1	5.320151E0	3.667476E-1
1.236000E1	5.326118E0	3.546048E-1
1.238000E1	5.327760E0	3.338750E-1
1.240000E1	5.324751E0	3.382600E-1
1.242000E1	5.323146E0	3.567838E-1
1.244000E1	5.325434E0	3.664281E-1
1.246000E1	5.325908E0	3.652304E-1
1.248000E1	5.330008E0	3.733691E-1
1.250000E1	5.336802E0	3.882662E-1
1.252000E1	5.347613E0	4.083175E-1
1.254000E1	5.352462E0	4.293920E-1
1.256000E1	5.353372E0	4.262136E-1
1.258000E1	5.352007E0	3.973210E-1
1.260000E1	5.364919E0	3.408938E-1
1.262000E1	5.376864E0	3.064979E-1
1.264000E1	5.384368E0	2.927173E-1
1.266000E1	5.380380E0	2.673955E-1
1.268000E1	5.373822E0	2.309662E-1
1.270000E1	5.362498E0	2.178437E-1
1.272000E1	5.370264E0	2.197563E-1
1.274000E1	5.369537E0	2.309545E-1
1.276000E1	5.373677E0	2.633086E-1
1.278000E1	5.377420E0	2.716425E-1
1.280000E1	5.382054E0	2.556983E-1
1.282000E1	5.399523E0	2.394186E-1
1.284000E1	5.418457E0	2.236311E-1
1.286000E1	5.419157E0	2.147506E-1
1.288000E1	5.417428E0	1.999698E-1
1.290000E1	5.411132E0	1.894981E-1
1.292000E1	5.412033E0	2.332502E-1
1.294000E1	5.407282E0	2.658268E-1
1.296000E1	5.408654E0	2.643405E-1
1.298000E1	5.408571E0	2.606441E-1
1.300000E1	5.408273E0	2.619852E-1
1.302000E1	5.409993E0	2.608677E-1
1.304000E1	5.408438E0	2.594606E-1
1.306000E1	5.407216E0	2.550221E-1
1.308000E1	5.405740E0	2.432316E-1
1.310000E1	5.403187E0	2.438746E-1
1.312000E1	5.399111E0	2.461029E-1
1.314000E1	5.403427E0	2.507630E-1
1.316000E1	5.404090E0	2.502252E-1
1.318000E1	5.405848E0	2.483485E-1
1.320000E1	5.407598E0	2.535225E-1
1.322000E1	5.407220E0	2.484910E-1
1.324000E1	5.406284E0	2.389974E-1
1.326000E1	5.407829E0	2.437521E-1
1.328000E1	5.409060E0	2.549786E-1
1.330000E1	5.413814E0	2.581504E-1
1.332000E1	5.413150E0	2.687710E-1
1.334000E1	5.411114E0	2.713688E-1
1.336000E1	5.412453E0	2.769226E-1
1.338000E1	5.416178E0	2.871725E-1
1.340000E1	5.417407E0	2.981032E-1
1.342000E1	5.427200E0	3.257909E-1
1.344000E1	5.428091E0	3.332958E-1
1.346000E1	5.426130E0	3.398073E-1
1.348000E1	5.427970E0	3.454278E-1
1.350000E1	5.425815E0	3.524976E-1
1.352000E1	5.433531E0	3.496645E-1
1.354000E1	5.449841E0	3.033913E-1
1.356000E1	5.474073E0	2.711477E-1
1.358000E1	5.484478E0	2.502500E-1
1.360000E1	5.497117E0	2.609402E-1
1.362000E1	5.503619E0	2.654212E-1
1.364000E1	5.515477E0	2.657376E-1
1.366000E1	5.519272E0	2.705369E-1
1.368000E1	5.520215E0	2.962195E-1
1.370000E1	5.528658E0	3.321263E-1
1.372000E1	5.548171E0	3.467614E-1
1.374000E1	5.578903E0	3.182183E-1
1.376000E1	5.581902E0	2.761160E-1
1.378000E1	5.583419E0	2.533109E-1
1.380000E1	5.581153E0	2.457912E-1
1.382000E1	5.562422E0	2.412462E-1
1.384000E1	5.555281E0	2.571687E-1
1.386000E1	5.556779E0	2.634110E-1
1.388000E1	5.547385E0	2.642952E-1
1.390000E1	5.556351E0	2.648686E-1
1.392000E1	5.553369E0	2.678922E-1
1.394000E1	5.555389E0	2.642344E-1
1.396000E1	5.558680E0	2.621872E-1
1.398000E1	5.558396E0	2.614578E-1
1.400000E1	5.559188E0	2.608739E-1
1.402000E1	5.560898E0	2.611156E-1
1.404000E1	5.560797E0	2.600393E-1
1.406000E1	5.555986E0	2.513603E-1
1.408000E1	5.552570E0	2.418428E-1
1.410000E1	5.554696E0	2.473656E-1
1.412000E1	5.555748E0	2.615234E-1
1.414000E1	5.558505E0	2.487544E-1
1.416000E1	5.558731E0	2.391188E-1
1.418000E1	5.560223E0	2.500916E-1
1.420000E1	5.559293E0	2.587697E-1
1.422000E1	5.561936E0	2.579350E-1
1.424000E1	5.562034E0	2.600334E-1
1.426000E1	5.550376E0	2.597752E-1
1.428000E1	5.552356E0	2.584715E-1
1.430000E1	5.555907E0	2.579870E-1
1.432000E1	5.556923E0	2.570487E-1
1.434000E1	5.559218E0	2.562429E-1
1.436000E1	5.559835E0	2.508101E-1
1.438000E1	5.560013E0	2.516971E-1
1.440000E1	5.560630E0	2.469533E-1
1.442000E1	5.560610E0	2.484396E-1
1.444000E1	5.562860E0	2.455053E-1
1.446000E1	5.563819E0	2.415994E-1
1.448000E1	5.571643E0	2.198893E-1
1.450000E1	5.576221E0	1.931351E-1
1.452000E1	5.579332E0	1.876497E-1
1.454000E1	5.576789E0	1.912446E-1
1.456000E1	5.590950E0	2.083119E-1
1.458000E1	5.609557E0	2.400365E-1
1.460000E1	5.622456E0	2.775948E-1
1.462000E1	5.621901E0	2.852987E-1
1.464000E1	5.644046E0	2.852187E-1
1.466000E1	5.671694E0	2.764192E-1
1.468000E1	5.694957E0	2.664194E-1
1.470000E1	5.712370E0	2.588255E-1
1.472000E1	5.718797E0	2.512321E-1
1.474000E1	5.701890E0	2.431004E-1
1.476000E1	5.692520E0	2.697600E-1
1.478000E1	5.697367E0	2.861691E-1
1.480000E1	5.705015E0	2.987640E-1
1.482000E1	5.712840E0	3.155888E-1
1.484000E1	5.712326E0	3.225068E-1
1.486000E1	5.721947E0	3.269295E-1
1.488000E1	5.723793E0	3.436336E-1
1.490000E1	5.723325E0	3.762261E-1
1.492000E1	5.724649E0	4.028473E-1
1.494000E1	5.719343E0	4.072410E-1
1.496000E1	5.711796E0	3.691317E-1
1.498000E1	5.717352E0	3.074128E-1
1.500000E1	5.710797E0	2.828865E-1
1.502000E1	5.709909E0	2.931016E-1
1.504000E1	5.712485E0	2.995431E-1
1.506000E1	5.704808E0	2.806999E-1
1.508000E1	5.705005E0	2.648626E-1
1.510000E1	5.709741E0	2.706602E-1
1.512000E1	5.710859E0	2.783286E-1
1.514000E1	5.712922E0	2.855753E-1
1.516000E1	5.712530E0	2.986066E-1
1.518000E1	5.708668E0	3.085813E-1
1.520000E1	5.708380E0	3.062526E-1
1.522000E1	5.710094E0	3.013277E-1
1.524000E1	5.710154E0	2.964881E-1
1.526000E1	5.710718E0	2.920529E-1
1.528000E1	5.711549E0	2.919310E-1
1.530000E1	5.712279E0	2.899510E-1
1.532000E1	5.713131E0	2.896282E-1
1.534000E1	5.713726E0	2.906055E-1
1.536000E1	5.714798E0	2.894918E-1
1.538000E1	5.716568E0	2.770149E-1
1.540000E1	5.721304E0	2.467567E-1
1.542000E1	5.719150E0	2.254871E-1
1.544000E1	5.718701E0	2.034581E-1
1.546000E1	5.717560E0	2.023127E-1
1.548000E1	5.718180E0	2.032331E-1
1.550000E1	5.716931E0	2.074333E-1
1.552000E1	5.717243E0	2.244282E-1
1.554000E1	5.717647E0	2.288074E-1
1.556000E1	5.720838E0	2.229050E-1
1.558000E1	5.729868E0	2.058902E-1
1.560000E1	5.732152E0	2.013181E-1
1.562000E1	5.735192E0	2.000415E-1
1.564000E1	5.736613E0	2.000544E-1
1.566000E1	5.726785E0	1.998495E-1
1.568000E1	5.724343E0	2.234986E-1
1.570000E1	5.722600E0	2.373308E-1
1.572000E1	5.721739E0	2.440224E-1
1.574000E1	5.728332E0	2.569447E-1
1.576000E1	5.729213E0	2.763128E-1
1.578000E1	5.739490E0	2.877889E-1
1.580000E1	5.743680E0	3.095319E-1
1.582000E1	5.740186E0	3.094062E-1
1.584000E1	5.744616E0	3.202183E-1
1.586000E1	5.758601E0	3.399167E-1
1.588000E1	5.754004E0	3.551881E-1
1.590000E1	5.758366E0	3.456395E-1
1.592000E1	5.766081E0	3.020497E-1
1.594000E1	5.766613E0	2.824173E-1
1.596000E1	5.774785E0	3.097573E-1
1.598000E1	5.776239E0	3.248111E-1
1.600000E1	5.783067E0	3.159510E-1
1.602000E1	5.793236E0	3.212960E-1
1.604000E1	5.793612E0	3.463648E-1
1.606000E1	5.790091E0	3.918675E-1
1.608000E1	5.783304E0	4.368184E-1
1.610000E1	5.777864E0	4.541739E-1
1.612000E1	5.781032E0	4.248114E-1
1.614000E1	5.782705E0	3.571918E-1
1.616000E1	5.776503E0	3.191797E-1
1.618000E1	5.777544E0	3.316199E-1
1.620000E1	5.775249E0	3.257386E-1
1.622000E1	5.772061E0	2.926147E-1
1.624000E1	5.769973E0	2.905068E-1
1.626000E1	5.772573E0	2.945621E-1
1.628000E1	5.773625E0	2.956211E-1
1.630000E1	5.780723E0	2.842860E-1
1.632000E1	5.794582E0	2.703307E-1
1.634000E1	5.800110E0	2.449142E-1
1.636000E1	5.807436E0	2.251456E-1
1.638000E1	5.812108E0	2.106185E-1
1.640000E1	5.813354E0	2.087084E-1
1.642000E1	5.813298E0	2.087262E-1
1.644000E1	5.812508E0	2.109688E-1
1.646000E1	5.816155E0	2.338043E-1
1.648000E1	5.821295E0	2.350438E-1
1.650000E1	5.827438E0	2.187600E-1
1.652000E1	5.838388E0	2.040258E-1
1.654000E1	5.848635E0	1.997645E-1
1.656000E1	5.866969E0	1.952608E-1
1.658000E1	5.866056E0	1.928901E-1
1.660000E1	5.851451E0	2.138016E-1
1.662000E1	5.852629E0	2.373490E-1
1.664000E1	5.853147E0	2.471880E-1
1.666000E1	5.853883E0	2.503168E-1
1.668000E1	5.856555E0	2.515169E-1
1.670000E1	5.858658E0	2.526392E-1
1.672000E1	5.860843E0	2.527008E-1
1.674000E1	5.861646E0	2.532414E-1
1.676000E1	5.864289E0	2.521526E-1
1.678000E1	5.865506E0	2.520606E-1
1.680000E1	5.864413E0	2.508531E-1
1.682000E1	5.862596E0	2.516675E-1
1.684000E1	5.863736E0	2.517283E-1
1.686000E1	5.863738E0	2.503622E-1
1.688000E1	5.865810E0	2.555429E-1
1.690000E1	5.866227E0	2.580069E-1
1.692000E1	5.870354E0	2.598364E-1
1.694000E1	5.873720E0	2.645313E-1
1.696000E1	5.881658E0	2.973127E-1
1.698000E1	5.884726E0	3.297982E-1
1.700000E1	5.876157E0	3.515071E-1
1.702000E1	5.876991E0	3.535324E-1
1.704000E1	5.876634E0	3.522715E-1
1.706000E1	5.875104E0	3.562526E-1
1.708000E1	5.875408E0	3.414012E-1
1.710000E1	5.885524E0	3.021459E-1
1.712000E1	5.884290E0	2.969621E-1
1.714000E1	5.890682E0	3.203513E-1
1.716000E1	5.889745E0	3.186029E-1
1.718000E1	5.890377E0	3.119714E-1
1.720000E1	5.901952E0	3.159333E-1
1.722000E1	5.926768E0	3.134964E-1
1.724000E1	5.949375E0	3.059008E-1
1.726000E1	5.987195E0	3.018556E-1
1.728000E1	5.999594E0	2.923066E-1
1.730000E1	5.996331E0	2.937293E-1
1.732000E1	5.983564E0	2.786924E-1
1.734000E1	5.983339E0	2.644713E-1
1.736000E1	5.975236E0	2.567529E-1
1.738000E1	5.981119E0	2.702858E-1
1.740000E1	5.983398E0	2.632595E-1
1.742000E1	5.984987E0	2.404878E-1
1.744000E1	6.007961E0	2.323085E-1
1.746000E1	6.028957E0	2.256721E-1
1.748000E1	6.041278E0	2.191970E-1
1.750000E1	6.049009E0	2.101410E-1
1.752000E1	6.044272E0	2.303426E-1
1.754000E1	6.038557E0	2.631905E-1
1.756000E1	6.033074E0	2.627880E-1
1.758000E1	6.026470E0	2.543798E-1
1.760000E1	6.025067E0	2.560983E-1
1.762000E1	6.026746E0	2.551710E-1
1.764000E1	6.027984E0	2.553208E-1
1.766000E1	6.028443E0	2.546768E-1
1.768000E1	6.029891E0	2.540639E-1
1.770000E1	6.031646E0	2.521932E-1
1.772000E1	6.028856E0	2.525984E-1
1.774000E1	6.028807E0	2.534157E-1
1.776000E1	6.025409E0	2.532607E-1
1.778000E1	6.022547E0	2.516634E-1
1.780000E1	6.021562E0	2.535272E-1
1.782000E1	6.020534E0	2.542896E-1
1.784000E1	6.021880E0	2.454845E-1
1.786000E1	6.021785E0	2.459085E-1
1.788000E1	6.022787E0	2.472268E-1
1.790000E1	6.024292E0	2.542292E-1
1.792000E1	6.025454E0	2.581146E-1
1.794000E1	6.025079E0	2.581624E-1
1.796000E1	6.025361E0	2.588733E-1
1.798000E1	6.024770E0	2.610681E-1
1.800000E1	6.024289E0	2.564099E-1
1.802000E1	6.026366E0	2.571164E-1
1.804000E1	6.026148E0	2.557067E-1
1.806000E1	6.026939E0	2.562021E-1
1.808000E1	6.030896E0	2.609714E-1
1.810000E1	6.036422E0	2.678798E-1
1.812000E1	6.043487E0	2.672118E-1
1.814000E1	6.064693E0	2.647723E-1
1.816000E1	6.085054E0	2.620285E-1
1.818000E1	6.106363E0	2.541542E-1
1.820000E1	6.122939E0	2.552468E-1
1.822000E1	6.129063E0	2.562712E-1
1.824000E1	6.132233E0	2.561754E-1
1.826000E1	6.134241E0	2.520809E-1
1.828000E1	6.129157E0	2.557844E-1
1.830000E1	6.134212E0	2.751434E-1
1.832000E1	6.161612E0	2.720421E-1
1.834000E1	6.196412E0	2.676425E-1
1.836000E1	6.232506E0	2.638357E-1
1.838000E1	6.262946E0	2.703344E-1
1.840000E1	6.285284E0	2.696869E-1
1.842000E1	6.288714E0	2.711149E-1
1.844000E1	6.272179E0	3.073898E-1
1.846000E1	6.252100E0	3.266125E-1
1.848000E1	6.239813E0	3.010590E-1
1.850000E1	6.234642E0	2.929692E-1
1.852000E1	6.228927E0	3.028347E-1
1.854000E1	6.227465E0	3.022626E-1
1.856000E1	6.224131E0	2.952964E-1
1.858000E1	6.220490E0	2.892589E-1
1.860000E1	6.225272E0	2.922771E-1
1.862000E1	6.227588E0	2.835711E-1
1.864000E1	6.227268E0	2.879928E-1
1.866000E1	6.229626E0	3.019122E-1
1.868000E1	6.227323E0	2.995358E-1
1.870000E1	6.226059E0	2.970945E-1
1.872000E1	6.227515E0	3.018625E-1
1.874000E1	6.224276E0	2.989943E-1
1.876000E1	6.219347E0	2.818778E-1
1.878000E1	6.221958E0	2.817205E-1
1.880000E1	6.224462E0	2.905903E-1
1.882000E1	6.226269E0	2.971468E-1
1.884000E1	6.226418E0	3.011357E-1
1.886000E1	6.226965E0	3.035515E-1
1.888000E1	6.227505E0	3.034400E-1
1.890000E1	6.228007E0	3.050295E-1
1.892000E1	6.226242E0	3.031530E-1
1.894000E1	6.227122E0	3.030748E-1
1.896000E1	6.226291E0	3.019836E-1
1.898000E1	6.225377E0	2.994008E-1
1.900000E1	6.225755E0	2.985754E-1
1.902000E1	6.226412E0	3.001662E-1
1.904000E1	6.224337E0	2.972612E-1
1.906000E1	6.232223E0	2.965258E-1
1.908000E1	6.234567E0	2.978087E-1
1.910000E1	6.237187E0	2.860169E-1
1.912000E1	6.237368E0	2.762557E-1
1.914000E1	6.235289E0	2.657459E-1
1.916000E1	6.235716E0	2.604737E-1
1.918000E1	6.236511E0	2.633630E-1
1.920000E1	6.235892E0	2.731986E-1
1.922000E1	6.235538E0	2.770163E-1
1.924000E1	6.247066E0	2.756558E-1
1.926000E1	6.264167E0	2.780347E-1
1.928000E1	6.297640E0	2.708874E-1
1.930000E1	6.320086E0	2.622809E-1
1.932000E1	6.331664E0	2.705189E-1
1.934000E1	6.333499E0	2.730716E-1
1.936000E1	6.322931E0	3.018051E-1
1.938000E1	6.322737E0	3.050614E-1
1.940000E1	6.319438E0	3.023267E-1
1.942000E1	6.319229E0	3.035254E-1
1.944000E1	6.318704E0	3.069269E-1
1.946000E1	6.327979E0	3.113810E-1
1.948000E1	6.330251E0	3.159831E-1
1.950000E1	6.333905E0	3.208200E-1
1.952000E1	6.340585E0	3.168242E-1
1.954000E1	6.356663E0	3.162794E-1
1.956000E1	6.354514E0	3.255543E-1
1.958000E1	6.349591E0	3.511172E-1
1.960000E1	6.348297E0	3.594769E-1
1.962000E1	6.344165E0	3.388375E-1
1.964000E1	6.339596E0	3.145889E-1
1.966000E1	6.337279E0	3.129497E-1
1.968000E1	6.327986E0	3.109423E-1
1.970000E1	6.325412E0	3.006317E-1
1.972000E1	6.324792E0	3.000987E-1
1.974000E1	6.324248E0	3.014319E-1
1.976000E1	6.325315E0	3.017627E-1
1.978000E1	6.323544E0	2.977290E-1
1.980000E1	6.325239E0	3.068184E-1
1.982000E1	6.328852E0	3.094303E-1
1.984000E1	6.329762E0	3.056474E-1
1.986000E1	6.333042E0	3.101933E-1
1.988000E1	6.333066E0	3.089470E-1
1.990000E1	6.328484E0	2.982812E-1
1.992000E1	6.328990E0	2.998880E-1
1.994000E1	6.328754E0	3.000820E-1
1.996000E1	6.328008E0	2.917660E-1
1.998000E1	6.331790E0	2.944536E-1
2.000000E1	6.336605E0	3.004559E-1
2.002000E1	6.345791E0	2.794328E-1
2.004000E1	6.353702E0	2.799972E-1
2.006000E1	6.347448E0	2.852064E-1
2.008000E1	6.344419E0	2.891478E-1
2.010000E1	6.341139E0	2.916909E-1
2.012000E1	6.336047E0	2.994781E-1
2.014000E1	6.331720E0	3.076780E-1
2.016000E1	6.338985E0	2.959178E-1
2.018000E1	6.345576E0	2.937649E-1
2.020000E1	6.344428E0	2.948467E-1
2.022000E1	6.352050E0	2.915642E-1
2.024000E1	6.351298E0	2.965158E-1
2.026000E1	6.347599E0	2.981716E-1
2.028000E1	6.344079E0	3.055149E-1
2.030000E1	6.337560E0	3.091060E-1
2.032000E1	6.332418E0	3.101761E-1
2.034000E1	6.333472E0	3.098846E-1
2.036000E1	6.334310E0	3.086575E-1
2.038000E1	6.333521E0	3.163152E-1
2.040000E1	6.343624E0	3.191242E-1
2.042000E1	6.344523E0	3.219901E-1
2.044000E1	6.353754E0	3.295795E-1
2.046000E1	6.354572E0	3.292330E-1
2.048000E1	6.351384E0	3.247228E-1
2.050000E1	6.355034E0	3.346840E-1
2.052000E1	6.351805E0	3.390110E-1
2.054000E1	6.349009E0	3.410882E-1
2.056000E1	6.346507E0	3.440386E-1
2.058000E1	6.345080E0	3.448560E-1
2.060000E1	6.344263E0	3.460714E-1
2.062000E1	6.348068E0	3.508722E-1
2.064000E1	6.351664E0	3.537700E-1
2.066000E1	6.357187E0	3.608930E-1
2.068000E1	6.367923E0	3.619788E-1
2.070000E1	6.376607E0	3.680161E-1
2.072000E1	6.381119E0	3.771402E-1
2.074000E1	6.386641E0	3.923883E-1
2.076000E1	6.388752E0	3.970265E-1
2.078000E1	6.390243E0	3.821420E-1
2.080000E1	6.386100E0	3.640858E-1
2.082000E1	6.385654E0	3.592906E-1
2.084000E1	6.381252E0	3.528096E-1
2.086000E1	6.376408E0	3.378827E-1
2.088000E1	6.377231E0	3.392071E-1
2.090000E1	6.378820E0	3.419905E-1
2.092000E1	6.385385E0	3.375741E-1
2.094000E1	6.393668E0	3.204308E-1
2.096000E1	6.395307E0	3.067192E-1
2.098000E1	6.402153E0	3.057311E-1
2.100000E1	6.401810E0	3.030092E-1
2.102000E1	6.399391E0	3.022322E-1
2.104000E1	6.395900E0	3.046620E-1
2.106000E1	6.392636E0	3.109997E-1
2.108000E1	6.391910E0	3.082448E-1
2.110000E1	6.395164E0	3.020390E-1
2.112000E1	6.402268E0	3.018024E-1
2.114000E1	6.407176E0	2.921686E-1
2.116000E1	6.408630E0	2.977219E-1
2.118000E1	6.427129E0	2.961655E-1
2.120000E1	6.429566E0	2.978414E-1
2.122000E1	6.427065E0	3.121755E-1
2.124000E1	6.423413E0	3.141502E-1
2.126000E1	6.422001E0	3.125857E-1
2.128000E1	6.421057E0	3.148712E-1
2.130000E1	6.423533E0	3.139647E-1
2.132000E1	6.427116E0	3.099577E-1
2.134000E1	6.428857E0	3.089684E-1
2.136000E1	6.430533E0	3.109822E-1
2.138000E1	6.431655E0	3.094378E-1
2.140000E1	6.432158E0	3.076832E-1
2.142000E1	6.431568E0	3.087370E-1
2.144000E1	6.430197E0	3.079992E-1
2.146000E1	6.430930E0	3.062930E-1
2.148000E1	6.430142E0	3.073824E-1
2.150000E1	6.430404E0	3.083466E-1
2.152000E1	6.430955E0	3.072002E-1
2.154000E1	6.431509E0	3.073045E-1
2.156000E1	6.437093E0	3.143218E-1
2.158000E1	6.438500E0	3.151135E-1
2.160000E1	6.442158E0	3.222923E-1
2.162000E1	6.441377E0	3.186041E-1
2.164000E1	6.442761E0	3.200230E-1
2.166000E1	6.441898E0	3.248133E-1
2.168000E1	6.444558E0	3.250290E-1
2.170000E1	6.443823E0	3.202586E-1
2.172000E1	6.446875E0	3.187809E-1
2.174000E1	6.443216E0	3.151030E-1
2.176000E1	6.442917E0	3.116833E-1
2.178000E1	6.443222E0	3.165480E-1
2.180000E1	6.443148E0	3.156172E-1
2.182000E1	6.450608E0	3.109019E-1
2.184000E1	6.462348E0	3.169451E-1
2.186000E1	6.484549E0	3.153812E-1
2.188000E1	6.510362E0	2.993401E-1
2.190000E1	6.530189E0	3.022985E-1
2.192000E1	6.531710E0	3.135630E-1
2.194000E1	6.523042E0	3.081783E-1
2.196000E1	6.513548E0	2.961585E-1
2.198000E1	6.509480E0	3.053269E-1
2.200000E1	6.496699E0	3.121720E-1
2.202000E1	6.496919E0	2.966720E-1
2.204000E1	6.496561E0	2.957756E-1
2.206000E1	6.495062E0	2.977439E-1
2.208000E1	6.508545E0	2.888083E-1
2.210000E1	6.508285E0	2.887675E-1
2.212000E1	6.502526E0	2.934703E-1
2.214000E1	6.496280E0	3.094126E-1
2.216000E1	6.493571E0	3.134966E-1
2.218000E1	6.488786E0	3.147037E-1
2.220000E1	6.488991E0	3.128112E-1
2.222000E1	6.486745E0	3.120136E-1
2.224000E1	6.483224E0	3.113987E-1
2.226000E1	6.486171E0	3.107922E-1
2.228000E1	6.485967E0	3.105427E-1
2.230000E1	6.487789E0	3.101315E-1
2.232000E1	6.487372E0	3.074350E-1
2.234000E1	6.487376E0	3.061986E-1
2.236000E1	6.487312E0	3.086785E-1
2.238000E1	6.487292E0	3.082020E-1
2.240000E1	6.483489E0	3.063304E-1
2.242000E1	6.483094E0	3.058909E-1
2.244000E1	6.480694E0	3.053397E-1
2.246000E1	6.480403E0	3.045426E-1
2.248000E1	6.482006E0	3.045270E-1
2.250000E1	6.481951E0	3.035108E-1
2.252000E1	6.483227E0	3.061913E-1
2.254000E1	6.483682E0	3.077096E-1
2.256000E1	6.483953E0	3.068592E-1
2.258000E1	6.483564E0	3.087901E-1
2.260000E1	6.484177E0	3.095416E-1
2.262000E1	6.483652E0	3.092377E-1
2.264000E1	6.484679E0	3.107085E-1
2.266000E1	6.485213E0	3.118720E-1
2.268000E1	6.485890E0	3.088949E-1
2.270000E1	6.488814E0	3.125579E-1
2.272000E1	6.491029E0	3.137138E-1
2.274000E1	6.490681E0	3.114930E-1
2.276000E1	6.496541E0	3.112709E-1
2.278000E1	6.505495E0	3.141309E-1
2.280000E1	6.518507E0	3.140395E-1
2.282000E1	6.537873E0	3.001975E-1
2.284000E1	6.544892E0	3.000569E-1
2.286000E1	6.545692E0	3.039144E-1
2.288000E1	6.541811E0	3.061740E-1
2.290000E1	6.533613E0	3.039549E-1
2.292000E1	6.535282E0	3.090412E-1
2.294000E1	6.540890E0	3.272466E-1
2.296000E1	6.549012E0	3.225316E-1
2.298000E1	6.566534E0	3.192317E-1
2.300000E1	6.593373E0	3.179489E-1
2.302000E1	6.618226E0	3.155623E-1
2.304000E1	6.636854E0	3.124512E-1
2.306000E1	6.643683E0	3.111783E-1
2.308000E1	6.617923E0	3.469727E-1
2.310000E1	6.599148E0	3.522849E-1
2.312000E1	6.589492E0	3.267567E-1
2.314000E1	6.580519E0	3.241502E-1
2.316000E1	6.578577E0	3.229765E-1
2.318000E1	6.579415E0	3.155870E-1
2.320000E1	6.577828E0	3.168849E-1
2.322000E1	6.579283E0	3.155922E-1
2.324000E1	6.581073E0	3.139094E-1
2.326000E1	6.582189E0	3.032418E-1
2.328000E1	6.581178E0	3.053112E-1
2.330000E1	6.581698E0	3.095543E-1
2.332000E1	6.582860E0	3.081587E-1
2.334000E1	6.583255E0	3.081474E-1
2.336000E1	6.583112E0	3.095796E-1
2.338000E1	6.579762E0	3.056352E-1
2.340000E1	6.577829E0	3.044734E-1
2.342000E1	6.579366E0	3.055691E-1
2.344000E1	6.580070E0	3.054575E-1
2.346000E1	6.581214E0	3.067436E-1
2.348000E1	6.581309E0	3.075562E-1
2.350000E1	6.581356E0	3.075471E-1
2.352000E1	6.580676E0	3.084965E-1
2.354000E1	6.582526E0	3.102883E-1
2.356000E1	6.580457E0	3.068150E-1
2.358000E1	6.579307E0	3.065502E-1
2.360000E1	6.578314E0	3.098212E-1
2.362000E1	6.580555E0	3.071948E-1
2.364000E1	6.581191E0	3.073315E-1
2.366000E1	6.581694E0	3.065017E-1
2.368000E1	6.579606E0	3.045133E-1
2.370000E1	6.582640E0	3.061938E-1
2.372000E1	6.585534E0	3.057464E-1
2.374000E1	6.587612E0	2.988967E-1
2.376000E1	6.591697E0	2.947036E-1
2.378000E1	6.590441E0	2.971619E-1
2.380000E1	6.589610E0	2.979751E-1
2.382000E1	6.593379E0	3.054988E-1
2.384000E1	6.595375E0	3.061894E-1
2.386000E1	6.594500E0	3.189969E-1
2.388000E1	6.593639E0	3.175199E-1
2.390000E1	6.605908E0	3.141131E-1
2.392000E1	6.626724E0	3.147190E-1
2.394000E1	6.651993E0	3.023078E-1
2.396000E1	6.661013E0	3.044409E-1
2.398000E1	6.666233E0	3.084542E-1
2.400000E1	6.670729E0	3.088353E-1
