	mass A		
t	x	y	
0.000000E0	5.111271E-3	-5.111271E-3
2.000000E-2	5.093041E-2	8.112100E-2
4.000000E-2	1.052799E-1	1.854949E-1
6.000000E-2	1.441842E-1	2.566688E-1
8.000000E-2	1.580066E-1	2.533849E-1
1.000000E-1	1.537811E-1	1.691352E-1
1.200000E-1	1.544621E-1	8.172100E-2
1.400000E-1	1.662044E-1	8.225335E-2
1.600000E-1	1.818688E-1	1.235724E-1
1.800000E-1	1.752701E-1	1.368862E-1
2.000000E-1	1.715561E-1	1.373136E-1
2.200000E-1	1.730254E-1	1.356932E-1
2.400000E-1	1.897257E-1	1.657515E-1
2.600000E-1	2.087823E-1	1.754240E-1
2.800000E-1	2.302277E-1	1.535424E-1
3.000000E-1	2.480123E-1	7.683243E-2
3.200000E-1	2.623219E-1	9.902684E-3
3.400000E-1	2.797154E-1	-2.757347E-2
3.600000E-1	2.910123E-1	-2.908726E-2
3.800000E-1	3.119074E-1	-1.430268E-2
4.000000E-1	3.118239E-1	-1.223092E-2
4.200000E-1	3.212298E-1	-2.241236E-2
4.400000E-1	3.195802E-1	-3.341961E-2
4.600000E-1	3.196595E-1	-3.795159E-2
4.800000E-1	3.289971E-1	-5.091278E-3
5.000000E-1	3.486860E-1	5.050028E-3
5.200000E-1	3.820480E-1	-1.288419E-2
5.400000E-1	4.072091E-1	-4.114393E-2
5.600000E-1	4.374415E-1	-5.815457E-2
5.800000E-1	4.546524E-1	-5.898851E-2
6.000000E-1	4.726651E-1	-4.977947E-2
6.200000E-1	4.808598E-1	-4.742563E-2
6.400000E-1	4.933293E-1	-5.236475E-3
6.600000E-1	5.164842E-1	4.770818E-2
6.800000E-1	5.255913E-1	9.219745E-2
7.000000E-1	5.228376E-1	1.193335E-1
7.200000E-1	5.222321E-1	1.174974E-1
7.400000E-1	5.390423E-1	1.182059E-1
7.600000E-1	5.681568E-1	1.061236E-1
7.800000E-1	5.919615E-1	8.444292E-2
8.000000E-1	5.993272E-1	7.797119E-2
8.200000E-1	6.300926E-1	7.778486E-2
8.400000E-1	6.257355E-1	8.436464E-2
8.600000E-1	6.179439E-1	1.143208E-1
8.800000E-1	6.320864E-1	1.636997E-1
9.000000E-1	6.363126E-1	1.915537E-1
9.200000E-1	6.450695E-1	2.134169E-1
9.400000E-1	6.663884E-1	2.110675E-1
9.600000E-1	7.015049E-1	2.079229E-1
9.800000E-1	7.274013E-1	1.850950E-1
1.000000E0	7.288796E-1	1.787016E-1
1.020000E0	7.163335E-1	1.892657E-1
1.040000E0	7.252666E-1	2.255562E-1
1.060000E0	7.319799E-1	2.499410E-1
1.080000E0	7.373800E-1	2.178418E-1
1.100000E0	7.532457E-1	1.575664E-1
1.120000E0	7.792759E-1	1.108978E-1
1.140000E0	7.852578E-1	1.147703E-1
1.160000E0	8.084107E-1	1.345409E-1
1.180000E0	8.354415E-1	1.500328E-1
1.200000E0	8.592093E-1	1.876445E-1
1.220000E0	8.853071E-1	2.405145E-1
1.240000E0	8.909678E-1	2.579687E-1
1.260000E0	9.135375E-1	2.399272E-1
1.280000E0	9.553958E-1	1.829528E-1
1.300000E0	9.974336E-1	1.135153E-1
1.320000E0	1.019833E0	6.474991E-2
1.340000E0	1.028713E0	3.819829E-2
1.360000E0	1.036832E0	4.442814E-2
1.380000E0	1.050250E0	4.872073E-2
1.400000E0	1.052355E0	5.701151E-2
1.420000E0	1.057058E0	7.303937E-2
1.440000E0	1.068584E0	1.303876E-1
1.460000E0	1.083463E0	1.716342E-1
1.480000E0	1.127996E0	1.450951E-1
1.500000E0	1.158251E0	8.098729E-2
1.520000E0	1.168847E0	2.917772E-2
1.540000E0	1.162040E0	6.085123E-3
1.560000E0	1.175012E0	5.395840E-3
1.580000E0	1.194765E0	6.941093E-3
1.600000E0	1.186388E0	8.605321E-3
1.620000E0	1.190574E0	3.929245E-2
1.640000E0	1.192762E0	7.003412E-2
1.660000E0	1.192545E0	7.900291E-2
1.680000E0	1.188511E0	8.264823E-2
1.700000E0	1.189929E0	8.165318E-2
1.720000E0	1.188562E0	8.511885E-2
1.740000E0	1.187536E0	8.732069E-2
1.760000E0	1.189853E0	5.807262E-2
1.780000E0	1.206166E0	4.394780E-2
1.800000E0	1.222812E0	6.848626E-2
1.820000E0	1.220710E0	9.535826E-2
1.840000E0	1.238271E0	1.147951E-1
1.860000E0	1.240767E0	1.238888E-1
1.880000E0	1.252012E0	1.548481E-1
1.900000E0	1.261204E0	1.617974E-1
1.920000E0	1.292625E0	1.505241E-1
1.940000E0	1.315130E0	1.231205E-1
1.960000E0	1.342095E0	1.099314E-1
1.980000E0	1.344225E0	1.140070E-1
2.000000E0	1.347686E0	1.455681E-1
2.020000E0	1.341066E0	1.734923E-1
2.040000E0	1.343609E0	1.576488E-1
2.060000E0	1.343799E0	1.358305E-1
2.080000E0	1.352941E0	1.633012E-1
2.100000E0	1.364177E0	1.766211E-1
2.120000E0	1.385689E0	1.949820E-1
2.140000E0	1.409297E0	2.094507E-1
2.160000E0	1.422182E0	2.242069E-1
2.180000E0	1.439235E0	2.443107E-1
2.200000E0	1.449241E0	2.481270E-1
2.220000E0	1.466982E0	2.001315E-1
2.240000E0	1.502128E0	1.268882E-1
2.260000E0	1.529458E0	1.103059E-1
2.280000E0	1.566942E0	1.150226E-1
2.300000E0	1.588585E0	9.630236E-2
2.320000E0	1.597618E0	7.504263E-2
2.340000E0	1.593312E0	5.821563E-2
2.360000E0	1.600804E0	5.153564E-2
2.380000E0	1.619368E0	5.049699E-2
2.400000E0	1.659429E0	9.036010E-2
2.420000E0	1.690517E0	1.553427E-1
2.440000E0	1.747444E0	1.796453E-1
2.460000E0	1.796121E0	1.808912E-1
2.480000E0	1.824954E0	1.500916E-1
2.500000E0	1.845457E0	1.197117E-1
2.520000E0	1.846701E0	9.245483E-2
2.540000E0	1.821496E0	6.826813E-2
2.560000E0	1.815469E0	6.043375E-2
2.580000E0	1.841229E0	9.100093E-2
2.600000E0	1.853477E0	1.205451E-1
2.620000E0	1.849828E0	1.510528E-1
2.640000E0	1.849688E0	1.786029E-1
2.660000E0	1.859972E0	2.074276E-1
2.680000E0	1.888183E0	2.061924E-1
2.700000E0	1.907430E0	1.805807E-1
2.720000E0	1.915075E0	1.236604E-1
2.740000E0	1.936102E0	8.836047E-2
2.760000E0	1.937866E0	7.516148E-2
2.780000E0	1.939973E0	9.190979E-2
2.800000E0	1.946617E0	1.152599E-1
2.820000E0	1.942980E0	1.215261E-1
2.840000E0	1.943089E0	1.041673E-1
2.860000E0	1.923957E0	6.587815E-2
2.880000E0	1.926284E0	3.466779E-2
2.900000E0	1.935059E0	2.549964E-2
2.920000E0	1.938201E0	3.096414E-2
2.940000E0	1.949947E0	5.600621E-2
2.960000E0	1.955626E0	8.262993E-2
2.980000E0	1.959206E0	1.116929E-1
3.000000E0	1.956617E0	1.088932E-1
3.020000E0	1.955886E0	1.173898E-1
3.040000E0	1.959172E0	1.235620E-1
3.060000E0	1.968546E0	1.419282E-1
3.080000E0	1.977761E0	1.592823E-1
3.100000E0	1.991388E0	1.651881E-1
3.120000E0	2.010276E0	1.695086E-1
3.140000E0	2.020751E0	1.654860E-1
3.160000E0	2.032748E0	1.538922E-1
3.180000E0	2.063436E0	1.263352E-1
3.200000E0	2.090394E0	1.188688E-1
3.220000E0	2.104985E0	1.117040E-1
3.240000E0	2.117726E0	8.301244E-2
3.260000E0	2.117257E0	7.644916E-2
3.280000E0	2.126292E0	9.689738E-2
3.300000E0	2.146926E0	1.056032E-1
3.320000E0	2.151068E0	1.046969E-1
3.340000E0	2.150827E0	1.158898E-1
3.360000E0	2.153908E0	1.517836E-1
3.380000E0	2.172402E0	1.363095E-1
3.400000E0	2.196947E0	1.275717E-1
3.420000E0	2.217041E0	1.228238E-1
3.440000E0	2.219011E0	1.297482E-1
3.460000E0	2.218245E0	1.340491E-1
3.480000E0	2.216443E0	1.346835E-1
3.500000E0	2.208442E0	1.500852E-1
3.520000E0	2.214790E0	1.775584E-1
3.540000E0	2.232812E0	2.012029E-1
3.560000E0	2.247869E0	1.981892E-1
3.580000E0	2.256699E0	1.882313E-1
3.600000E0	2.270296E0	1.762885E-1
3.620000E0	2.305383E0	1.832391E-1
3.640000E0	2.355269E0	2.105463E-1
3.660000E0	2.375046E0	2.559274E-1
3.680000E0	2.394134E0	3.084224E-1
3.700000E0	2.420292E0	3.430418E-1
3.720000E0	2.395563E0	3.206513E-1
3.740000E0	2.397806E0	2.577809E-1
3.760000E0	2.405564E0	2.071465E-1
3.780000E0	2.418213E0	1.967892E-1
3.800000E0	2.415361E0	1.941907E-1
3.820000E0	2.395554E0	1.732135E-1
3.840000E0	2.371132E0	1.549602E-1
3.860000E0	2.346845E0	1.683575E-1
3.880000E0	2.359690E0	1.973997E-1
3.900000E0	2.374616E0	2.129589E-1
3.920000E0	2.399293E0	2.198609E-1
3.940000E0	2.438166E0	2.201111E-1
3.960000E0	2.441497E0	1.931295E-1
3.980000E0	2.448232E0	1.738504E-1
4.000000E0	2.452097E0	1.806274E-1
4.020000E0	2.454588E0	1.881998E-1
4.040000E0	2.455557E0	1.868829E-1
4.060000E0	2.459457E0	1.886863E-1
4.080000E0	2.459175E0	1.912299E-1
4.100000E0	2.460606E0	1.829148E-1
4.120000E0	2.465977E0	1.708400E-1
4.140000E0	2.470177E0	1.627225E-1
4.160000E0	2.484714E0	1.504709E-1
4.180000E0	2.504634E0	1.278281E-1
4.200000E0	2.505927E0	1.139348E-1
4.220000E0	2.511711E0	1.053416E-1
4.240000E0	2.519398E0	1.082365E-1
4.260000E0	2.529717E0	1.239127E-1
4.280000E0	2.538249E0	1.471696E-1
4.300000E0	2.548569E0	1.794686E-1
4.320000E0	2.563805E0	1.915674E-1
4.340000E0	2.593621E0	1.778554E-1
4.360000E0	2.616658E0	1.709919E-1
4.380000E0	2.629661E0	1.635807E-1
4.400000E0	2.647273E0	1.644812E-1
4.420000E0	2.665224E0	1.566763E-1
4.440000E0	2.662503E0	1.584119E-1
4.460000E0	2.641822E0	1.928284E-1
4.480000E0	2.643700E0	2.014977E-1
4.500000E0	2.649274E0	2.021077E-1
4.520000E0	2.653075E0	2.140448E-1
4.540000E0	2.662197E0	2.272842E-1
4.560000E0	2.676649E0	2.330713E-1
4.580000E0	2.693258E0	2.450984E-1
4.600000E0	2.717051E0	2.604251E-1
4.620000E0	2.740085E0	2.835994E-1
4.640000E0	2.762999E0	3.025351E-1
4.660000E0	2.738660E0	3.118401E-1
4.680000E0	2.720823E0	3.087631E-1
4.700000E0	2.719917E0	3.072176E-1
4.720000E0	2.718488E0	3.044353E-1
4.740000E0	2.720511E0	2.932362E-1
4.760000E0	2.704088E0	2.449417E-1
4.780000E0	2.700969E0	1.927404E-1
4.800000E0	2.705546E0	1.698349E-1
4.820000E0	2.712051E0	1.633087E-1
4.840000E0	2.713946E0	1.801807E-1
4.860000E0	2.718117E0	2.552613E-1
4.880000E0	2.746229E0	3.467087E-1
4.900000E0	2.785766E0	4.109249E-1
4.920000E0	2.785779E0	4.245640E-1
4.940000E0	2.780307E0	3.856298E-1
4.960000E0	2.784243E0	3.400104E-1
4.980000E0	2.786302E0	3.211093E-1
5.000000E0	2.782500E0	3.012771E-1
5.020000E0	2.779820E0	2.957230E-1
5.040000E0	2.777321E0	3.025004E-1
5.060000E0	2.771839E0	3.188826E-1
5.080000E0	2.774263E0	3.495458E-1
5.100000E0	2.801621E0	3.827722E-1
5.120000E0	2.847310E0	3.968921E-1
5.140000E0	2.886942E0	3.841604E-1
5.160000E0	2.902391E0	3.628266E-1
5.180000E0	2.907530E0	3.349530E-1
5.200000E0	2.914103E0	2.868818E-1
5.220000E0	2.911927E0	2.311744E-1
5.240000E0	2.902356E0	1.957184E-1
5.260000E0	2.919760E0	2.165629E-1
5.280000E0	2.928748E0	2.325338E-1
5.300000E0	2.939340E0	2.254799E-1
5.320000E0	2.953146E0	2.059759E-1
5.340000E0	2.967812E0	1.909033E-1
5.360000E0	2.978489E0	1.947410E-1
5.380000E0	2.981934E0	1.962205E-1
5.400000E0	2.973906E0	1.938291E-1
5.420000E0	2.970691E0	2.226242E-1
5.440000E0	2.973065E0	2.476086E-1
5.460000E0	2.971571E0	2.497228E-1
5.480000E0	2.971232E0	2.545070E-1
5.500000E0	2.976718E0	2.677481E-1
5.520000E0	2.992189E0	2.813440E-1
5.540000E0	3.007796E0	3.012354E-1
5.560000E0	3.024720E0	3.079055E-1
5.580000E0	3.042598E0	3.112256E-1
5.600000E0	3.048269E0	3.087169E-1
5.620000E0	3.051352E0	3.079887E-1
5.640000E0	3.048916E0	3.223396E-1
5.660000E0	3.050450E0	3.208297E-1
5.680000E0	3.055973E0	3.029476E-1
5.700000E0	3.053271E0	2.764269E-1
5.720000E0	3.053821E0	2.440006E-1
5.740000E0	3.065513E0	2.216514E-1
5.760000E0	3.094992E0	2.287591E-1
5.780000E0	3.112228E0	2.572010E-1
5.800000E0	3.134832E0	2.933941E-1
5.820000E0	3.143718E0	3.462563E-1
5.840000E0	3.132405E0	4.024254E-1
5.860000E0	3.128564E0	4.389979E-1
5.880000E0	3.129934E0	4.235609E-1
5.900000E0	3.140605E0	3.548419E-1
5.920000E0	3.148599E0	3.186796E-1
5.940000E0	3.153790E0	3.301177E-1
5.960000E0	3.157234E0	3.386078E-1
5.980000E0	3.155469E0	3.186522E-1
6.000000E0	3.154519E0	2.942146E-1
6.020000E0	3.160836E0	2.880812E-1
6.040000E0	3.174958E0	2.725397E-1
6.060000E0	3.211820E0	2.801015E-1
6.080000E0	3.266693E0	3.089980E-1
6.100000E0	3.319048E0	3.199827E-1
6.120000E0	3.339863E0	3.201409E-1
6.140000E0	3.335453E0	3.161490E-1
6.160000E0	3.345971E0	3.305495E-1
6.180000E0	3.348900E0	3.650090E-1
6.200000E0	3.361299E0	4.021174E-1
6.220000E0	3.375732E0	4.049628E-1
6.240000E0	3.391225E0	3.620312E-1
6.260000E0	3.418581E0	3.208243E-1
6.280000E0	3.470025E0	3.163509E-1
6.300000E0	3.522126E0	3.540961E-1
6.320000E0	3.540125E0	3.899397E-1
6.340000E0	3.534176E0	4.159654E-1
6.360000E0	3.542674E0	4.423490E-1
6.380000E0	3.567640E0	4.767941E-1
6.400000E0	3.587083E0	4.861598E-1
6.420000E0	3.596588E0	4.685080E-1
6.440000E0	3.605596E0	4.321306E-1
6.460000E0	3.614752E0	3.928063E-1
6.480000E0	3.629656E0	3.701742E-1
6.500000E0	3.630830E0	3.593558E-1
6.520000E0	3.636336E0	3.317029E-1
6.540000E0	3.640334E0	3.238919E-1
6.560000E0	3.629470E0	3.234069E-1
6.580000E0	3.630267E0	3.204689E-1
6.600000E0	3.629650E0	3.187383E-1
6.620000E0	3.629960E0	3.154975E-1
6.640000E0	3.624973E0	3.112154E-1
6.660000E0	3.617650E0	2.887899E-1
6.680000E0	3.617015E0	2.575489E-1
6.700000E0	3.622862E0	2.521844E-1
6.720000E0	3.629196E0	2.720665E-1
6.740000E0	3.643773E0	2.977045E-1
6.760000E0	3.653251E0	3.225274E-1
6.780000E0	3.648012E0	3.331718E-1
6.800000E0	3.645622E0	3.477008E-1
6.820000E0	3.643559E0	3.606894E-1
6.840000E0	3.642046E0	3.603146E-1
6.860000E0	3.645687E0	3.621882E-1
6.880000E0	3.646718E0	3.642609E-1
6.900000E0	3.644735E0	3.603997E-1
6.920000E0	3.642645E0	3.536783E-1
6.940000E0	3.639193E0	3.489666E-1
6.960000E0	3.644107E0	3.453847E-1
6.980000E0	3.660908E0	3.353187E-1
7.000000E0	3.688214E0	3.447413E-1
7.020000E0	3.717261E0	3.424254E-1
7.040000E0	3.746247E0	3.341547E-1
7.060000E0	3.759032E0	3.352195E-1
7.080000E0	3.769131E0	3.443573E-1
7.100000E0	3.773370E0	3.460847E-1
7.120000E0	3.759712E0	3.284319E-1
7.140000E0	3.751107E0	3.428009E-1
7.160000E0	3.749300E0	3.573311E-1
7.180000E0	3.755218E0	3.430206E-1
7.200000E0	3.761311E0	3.212406E-1
7.220000E0	3.776329E0	2.960746E-1
7.240000E0	3.794636E0	2.761209E-1
7.260000E0	3.800339E0	2.828138E-1
7.280000E0	3.800909E0	2.813091E-1
7.300000E0	3.821785E0	3.030523E-1
7.320000E0	3.841678E0	3.422509E-1
7.340000E0	3.843520E0	3.704992E-1
7.360000E0	3.843987E0	3.689107E-1
7.380000E0	3.844507E0	3.665506E-1
7.400000E0	3.846468E0	3.586500E-1
7.420000E0	3.848549E0	3.456053E-1
7.440000E0	3.846017E0	3.420708E-1
7.460000E0	3.847998E0	3.393511E-1
7.480000E0	3.848841E0	3.318829E-1
7.500000E0	3.846943E0	3.331387E-1
7.520000E0	3.843677E0	3.427912E-1
7.540000E0	3.839907E0	3.657366E-1
7.560000E0	3.836071E0	3.664298E-1
7.580000E0	3.838668E0	3.622943E-1
7.600000E0	3.840166E0	3.451691E-1
7.620000E0	3.833154E0	3.188876E-1
7.640000E0	3.820811E0	2.887663E-1
7.660000E0	3.824091E0	2.895885E-1
7.680000E0	3.832497E0	3.052327E-1
7.700000E0	3.838071E0	3.207578E-1
7.720000E0	3.837742E0	3.163066E-1
7.740000E0	3.835306E0	3.146486E-1
7.760000E0	3.833390E0	3.207594E-1
7.780000E0	3.834185E0	3.144887E-1
7.800000E0	3.838756E0	3.094419E-1
7.820000E0	3.838454E0	3.124500E-1
7.840000E0	3.838485E0	3.125792E-1
7.860000E0	3.838340E0	3.100329E-1
7.880000E0	3.840018E0	3.071452E-1
7.900000E0	3.841607E0	3.057808E-1
7.920000E0	3.846181E0	3.026406E-1
7.940000E0	3.868316E0	2.947749E-1
7.960000E0	3.902970E0	2.948454E-1
7.980000E0	3.927342E0	2.854770E-1
8.000000E0	3.943209E0	2.840088E-1
8.020000E0	3.950106E0	2.961776E-1
8.040000E0	3.950373E0	3.007327E-1
8.060000E0	3.951419E0	2.892778E-1
8.080000E0	3.951483E0	2.951642E-1
8.100000E0	3.945232E0	3.281760E-1
8.120000E0	3.943791E0	3.328358E-1
8.140000E0	3.963830E0	3.166524E-1
8.160000E0	3.983973E0	3.178664E-1
8.180000E0	4.013372E0	3.067969E-1
8.200000E0	4.031929E0	3.037776E-1
8.220000E0	4.050175E0	3.092253E-1
8.240000E0	4.056846E0	3.111192E-1
8.260000E0	4.054392E0	3.473324E-1
8.280000E0	4.045670E0	3.697980E-1
8.300000E0	4.027850E0	3.748069E-1
8.320000E0	4.026317E0	3.680348E-1
8.340000E0	4.027870E0	3.746405E-1
8.360000E0	4.033778E0	3.941908E-1
8.380000E0	4.033898E0	4.179583E-1
8.400000E0	4.042523E0	4.102753E-1
8.420000E0	4.048845E0	3.812571E-1
8.440000E0	4.050709E0	3.568642E-1
8.460000E0	4.059359E0	3.448714E-1
8.480000E0	4.041391E0	3.559245E-1
8.500000E0	4.029220E0	4.040401E-1
8.520000E0	4.034958E0	4.475481E-1
8.540000E0	4.045429E0	4.819813E-1
8.560000E0	4.040437E0	4.979453E-1
8.580000E0	4.033801E0	4.844433E-1
8.600000E0	4.027437E0	4.555345E-1
8.620000E0	4.025570E0	4.543767E-1
8.640000E0	4.034917E0	4.483242E-1
8.660000E0	4.065067E0	4.133914E-1
8.680000E0	4.071689E0	3.725665E-1
8.700000E0	4.074792E0	3.644329E-1
8.720000E0	4.080652E0	3.615296E-1
8.740000E0	4.082748E0	3.579132E-1
8.760000E0	4.089058E0	3.591342E-1
8.780000E0	4.091705E0	3.608844E-1
8.800000E0	4.092774E0	3.570559E-1
8.820000E0	4.092842E0	3.534836E-1
8.840000E0	4.091205E0	3.492021E-1
8.860000E0	4.089919E0	3.336801E-1
8.880000E0	4.090396E0	3.123258E-1
8.900000E0	4.099956E0	3.076920E-1
8.920000E0	4.111439E0	2.950423E-1
8.940000E0	4.115540E0	2.700775E-1
8.960000E0	4.114820E0	2.518411E-1
8.980000E0	4.109074E0	2.468427E-1
9.000000E0	4.106846E0	2.463092E-1
9.020000E0	4.106432E0	2.506550E-1
9.040000E0	4.107586E0	2.713227E-1
9.060000E0	4.110993E0	2.969453E-1
9.080000E0	4.108782E0	2.932338E-1
9.100000E0	4.118982E0	2.739445E-1
9.120000E0	4.127214E0	2.687530E-1
9.140000E0	4.145523E0	2.632440E-1
9.160000E0	4.168562E0	2.695062E-1
9.180000E0	4.185498E0	2.688266E-1
9.200000E0	4.200326E0	2.830893E-1
9.220000E0	4.190850E0	3.135649E-1
9.240000E0	4.190971E0	3.351117E-1
9.260000E0	4.192383E0	3.420792E-1
9.280000E0	4.192408E0	3.463382E-1
9.300000E0	4.193153E0	3.515962E-1
9.320000E0	4.197847E0	3.500967E-1
9.340000E0	4.199875E0	3.493810E-1
9.360000E0	4.202494E0	3.503712E-1
9.380000E0	4.220944E0	3.595596E-1
9.400000E0	4.242088E0	3.655535E-1
9.420000E0	4.246239E0	3.646922E-1
9.440000E0	4.251162E0	3.790381E-1
9.460000E0	4.254696E0	3.943917E-1
9.480000E0	4.255365E0	4.063217E-1
9.500000E0	4.257472E0	4.259629E-1
9.520000E0	4.263989E0	4.238737E-1
9.540000E0	4.259682E0	4.082366E-1
9.560000E0	4.255208E0	3.779664E-1
9.580000E0	4.249330E0	3.522669E-1
9.600000E0	4.257917E0	3.544807E-1
9.620000E0	4.256456E0	3.694229E-1
9.640000E0	4.247546E0	3.673411E-1
9.660000E0	4.243858E0	3.495489E-1
9.680000E0	4.248758E0	3.511136E-1
9.700000E0	4.249732E0	3.530323E-1
9.720000E0	4.254684E0	3.553508E-1
9.740000E0	4.259093E0	3.624612E-1
9.760000E0	4.259162E0	3.636334E-1
9.780000E0	4.260962E0	3.656366E-1
9.800000E0	4.258372E0	3.648754E-1
9.820000E0	4.258737E0	3.457919E-1
9.840000E0	4.261146E0	3.158097E-1
9.860000E0	4.264330E0	3.019731E-1
9.880000E0	4.276659E0	2.893329E-1
9.900000E0	4.296525E0	2.648772E-1
9.920000E0	4.296072E0	2.470006E-1
9.940000E0	4.300222E0	2.468557E-1
9.960000E0	4.315417E0	2.522919E-1
9.980000E0	4.319950E0	2.682568E-1
1.000000E1	4.324588E0	2.809953E-1
1.002000E1	4.331582E0	2.898651E-1
1.004000E1	4.336871E0	2.863576E-1
1.006000E1	4.342905E0	2.660656E-1
1.008000E1	4.352261E0	2.527132E-1
1.010000E1	4.358693E0	2.500017E-1
1.012000E1	4.360373E0	2.482605E-1
1.014000E1	4.358081E0	2.493342E-1
1.016000E1	4.349852E0	2.722480E-1
1.018000E1	4.347522E0	2.958024E-1
1.020000E1	4.345861E0	2.978159E-1
1.022000E1	4.346716E0	2.979367E-1
1.024000E1	4.343940E0	3.018087E-1
1.026000E1	4.345772E0	3.023506E-1
1.028000E1	4.347479E0	3.042512E-1
1.030000E1	4.348770E0	3.060336E-1
1.032000E1	4.349516E0	3.051500E-1
1.034000E1	4.353732E0	3.047623E-1
1.036000E1	4.358203E0	3.118540E-1
1.038000E1	4.363928E0	3.270729E-1
1.040000E1	4.367593E0	3.284749E-1
1.042000E1	4.369197E0	3.419219E-1
1.044000E1	4.369013E0	3.477808E-1
1.046000E1	4.372295E0	3.526122E-1
1.048000E1	4.372982E0	3.509783E-1
1.050000E1	4.373120E0	3.501834E-1
1.052000E1	4.372729E0	3.442529E-1
1.054000E1	4.375972E0	3.385500E-1
1.056000E1	4.382929E0	3.417005E-1
1.058000E1	4.386942E0	3.577756E-1
1.060000E1	4.390584E0	3.690215E-1
1.062000E1	4.397643E0	3.713537E-1
1.064000E1	4.401153E0	3.689821E-1
1.066000E1	4.408921E0	3.809289E-1
1.068000E1	4.413915E0	4.022807E-1
1.070000E1	4.416259E0	4.170233E-1
1.072000E1	4.414771E0	4.177801E-1
1.074000E1	4.412272E0	4.059729E-1
1.076000E1	4.411363E0	3.679980E-1
1.078000E1	4.428312E0	3.308893E-1
1.080000E1	4.444857E0	3.304980E-1
1.082000E1	4.457073E0	3.259500E-1
1.084000E1	4.468907E0	2.868695E-1
1.086000E1	4.461937E0	2.696929E-1
1.088000E1	4.464177E0	2.682630E-1
1.090000E1	4.463453E0	2.660474E-1
1.092000E1	4.465720E0	2.678831E-1
1.094000E1	4.478915E0	2.893255E-1
1.096000E1	4.486849E0	3.016852E-1
1.098000E1	4.507006E0	2.874478E-1
1.100000E1	4.523338E0	2.725170E-1
1.102000E1	4.537164E0	2.481854E-1
1.104000E1	4.543878E0	2.421912E-1
1.106000E1	4.547031E0	2.442414E-1
1.108000E1	4.549336E0	2.456546E-1
1.110000E1	4.546040E0	2.631512E-1
1.112000E1	4.544804E0	2.915064E-1
1.114000E1	4.542320E0	2.967898E-1
1.116000E1	4.544168E0	2.975617E-1
1.118000E1	4.543593E0	3.015329E-1
1.120000E1	4.544650E0	3.035868E-1
1.122000E1	4.545433E0	3.034395E-1
1.124000E1	4.539343E0	3.051357E-1
1.126000E1	4.541030E0	3.043604E-1
1.128000E1	4.542806E0	2.900405E-1
1.130000E1	4.542336E0	2.894421E-1
1.132000E1	4.538550E0	3.026959E-1
1.134000E1	4.540409E0	3.012968E-1
1.136000E1	4.539944E0	2.971948E-1
1.138000E1	4.543314E0	2.993358E-1
1.140000E1	4.543699E0	2.988696E-1
1.142000E1	4.533206E0	2.757958E-1
1.144000E1	4.535339E0	2.624014E-1
1.146000E1	4.538474E0	2.639016E-1
1.148000E1	4.549771E0	2.796014E-1
1.150000E1	4.553185E0	2.915165E-1
1.152000E1	4.553768E0	3.060535E-1
1.154000E1	4.552650E0	3.116846E-1
1.156000E1	4.561159E0	3.265099E-1
1.158000E1	4.563034E0	3.312616E-1
1.160000E1	4.562305E0	3.390620E-1
1.162000E1	4.567234E0	3.536597E-1
1.164000E1	4.566003E0	3.540561E-1
1.166000E1	4.563345E0	3.538544E-1
1.168000E1	4.562372E0	3.477392E-1
1.170000E1	4.559198E0	3.321978E-1
1.172000E1	4.563115E0	3.171987E-1
1.174000E1	4.577418E0	3.230249E-1
1.176000E1	4.598987E0	3.110022E-1
1.178000E1	4.618897E0	2.946149E-1
1.180000E1	4.627239E0	2.986292E-1
1.182000E1	4.629044E0	3.110656E-1
1.184000E1	4.632512E0	3.080791E-1
1.186000E1	4.651045E0	3.071105E-1
1.188000E1	4.651613E0	3.250644E-1
1.190000E1	4.641918E0	3.447228E-1
1.192000E1	4.655965E0	3.223146E-1
1.194000E1	4.684156E0	2.943009E-1
1.196000E1	4.714104E0	2.860610E-1
1.198000E1	4.733928E0	2.894554E-1
1.200000E1	4.743440E0	2.868314E-1
1.202000E1	4.728118E0	2.705366E-1
1.204000E1	4.712520E0	2.816444E-1
1.206000E1	4.717123E0	3.025046E-1
1.208000E1	4.710791E0	3.076691E-1
1.210000E1	4.709767E0	3.072989E-1
1.212000E1	4.707144E0	3.120569E-1
1.214000E1	4.707535E0	3.117408E-1
1.216000E1	4.708475E0	3.083727E-1
1.218000E1	4.707085E0	3.057520E-1
1.220000E1	4.703563E0	2.936816E-1
1.222000E1	4.707129E0	2.812180E-1
1.224000E1	4.701136E0	2.865426E-1
1.226000E1	4.701628E0	2.927106E-1
1.228000E1	4.701041E0	2.937788E-1
1.230000E1	4.703258E0	2.936358E-1
1.232000E1	4.702806E0	2.995132E-1
1.234000E1	4.700792E0	2.914676E-1
1.236000E1	4.700229E0	2.669442E-1
1.238000E1	4.697717E0	2.611321E-1
1.240000E1	4.689350E0	2.627315E-1
1.242000E1	4.693582E0	2.677626E-1
1.244000E1	4.697182E0	2.733996E-1
1.246000E1	4.697444E0	2.700502E-1
1.248000E1	4.697458E0	2.735855E-1
1.250000E1	4.698952E0	2.744947E-1
1.252000E1	4.700734E0	2.692039E-1
1.254000E1	4.703621E0	2.696377E-1
1.256000E1	4.702369E0	2.669271E-1
1.258000E1	4.702697E0	2.647024E-1
1.260000E1	4.701583E0	2.632043E-1
1.262000E1	4.701378E0	2.622779E-1
1.264000E1	4.703798E0	2.560949E-1
1.266000E1	4.706869E0	2.504043E-1
1.268000E1	4.720307E0	2.611547E-1
1.270000E1	4.748261E0	2.532050E-1
1.272000E1	4.776688E0	2.398886E-1
1.274000E1	4.780455E0	2.511003E-1
1.276000E1	4.775256E0	2.650223E-1
1.278000E1	4.779458E0	2.619726E-1
1.280000E1	4.775451E0	2.591364E-1
1.282000E1	4.768960E0	2.791978E-1
1.284000E1	4.766336E0	2.899151E-1
1.286000E1	4.776477E0	2.825372E-1
1.288000E1	4.783733E0	2.835228E-1
1.290000E1	4.804861E0	2.802312E-1
1.292000E1	4.825758E0	2.910599E-1
1.294000E1	4.830870E0	2.945132E-1
1.296000E1	4.829417E0	2.980954E-1
1.298000E1	4.817406E0	3.424390E-1
1.300000E1	4.810443E0	3.668831E-1
1.302000E1	4.807468E0	3.867183E-1
1.304000E1	4.804839E0	4.039160E-1
1.306000E1	4.804564E0	3.962761E-1
1.308000E1	4.807081E0	3.585945E-1
1.310000E1	4.811245E0	3.431160E-1
1.312000E1	4.808202E0	3.547548E-1
1.314000E1	4.807807E0	3.469300E-1
1.316000E1	4.807498E0	3.093343E-1
1.318000E1	4.800823E0	3.053366E-1
1.320000E1	4.801780E0	3.162694E-1
1.322000E1	4.802823E0	3.066568E-1
1.324000E1	4.802750E0	3.017227E-1
1.326000E1	4.806384E0	3.056799E-1
1.328000E1	4.803554E0	3.000804E-1
1.330000E1	4.800244E0	2.779302E-1
1.332000E1	4.802789E0	2.793412E-1
1.334000E1	4.806009E0	2.848018E-1
1.336000E1	4.806901E0	2.894959E-1
1.338000E1	4.806598E0	2.957488E-1
1.340000E1	4.803843E0	3.002437E-1
1.342000E1	4.804656E0	3.003286E-1
1.344000E1	4.805532E0	3.043028E-1
1.346000E1	4.807357E0	3.018580E-1
1.348000E1	4.808467E0	3.043677E-1
1.350000E1	4.810041E0	3.035077E-1
1.352000E1	4.807770E0	2.995335E-1
1.354000E1	4.806162E0	2.991491E-1
1.356000E1	4.804852E0	2.970872E-1
1.358000E1	4.800460E0	2.852924E-1
1.360000E1	4.808276E0	2.924572E-1
1.362000E1	4.812254E0	2.882067E-1
1.364000E1	4.817672E0	2.731413E-1
1.366000E1	4.818158E0	2.503845E-1
1.368000E1	4.815748E0	2.485633E-1
1.370000E1	4.815693E0	2.457055E-1
1.372000E1	4.815787E0	2.497844E-1
1.374000E1	4.819758E0	2.647827E-1
1.376000E1	4.819072E0	2.772100E-1
1.378000E1	4.821660E0	2.794955E-1
1.380000E1	4.829673E0	2.735397E-1
1.382000E1	4.844765E0	2.724278E-1
1.384000E1	4.869637E0	2.735888E-1
1.386000E1	4.887768E0	2.725885E-1
1.388000E1	4.910115E0	2.687679E-1
1.390000E1	4.901314E0	2.871324E-1
1.392000E1	4.892869E0	3.179124E-1
1.394000E1	4.895102E0	3.171663E-1
1.396000E1	4.897531E0	3.123460E-1
1.398000E1	4.899038E0	3.130693E-1
1.400000E1	4.897750E0	3.102848E-1
1.402000E1	4.898573E0	3.042390E-1
1.404000E1	4.902077E0	3.065646E-1
1.406000E1	4.906785E0	3.198129E-1
1.408000E1	4.918257E0	3.110017E-1
1.410000E1	4.917750E0	3.082353E-1
1.412000E1	4.915406E0	3.240992E-1
1.414000E1	4.916497E0	3.374233E-1
1.416000E1	4.913405E0	3.529840E-1
1.418000E1	4.915540E0	3.655390E-1
1.420000E1	4.915249E0	3.655874E-1
1.422000E1	4.916542E0	3.414652E-1
1.424000E1	4.909602E0	3.087025E-1
1.426000E1	4.906127E0	3.044934E-1
1.428000E1	4.907501E0	3.067200E-1
1.430000E1	4.903614E0	3.011324E-1
1.432000E1	4.898262E0	2.950223E-1
1.434000E1	4.894344E0	2.971983E-1
1.436000E1	4.899221E0	3.000756E-1
1.438000E1	4.900508E0	3.005133E-1
1.440000E1	4.903700E0	3.013883E-1
1.442000E1	4.907509E0	3.051865E-1
1.444000E1	4.907900E0	3.051652E-1
1.446000E1	4.907797E0	3.039536E-1
1.448000E1	4.906991E0	3.004336E-1
1.450000E1	4.904644E0	2.906454E-1
1.452000E1	4.904773E0	2.838557E-1
1.454000E1	4.908030E0	2.877074E-1
1.456000E1	4.912330E0	2.757175E-1
1.458000E1	4.917099E0	2.489598E-1
1.460000E1	4.922776E0	2.447466E-1
1.462000E1	4.920590E0	2.452723E-1
1.464000E1	4.923901E0	2.419819E-1
1.466000E1	4.921973E0	2.418709E-1
1.468000E1	4.917614E0	2.554822E-1
1.470000E1	4.914291E0	2.671524E-1
1.472000E1	4.916233E0	2.559235E-1
1.474000E1	4.918254E0	2.437737E-1
1.476000E1	4.923644E0	2.401569E-1
1.478000E1	4.926507E0	2.417235E-1
1.480000E1	4.926669E0	2.430337E-1
1.482000E1	4.924832E0	2.433515E-1
1.484000E1	4.916592E0	2.595974E-1
1.486000E1	4.911475E0	2.713482E-1
1.488000E1	4.910257E0	2.677915E-1
1.490000E1	4.908567E0	2.691923E-1
1.492000E1	4.907471E0	2.709030E-1
1.494000E1	4.910036E0	2.704576E-1
1.496000E1	4.913328E0	2.725502E-1
1.498000E1	4.917545E0	2.798757E-1
1.500000E1	4.922650E0	2.946823E-1
1.502000E1	4.928236E0	2.956331E-1
1.504000E1	4.929270E0	3.018460E-1
1.506000E1	4.926885E0	3.233642E-1
1.508000E1	4.929301E0	3.383513E-1
1.510000E1	4.926557E0	3.393181E-1
1.512000E1	4.925301E0	3.429633E-1
1.514000E1	4.924300E0	3.472383E-1
1.516000E1	4.925274E0	3.357808E-1
1.518000E1	4.921009E0	3.270987E-1
1.520000E1	4.920215E0	3.214847E-1
1.522000E1	4.932640E0	3.379263E-1
1.524000E1	4.930242E0	3.478027E-1
1.526000E1	4.926372E0	3.505296E-1
1.528000E1	4.924688E0	3.560181E-1
1.530000E1	4.925612E0	3.716431E-1
1.532000E1	4.921432E0	3.923042E-1
1.534000E1	4.926604E0	4.083785E-1
1.536000E1	4.925046E0	4.081549E-1
1.538000E1	4.922574E0	3.760595E-1
1.540000E1	4.919188E0	3.358638E-1
1.542000E1	4.918949E0	3.394959E-1
1.544000E1	4.914822E0	3.386303E-1
1.546000E1	4.916304E0	3.087861E-1
1.548000E1	4.918733E0	3.065635E-1
1.550000E1	4.920297E0	3.062302E-1
1.552000E1	4.931776E0	2.808903E-1
1.554000E1	4.941025E0	2.625869E-1
1.556000E1	4.950180E0	2.545150E-1
1.558000E1	4.963501E0	2.553877E-1
1.560000E1	4.965787E0	2.548046E-1
1.562000E1	4.974325E0	2.625054E-1
1.564000E1	4.978643E0	2.742378E-1
1.566000E1	4.976669E0	2.495248E-1
1.568000E1	4.980979E0	2.355118E-1
1.570000E1	4.986374E0	2.318231E-1
1.572000E1	4.984483E0	2.346108E-1
1.574000E1	4.982832E0	2.371309E-1
1.576000E1	4.980916E0	2.409799E-1
1.578000E1	4.978651E0	2.637457E-1
1.580000E1	4.971762E0	2.743338E-1
1.582000E1	4.967989E0	2.697733E-1
1.584000E1	4.962617E0	2.654548E-1
1.586000E1	4.960144E0	2.657297E-1
1.588000E1	4.961142E0	2.716395E-1
1.590000E1	4.962631E0	2.692684E-1
1.592000E1	4.964691E0	2.658076E-1
1.594000E1	4.966858E0	2.591381E-1
1.596000E1	4.967809E0	2.509239E-1
1.598000E1	4.967268E0	2.520326E-1
1.600000E1	4.968213E0	2.626471E-1
1.602000E1	4.964618E0	2.602848E-1
1.604000E1	4.964223E0	2.579865E-1
1.606000E1	4.966044E0	2.588345E-1
1.608000E1	4.965502E0	2.583246E-1
1.610000E1	4.962960E0	2.467673E-1
1.612000E1	4.962033E0	2.451213E-1
1.614000E1	4.962907E0	2.493435E-1
1.616000E1	4.976764E0	2.681830E-1
1.618000E1	4.981988E0	2.829328E-1
1.620000E1	4.977971E0	2.962524E-1
1.622000E1	4.977310E0	3.002791E-1
1.624000E1	4.978871E0	3.144100E-1
1.626000E1	4.978601E0	3.183007E-1
1.628000E1	4.980449E0	3.154269E-1
1.630000E1	4.982814E0	3.165635E-1
1.632000E1	4.979388E0	3.122329E-1
1.634000E1	4.978007E0	3.042355E-1
1.636000E1	4.976553E0	3.064120E-1
1.638000E1	4.978936E0	3.078156E-1
1.640000E1	4.990963E0	2.981955E-1
1.642000E1	5.013885E0	3.013357E-1
1.644000E1	5.038188E0	3.003369E-1
1.646000E1	5.062690E0	2.900545E-1
1.648000E1	5.075244E0	3.014279E-1
1.650000E1	5.076660E0	3.042729E-1
1.652000E1	5.076247E0	3.042445E-1
1.654000E1	5.060316E0	2.909046E-1
1.656000E1	5.052700E0	2.919020E-1
1.658000E1	5.053268E0	2.995654E-1
1.660000E1	5.058699E0	2.971222E-1
1.662000E1	5.067586E0	2.758726E-1
1.664000E1	5.080478E0	2.587938E-1
1.666000E1	5.082480E0	2.528258E-1
1.668000E1	5.092565E0	2.497522E-1
1.670000E1	5.112038E0	2.384291E-1
1.672000E1	5.112468E0	2.506306E-1
1.674000E1	5.122010E0	2.842801E-1
1.676000E1	5.114932E0	3.005249E-1
1.678000E1	5.111100E0	3.044163E-1
1.680000E1	5.110324E0	3.035533E-1
1.682000E1	5.108896E0	2.985098E-1
1.684000E1	5.109646E0	2.967528E-1
1.686000E1	5.110543E0	2.989588E-1
1.688000E1	5.110755E0	2.970681E-1
1.690000E1	5.110918E0	2.876911E-1
1.692000E1	5.110748E0	2.906765E-1
1.694000E1	5.110300E0	2.955051E-1
1.696000E1	5.110217E0	2.948576E-1
1.698000E1	5.110788E0	2.934212E-1
1.700000E1	5.111567E0	2.962684E-1
1.702000E1	5.105192E0	2.905072E-1
1.704000E1	5.098602E0	2.756701E-1
1.706000E1	5.098732E0	2.641942E-1
1.708000E1	5.103106E0	2.659286E-1
1.710000E1	5.112151E0	2.675418E-1
1.712000E1	5.114583E0	2.695747E-1
1.714000E1	5.114841E0	2.832879E-1
1.716000E1	5.114773E0	2.877847E-1
1.718000E1	5.113010E0	2.927472E-1
1.720000E1	5.113205E0	2.952843E-1
1.722000E1	5.113432E0	2.989307E-1
1.724000E1	5.113039E0	3.013067E-1
1.726000E1	5.112781E0	3.016898E-1
1.728000E1	5.112810E0	3.016672E-1
1.730000E1	5.114186E0	3.032041E-1
1.732000E1	5.121220E0	3.053062E-1
1.734000E1	5.130804E0	3.013633E-1
1.736000E1	5.146447E0	3.079928E-1
1.738000E1	5.168724E0	3.037657E-1
1.740000E1	5.185228E0	2.933233E-1
1.742000E1	5.188751E0	2.992337E-1
1.744000E1	5.185445E0	3.030745E-1
1.746000E1	5.183908E0	3.031450E-1
1.748000E1	5.175852E0	2.987642E-1
1.750000E1	5.164751E0	3.134493E-1
1.752000E1	5.178308E0	3.214419E-1
1.754000E1	5.187519E0	3.112738E-1
1.756000E1	5.202105E0	3.131661E-1
1.758000E1	5.234731E0	3.071822E-1
1.760000E1	5.252337E0	3.117939E-1
1.762000E1	5.271628E0	3.087238E-1
1.764000E1	5.276796E0	3.125046E-1
1.766000E1	5.249997E0	3.439059E-1
1.768000E1	5.231867E0	3.703689E-1
1.770000E1	5.223683E0	3.405150E-1
1.772000E1	5.211951E0	3.090605E-1
1.774000E1	5.209290E0	3.151127E-1
1.776000E1	5.211205E0	3.195663E-1
1.778000E1	5.210183E0	3.099185E-1
1.780000E1	5.206085E0	3.005816E-1
1.782000E1	5.209562E0	2.914323E-1
1.784000E1	5.216513E0	2.900361E-1
1.786000E1	5.213629E0	2.951189E-1
1.788000E1	5.214495E0	3.056839E-1
1.790000E1	5.215020E0	3.046283E-1
1.792000E1	5.215085E0	3.029695E-1
1.794000E1	5.214612E0	3.054016E-1
1.796000E1	5.210658E0	2.999033E-1
1.798000E1	5.194091E0	2.631232E-1
1.800000E1	5.195137E0	2.499376E-1
1.802000E1	5.203675E0	2.665708E-1
1.804000E1	5.211675E0	2.783454E-1
1.806000E1	5.210622E0	2.889888E-1
1.808000E1	5.209630E0	2.981555E-1
1.810000E1	5.210304E0	3.010620E-1
1.812000E1	5.211371E0	3.016647E-1
1.814000E1	5.209417E0	2.989621E-1
1.816000E1	5.210575E0	3.010329E-1
1.818000E1	5.209847E0	3.009447E-1
1.820000E1	5.209835E0	2.993754E-1
1.822000E1	5.210041E0	2.994065E-1
1.824000E1	5.210587E0	2.988881E-1
1.826000E1	5.213249E0	2.944128E-1
1.828000E1	5.216054E0	2.970640E-1
1.830000E1	5.220537E0	2.993669E-1
1.832000E1	5.231346E0	2.854203E-1
1.834000E1	5.221075E0	2.618280E-1
1.836000E1	5.220581E0	2.477718E-1
1.838000E1	5.221122E0	2.483609E-1
1.840000E1	5.222324E0	2.619416E-1
1.842000E1	5.224825E0	2.762513E-1
1.844000E1	5.228499E0	3.035386E-1
1.846000E1	5.229379E0	3.059161E-1
1.848000E1	5.246339E0	3.064385E-1
1.850000E1	5.285650E0	3.142781E-1
1.852000E1	5.297701E0	3.027400E-1
1.854000E1	5.313400E0	3.075627E-1
1.856000E1	5.322738E0	3.088321E-1
1.858000E1	5.307922E0	3.246299E-1
1.860000E1	5.299587E0	3.430662E-1
1.862000E1	5.302006E0	3.464799E-1
1.864000E1	5.289016E0	3.296285E-1
1.866000E1	5.284505E0	3.357442E-1
1.868000E1	5.289263E0	3.591102E-1
1.870000E1	5.288637E0	3.627184E-1
1.872000E1	5.286708E0	3.618619E-1
1.874000E1	5.289715E0	3.711923E-1
1.876000E1	5.298701E0	3.874487E-1
1.878000E1	5.305620E0	4.088459E-1
1.880000E1	5.307699E0	4.293185E-1
1.882000E1	5.308591E0	4.272934E-1
1.884000E1	5.309248E0	3.930833E-1
1.886000E1	5.306638E0	3.559738E-1
1.888000E1	5.304416E0	3.496032E-1
1.890000E1	5.305290E0	3.497148E-1
1.892000E1	5.294830E0	3.245671E-1
1.894000E1	5.278760E0	2.999561E-1
1.896000E1	5.277797E0	3.010608E-1
1.898000E1	5.281512E0	3.218416E-1
1.900000E1	5.278068E0	3.301132E-1
1.902000E1	5.274767E0	3.357483E-1
1.904000E1	5.274155E0	3.449008E-1
1.906000E1	5.272376E0	3.486990E-1
1.908000E1	5.272040E0	3.495330E-1
1.910000E1	5.271268E0	3.500423E-1
1.912000E1	5.267388E0	3.426995E-1
1.914000E1	5.263678E0	3.396284E-1
1.916000E1	5.262917E0	3.407887E-1
1.918000E1	5.264214E0	3.368578E-1
1.920000E1	5.266608E0	3.283861E-1
1.922000E1	5.270229E0	3.378060E-1
1.924000E1	5.279753E0	3.384190E-1
1.926000E1	5.281231E0	3.156894E-1
1.928000E1	5.276394E0	2.975170E-1
1.930000E1	5.271747E0	2.888431E-1
1.932000E1	5.271927E0	2.904826E-1
1.934000E1	5.268501E0	3.049468E-1
1.936000E1	5.271901E0	3.198948E-1
1.938000E1	5.272796E0	3.204514E-1
1.940000E1	5.280818E0	3.056917E-1
1.942000E1	5.283520E0	3.003715E-1
1.944000E1	5.291724E0	2.925558E-1
1.946000E1	5.301430E0	2.917699E-1
1.948000E1	5.310227E0	2.923346E-1
1.950000E1	5.310121E0	2.933095E-1
1.952000E1	5.304936E0	3.079521E-1
1.954000E1	5.301820E0	3.262761E-1
1.956000E1	5.304469E0	3.223907E-1
1.958000E1	5.307063E0	3.175150E-1
1.960000E1	5.315946E0	3.313278E-1
1.962000E1	5.322986E0	3.453461E-1
1.964000E1	5.329483E0	3.561245E-1
1.966000E1	5.332971E0	3.641151E-1
1.968000E1	5.331719E0	3.650309E-1
1.970000E1	5.336938E0	3.633075E-1
1.972000E1	5.331239E0	3.683287E-1
1.974000E1	5.331214E0	3.789392E-1
1.976000E1	5.329499E0	3.847109E-1
1.978000E1	5.329125E0	3.637760E-1
1.980000E1	5.323629E0	3.556621E-1
1.982000E1	5.329742E0	3.673801E-1
1.984000E1	5.331910E0	3.715976E-1
1.986000E1	5.333094E0	3.789304E-1
1.988000E1	5.336738E0	3.933074E-1
1.990000E1	5.339282E0	4.108593E-1
1.992000E1	5.334769E0	4.268946E-1
1.994000E1	5.330847E0	4.448624E-1
1.996000E1	5.329501E0	4.607448E-1
1.998000E1	5.328613E0	4.481347E-1
2.000000E1	5.325548E0	4.037558E-1
2.002000E1	5.322281E0	3.871393E-1
2.004000E1	5.320580E0	3.975151E-1
2.006000E1	5.316188E0	3.885634E-1
2.008000E1	5.313564E0	3.790728E-1
2.010000E1	5.312205E0	3.825009E-1
2.012000E1	5.315263E0	3.795780E-1
2.014000E1	5.323477E0	3.799251E-1
2.016000E1	5.328577E0	3.738292E-1
2.018000E1	5.342150E0	3.418001E-1
2.020000E1	5.348403E0	3.245923E-1
2.022000E1	5.355142E0	3.105676E-1
2.024000E1	5.359370E0	3.080148E-1
2.026000E1	5.355631E0	3.114537E-1
2.028000E1	5.352289E0	3.164275E-1
2.030000E1	5.358997E0	3.229974E-1
2.032000E1	5.360565E0	3.122552E-1
2.034000E1	5.369602E0	3.024069E-1
2.036000E1	5.381047E0	2.986124E-1
2.038000E1	5.384521E0	2.940342E-1
2.040000E1	5.394450E0	2.956635E-1
2.042000E1	5.387749E0	2.948507E-1
2.044000E1	5.373380E0	2.991729E-1
2.046000E1	5.368593E0	3.157294E-1
2.048000E1	5.361822E0	3.208899E-1
2.050000E1	5.361266E0	3.210226E-1
2.052000E1	5.360189E0	3.201857E-1
2.054000E1	5.361852E0	3.161289E-1
2.056000E1	5.364839E0	3.153774E-1
2.058000E1	5.364300E0	3.124433E-1
2.060000E1	5.365901E0	3.078509E-1
2.062000E1	5.367198E0	3.051726E-1
2.064000E1	5.365498E0	3.066321E-1
2.066000E1	5.364611E0	3.054924E-1
2.068000E1	5.364060E0	3.039043E-1
2.070000E1	5.365281E0	3.029025E-1
2.072000E1	5.369752E0	3.150592E-1
2.074000E1	5.371210E0	3.249076E-1
2.076000E1	5.375284E0	3.208445E-1
2.078000E1	5.378095E0	3.263337E-1
2.080000E1	5.383901E0	3.556621E-1
2.082000E1	5.385304E0	3.767759E-1
2.084000E1	5.382415E0	3.761043E-1
2.086000E1	5.380030E0	3.714809E-1
2.088000E1	5.378224E0	3.726754E-1
2.090000E1	5.379123E0	3.841790E-1
2.092000E1	5.378083E0	3.805498E-1
2.094000E1	5.379594E0	3.609542E-1
2.096000E1	5.380293E0	3.584302E-1
2.098000E1	5.389138E0	3.785319E-1
2.100000E1	5.386708E0	3.950162E-1
2.102000E1	5.384912E0	3.970718E-1
2.104000E1	5.387033E0	4.002353E-1
2.106000E1	5.407603E0	4.003087E-1
2.108000E1	5.431374E0	3.945938E-1
2.110000E1	5.463594E0	3.857370E-1
2.112000E1	5.468648E0	3.737508E-1
2.114000E1	5.454914E0	3.624114E-1
2.116000E1	5.454412E0	3.549250E-1
2.118000E1	5.451556E0	3.434998E-1
2.120000E1	5.438782E0	3.393054E-1
2.122000E1	5.434500E0	3.506868E-1
2.124000E1	5.433794E0	3.503095E-1
2.126000E1	5.433014E0	3.364504E-1
2.128000E1	5.450622E0	3.238637E-1
2.130000E1	5.478796E0	2.983829E-1
2.132000E1	5.493496E0	2.887620E-1
2.134000E1	5.504852E0	2.897272E-1
2.136000E1	5.508176E0	2.964880E-1
2.138000E1	5.511361E0	3.319629E-1
2.140000E1	5.512301E0	3.592806E-1
2.142000E1	5.502311E0	3.482747E-1
2.144000E1	5.505795E0	3.467842E-1
2.146000E1	5.509274E0	3.489198E-1
2.148000E1	5.510840E0	3.483942E-1
2.150000E1	5.513024E0	3.490321E-1
2.152000E1	5.517240E0	3.502035E-1
2.154000E1	5.517751E0	3.483747E-1
2.156000E1	5.512588E0	3.462956E-1
2.158000E1	5.513824E0	3.494405E-1
2.160000E1	5.510742E0	3.501003E-1
2.162000E1	5.506579E0	3.337813E-1
2.164000E1	5.513050E0	3.482455E-1
2.166000E1	5.511484E0	3.522701E-1
2.168000E1	5.510497E0	3.431089E-1
2.170000E1	5.511404E0	3.360649E-1
2.172000E1	5.509357E0	3.394517E-1
2.174000E1	5.514902E0	3.466257E-1
2.176000E1	5.518856E0	3.600397E-1
2.178000E1	5.517682E0	3.605318E-1
2.180000E1	5.516037E0	3.603278E-1
2.182000E1	5.517048E0	3.617290E-1
2.184000E1	5.516444E0	3.578800E-1
2.186000E1	5.517306E0	3.582158E-1
2.188000E1	5.521707E0	3.646012E-1
2.190000E1	5.521866E0	3.708512E-1
2.192000E1	5.529161E0	3.754949E-1
2.194000E1	5.529795E0	3.841941E-1
2.196000E1	5.530954E0	4.002445E-1
2.198000E1	5.543629E0	3.917155E-1
2.200000E1	5.564068E0	3.842726E-1
2.202000E1	5.581452E0	3.737733E-1
2.204000E1	5.590786E0	3.620224E-1
2.206000E1	5.586054E0	3.600409E-1
2.208000E1	5.581237E0	3.576581E-1
2.210000E1	5.579765E0	3.559979E-1
2.212000E1	5.586532E0	3.617910E-1
2.214000E1	5.592186E0	4.036355E-1
2.216000E1	5.604815E0	4.209009E-1
2.218000E1	5.637102E0	3.963698E-1
2.220000E1	5.674772E0	3.983697E-1
2.222000E1	5.697291E0	4.044613E-1
2.224000E1	5.706133E0	4.079980E-1
2.226000E1	5.709373E0	4.025376E-1
2.228000E1	5.671895E0	4.077792E-1
2.230000E1	5.661346E0	4.140628E-1
2.232000E1	5.661452E0	4.079789E-1
2.234000E1	5.648344E0	3.940123E-1
2.236000E1	5.641812E0	3.955506E-1
2.238000E1	5.636015E0	3.942058E-1
2.240000E1	5.632242E0	3.841263E-1
2.242000E1	5.627267E0	3.925510E-1
2.244000E1	5.626880E0	3.949355E-1
2.246000E1	5.630292E0	3.919434E-1
2.248000E1	5.627567E0	3.964019E-1
2.250000E1	5.623861E0	4.004467E-1
2.252000E1	5.623436E0	4.010965E-1
2.254000E1	5.619261E0	3.925141E-1
2.256000E1	5.618278E0	3.835070E-1
2.258000E1	5.616038E0	3.892499E-1
2.260000E1	5.612983E0	3.847301E-1
2.262000E1	5.610102E0	3.763135E-1
2.264000E1	5.612273E0	3.700389E-1
2.266000E1	5.622215E0	3.784545E-1
2.268000E1	5.630025E0	3.986616E-1
2.270000E1	5.626530E0	4.006492E-1
2.272000E1	5.622119E0	3.988833E-1
2.274000E1	5.621735E0	4.000389E-1
2.276000E1	5.619800E0	3.962128E-1
2.278000E1	5.623144E0	3.998991E-1
2.280000E1	5.623246E0	3.995961E-1
2.282000E1	5.622557E0	3.987578E-1
2.284000E1	5.622973E0	3.986677E-1
2.286000E1	5.623657E0	3.985713E-1
2.288000E1	5.622099E0	3.954325E-1
2.290000E1	5.625223E0	3.861330E-1
2.292000E1	5.629023E0	3.830216E-1
2.294000E1	5.630593E0	3.681676E-1
2.296000E1	5.628820E0	3.394397E-1
2.298000E1	5.631189E0	3.236861E-1
2.300000E1	5.631079E0	3.170907E-1
2.302000E1	5.640406E0	3.366619E-1
2.304000E1	5.650241E0	3.721146E-1
2.306000E1	5.665649E0	4.120119E-1
2.308000E1	5.679542E0	4.241031E-1
2.310000E1	5.694454E0	4.043963E-1
2.312000E1	5.719172E0	3.987018E-1
2.314000E1	5.740618E0	3.990112E-1
2.316000E1	5.751052E0	3.953168E-1
2.318000E1	5.748908E0	3.943168E-1
2.320000E1	5.733502E0	4.019484E-1
2.322000E1	5.726872E0	4.067699E-1
2.324000E1	5.726076E0	4.240366E-1
2.326000E1	5.730938E0	4.429772E-1
2.328000E1	5.732035E0	4.577550E-1
2.330000E1	5.735630E0	4.631862E-1
2.332000E1	5.739536E0	4.773078E-1
2.334000E1	5.743022E0	4.947552E-1
2.336000E1	5.743623E0	5.058871E-1
2.338000E1	5.741715E0	5.087201E-1
2.340000E1	5.733029E0	4.859374E-1
2.342000E1	5.729473E0	4.471204E-1
2.344000E1	5.722548E0	4.313756E-1
2.346000E1	5.716233E0	4.329875E-1
2.348000E1	5.720676E0	4.370615E-1
2.350000E1	5.716594E0	4.347241E-1
2.352000E1	5.707227E0	4.112948E-1
2.354000E1	5.712957E0	4.019613E-1
2.356000E1	5.709845E0	4.032014E-1
2.358000E1	5.722219E0	4.104460E-1
2.360000E1	5.730900E0	4.280317E-1
2.362000E1	5.727235E0	4.297731E-1
2.364000E1	5.726495E0	4.349814E-1
2.366000E1	5.726860E0	4.371351E-1
2.368000E1	5.719752E0	4.324707E-1
2.370000E1	5.721829E0	4.365478E-1
2.372000E1	5.723897E0	4.383737E-1
2.374000E1	5.722595E0	4.319473E-1
2.376000E1	5.722786E0	4.357365E-1
2.378000E1	5.725515E0	4.434729E-1
2.380000E1	5.726977E0	4.421020E-1
2.382000E1	5.729188E0	4.342527E-1
2.384000E1	5.730609E0	4.322047E-1
2.386000E1	5.733252E0	4.174120E-1
2.388000E1	5.730961E0	3.814870E-1
2.390000E1	5.728021E0	3.753714E-1
2.392000E1	5.728991E0	3.678798E-1
2.394000E1	5.730514E0	3.718351E-1
2.396000E1	5.731126E0	3.753174E-1
2.398000E1	5.734733E0	3.790377E-1
2.400000E1	5.733676E0	3.840022E-1
