	mass A		
t	x	y	
0.000000E0	0.000000E0	0.000000E0
2.000000E-2	3.214713E-3	-1.057777E-2
4.000000E-2	-1.252162E-3	-3.477299E-2
6.000000E-2	-1.458554E-2	-5.109564E-2
8.000000E-2	-5.138370E-2	-8.051152E-2
1.000000E-1	-4.586853E-2	-8.543545E-2
1.200000E-1	-1.980952E-2	-8.646919E-2
1.400000E-1	-4.847099E-3	-1.049845E-1
1.600000E-1	1.209715E-2	-1.373030E-1
1.800000E-1	1.008853E-2	-1.773195E-1
2.000000E-1	1.717646E-2	-1.925955E-1
2.200000E-1	2.005760E-2	-2.049249E-1
2.400000E-1	2.080736E-2	-2.022278E-1
2.600000E-1	3.510027E-2	-1.388076E-1
2.800000E-1	4.207777E-2	-7.108721E-2
3.000000E-1	4.781904E-2	-6.237437E-2
3.200000E-1	4.722453E-2	-6.747158E-2
3.400000E-1	5.054894E-2	-5.906558E-2
3.600000E-1	6.764156E-2	-3.726961E-2
3.800000E-1	8.438098E-2	-2.580988E-2
4.000000E-1	1.161113E-1	-2.189074E-2
4.200000E-1	1.325825E-1	-9.733670E-3
4.400000E-1	1.590960E-1	2.809497E-3
4.600000E-1	1.787176E-1	2.591117E-2
4.800000E-1	1.738026E-1	5.120062E-2
5.000000E-1	1.668447E-1	5.049778E-2
5.200000E-1	1.644619E-1	3.757391E-2
5.400000E-1	1.582408E-1	2.192077E-2
5.600000E-1	1.583467E-1	1.586550E-2
5.800000E-1	1.612828E-1	1.552765E-2
6.000000E-1	1.673437E-1	1.154618E-2
6.200000E-1	1.879485E-1	-2.813050E-3
6.400000E-1	2.048833E-1	-9.174442E-4
6.600000E-1	2.180121E-1	3.066734E-2
6.800000E-1	2.242830E-1	9.264376E-2
7.000000E-1	2.111542E-1	1.506248E-1
7.200000E-1	2.094176E-1	1.792146E-1
7.400000E-1	2.114370E-1	1.701665E-1
7.600000E-1	2.216262E-1	1.177579E-1
7.800000E-1	2.336853E-1	7.841439E-2
8.000000E-1	2.522107E-1	9.268462E-2
8.200000E-1	2.639590E-1	1.084741E-1
8.400000E-1	2.678967E-1	1.000839E-1
8.600000E-1	2.710478E-1	7.242356E-2
8.800000E-1	2.648545E-1	4.424163E-2
9.000000E-1	2.662026E-1	4.136023E-2
9.200000E-1	2.958873E-1	2.862938E-2
9.400000E-1	3.385085E-1	4.169778E-2
9.600000E-1	3.862923E-1	5.040345E-2
9.800000E-1	4.232299E-1	3.802517E-2
1.000000E0	4.285523E-1	3.677864E-2
1.020000E0	4.250706E-1	4.279836E-2
1.040000E0	4.254801E-1	4.819180E-2
1.060000E0	4.186981E-1	4.300686E-2
1.080000E0	3.983819E-1	3.284531E-2
1.100000E0	3.962020E-1	3.077568E-2
1.120000E0	4.172060E-1	2.304223E-2
1.140000E0	4.603649E-1	1.528428E-2
1.160000E0	4.841713E-1	-1.023760E-3
1.180000E0	4.947392E-1	-3.186525E-3
1.200000E0	5.259779E-1	7.210959E-3
1.220000E0	5.420785E-1	2.257530E-2
1.240000E0	5.373411E-1	3.219160E-2
1.260000E0	5.294445E-1	3.290575E-2
1.280000E0	5.248285E-1	3.453411E-2
1.300000E0	5.159843E-1	2.889556E-2
1.320000E0	5.067529E-1	1.499061E-2
1.340000E0	5.076358E-1	7.477200E-3
1.360000E0	5.088304E-1	5.852539E-3
1.380000E0	5.097704E-1	-2.514846E-3
1.400000E0	5.017033E-1	-3.078204E-2
1.420000E0	5.086006E-1	-5.516176E-2
1.440000E0	5.157123E-1	-4.360914E-2
1.460000E0	5.180223E-1	-6.796294E-3
1.480000E0	5.116715E-1	-1.284392E-2
1.500000E0	5.100685E-1	-2.212965E-2
1.520000E0	5.078628E-1	-1.829639E-2
1.540000E0	5.116331E-1	-5.338468E-3
1.560000E0	5.109766E-1	1.088911E-3
1.580000E0	5.052467E-1	-1.731232E-2
1.600000E0	5.119985E-1	-2.741334E-2
1.620000E0	5.271092E-1	-8.477768E-3
1.640000E0	5.457896E-1	4.305668E-2
1.660000E0	5.655403E-1	7.805046E-2
1.680000E0	5.664358E-1	9.687517E-2
1.700000E0	5.673305E-1	1.005312E-1
1.720000E0	5.658141E-1	1.029142E-1
1.740000E0	5.666574E-1	1.054526E-1
1.760000E0	5.680175E-1	8.592918E-2
1.780000E0	5.710889E-1	8.725788E-2
1.800000E0	5.720005E-1	9.384353E-2
1.820000E0	5.745435E-1	1.033027E-1
1.840000E0	5.781583E-1	1.006514E-1
1.860000E0	5.902281E-1	9.508809E-2
1.880000E0	6.231347E-1	8.453859E-2
1.900000E0	6.546193E-1	7.660681E-2
1.920000E0	6.813002E-1	9.014887E-2
1.940000E0	7.026276E-1	7.989452E-2
1.960000E0	7.065442E-1	6.543226E-2
1.980000E0	7.072693E-1	6.205687E-2
2.000000E0	7.092334E-1	5.831797E-2
2.020000E0	7.101085E-1	5.124524E-2
2.040000E0	7.024574E-1	3.891450E-2
2.060000E0	6.984546E-1	5.406880E-2
2.080000E0	7.076447E-1	5.548771E-2
2.100000E0	7.259858E-1	2.490315E-2
2.120000E0	7.505562E-1	-7.183779E-3
2.140000E0	7.885395E-1	-8.954939E-3
2.160000E0	8.187359E-1	8.793829E-4
2.180000E0	8.564391E-1	1.401400E-3
2.200000E0	8.628405E-1	1.639414E-3
2.220000E0	8.577391E-1	2.222035E-2
2.240000E0	8.500354E-1	5.682159E-2
2.260000E0	8.612780E-1	7.478802E-2
2.280000E0	8.642102E-1	6.605547E-2
2.300000E0	8.620539E-1	3.751978E-2
2.320000E0	8.679548E-1	2.680312E-2
2.340000E0	8.709122E-1	3.308073E-2
2.360000E0	8.704524E-1	3.638332E-2
2.380000E0	8.722050E-1	1.292031E-2
2.400000E0	8.810806E-1	9.090954E-3
2.420000E0	8.868916E-1	4.765413E-2
2.440000E0	8.670646E-1	6.655747E-2
2.460000E0	8.738055E-1	5.358572E-2
2.480000E0	8.725764E-1	2.759305E-2
2.500000E0	8.741750E-1	2.467449E-2
2.520000E0	8.565391E-1	2.279574E-3
2.540000E0	8.481308E-1	-2.722665E-2
2.560000E0	8.530844E-1	-5.095446E-2
2.580000E0	8.554022E-1	-4.327292E-2
2.600000E0	8.655540E-1	-3.637326E-2
2.620000E0	8.650587E-1	-3.170219E-2
2.640000E0	8.726404E-1	-1.183591E-2
2.660000E0	8.705860E-1	6.507661E-3
2.680000E0	8.702254E-1	5.775978E-3
2.700000E0	8.702205E-1	5.082397E-3
2.720000E0	8.711554E-1	7.567830E-3
2.740000E0	8.706625E-1	7.706479E-3
2.760000E0	8.703925E-1	6.925377E-3
2.780000E0	8.758986E-1	1.273599E-2
2.800000E0	8.781343E-1	1.401732E-2
2.820000E0	8.883344E-1	1.343552E-2
2.840000E0	9.203268E-1	7.719084E-3
2.860000E0	9.525169E-1	-1.308674E-2
2.880000E0	9.679397E-1	-6.394453E-3
2.900000E0	9.934724E-1	-6.644909E-3
2.920000E0	1.004163E0	-3.924241E-2
2.940000E0	1.008598E0	-4.293961E-2
2.960000E0	1.009639E0	-4.266351E-2
2.980000E0	1.011612E0	-4.324671E-2
3.000000E0	1.013098E0	-4.405346E-2
3.020000E0	1.014818E0	-6.784121E-3
3.040000E0	1.019749E0	2.722913E-2
3.060000E0	1.040430E0	2.586287E-2
3.080000E0	1.071984E0	1.787608E-2
3.100000E0	1.099822E0	6.735754E-3
3.120000E0	1.128518E0	1.440439E-2
3.140000E0	1.137199E0	8.401138E-3
3.160000E0	1.121720E0	7.798014E-3
3.180000E0	1.089777E0	3.976246E-2
3.200000E0	1.075980E0	5.389044E-2
3.220000E0	1.077097E0	4.862153E-2
3.240000E0	1.074947E0	4.919151E-2
3.260000E0	1.076726E0	4.688294E-2
3.280000E0	1.079354E0	3.678669E-2
3.300000E0	1.079686E0	3.148536E-2
3.320000E0	1.081013E0	2.483836E-2
3.340000E0	1.100322E0	5.260651E-3
3.360000E0	1.143999E0	1.055028E-2
3.380000E0	1.167282E0	5.318527E-2
3.400000E0	1.157306E0	9.295404E-2
3.420000E0	1.160624E0	1.152028E-1
3.440000E0	1.159304E0	1.007564E-1
3.460000E0	1.169098E0	6.811590E-2
3.480000E0	1.158917E0	4.214872E-2
3.500000E0	1.141192E0	1.475596E-2
3.520000E0	1.136571E0	-1.476533E-2
3.540000E0	1.138909E0	-7.316575E-3
3.560000E0	1.138447E0	6.562862E-3
3.580000E0	1.144932E0	1.344157E-2
3.600000E0	1.151035E0	3.994734E-2
3.620000E0	1.152819E0	6.388529E-2
3.640000E0	1.158908E0	6.261848E-2
3.660000E0	1.163284E0	5.710563E-2
3.680000E0	1.163384E0	4.338183E-2
3.700000E0	1.164337E0	4.369358E-2
3.720000E0	1.165418E0	4.477268E-2
3.740000E0	1.165587E0	4.142143E-2
3.760000E0	1.167330E0	4.183533E-2
3.780000E0	1.168338E0	3.858645E-2
3.800000E0	1.169157E0	3.524278E-2
3.820000E0	1.180337E0	1.316529E-2
3.840000E0	1.187327E0	-2.611092E-2
3.860000E0	1.200594E0	-6.835845E-2
3.880000E0	1.216762E0	-1.026549E-1
3.900000E0	1.216641E0	-1.274229E-1
3.920000E0	1.213059E0	-1.318612E-1
3.940000E0	1.217828E0	-1.381183E-1
3.960000E0	1.229974E0	-1.165291E-1
3.980000E0	1.245322E0	-6.751058E-2
4.000000E0	1.266818E0	1.343733E-2
4.020000E0	1.292018E0	5.439646E-2
4.040000E0	1.317817E0	2.968779E-2
4.060000E0	1.332350E0	1.437895E-2
4.080000E0	1.349815E0	1.357032E-2
4.100000E0	1.357940E0	1.706512E-2
4.120000E0	1.370998E0	4.836184E-3
4.140000E0	1.365766E0	1.044184E-2
4.160000E0	1.352719E0	2.941208E-2
4.180000E0	1.345984E0	2.362956E-2
4.200000E0	1.339300E0	3.472374E-2
4.220000E0	1.337388E0	5.488374E-2
4.240000E0	1.337432E0	5.822163E-2
4.260000E0	1.341352E0	6.286987E-2
4.280000E0	1.350599E0	7.368779E-2
4.300000E0	1.360948E0	8.326502E-2
4.320000E0	1.385844E0	1.069649E-1
4.340000E0	1.400272E0	1.305565E-1
4.360000E0	1.380011E0	1.421526E-1
4.380000E0	1.374424E0	1.097423E-1
4.400000E0	1.376229E0	8.728478E-2
4.420000E0	1.373649E0	9.188353E-2
4.440000E0	1.372920E0	9.210961E-2
4.460000E0	1.358549E0	5.289523E-2
4.480000E0	1.343241E0	3.633627E-3
4.500000E0	1.336841E0	-4.136105E-3
4.520000E0	1.340068E0	1.101149E-2
4.540000E0	1.348054E0	2.365438E-2
4.560000E0	1.358624E0	3.792186E-2
4.580000E0	1.379703E0	8.046104E-2
4.600000E0	1.375763E0	1.081690E-1
4.620000E0	1.376314E0	1.066386E-1
4.640000E0	1.375861E0	8.384413E-2
4.660000E0	1.376393E0	7.820679E-2
4.680000E0	1.376285E0	8.162566E-2
4.700000E0	1.370927E0	7.221916E-2
4.720000E0	1.372585E0	6.041926E-2
4.740000E0	1.374110E0	5.677182E-2
4.760000E0	1.376520E0	4.455591E-2
4.780000E0	1.386360E0	3.012545E-2
4.800000E0	1.403322E0	1.700481E-2
4.820000E0	1.440790E0	5.939060E-4
4.840000E0	1.465214E0	-1.223026E-2
4.860000E0	1.460301E0	-3.520123E-2
4.880000E0	1.430395E0	-8.517941E-2
4.900000E0	1.407929E0	-1.472601E-1
4.920000E0	1.416050E0	-1.480897E-1
4.940000E0	1.420389E0	-9.665181E-2
4.960000E0	1.436483E0	-2.853167E-2
4.980000E0	1.442402E0	-2.875881E-2
5.000000E0	1.439664E0	-8.653087E-2
5.020000E0	1.449226E0	-1.253307E-1
5.040000E0	1.464453E0	-1.237227E-1
5.060000E0	1.474819E0	-1.113050E-1
5.080000E0	1.479173E0	-1.050044E-1
5.100000E0	1.478794E0	-1.042240E-1
5.120000E0	1.474810E0	-7.192898E-2
5.140000E0	1.478003E0	-4.146142E-2
5.160000E0	1.477234E0	-3.558898E-2
5.180000E0	1.479724E0	-2.109901E-2
5.200000E0	1.483720E0	1.319321E-2
5.220000E0	1.495978E0	3.759123E-2
5.240000E0	1.503564E0	4.438051E-2
5.260000E0	1.500858E0	4.854638E-2
5.280000E0	1.506846E0	5.693855E-2
5.300000E0	1.524209E0	6.516734E-2
5.320000E0	1.526872E0	7.212914E-2
5.340000E0	1.527886E0	6.928592E-2
5.360000E0	1.523386E0	4.828485E-2
5.380000E0	1.519494E0	3.885254E-2
5.400000E0	1.527560E0	5.257779E-2
5.420000E0	1.529602E0	5.823377E-2
5.440000E0	1.532109E0	5.509126E-2
5.460000E0	1.536907E0	5.357569E-2
5.480000E0	1.539933E0	8.158621E-2
5.500000E0	1.539038E0	1.253878E-1
5.520000E0	1.543263E0	1.547872E-1
5.540000E0	1.542413E0	1.803364E-1
5.560000E0	1.538796E0	1.732303E-1
5.580000E0	1.540152E0	1.147951E-1
5.600000E0	1.536235E0	8.912395E-2
5.620000E0	1.534544E0	9.239955E-2
5.640000E0	1.533890E0	9.354267E-2
5.660000E0	1.530162E0	7.897362E-2
5.680000E0	1.529147E0	7.411639E-2
5.700000E0	1.530054E0	6.835330E-2
5.720000E0	1.532948E0	5.217124E-2
5.740000E0	1.538273E0	3.329102E-2
5.760000E0	1.554265E0	1.770590E-2
5.780000E0	1.570183E0	7.605313E-3
5.800000E0	1.603463E0	-6.120558E-3
5.820000E0	1.606713E0	-2.816273E-2
5.840000E0	1.603474E0	-5.850750E-2
5.860000E0	1.579081E0	-9.972943E-2
5.880000E0	1.574613E0	-1.230340E-1
5.900000E0	1.575445E0	-9.678980E-2
5.920000E0	1.587449E0	-3.678184E-2
5.940000E0	1.591310E0	-1.777225E-2
5.960000E0	1.599177E0	-4.832929E-2
5.980000E0	1.617725E0	-7.747897E-2
6.000000E0	1.645749E0	-7.269285E-2
6.020000E0	1.659619E0	-6.914203E-2
6.040000E0	1.660673E0	-8.802515E-2
6.060000E0	1.652806E0	-1.027608E-1
6.080000E0	1.638517E0	-7.271711E-2
6.100000E0	1.636477E0	-5.156157E-2
6.120000E0	1.633126E0	-4.756979E-2
6.140000E0	1.633681E0	-4.028076E-2
6.160000E0	1.633024E0	-3.617043E-2
6.180000E0	1.633399E0	-3.895378E-2
6.200000E0	1.633738E0	-4.127760E-2
6.220000E0	1.633920E0	-4.351644E-2
6.240000E0	1.634345E0	-4.542532E-2
6.260000E0	1.634879E0	-4.600642E-2
6.280000E0	1.633133E0	-4.485656E-2
6.300000E0	1.632322E0	-4.295849E-2
6.320000E0	1.631388E0	-4.107967E-2
6.340000E0	1.633921E0	-3.564946E-2
6.360000E0	1.637314E0	-3.075632E-2
6.380000E0	1.645756E0	-1.580510E-2
6.400000E0	1.645854E0	-4.326238E-3
6.420000E0	1.652479E0	7.642853E-3
6.440000E0	1.650118E0	2.791974E-2
6.460000E0	1.649872E0	4.868015E-2
6.480000E0	1.653436E0	6.257231E-2
6.500000E0	1.651314E0	6.058525E-2
6.520000E0	1.649513E0	4.909044E-2
6.540000E0	1.646850E0	4.138840E-2
6.560000E0	1.647573E0	4.591533E-2
6.580000E0	1.647736E0	5.005683E-2
6.600000E0	1.647268E0	5.473601E-2
6.620000E0	1.647792E0	5.615676E-2
6.640000E0	1.646356E0	5.535246E-2
6.660000E0	1.647323E0	5.661213E-2
6.680000E0	1.652265E0	5.852320E-2
6.700000E0	1.667799E0	5.434148E-2
6.720000E0	1.701892E0	2.925190E-2
6.740000E0	1.711913E0	3.428434E-2
6.760000E0	1.723688E0	2.073669E-2
6.780000E0	1.739048E0	-7.321620E-3
6.800000E0	1.743374E0	-1.584593E-2
6.820000E0	1.739775E0	-2.076767E-2
6.840000E0	1.739198E0	-2.274914E-2
6.860000E0	1.730965E0	-2.204811E-2
6.880000E0	1.717410E0	-1.429951E-2
6.900000E0	1.729280E0	9.110780E-3
6.920000E0	1.739928E0	2.790827E-3
6.940000E0	1.759730E0	-2.297682E-2
6.960000E0	1.796836E0	-2.841488E-2
6.980000E0	1.817349E0	-3.202433E-2
7.000000E0	1.827141E0	-4.078962E-2
7.020000E0	1.828122E0	-4.836736E-2
7.040000E0	1.818887E0	-4.217043E-2
7.060000E0	1.818377E0	-3.372717E-2
7.080000E0	1.815718E0	-3.304544E-2
7.100000E0	1.817989E0	-2.486349E-2
7.120000E0	1.819244E0	-1.897707E-2
7.140000E0	1.822486E0	-1.334944E-2
7.160000E0	1.826542E0	-4.740355E-3
7.180000E0	1.829526E0	-1.632095E-3
7.200000E0	1.830991E0	1.537612E-3
7.220000E0	1.833270E0	4.207015E-4
7.240000E0	1.833444E0	-7.284267E-3
7.260000E0	1.825175E0	-1.181074E-2
7.280000E0	1.825090E0	-8.950047E-3
7.300000E0	1.825913E0	-6.816262E-3
7.320000E0	1.826327E0	-3.869011E-3
7.340000E0	1.827509E0	-2.342429E-3
7.360000E0	1.825418E0	-7.198182E-3
7.380000E0	1.818724E0	-3.334993E-2
7.400000E0	1.819534E0	-3.945300E-2
7.420000E0	1.822297E0	-4.086564E-2
7.440000E0	1.825891E0	-4.091699E-2
7.460000E0	1.828862E0	-2.946707E-2
7.480000E0	1.833764E0	-2.486701E-2
7.500000E0	1.832276E0	-6.922948E-3
7.520000E0	1.832924E0	-5.735302E-3
7.540000E0	1.832907E0	4.274810E-3
7.560000E0	1.834652E0	8.275029E-3
7.580000E0	1.840223E0	2.121548E-2
7.600000E0	1.845944E0	2.868296E-2
7.620000E0	1.843824E0	3.552972E-2
7.640000E0	1.844915E0	3.916207E-2
7.660000E0	1.844214E0	4.082562E-2
7.680000E0	1.849663E0	3.479803E-2
7.700000E0	1.862900E0	9.368552E-3
7.720000E0	1.871997E0	2.871130E-3
7.740000E0	1.883580E0	-1.254312E-3
7.760000E0	1.907276E0	-1.556611E-2
7.780000E0	1.913276E0	-1.242041E-2
7.800000E0	1.922659E0	-1.681966E-3
7.820000E0	1.930612E0	-5.211678E-4
7.840000E0	1.934830E0	3.247356E-3
7.860000E0	1.935251E0	1.971298E-2
7.880000E0	1.936769E0	5.385858E-2
7.900000E0	1.949157E0	5.387711E-2
7.920000E0	1.960656E0	2.631467E-2
7.940000E0	1.959952E0	1.523864E-2
7.960000E0	1.961804E0	8.010729E-3
7.980000E0	1.963781E0	-3.253747E-3
8.000000E0	1.968773E0	-1.290996E-2
8.020000E0	1.955878E0	-1.117990E-2
8.040000E0	1.943651E0	-1.005286E-2
8.060000E0	1.935030E0	-3.586378E-3
8.080000E0	1.931519E0	6.770649E-3
8.100000E0	1.931840E0	4.940974E-3
8.120000E0	1.935574E0	9.283170E-3
8.140000E0	1.938581E0	1.379341E-2
8.160000E0	1.937944E0	1.067876E-2
8.180000E0	1.939386E0	5.963847E-3
8.200000E0	1.942271E0	5.919256E-4
8.220000E0	1.945411E0	-6.478372E-3
8.240000E0	1.937585E0	-8.902640E-3
8.260000E0	1.934666E0	-9.159607E-3
8.280000E0	1.933931E0	-5.260240E-3
8.300000E0	1.934906E0	-5.012994E-3
8.320000E0	1.935798E0	-5.068335E-3
8.340000E0	1.935815E0	-4.809920E-3
8.360000E0	1.929830E0	-1.963297E-2
8.380000E0	1.930457E0	-2.039293E-2
8.400000E0	1.931955E0	-1.756591E-2
8.420000E0	1.933242E0	-1.434372E-2
8.440000E0	1.933595E0	-8.938424E-3
8.460000E0	1.934215E0	-2.210130E-3
8.480000E0	1.929461E0	3.364763E-3
8.500000E0	1.931673E0	2.918689E-3
8.520000E0	1.932082E0	2.062454E-3
8.540000E0	1.933443E0	1.207113E-3
8.560000E0	1.935122E0	1.062439E-3
8.580000E0	1.935652E0	5.572977E-4
8.600000E0	1.936645E0	-5.430520E-4
8.620000E0	1.935660E0	-4.480999E-4
8.640000E0	1.935473E0	-1.828619E-3
8.660000E0	1.938552E0	-4.902477E-3
8.680000E0	1.941049E0	-8.982319E-3
8.700000E0	1.943226E0	-1.147569E-2
8.720000E0	1.968534E0	-1.355574E-2
8.740000E0	1.997067E0	-2.211987E-2
8.760000E0	2.010445E0	-6.417194E-3
8.780000E0	2.016573E0	8.310620E-4
8.800000E0	2.025092E0	1.037349E-3
8.820000E0	2.028853E0	1.755432E-3
8.840000E0	2.029004E0	1.978840E-2
8.860000E0	2.028279E0	3.653208E-2
8.880000E0	2.039007E0	2.786151E-2
8.900000E0	2.050243E0	1.311486E-2
8.920000E0	2.055368E0	6.942594E-3
8.940000E0	2.070069E0	2.928781E-4
8.960000E0	2.088824E0	2.137599E-3
8.980000E0	2.096800E0	1.020430E-4
9.000000E0	2.094467E0	1.258261E-2
9.020000E0	2.087204E0	3.193876E-2
9.040000E0	2.084937E0	4.432393E-2
9.060000E0	2.084779E0	6.762373E-2
9.080000E0	2.081877E0	8.395506E-2
9.100000E0	2.081533E0	7.842526E-2
9.120000E0	2.075857E0	5.309967E-2
9.140000E0	2.077534E0	4.854159E-2
9.160000E0	2.078378E0	4.604024E-2
9.180000E0	2.077368E0	3.170159E-2
9.200000E0	2.076005E0	2.232280E-2
9.220000E0	2.072412E0	1.935630E-2
9.240000E0	2.070679E0	8.388568E-3
9.260000E0	2.072735E0	6.397307E-3
9.280000E0	2.075528E0	6.319413E-3
9.300000E0	2.079536E0	8.022153E-3
9.320000E0	2.080662E0	8.639123E-3
9.340000E0	2.080403E0	3.277876E-3
9.360000E0	2.076470E0	-6.229203E-3
9.380000E0	2.076981E0	-6.539019E-3
9.400000E0	2.080579E0	-5.668864E-3
9.420000E0	2.080490E0	-4.776223E-3
9.440000E0	2.078232E0	-7.725537E-4
9.460000E0	2.077715E0	-3.350023E-4
9.480000E0	2.078770E0	-1.369973E-4
9.500000E0	2.079196E0	1.004736E-3
9.520000E0	2.081081E0	2.142047E-3
9.540000E0	2.081552E0	2.931262E-3
9.560000E0	2.081593E0	-1.561746E-4
9.580000E0	2.081767E0	5.326678E-5
9.600000E0	2.080567E0	-1.490397E-3
9.620000E0	2.077577E0	-1.468692E-2
9.640000E0	2.079249E0	-2.071887E-2
9.660000E0	2.082174E0	-1.751386E-2
9.680000E0	2.093241E0	-3.435348E-2
9.700000E0	2.090870E0	-8.041705E-2
9.720000E0	2.089063E0	-9.968919E-2
9.740000E0	2.088099E0	-1.003965E-1
9.760000E0	2.090716E0	-8.816354E-2
9.780000E0	2.088365E0	-7.699662E-2
9.800000E0	2.098825E0	-5.221814E-2
9.820000E0	2.094078E0	-4.881002E-2
9.840000E0	2.096204E0	-6.466459E-2
9.860000E0	2.098722E0	-6.226240E-2
9.880000E0	2.111207E0	-5.955896E-2
9.900000E0	2.122753E0	-5.422894E-2
9.920000E0	2.150620E0	-4.002403E-2
9.940000E0	2.153599E0	-3.219155E-2
9.960000E0	2.145873E0	-2.333426E-2
9.980000E0	2.140202E0	-3.914950E-3
1.000000E1	2.141049E0	2.981610E-3
1.002000E1	2.137771E0	8.869310E-3
1.004000E1	2.138666E0	1.549725E-2
1.006000E1	2.139927E0	1.237217E-2
1.008000E1	2.138255E0	8.030279E-4
1.010000E1	2.138546E0	9.656609E-4
1.012000E1	2.143796E0	5.516111E-3
1.014000E1	2.147005E0	7.130517E-3
1.016000E1	2.146226E0	1.171308E-2
1.018000E1	2.145531E0	1.659579E-2
1.020000E1	2.144674E0	1.410115E-2
1.022000E1	2.147243E0	1.918647E-2
1.024000E1	2.146427E0	2.479528E-2
1.026000E1	2.151621E0	3.141257E-2
1.028000E1	2.148387E0	4.016089E-2
1.030000E1	2.141041E0	2.488091E-2
1.032000E1	2.136811E0	4.354293E-4
1.034000E1	2.136328E0	-2.827699E-3
1.036000E1	2.134706E0	-4.114404E-3
1.038000E1	2.131648E0	-9.002186E-3
1.040000E1	2.127588E0	-7.440577E-3
1.042000E1	2.130039E0	-5.699383E-3
1.044000E1	2.131915E0	-4.083795E-3
1.046000E1	2.134190E0	-1.036783E-3
1.048000E1	2.135218E0	-4.707219E-4
1.050000E1	2.136662E0	1.213919E-3
1.052000E1	2.138102E0	9.355196E-4
1.054000E1	2.138646E0	-3.651098E-3
1.056000E1	2.137709E0	-1.580531E-2
1.058000E1	2.138822E0	-2.842658E-2
1.060000E1	2.143513E0	-4.404694E-2
1.062000E1	2.147645E0	-6.578285E-2
1.064000E1	2.147505E0	-8.982616E-2
1.066000E1	2.148075E0	-1.023629E-1
1.068000E1	2.147074E0	-1.037575E-1
1.070000E1	2.150080E0	-9.461717E-2
1.072000E1	2.152540E0	-6.825947E-2
1.074000E1	2.155200E0	-3.924900E-2
1.076000E1	2.155470E0	-4.540482E-2
1.078000E1	2.158977E0	-6.758062E-2
1.080000E1	2.155952E0	-7.572733E-2
1.082000E1	2.156006E0	-8.237577E-2
1.084000E1	2.157079E0	-9.424107E-2
1.086000E1	2.155231E0	-9.477813E-2
1.088000E1	2.152066E0	-9.301970E-2
1.090000E1	2.146078E0	-7.487686E-2
1.092000E1	2.141190E0	-5.785016E-2
1.094000E1	2.140292E0	-4.938197E-2
1.096000E1	2.138977E0	-4.827264E-2
1.098000E1	2.139507E0	-4.347134E-2
1.100000E1	2.140345E0	-4.302427E-2
1.102000E1	2.141545E0	-4.377125E-2
1.104000E1	2.142639E0	-4.358619E-2
1.106000E1	2.142996E0	-4.115692E-2
1.108000E1	2.144146E0	-4.449403E-2
1.110000E1	2.146307E0	-3.404884E-2
1.112000E1	2.149897E0	-2.739148E-2
1.114000E1	2.150730E0	-2.898566E-2
1.116000E1	2.154412E0	-2.116484E-2
1.118000E1	2.156519E0	-8.680121E-3
1.120000E1	2.156878E0	-5.553070E-3
1.122000E1	2.158161E0	1.484213E-3
1.124000E1	2.156422E0	1.996911E-3
1.126000E1	2.154569E0	1.574166E-3
1.128000E1	2.152773E0	-4.500884E-3
1.130000E1	2.151895E0	-3.421942E-3
1.132000E1	2.151672E0	1.750518E-3
1.134000E1	2.153108E0	7.601459E-3
1.136000E1	2.152649E0	9.557225E-3
1.138000E1	2.156718E0	1.072874E-2
1.140000E1	2.157813E0	1.831784E-2
1.142000E1	2.157702E0	2.067258E-2
1.144000E1	2.161487E0	2.868783E-2
1.146000E1	2.158573E0	3.460836E-2
1.148000E1	2.157404E0	1.793114E-2
1.150000E1	2.159358E0	-1.614123E-2
1.152000E1	2.162742E0	-1.235536E-2
1.154000E1	2.163020E0	-1.533008E-2
1.156000E1	2.174848E0	-4.261405E-2
1.158000E1	2.176952E0	-6.064697E-2
1.160000E1	2.175594E0	-6.521254E-2
1.162000E1	2.179185E0	-6.873345E-2
1.164000E1	2.185436E0	-5.379879E-2
1.166000E1	2.183557E0	-4.071951E-2
1.168000E1	2.188888E0	-3.599857E-2
1.170000E1	2.200310E0	-4.027722E-2
1.172000E1	2.226833E0	-5.215033E-2
1.174000E1	2.253654E0	-6.670409E-2
1.176000E1	2.264641E0	-7.576672E-2
1.178000E1	2.259041E0	-7.408202E-2
1.180000E1	2.249280E0	-7.631230E-2
1.182000E1	2.241887E0	-5.473312E-2
1.184000E1	2.239559E0	-4.496949E-2
1.186000E1	2.237826E0	-3.898006E-2
1.188000E1	2.239319E0	-3.995484E-2
1.190000E1	2.241503E0	-3.298255E-2
1.192000E1	2.244623E0	-3.095166E-2
1.194000E1	2.245534E0	-3.442780E-2
1.196000E1	2.245724E0	-3.687673E-2
1.198000E1	2.245704E0	-4.158146E-2
1.200000E1	2.238327E0	-5.576005E-2
1.202000E1	2.236073E0	-5.604072E-2
1.204000E1	2.237427E0	-5.294789E-2
1.206000E1	2.238419E0	-5.316056E-2
1.208000E1	2.239611E0	-5.250834E-2
1.210000E1	2.240007E0	-5.165711E-2
1.212000E1	2.241442E0	-5.164815E-2
1.214000E1	2.239717E0	-5.554547E-2
1.216000E1	2.239843E0	-5.527050E-2
1.218000E1	2.240005E0	-5.373203E-2
1.220000E1	2.240399E0	-5.320482E-2
1.222000E1	2.240699E0	-4.796727E-2
1.224000E1	2.240522E0	-4.751543E-2
1.226000E1	2.241586E0	-4.124994E-2
1.228000E1	2.244698E0	-3.998202E-2
1.230000E1	2.247907E0	-3.595982E-2
1.232000E1	2.258050E0	-2.661104E-2
1.234000E1	2.259830E0	-1.860309E-2
1.236000E1	2.257554E0	-1.246686E-2
1.238000E1	2.257003E0	-5.035818E-3
1.240000E1	2.257252E0	-5.413424E-3
1.242000E1	2.263118E0	-9.816547E-3
1.244000E1	2.278469E0	-2.806626E-2
1.246000E1	2.286919E0	-3.507816E-2
1.248000E1	2.301165E0	-5.075333E-2
1.250000E1	2.320464E0	-6.096299E-2
1.252000E1	2.321813E0	-4.911905E-2
1.254000E1	2.334551E0	-4.049608E-2
1.256000E1	2.337307E0	-4.226744E-2
1.258000E1	2.340316E0	-3.289462E-2
1.260000E1	2.341600E0	-7.447872E-3
1.262000E1	2.355722E0	-1.681375E-3
1.264000E1	2.374950E0	-1.695989E-2
1.266000E1	2.382071E0	-2.798798E-2
1.268000E1	2.381770E0	-4.519535E-2
1.270000E1	2.385366E0	-5.116850E-2
1.272000E1	2.384025E0	-5.968637E-2
1.274000E1	2.365808E0	-5.646912E-2
1.276000E1	2.355324E0	-5.655071E-2
1.278000E1	2.343803E0	-5.202940E-2
1.280000E1	2.340135E0	-4.127228E-2
1.282000E1	2.340487E0	-4.612500E-2
1.284000E1	2.339941E0	-4.262790E-2
1.286000E1	2.346092E0	-3.873781E-2
1.288000E1	2.346077E0	-4.019494E-2
1.290000E1	2.350459E0	-3.728861E-2
1.292000E1	2.348565E0	-4.092375E-2
1.294000E1	2.348663E0	-4.208694E-2
1.296000E1	2.346224E0	-4.470877E-2
1.298000E1	2.343436E0	-4.998621E-2
1.300000E1	2.343568E0	-5.311390E-2
1.302000E1	2.343685E0	-5.226294E-2
1.304000E1	2.343902E0	-5.158191E-2
1.306000E1	2.343481E0	-5.512169E-2
1.308000E1	2.343061E0	-5.782658E-2
1.310000E1	2.343913E0	-5.439396E-2
1.312000E1	2.344429E0	-5.205448E-2
1.314000E1	2.344484E0	-5.145023E-2
1.316000E1	2.338845E0	-5.092515E-2
1.318000E1	2.334079E0	-5.073713E-2
1.320000E1	2.335658E0	-5.038995E-2
1.322000E1	2.337213E0	-4.993860E-2
1.324000E1	2.338373E0	-4.928571E-2
1.326000E1	2.339189E0	-4.919624E-2
1.328000E1	2.340251E0	-4.820667E-2
1.330000E1	2.341080E0	-4.856970E-2
1.332000E1	2.341003E0	-4.862157E-2
1.334000E1	2.341366E0	-4.887590E-2
1.336000E1	2.343653E0	-5.774542E-2
1.338000E1	2.343904E0	-5.638239E-2
1.340000E1	2.353808E0	-5.709616E-2
1.342000E1	2.358479E0	-8.118142E-2
1.344000E1	2.362234E0	-9.718839E-2
1.346000E1	2.371844E0	-8.433315E-2
1.348000E1	2.399370E0	-6.549857E-2
1.350000E1	2.404417E0	-5.517432E-2
1.352000E1	2.402349E0	-5.341990E-2
1.354000E1	2.400050E0	-2.480690E-2
1.356000E1	2.400126E0	-2.124648E-2
1.358000E1	2.418127E0	-2.832204E-2
1.360000E1	2.431046E0	-3.149183E-2
1.362000E1	2.443286E0	-4.509840E-2
1.364000E1	2.444620E0	-5.695513E-2
1.366000E1	2.449047E0	-4.976643E-2
1.368000E1	2.450321E0	-3.678075E-2
1.370000E1	2.440181E0	-2.959330E-2
1.372000E1	2.442141E0	-2.506031E-2
1.374000E1	2.437834E0	-3.819227E-3
1.376000E1	2.442516E0	6.355868E-3
1.378000E1	2.444555E0	1.180490E-2
1.380000E1	2.450753E0	1.681210E-2
1.382000E1	2.449944E0	1.570751E-2
1.384000E1	2.446146E0	7.674450E-3
1.386000E1	2.438007E0	-1.421778E-2
1.388000E1	2.439104E0	-1.125617E-2
1.390000E1	2.435477E0	-1.432244E-2
1.392000E1	2.431767E0	-1.830814E-2
1.394000E1	2.429673E0	-1.994835E-2
1.396000E1	2.427934E0	-2.148339E-2
1.398000E1	2.430985E0	-1.736896E-2
1.400000E1	2.433070E0	-1.430179E-2
1.402000E1	2.436127E0	-1.597558E-2
1.404000E1	2.437402E0	-1.735907E-2
1.406000E1	2.439475E0	-1.285318E-2
1.408000E1	2.441289E0	-1.035046E-2
1.410000E1	2.441502E0	-8.226968E-3
1.412000E1	2.440020E0	-7.304870E-3
1.414000E1	2.438627E0	-6.550861E-3
1.416000E1	2.439044E0	-6.236730E-3
1.418000E1	2.439262E0	-6.072106E-3
1.420000E1	2.439589E0	-5.914393E-3
1.422000E1	2.439964E0	-5.925717E-3
1.424000E1	2.440841E0	-5.346821E-3
1.426000E1	2.441314E0	-4.976441E-3
1.428000E1	2.441144E0	-5.486498E-3
1.430000E1	2.441781E0	-7.662007E-3
1.432000E1	2.440023E0	-2.787138E-2
1.434000E1	2.440344E0	-3.468751E-2
1.436000E1	2.442683E0	-4.796418E-2
1.438000E1	2.448989E0	-8.109961E-2
1.440000E1	2.449174E0	-8.726257E-2
1.442000E1	2.447962E0	-9.163679E-2
1.444000E1	2.446514E0	-9.188311E-2
1.446000E1	2.445614E0	-9.283685E-2
1.448000E1	2.446623E0	-7.187693E-2
1.450000E1	2.446394E0	-6.751441E-2
1.452000E1	2.445904E0	-6.363112E-2
1.454000E1	2.455295E0	-6.800228E-2
1.456000E1	2.454566E0	-6.916630E-2
1.458000E1	2.464202E0	-7.455634E-2
1.460000E1	2.461160E0	-6.988851E-2
1.462000E1	2.461221E0	-5.772574E-2
1.464000E1	2.462089E0	-4.289737E-2
1.466000E1	2.458711E0	-3.098845E-2
1.468000E1	2.459990E0	-2.006431E-2
1.470000E1	2.456215E0	-1.046169E-2
1.472000E1	2.456082E0	-2.092879E-3
1.474000E1	2.457837E0	4.409184E-3
1.476000E1	2.458552E0	4.221787E-3
1.478000E1	2.456629E0	2.957781E-3
1.480000E1	2.456253E0	-3.127270E-4
1.482000E1	2.454534E0	-4.166075E-3
1.484000E1	2.455011E0	-5.793346E-3
1.486000E1	2.456143E0	5.515789E-4
1.488000E1	2.457361E0	2.260599E-3
1.490000E1	2.456031E0	2.339601E-3
1.492000E1	2.458876E0	6.864072E-3
1.494000E1	2.460861E0	1.169165E-2
1.496000E1	2.464267E0	2.125471E-2
1.498000E1	2.468427E0	3.103935E-2
1.500000E1	2.465756E0	3.804155E-2
1.502000E1	2.462064E0	3.752693E-2
1.504000E1	2.452361E0	1.475914E-2
1.506000E1	2.446691E0	-4.515391E-3
1.508000E1	2.442709E0	-5.192962E-3
1.510000E1	2.443218E0	-6.063978E-3
1.512000E1	2.442173E0	-5.162697E-3
1.514000E1	2.441163E0	-1.046122E-2
1.516000E1	2.444119E0	-6.655544E-3
1.518000E1	2.446375E0	-5.458927E-3
1.520000E1	2.446846E0	-7.740733E-3
1.522000E1	2.449277E0	-2.999625E-3
1.524000E1	2.448309E0	-1.069402E-2
1.526000E1	2.448282E0	-1.823164E-2
1.528000E1	2.453224E0	-2.360958E-2
1.530000E1	2.461216E0	-2.590282E-2
1.532000E1	2.461699E0	-5.966354E-2
1.534000E1	2.458320E0	-8.438360E-2
1.536000E1	2.458739E0	-8.862291E-2
1.538000E1	2.461495E0	-7.721267E-2
1.540000E1	2.463694E0	-7.226995E-2
1.542000E1	2.461271E0	-6.462772E-2
1.544000E1	2.458944E0	-4.476810E-2
1.546000E1	2.457759E0	-4.629510E-2
1.548000E1	2.465221E0	-5.941118E-2
1.550000E1	2.469482E0	-6.815210E-2
1.552000E1	2.464351E0	-8.137603E-2
1.554000E1	2.461922E0	-8.976218E-2
1.556000E1	2.460616E0	-9.263769E-2
1.558000E1	2.457007E0	-8.549957E-2
1.560000E1	2.453276E0	-7.921923E-2
1.562000E1	2.451605E0	-7.381079E-2
1.564000E1	2.449071E0	-6.048243E-2
1.566000E1	2.450284E0	-5.789226E-2
1.568000E1	2.449746E0	-5.357980E-2
1.570000E1	2.450189E0	-5.275154E-2
1.572000E1	2.450856E0	-4.998516E-2
1.574000E1	2.452263E0	-4.799283E-2
1.576000E1	2.452493E0	-4.854784E-2
1.578000E1	2.453026E0	-4.908076E-2
1.580000E1	2.455782E0	-4.275402E-2
1.582000E1	2.457542E0	-4.087489E-2
1.584000E1	2.460328E0	-3.647734E-2
1.586000E1	2.466710E0	-2.899691E-2
1.588000E1	2.467559E0	-2.497768E-2
1.590000E1	2.469630E0	-1.429333E-2
1.592000E1	2.467443E0	-6.902245E-3
1.594000E1	2.466606E0	-9.077234E-4
1.596000E1	2.465595E0	2.636272E-4
1.598000E1	2.464267E0	-2.774674E-4
1.600000E1	2.459512E0	-6.544507E-3
1.602000E1	2.457238E0	-1.071446E-2
1.604000E1	2.460467E0	4.833464E-3
1.606000E1	2.463522E0	3.960933E-3
1.608000E1	2.463423E0	4.622421E-3
1.610000E1	2.467890E0	1.185372E-2
1.612000E1	2.468995E0	1.443237E-2
1.614000E1	2.469508E0	1.731926E-2
1.616000E1	2.478943E0	2.552996E-2
1.618000E1	2.492792E0	2.207918E-2
1.620000E1	2.507365E0	-9.178904E-3
1.622000E1	2.505276E0	-2.591359E-2
1.624000E1	2.508518E0	-3.674965E-2
1.626000E1	2.516410E0	-6.118825E-2
1.628000E1	2.509228E0	-7.269797E-2
1.630000E1	2.502032E0	-7.819401E-2
1.632000E1	2.500690E0	-8.919514E-2
1.634000E1	2.497075E0	-8.846490E-2
1.636000E1	2.498540E0	-6.547047E-2
1.638000E1	2.496254E0	-5.751169E-2
1.640000E1	2.504030E0	-5.962739E-2
1.642000E1	2.525041E0	-6.646583E-2
1.644000E1	2.548734E0	-7.625304E-2
1.646000E1	2.561534E0	-7.813388E-2
1.648000E1	2.563128E0	-9.140834E-2
1.650000E1	2.555791E0	-9.669293E-2
1.652000E1	2.543042E0	-8.696993E-2
1.654000E1	2.543592E0	-8.461799E-2
1.656000E1	2.543456E0	-7.182442E-2
1.658000E1	2.545073E0	-6.371291E-2
1.660000E1	2.545971E0	-6.061220E-2
1.662000E1	2.547655E0	-5.640463E-2
1.664000E1	2.549284E0	-5.409706E-2
1.666000E1	2.549917E0	-5.243618E-2
1.668000E1	2.550437E0	-5.139038E-2
1.670000E1	2.548243E0	-5.569588E-2
1.672000E1	2.541922E0	-5.569066E-2
1.674000E1	2.543708E0	-5.380254E-2
1.676000E1	2.544618E0	-5.443834E-2
1.678000E1	2.546035E0	-5.459724E-2
1.680000E1	2.546662E0	-5.274879E-2
1.682000E1	2.547262E0	-5.264174E-2
1.684000E1	2.544603E0	-6.019765E-2
1.686000E1	2.546351E0	-6.078532E-2
1.688000E1	2.547036E0	-5.581242E-2
1.690000E1	2.547382E0	-5.514883E-2
1.692000E1	2.547494E0	-4.986807E-2
1.694000E1	2.547646E0	-4.963462E-2
1.696000E1	2.547780E0	-4.627881E-2
1.698000E1	2.550408E0	-4.229105E-2
1.700000E1	2.551639E0	-4.119842E-2
1.702000E1	2.560856E0	-3.288834E-2
1.704000E1	2.561803E0	-2.759229E-2
1.706000E1	2.563139E0	-2.631575E-2
1.708000E1	2.565223E0	-2.635391E-2
1.710000E1	2.564048E0	-2.907630E-2
1.712000E1	2.569693E0	-4.018178E-2
1.714000E1	2.588089E0	-5.708050E-2
1.716000E1	2.603545E0	-5.498408E-2
1.718000E1	2.607898E0	-6.183749E-2
1.720000E1	2.614585E0	-6.956025E-2
1.722000E1	2.626121E0	-5.522771E-2
1.724000E1	2.627903E0	-4.470458E-2
1.726000E1	2.636965E0	-4.549450E-2
1.728000E1	2.641050E0	-4.020073E-2
1.730000E1	2.645291E0	-1.419285E-2
1.732000E1	2.654634E0	-1.560982E-2
1.734000E1	2.682256E0	-1.972031E-2
1.736000E1	2.700508E0	-1.753904E-2
1.738000E1	2.703276E0	-1.997984E-2
1.740000E1	2.690517E0	-4.067781E-2
1.742000E1	2.681165E0	-4.643848E-2
1.744000E1	2.652438E0	-3.839669E-2
1.746000E1	2.649534E0	-4.563351E-2
1.748000E1	2.642604E0	-4.459193E-2
1.750000E1	2.636460E0	-4.442593E-2
1.752000E1	2.638104E0	-4.631775E-2
1.754000E1	2.641625E0	-4.306401E-2
1.756000E1	2.642998E0	-4.256317E-2
1.758000E1	2.644549E0	-4.321174E-2
1.760000E1	2.645798E0	-4.272755E-2
1.762000E1	2.646976E0	-4.493871E-2
1.764000E1	2.645787E0	-4.800796E-2
1.766000E1	2.645653E0	-4.812894E-2
1.768000E1	2.640776E0	-5.256416E-2
1.770000E1	2.637205E0	-5.717787E-2
1.772000E1	2.639647E0	-5.584616E-2
1.774000E1	2.641276E0	-5.437749E-2
1.776000E1	2.641568E0	-5.538953E-2
1.778000E1	2.642557E0	-5.719566E-2
1.780000E1	2.643049E0	-5.448351E-2
1.782000E1	2.644515E0	-5.456221E-2
1.784000E1	2.645753E0	-5.316291E-2
1.786000E1	2.642847E0	-5.234939E-2
1.788000E1	2.639768E0	-5.329228E-2
1.790000E1	2.641158E0	-5.255331E-2
1.792000E1	2.640790E0	-5.115308E-2
1.794000E1	2.643210E0	-5.211172E-2
1.796000E1	2.644127E0	-5.135966E-2
1.798000E1	2.644140E0	-5.087734E-2
1.800000E1	2.643079E0	-5.081628E-2
1.802000E1	2.643706E0	-5.122169E-2
1.804000E1	2.643916E0	-5.320226E-2
1.806000E1	2.646308E0	-5.753017E-2
1.808000E1	2.650232E0	-5.879010E-2
1.810000E1	2.663735E0	-7.215302E-2
1.812000E1	2.662207E0	-8.428927E-2
1.814000E1	2.660063E0	-8.797803E-2
1.816000E1	2.666941E0	-7.873034E-2
1.818000E1	2.678212E0	-6.349116E-2
1.820000E1	2.687753E0	-4.871226E-2
1.822000E1	2.689569E0	-4.032514E-2
1.824000E1	2.694816E0	-4.059509E-2
1.826000E1	2.716873E0	-4.077429E-2
1.828000E1	2.729137E0	-4.549517E-2
1.830000E1	2.749596E0	-5.017919E-2
1.832000E1	2.757908E0	-5.267198E-2
1.834000E1	2.753567E0	-5.359339E-2
1.836000E1	2.724586E0	-5.063984E-2
1.838000E1	2.719682E0	-4.284760E-2
1.840000E1	2.716282E0	-3.363563E-2
1.842000E1	2.709770E0	-2.805091E-2
1.844000E1	2.715287E0	-2.283739E-2
1.846000E1	2.714159E0	-1.130984E-2
1.848000E1	2.716794E0	5.098578E-4
1.850000E1	2.719334E0	1.057899E-2
1.852000E1	2.722010E0	2.309516E-2
1.854000E1	2.718218E0	1.958764E-2
1.856000E1	2.708795E0	3.491086E-3
1.858000E1	2.698981E0	-8.653813E-3
1.860000E1	2.698762E0	-1.236453E-2
1.862000E1	2.694390E0	-1.691091E-2
1.864000E1	2.691692E0	-2.009032E-2
1.866000E1	2.694161E0	-1.811568E-2
1.868000E1	2.690903E0	-2.500074E-2
1.870000E1	2.690483E0	-2.447813E-2
1.872000E1	2.691520E0	-1.955950E-2
1.874000E1	2.695579E0	-1.168843E-2
1.876000E1	2.697722E0	-6.782612E-3
1.878000E1	2.697464E0	-2.775255E-3
1.880000E1	2.697500E0	-2.117984E-3
1.882000E1	2.697378E0	-1.887019E-3
1.884000E1	2.696624E0	-5.161692E-3
1.886000E1	2.696274E0	-1.011915E-2
1.888000E1	2.695806E0	-1.050094E-2
1.890000E1	2.696259E0	-1.100326E-2
1.892000E1	2.694876E0	-1.140663E-2
1.894000E1	2.695465E0	-1.266830E-2
1.896000E1	2.696366E0	-1.296237E-2
1.898000E1	2.698139E0	-2.421134E-2
1.900000E1	2.707208E0	-2.411812E-2
1.902000E1	2.716050E0	-3.777512E-2
1.904000E1	2.707528E0	-7.717506E-2
1.906000E1	2.705460E0	-9.604771E-2
1.908000E1	2.704019E0	-9.722425E-2
1.910000E1	2.704731E0	-8.788449E-2
1.912000E1	2.704857E0	-8.131056E-2
1.914000E1	2.703288E0	-6.623564E-2
1.916000E1	2.702865E0	-6.346192E-2
1.918000E1	2.705057E0	-6.434540E-2
1.920000E1	2.714800E0	-7.426390E-2
1.922000E1	2.718329E0	-7.756786E-2
1.924000E1	2.723127E0	-9.002596E-2
1.926000E1	2.722336E0	-9.087258E-2
1.928000E1	2.715085E0	-8.462670E-2
1.930000E1	2.709843E0	-8.205388E-2
1.932000E1	2.706430E0	-7.174722E-2
1.934000E1	2.707063E0	-5.289752E-2
1.936000E1	2.709632E0	-4.025408E-2
1.938000E1	2.714110E0	-3.243850E-2
1.940000E1	2.718123E0	-2.907977E-2
1.942000E1	2.716545E0	-3.286892E-2
1.944000E1	2.719409E0	-2.910297E-2
1.946000E1	2.718296E0	-3.150868E-2
1.948000E1	2.717221E0	-3.400731E-2
1.950000E1	2.715501E0	-3.687327E-2
1.952000E1	2.713883E0	-3.863719E-2
1.954000E1	2.711752E0	-4.522792E-2
1.956000E1	2.710712E0	-4.046581E-2
1.958000E1	2.711538E0	-3.832469E-2
1.960000E1	2.715131E0	-3.665584E-2
1.962000E1	2.716701E0	-3.147691E-2
1.964000E1	2.716965E0	-3.095316E-2
1.966000E1	2.720389E0	-2.675881E-2
1.968000E1	2.727719E0	-7.003600E-3
1.970000E1	2.720195E0	7.530819E-3
1.972000E1	2.717989E0	6.383339E-3
1.974000E1	2.714599E0	-1.483848E-2
1.976000E1	2.710240E0	-2.495706E-2
1.978000E1	2.707809E0	-1.972194E-2
1.980000E1	2.707215E0	-1.845661E-2
1.982000E1	2.702506E0	-2.436046E-2
1.984000E1	2.701151E0	-2.311875E-2
1.986000E1	2.701610E0	-1.970711E-2
1.988000E1	2.702738E0	-1.822286E-2
1.990000E1	2.701063E0	-3.522675E-2
1.992000E1	2.713770E0	-3.861587E-2
1.994000E1	2.734038E0	-4.460948E-2
1.996000E1	2.753202E0	-7.131923E-2
1.998000E1	2.754181E0	-8.041906E-2
2.000000E1	2.752385E0	-8.694230E-2
2.002000E1	2.751203E0	-9.034383E-2
2.004000E1	2.747833E0	-9.038621E-2
2.006000E1	2.746356E0	-7.514189E-2
2.008000E1	2.746649E0	-6.419315E-2
2.010000E1	2.752399E0	-6.842935E-2
2.012000E1	2.755234E0	-6.624067E-2
2.014000E1	2.771217E0	-7.558931E-2
2.016000E1	2.778582E0	-7.556113E-2
2.018000E1	2.774216E0	-7.215616E-2
2.020000E1	2.765894E0	-7.011674E-2
2.022000E1	2.754896E0	-5.755393E-2
2.024000E1	2.750026E0	-5.338914E-2
2.026000E1	2.746744E0	-4.767742E-2
2.028000E1	2.746610E0	-4.579804E-2
2.030000E1	2.748071E0	-4.598817E-2
2.032000E1	2.750391E0	-4.377237E-2
2.034000E1	2.751842E0	-4.407678E-2
2.036000E1	2.753332E0	-4.610926E-2
2.038000E1	2.753831E0	-4.761891E-2
2.040000E1	2.755529E0	-4.978429E-2
2.042000E1	2.755121E0	-4.867106E-2
2.044000E1	2.754019E0	-4.721997E-2
2.046000E1	2.754581E0	-4.710072E-2
2.048000E1	2.755025E0	-4.573602E-2
2.050000E1	2.756285E0	-4.584682E-2
2.052000E1	2.757645E0	-4.344438E-2
2.054000E1	2.762782E0	-3.685607E-2
2.056000E1	2.762681E0	-3.547155E-2
2.058000E1	2.766750E0	-2.910134E-2
2.060000E1	2.766450E0	-3.091449E-2
2.062000E1	2.765476E0	-3.313402E-2
2.064000E1	2.764313E0	-3.560852E-2
2.066000E1	2.763267E0	-3.478814E-2
2.068000E1	2.763120E0	-3.603505E-2
2.070000E1	2.760104E0	-4.358414E-2
2.072000E1	2.760342E0	-4.146195E-2
2.074000E1	2.763120E0	-3.747722E-2
2.076000E1	2.763397E0	-3.529840E-2
2.078000E1	2.768423E0	-3.352446E-2
2.080000E1	2.767595E0	-3.374771E-2
2.082000E1	2.779133E0	-4.110160E-2
2.084000E1	2.796127E0	-5.376897E-2
2.086000E1	2.812433E0	-5.281271E-2
2.088000E1	2.835760E0	-6.237505E-2
2.090000E1	2.842061E0	-6.008109E-2
2.092000E1	2.839434E0	-5.461830E-2
2.094000E1	2.837594E0	-5.319240E-2
2.096000E1	2.829045E0	-6.599022E-2
2.098000E1	2.813291E0	-6.107989E-2
2.100000E1	2.802561E0	-5.709465E-2
2.102000E1	2.803001E0	-5.607315E-2
2.104000E1	2.803858E0	-5.437277E-2
2.106000E1	2.816440E0	-5.495271E-2
2.108000E1	2.823306E0	-7.364343E-2
2.110000E1	2.829193E0	-8.156831E-2
2.112000E1	2.829721E0	-8.685667E-2
2.114000E1	2.823613E0	-8.590688E-2
2.116000E1	2.810412E0	-6.854898E-2
2.118000E1	2.807888E0	-5.388585E-2
2.120000E1	2.802531E0	-5.363267E-2
2.122000E1	2.795431E0	-6.015636E-2
2.124000E1	2.797203E0	-5.749123E-2
2.126000E1	2.799554E0	-5.669401E-2
2.128000E1	2.801126E0	-5.232658E-2
2.130000E1	2.803580E0	-4.640996E-2
2.132000E1	2.803746E0	-4.742765E-2
2.134000E1	2.804649E0	-4.824845E-2
2.136000E1	2.804309E0	-4.973089E-2
2.138000E1	2.802049E0	-5.053199E-2
2.140000E1	2.802753E0	-5.215060E-2
2.142000E1	2.801441E0	-5.197151E-2
2.144000E1	2.800148E0	-5.232253E-2
2.146000E1	2.801914E0	-4.979058E-2
2.148000E1	2.802979E0	-5.493249E-2
2.150000E1	2.802536E0	-5.470794E-2
2.152000E1	2.802047E0	-5.393495E-2
2.154000E1	2.803178E0	-5.350470E-2
2.156000E1	2.803047E0	-5.223826E-2
2.158000E1	2.803598E0	-5.084055E-2
2.160000E1	2.803067E0	-5.079277E-2
2.162000E1	2.802827E0	-4.763027E-2
2.164000E1	2.804454E0	-4.513190E-2
2.166000E1	2.804792E0	-4.631486E-2
2.168000E1	2.807265E0	-4.315325E-2
2.170000E1	2.805707E0	-4.529222E-2
2.172000E1	2.811013E0	-3.905692E-2
2.174000E1	2.816579E0	-3.904373E-2
2.176000E1	2.819943E0	-3.346962E-2
2.178000E1	2.832630E0	-4.419051E-2
2.180000E1	2.851639E0	-4.498159E-2
2.182000E1	2.873513E0	-5.967037E-2
2.184000E1	2.881530E0	-8.545886E-2
2.186000E1	2.876376E0	-7.545675E-2
2.188000E1	2.869320E0	-5.702841E-2
2.190000E1	2.867191E0	-5.471839E-2
2.192000E1	2.866702E0	-5.343539E-2
2.194000E1	2.864606E0	-3.141336E-2
2.196000E1	2.864237E0	-3.648506E-2
2.198000E1	2.875033E0	-4.294466E-2
2.200000E1	2.893272E0	-4.081830E-2
2.202000E1	2.913623E0	-4.414335E-2
2.204000E1	2.938174E0	-5.125994E-2
2.206000E1	2.945836E0	-4.889302E-2
2.208000E1	2.924955E0	-4.922729E-2
2.210000E1	2.893887E0	-5.023381E-2
2.212000E1	2.895956E0	-5.123972E-2
2.214000E1	2.879781E0	-5.475847E-2
2.216000E1	2.872650E0	-5.336760E-2
2.218000E1	2.864075E0	-4.882436E-2
2.220000E1	2.858920E0	-4.397803E-2
2.222000E1	2.859090E0	-4.420463E-2
2.224000E1	2.858890E0	-4.681686E-2
2.226000E1	2.859498E0	-4.971418E-2
2.228000E1	2.861872E0	-5.517838E-2
2.230000E1	2.858680E0	-4.968969E-2
2.232000E1	2.859133E0	-4.683305E-2
2.234000E1	2.857685E0	-4.568510E-2
2.236000E1	2.856447E0	-4.406698E-2
2.238000E1	2.856096E0	-5.345201E-2
2.240000E1	2.851325E0	-6.206211E-2
2.242000E1	2.851677E0	-6.080105E-2
2.244000E1	2.852378E0	-5.714299E-2
2.246000E1	2.852634E0	-5.094075E-2
2.248000E1	2.855789E0	-4.487141E-2
2.250000E1	2.855565E0	-4.552060E-2
2.252000E1	2.857339E0	-5.767096E-2
2.254000E1	2.854729E0	-5.853676E-2
2.256000E1	2.854087E0	-5.514227E-2
2.258000E1	2.853286E0	-5.340327E-2
2.260000E1	2.853336E0	-4.094460E-2
2.262000E1	2.854452E0	-4.353978E-2
2.264000E1	2.854845E0	-4.511343E-2
2.266000E1	2.853979E0	-4.629488E-2
2.268000E1	2.854731E0	-4.777424E-2
2.270000E1	2.855348E0	-4.903501E-2
2.272000E1	2.858813E0	-4.951075E-2
2.274000E1	2.862413E0	-5.036467E-2
2.276000E1	2.867912E0	-5.633498E-2
2.278000E1	2.872213E0	-6.689207E-2
2.280000E1	2.870070E0	-6.328936E-2
2.282000E1	2.874076E0	-5.310709E-2
2.284000E1	2.879285E0	-4.052931E-2
2.286000E1	2.877573E0	-4.016442E-2
2.288000E1	2.879394E0	-2.094226E-2
2.290000E1	2.878775E0	1.830303E-3
2.292000E1	2.889248E0	1.460662E-2
2.294000E1	2.912667E0	1.880034E-2
2.296000E1	2.924967E0	7.389701E-3
2.298000E1	2.938838E0	-7.112143E-3
2.300000E1	2.947961E0	-1.370257E-2
2.302000E1	2.944447E0	-1.544462E-3
2.304000E1	2.922483E0	3.056929E-2
2.306000E1	2.921642E0	4.924817E-2
2.308000E1	2.916911E0	7.452982E-2
2.310000E1	2.915729E0	6.686453E-2
2.312000E1	2.918516E0	5.977050E-2
2.314000E1	2.918320E0	6.089253E-2
2.316000E1	2.921368E0	8.169255E-2
2.318000E1	2.927322E0	1.158244E-1
2.320000E1	2.930515E0	1.409215E-1
2.322000E1	2.925715E0	1.474793E-1
2.324000E1	2.913149E0	1.271465E-1
2.326000E1	2.906694E0	1.003105E-1
2.328000E1	2.907473E0	1.010489E-1
2.330000E1	2.904637E0	1.094590E-1
2.332000E1	2.903948E0	1.092713E-1
2.334000E1	2.901122E0	1.078703E-1
2.336000E1	2.899729E0	1.034585E-1
2.338000E1	2.899957E0	1.003692E-1
2.340000E1	2.903196E0	1.005816E-1
2.342000E1	2.903852E0	1.021079E-1
2.344000E1	2.905225E0	1.030099E-1
2.346000E1	2.904986E0	1.030073E-1
2.348000E1	2.905031E0	1.102908E-1
2.350000E1	2.904554E0	1.192864E-1
2.352000E1	2.905103E0	1.127695E-1
2.354000E1	2.904944E0	1.125267E-1
2.356000E1	2.906377E0	1.077287E-1
2.358000E1	2.905819E0	9.735910E-2
2.360000E1	2.906014E0	9.909815E-2
2.362000E1	2.906410E0	1.050692E-1
2.364000E1	2.906748E0	1.092940E-1
2.366000E1	2.913417E0	1.141797E-1
2.368000E1	2.921616E0	1.010255E-1
2.370000E1	2.925950E0	6.091393E-2
2.372000E1	2.920633E0	4.407135E-2
2.374000E1	2.914648E0	4.573362E-2
2.376000E1	2.917299E0	6.171772E-2
2.378000E1	2.914670E0	8.566066E-2
2.380000E1	2.914444E0	9.807109E-2
2.382000E1	2.912624E0	9.569007E-2
2.384000E1	2.914340E0	9.463832E-2
2.386000E1	2.916208E0	9.313175E-2
2.388000E1	2.925499E0	8.722468E-2
2.390000E1	2.927982E0	9.299989E-2
2.392000E1	2.928295E0	9.555471E-2
2.394000E1	2.927426E0	9.825624E-2
2.396000E1	2.919681E0	1.054990E-1
2.398000E1	2.917049E0	1.057264E-1
2.400000E1	2.912082E0	1.128418E-1
