	mass A		
t	x	y	
0.000000E0	-8.983459E1	-7.342123E1
2.000000E-2	-8.983459E1	-7.342123E1
4.000000E-2	-8.982679E1	-7.355576E1
6.000000E-2	-8.983315E1	-7.356537E1
8.000000E-2	-8.980670E1	-7.367341E1
1.000000E-1	-8.947454E1	-7.407928E1
1.200000E-1	-8.903531E1	-7.466232E1
1.400000E-1	-8.899092E1	-7.483101E1
1.600000E-1	-8.890486E1	-7.488096E1
1.800000E-1	-8.885519E1	-7.490152E1
2.000000E-1	-8.880209E1	-7.502673E1
2.200000E-1	-8.884530E1	-7.506749E1
2.400000E-1	-8.891024E1	-7.563721E1
2.600000E-1	-8.880193E1	-7.608689E1
2.800000E-1	-8.870526E1	-7.632751E1
3.000000E-1	-8.868899E1	-7.655238E1
3.200000E-1	-8.864627E1	-7.710379E1
3.400000E-1	-8.850228E1	-7.762039E1
3.600000E-1	-8.812729E1	-7.833366E1
3.800000E-1	-8.791610E1	-7.907227E1
4.000000E-1	-8.795712E1	-7.982513E1
4.200000E-1	-8.792809E1	-8.041472E1
4.400000E-1	-8.786358E1	-8.039796E1
4.600000E-1	-8.733754E1	-8.026484E1
4.800000E-1	-8.693819E1	-8.015586E1
5.000000E-1	-8.684039E1	-8.026712E1
5.200000E-1	-8.658697E1	-8.042389E1
5.400000E-1	-8.634922E1	-8.056845E1
5.600000E-1	-8.592266E1	-8.066642E1
5.800000E-1	-8.566241E1	-8.088684E1
6.000000E-1	-8.522884E1	-8.115166E1
6.200000E-1	-8.491405E1	-8.155485E1
6.400000E-1	-8.488745E1	-8.179857E1
6.600000E-1	-8.482891E1	-8.173623E1
6.800000E-1	-8.483596E1	-8.174701E1
7.000000E-1	-8.436975E1	-8.192763E1
7.200000E-1	-8.393561E1	-8.207367E1
7.400000E-1	-8.336371E1	-8.219892E1
7.600000E-1	-8.287227E1	-8.237060E1
7.800000E-1	-8.240646E1	-8.253235E1
8.000000E-1	-8.197802E1	-8.312458E1
8.200000E-1	-8.127023E1	-8.400071E1
8.400000E-1	-8.028487E1	-8.479168E1
8.600000E-1	-7.921075E1	-8.555027E1
8.800000E-1	-7.825528E1	-8.639168E1
9.000000E-1	-7.824984E1	-8.707526E1
9.200000E-1	-7.815473E1	-8.729487E1
9.400000E-1	-7.817725E1	-8.739624E1
9.600000E-1	-7.798772E1	-8.737915E1
9.800000E-1	-7.787408E1	-8.748258E1
1.000000E0	-7.775651E1	-8.750508E1
1.020000E0	-7.753999E1	-8.756041E1
1.040000E0	-7.736975E1	-8.771489E1
1.060000E0	-7.702182E1	-8.779753E1
1.080000E0	-7.706301E1	-8.828037E1
1.100000E0	-7.705454E1	-8.844725E1
1.120000E0	-7.701606E1	-8.897830E1
1.140000E0	-7.704247E1	-8.907974E1
1.160000E0	-7.699038E1	-8.928744E1
1.180000E0	-7.678572E1	-8.991305E1
1.200000E0	-7.659180E1	-9.005162E1
1.220000E0	-7.660173E1	-9.010088E1
1.240000E0	-7.662665E1	-9.013229E1
1.260000E0	-7.661481E1	-9.011132E1
1.280000E0	-7.634475E1	-9.029986E1
1.300000E0	-7.616681E1	-9.055346E1
1.320000E0	-7.606349E1	-9.082736E1
1.340000E0	-7.611648E1	-9.116986E1
1.360000E0	-7.622030E1	-9.138299E1
1.380000E0	-7.623506E1	-9.144177E1
1.400000E0	-7.624491E1	-9.144147E1
1.420000E0	-7.614754E1	-9.145009E1
1.440000E0	-7.569746E1	-9.200023E1
1.460000E0	-7.493758E1	-9.266483E1
1.480000E0	-7.443862E1	-9.340012E1
1.500000E0	-7.390425E1	-9.435649E1
1.520000E0	-7.336126E1	-9.510205E1
1.540000E0	-7.289367E1	-9.490405E1
1.560000E0	-7.260527E1	-9.455912E1
1.580000E0	-7.263591E1	-9.469882E1
1.600000E0	-7.240104E1	-9.506512E1
1.620000E0	-7.193564E1	-9.530768E1
1.640000E0	-7.157351E1	-9.545005E1
1.660000E0	-7.132156E1	-9.520977E1
1.680000E0	-7.096456E1	-9.526421E1
1.700000E0	-7.050486E1	-9.555942E1
1.720000E0	-7.012622E1	-9.620380E1
1.740000E0	-6.977759E1	-9.652990E1
1.760000E0	-6.936285E1	-9.652231E1
1.780000E0	-6.890315E1	-9.644036E1
1.800000E0	-6.842847E1	-9.636540E1
1.820000E0	-6.838761E1	-9.631724E1
1.840000E0	-6.836868E1	-9.628489E1
1.860000E0	-6.834908E1	-9.628724E1
1.880000E0	-6.834716E1	-9.633049E1
1.900000E0	-6.808431E1	-9.643128E1
1.920000E0	-6.768202E1	-9.675324E1
1.940000E0	-6.745886E1	-9.694360E1
1.960000E0	-6.693731E1	-9.702813E1
1.980000E0	-6.681326E1	-9.751392E1
2.000000E0	-6.662368E1	-9.800086E1
2.020000E0	-6.652824E1	-9.812779E1
2.040000E0	-6.638630E1	-9.790501E1
2.060000E0	-6.640116E1	-9.787241E1
2.080000E0	-6.626628E1	-9.808814E1
2.100000E0	-6.595971E1	-9.819755E1
2.120000E0	-6.556363E1	-9.825206E1
2.140000E0	-6.540942E1	-9.845929E1
2.160000E0	-6.544121E1	-9.863749E1
2.180000E0	-6.520426E1	-9.901665E1
2.200000E0	-6.474293E1	-9.965412E1
2.220000E0	-6.412411E1	-1.002494E2
2.240000E0	-6.398611E1	-1.004175E2
2.260000E0	-6.415585E1	-1.007342E2
2.280000E0	-6.414794E1	-1.009254E2
2.300000E0	-6.390456E1	-1.010602E2
2.320000E0	-6.362823E1	-1.010320E2
2.340000E0	-6.347970E1	-1.009780E2
2.360000E0	-6.345608E1	-1.010678E2
2.380000E0	-6.307166E1	-1.012499E2
2.400000E0	-6.252195E1	-1.014259E2
2.420000E0	-6.196537E1	-1.020567E2
2.440000E0	-6.191308E1	-1.019841E2
2.460000E0	-6.191531E1	-1.019237E2
2.480000E0	-6.186230E1	-1.019891E2
2.500000E0	-6.170154E1	-1.020288E2
2.520000E0	-6.125629E1	-1.024308E2
2.540000E0	-6.047393E1	-1.031286E2
2.560000E0	-5.944483E1	-1.039098E2
2.580000E0	-5.878964E1	-1.042758E2
2.600000E0	-5.836272E1	-1.049718E2
2.620000E0	-5.825623E1	-1.052725E2
2.640000E0	-5.770230E1	-1.054161E2
2.660000E0	-5.677723E1	-1.054634E2
2.680000E0	-5.586230E1	-1.054657E2
2.700000E0	-5.537398E1	-1.054960E2
2.720000E0	-5.531300E1	-1.054662E2
2.740000E0	-5.535430E1	-1.055052E2
2.760000E0	-5.532558E1	-1.055521E2
2.780000E0	-5.533919E1	-1.054873E2
2.800000E0	-5.534053E1	-1.054682E2
2.820000E0	-5.491686E1	-1.061282E2
2.840000E0	-5.432403E1	-1.063963E2
2.860000E0	-5.405542E1	-1.064502E2
2.880000E0	-5.394884E1	-1.062425E2
2.900000E0	-5.395158E1	-1.062360E2
2.920000E0	-5.395493E1	-1.062187E2
2.940000E0	-5.381669E1	-1.061972E2
2.960000E0	-5.376613E1	-1.061402E2
2.980000E0	-5.376733E1	-1.062653E2
3.000000E0	-5.369866E1	-1.063524E2
3.020000E0	-5.358011E1	-1.065520E2
3.040000E0	-5.321021E1	-1.069037E2
3.060000E0	-5.305559E1	-1.071151E2
3.080000E0	-5.255927E1	-1.074886E2
3.100000E0	-5.199610E1	-1.078647E2
3.120000E0	-5.134701E1	-1.082073E2
3.140000E0	-5.094414E1	-1.083519E2
3.160000E0	-5.082757E1	-1.083718E2
3.180000E0	-5.085064E1	-1.083711E2
3.200000E0	-5.063313E1	-1.084549E2
3.220000E0	-5.028719E1	-1.084795E2
3.240000E0	-5.010505E1	-1.086496E2
3.260000E0	-5.002051E1	-1.088548E2
3.280000E0	-4.984774E1	-1.088754E2
3.300000E0	-4.910072E1	-1.093401E2
3.320000E0	-4.831273E1	-1.097974E2
3.340000E0	-4.832684E1	-1.098042E2
3.360000E0	-4.829141E1	-1.099049E2
3.380000E0	-4.783263E1	-1.097975E2
3.400000E0	-4.794442E1	-1.098351E2
3.420000E0	-4.779676E1	-1.099305E2
3.440000E0	-4.742158E1	-1.101688E2
3.460000E0	-4.675823E1	-1.107913E2
3.480000E0	-4.576587E1	-1.108648E2
3.500000E0	-4.536328E1	-1.108343E2
3.520000E0	-4.519456E1	-1.107637E2
3.540000E0	-4.507740E1	-1.107656E2
3.560000E0	-4.469170E1	-1.108259E2
3.580000E0	-4.410442E1	-1.110910E2
3.600000E0	-4.321912E1	-1.116784E2
3.620000E0	-4.236821E1	-1.120411E2
3.640000E0	-4.141634E1	-1.126806E2
3.660000E0	-4.094199E1	-1.131629E2
3.680000E0	-4.079136E1	-1.134847E2
3.700000E0	-4.035312E1	-1.140707E2
3.720000E0	-4.032460E1	-1.146609E2
3.740000E0	-4.005838E1	-1.147598E2
3.760000E0	-3.980318E1	-1.147356E2
3.780000E0	-3.941190E1	-1.145838E2
3.800000E0	-3.891341E1	-1.145838E2
3.820000E0	-3.887057E1	-1.145873E2
3.840000E0	-3.885264E1	-1.146137E2
3.860000E0	-3.890428E1	-1.146547E2
3.880000E0	-3.885963E1	-1.146460E2
3.900000E0	-3.882996E1	-1.146673E2
3.920000E0	-3.856008E1	-1.150089E2
3.940000E0	-3.818984E1	-1.156254E2
3.960000E0	-3.819920E1	-1.156312E2
3.980000E0	-3.830310E1	-1.155075E2
4.000000E0	-3.840066E1	-1.153797E2
4.020000E0	-3.838100E1	-1.152646E2
4.040000E0	-3.838172E1	-1.152544E2
4.060000E0	-3.829658E1	-1.152252E2
4.080000E0	-3.825576E1	-1.152449E2
4.100000E0	-3.827531E1	-1.153216E2
4.120000E0	-3.830969E1	-1.155018E2
4.140000E0	-3.817743E1	-1.155861E2
4.160000E0	-3.779507E1	-1.157128E2
4.180000E0	-3.733153E1	-1.158041E2
4.200000E0	-3.676174E1	-1.162872E2
4.220000E0	-3.598227E1	-1.164163E2
4.240000E0	-3.546202E1	-1.164502E2
4.260000E0	-3.501003E1	-1.165564E2
4.280000E0	-3.464831E1	-1.163305E2
4.300000E0	-3.428475E1	-1.161444E2
4.320000E0	-3.429697E1	-1.160515E2
4.340000E0	-3.391874E1	-1.159888E2
4.360000E0	-3.379072E1	-1.162354E2
4.380000E0	-3.300358E1	-1.168656E2
4.400000E0	-3.182345E1	-1.169288E2
4.420000E0	-3.097906E1	-1.171332E2
4.440000E0	-3.066225E1	-1.173213E2
4.460000E0	-3.063222E1	-1.172822E2
4.480000E0	-3.045700E1	-1.173239E2
4.500000E0	-2.994256E1	-1.174623E2
4.520000E0	-2.904190E1	-1.176183E2
4.540000E0	-2.810382E1	-1.178867E2
4.560000E0	-2.766730E1	-1.180392E2
4.580000E0	-2.766372E1	-1.180988E2
4.600000E0	-2.765957E1	-1.180951E2
4.620000E0	-2.765964E1	-1.181422E2
4.640000E0	-2.753529E1	-1.181825E2
4.660000E0	-2.710769E1	-1.183742E2
4.680000E0	-2.704013E1	-1.185929E2
4.700000E0	-2.660557E1	-1.186285E2
4.720000E0	-2.621129E1	-1.187673E2
4.740000E0	-2.585084E1	-1.189910E2
4.760000E0	-2.537324E1	-1.195171E2
4.780000E0	-2.477651E1	-1.199237E2
4.800000E0	-2.425033E1	-1.207273E2
4.820000E0	-2.376882E1	-1.213596E2
4.840000E0	-2.356626E1	-1.214998E2
4.860000E0	-2.324046E1	-1.214865E2
4.880000E0	-2.294560E1	-1.213616E2
4.900000E0	-2.273510E1	-1.212078E2
4.920000E0	-2.259631E1	-1.210246E2
4.940000E0	-2.263334E1	-1.209978E2
4.960000E0	-2.262553E1	-1.210182E2
4.980000E0	-2.236317E1	-1.210378E2
5.000000E0	-2.226180E1	-1.209724E2
5.020000E0	-2.226276E1	-1.212014E2
5.040000E0	-2.213154E1	-1.215361E2
5.060000E0	-2.213702E1	-1.215190E2
5.080000E0	-2.175486E1	-1.215014E2
5.100000E0	-2.156827E1	-1.214652E2
5.120000E0	-2.128208E1	-1.214640E2
5.140000E0	-2.102059E1	-1.213924E2
5.160000E0	-2.032508E1	-1.210388E2
5.180000E0	-1.946238E1	-1.212573E2
5.200000E0	-1.894989E1	-1.213368E2
5.220000E0	-1.896036E1	-1.213676E2
5.240000E0	-1.893223E1	-1.213245E2
5.260000E0	-1.845106E1	-1.213321E2
5.280000E0	-1.794640E1	-1.213898E2
5.300000E0	-1.681568E1	-1.218374E2
5.320000E0	-1.578849E1	-1.221078E2
5.340000E0	-1.492781E1	-1.222871E2
5.360000E0	-1.458625E1	-1.222252E2
5.380000E0	-1.411862E1	-1.218111E2
5.400000E0	-1.365543E1	-1.218226E2
5.420000E0	-1.301273E1	-1.217606E2
5.440000E0	-1.216815E1	-1.218127E2
5.460000E0	-1.158508E1	-1.218230E2
5.480000E0	-1.113695E1	-1.219767E2
5.500000E0	-1.087396E1	-1.220231E2
5.520000E0	-1.057238E1	-1.223847E2
5.540000E0	-1.014023E1	-1.226113E2
5.560000E0	-1.005697E1	-1.226267E2
5.580000E0	-1.007465E1	-1.227025E2
5.600000E0	-9.943944E0	-1.226561E2
5.620000E0	-9.598032E0	-1.227221E2
5.640000E0	-9.064035E0	-1.226765E2
5.660000E0	-8.737660E0	-1.228059E2
5.680000E0	-8.655131E0	-1.228271E2
5.700000E0	-8.597451E0	-1.228836E2
5.720000E0	-8.493192E0	-1.228762E2
5.740000E0	-8.444670E0	-1.230148E2
5.760000E0	-7.955666E0	-1.235487E2
5.780000E0	-7.444974E0	-1.236044E2
5.800000E0	-7.024915E0	-1.238423E2
5.820000E0	-6.961267E0	-1.239620E2
5.840000E0	-6.439741E0	-1.240588E2
5.860000E0	-5.865481E0	-1.243730E2
5.880000E0	-5.298222E0	-1.246007E2
5.900000E0	-4.650812E0	-1.249145E2
5.920000E0	-4.184387E0	-1.255559E2
5.940000E0	-3.740909E0	-1.258867E2
5.960000E0	-3.626321E0	-1.258844E2
5.980000E0	-3.389262E0	-1.256660E2
6.000000E0	-3.263530E0	-1.250727E2
6.020000E0	-2.927688E0	-1.251307E2
6.040000E0	-2.507514E0	-1.251648E2
6.060000E0	-2.174576E0	-1.251634E2
6.080000E0	-2.196749E0	-1.251607E2
6.100000E0	-1.672684E0	-1.251165E2
6.120000E0	-1.107899E0	-1.249134E2
6.140000E0	-5.624140E-1	-1.248801E2
6.160000E0	-5.471046E-2	-1.250023E2
6.180000E0	-1.717865E-2	-1.249790E2
6.200000E0	8.394776E-2	-1.249214E2
6.220000E0	4.870313E-1	-1.248536E2
6.240000E0	9.340954E-1	-1.246519E2
6.260000E0	1.286823E0	-1.242631E2
6.280000E0	1.604209E0	-1.241584E2
6.300000E0	1.911373E0	-1.240146E2
6.320000E0	2.397655E0	-1.239832E2
6.340000E0	3.096081E0	-1.239718E2
6.360000E0	4.387921E0	-1.238276E2
6.380000E0	5.855927E0	-1.237805E2
6.400000E0	7.237648E0	-1.238390E2
6.420000E0	8.000316E0	-1.240863E2
6.440000E0	8.275624E0	-1.243057E2
6.460000E0	8.334010E0	-1.244320E2
6.480000E0	8.352859E0	-1.243481E2
6.500000E0	8.454959E0	-1.242485E2
6.520000E0	8.499551E0	-1.242352E2
6.540000E0	8.821597E0	-1.242421E2
6.560000E0	8.960692E0	-1.241298E2
6.580000E0	9.276936E0	-1.241462E2
6.600000E0	9.436603E0	-1.241325E2
6.620000E0	9.597080E0	-1.242751E2
6.640000E0	1.023121E1	-1.247474E2
6.660000E0	1.051176E1	-1.248830E2
6.680000E0	1.094772E1	-1.249232E2
6.700000E0	1.139538E1	-1.250668E2
6.720000E0	1.185683E1	-1.250858E2
6.740000E0	1.208905E1	-1.251635E2
6.760000E0	1.222293E1	-1.252387E2
6.780000E0	1.223841E1	-1.252591E2
6.800000E0	1.264109E1	-1.253055E2
6.820000E0	1.266907E1	-1.253545E2
6.840000E0	1.276629E1	-1.254451E2
6.860000E0	1.302507E1	-1.256147E2
6.880000E0	1.317535E1	-1.257717E2
6.900000E0	1.317550E1	-1.258019E2
6.920000E0	1.321270E1	-1.258060E2
6.940000E0	1.374723E1	-1.257952E2
6.960000E0	1.453006E1	-1.257957E2
6.980000E0	1.516393E1	-1.257778E2
7.000000E0	1.599968E1	-1.260023E2
7.020000E0	1.696525E1	-1.266127E2
7.040000E0	1.781302E1	-1.264901E2
7.060000E0	1.827496E1	-1.262356E2
7.080000E0	1.837803E1	-1.262495E2
7.100000E0	1.840041E1	-1.261611E2
7.120000E0	1.902243E1	-1.260599E2
7.140000E0	1.948995E1	-1.259051E2
7.160000E0	1.953982E1	-1.257720E2
7.180000E0	1.957101E1	-1.257030E2
7.200000E0	1.958094E1	-1.254739E2
7.220000E0	2.010018E1	-1.253613E2
7.240000E0	2.101094E1	-1.253787E2
7.260000E0	2.178416E1	-1.253562E2
7.280000E0	2.227368E1	-1.250147E2
7.300000E0	2.246496E1	-1.244797E2
7.320000E0	2.241520E1	-1.245325E2
7.340000E0	2.238584E1	-1.245153E2
7.360000E0	2.239263E1	-1.244861E2
7.380000E0	2.240576E1	-1.244742E2
7.400000E0	2.244072E1	-1.244524E2
7.420000E0	2.280342E1	-1.243582E2
7.440000E0	2.302707E1	-1.243788E2
7.460000E0	2.351046E1	-1.242732E2
7.480000E0	2.393387E1	-1.243820E2
7.500000E0	2.444176E1	-1.245316E2
7.520000E0	2.492329E1	-1.246460E2
7.540000E0	2.540347E1	-1.248019E2
7.560000E0	2.538050E1	-1.248562E2
7.580000E0	2.548329E1	-1.248391E2
7.600000E0	2.585074E1	-1.247659E2
7.620000E0	2.594091E1	-1.247570E2
7.640000E0	2.633716E1	-1.246085E2
7.660000E0	2.653382E1	-1.245045E2
7.680000E0	2.667393E1	-1.244917E2
7.700000E0	2.716314E1	-1.244706E2
7.720000E0	2.779391E1	-1.245112E2
7.740000E0	2.852523E1	-1.247945E2
7.760000E0	2.873027E1	-1.250599E2
7.780000E0	2.865690E1	-1.250616E2
7.800000E0	2.869527E1	-1.250290E2
7.820000E0	2.878730E1	-1.249375E2
7.840000E0	2.915577E1	-1.248909E2
7.860000E0	2.956045E1	-1.248065E2
7.880000E0	3.007059E1	-1.247547E2
7.900000E0	3.055669E1	-1.245970E2
7.920000E0	3.076883E1	-1.244853E2
7.940000E0	3.095609E1	-1.243402E2
7.960000E0	3.113073E1	-1.241905E2
7.980000E0	3.113294E1	-1.242505E2
8.000000E0	3.113322E1	-1.242926E2
8.020000E0	3.171458E1	-1.242529E2
8.040000E0	3.316164E1	-1.241840E2
8.060000E0	3.441762E1	-1.241069E2
8.080000E0	3.496621E1	-1.240168E2
8.100000E0	3.546078E1	-1.239793E2
8.120000E0	3.599438E1	-1.241387E2
8.140000E0	3.695244E1	-1.240647E2
8.160000E0	3.762013E1	-1.234094E2
8.180000E0	3.788134E1	-1.228118E2
8.200000E0	3.823724E1	-1.225596E2
8.220000E0	3.829826E1	-1.225361E2
8.240000E0	3.838440E1	-1.225632E2
8.260000E0	3.840993E1	-1.225731E2
8.280000E0	3.845276E1	-1.225826E2
8.300000E0	3.853275E1	-1.224893E2
8.320000E0	3.893339E1	-1.224517E2
8.340000E0	3.942579E1	-1.224652E2
8.360000E0	3.989210E1	-1.224153E2
8.380000E0	3.988048E1	-1.222668E2
8.400000E0	3.954760E1	-1.221892E2
8.420000E0	3.946105E1	-1.221310E2
8.440000E0	3.939612E1	-1.220883E2
8.460000E0	3.945496E1	-1.220910E2
8.480000E0	3.969279E1	-1.220665E2
8.500000E0	4.018623E1	-1.219737E2
8.520000E0	4.025507E1	-1.219562E2
8.540000E0	4.060984E1	-1.219869E2
8.560000E0	4.093478E1	-1.219315E2
8.580000E0	4.165103E1	-1.219710E2
8.600000E0	4.243334E1	-1.218362E2
8.620000E0	4.335259E1	-1.217051E2
8.640000E0	4.388874E1	-1.216701E2
8.660000E0	4.390718E1	-1.216021E2
8.680000E0	4.388010E1	-1.215673E2
8.700000E0	4.391621E1	-1.214869E2
8.720000E0	4.406855E1	-1.213094E2
8.740000E0	4.432214E1	-1.207999E2
8.760000E0	4.446281E1	-1.210175E2
8.780000E0	4.495554E1	-1.210199E2
8.800000E0	4.542527E1	-1.208536E2
8.820000E0	4.633463E1	-1.208017E2
8.840000E0	4.666717E1	-1.207613E2
8.860000E0	4.659476E1	-1.206263E2
8.880000E0	4.663895E1	-1.205806E2
8.900000E0	4.671731E1	-1.205224E2
8.920000E0	4.717389E1	-1.204761E2
8.940000E0	4.818942E1	-1.203753E2
8.960000E0	4.917736E1	-1.197387E2
8.980000E0	4.964970E1	-1.195793E2
9.000000E0	4.968657E1	-1.195370E2
9.020000E0	4.966315E1	-1.194009E2
9.040000E0	4.998939E1	-1.194372E2
9.060000E0	5.050715E1	-1.192041E2
9.080000E0	5.138670E1	-1.185549E2
9.100000E0	5.231985E1	-1.183436E2
9.120000E0	5.327633E1	-1.181366E2
9.140000E0	5.407621E1	-1.181706E2
9.160000E0	5.455486E1	-1.181619E2
9.180000E0	5.502243E1	-1.181457E2
9.200000E0	5.554642E1	-1.183443E2
9.220000E0	5.618894E1	-1.184901E2
9.240000E0	5.645258E1	-1.185751E2
9.260000E0	5.630008E1	-1.183467E2
9.280000E0	5.654414E1	-1.178305E2
9.300000E0	5.695300E1	-1.177749E2
9.320000E0	5.690760E1	-1.177346E2
9.340000E0	5.680361E1	-1.177115E2
9.360000E0	5.692398E1	-1.177068E2
9.380000E0	5.690921E1	-1.176765E2
9.400000E0	5.714663E1	-1.176314E2
9.420000E0	5.768290E1	-1.176387E2
9.440000E0	5.784219E1	-1.176785E2
9.460000E0	5.788847E1	-1.177662E2
9.480000E0	5.788549E1	-1.177371E2
9.500000E0	5.788981E1	-1.176995E2
9.520000E0	5.786756E1	-1.176766E2
9.540000E0	5.785569E1	-1.176368E2
9.560000E0	5.787090E1	-1.176394E2
9.580000E0	5.808798E1	-1.177521E2
9.600000E0	5.814796E1	-1.177434E2
9.620000E0	5.818787E1	-1.177297E2
9.640000E0	5.844570E1	-1.176540E2
9.660000E0	5.909679E1	-1.173821E2
9.680000E0	6.004163E1	-1.167979E2
9.700000E0	6.090505E1	-1.166431E2
9.720000E0	6.133143E1	-1.164135E2
9.740000E0	6.168586E1	-1.162181E2
9.760000E0	6.167323E1	-1.156835E2
9.780000E0	6.167969E1	-1.155596E2
9.800000E0	6.176280E1	-1.154517E2
9.820000E0	6.189370E1	-1.151698E2
9.840000E0	6.246298E1	-1.150606E2
9.860000E0	6.361853E1	-1.147504E2
9.880000E0	6.450228E1	-1.140291E2
9.900000E0	6.503846E1	-1.139291E2
9.920000E0	6.516467E1	-1.137692E2
9.940000E0	6.529147E1	-1.137491E2
9.960000E0	6.568402E1	-1.136563E2
9.980000E0	6.637293E1	-1.130662E2
1.000000E1	6.725382E1	-1.128714E2
1.002000E1	6.784580E1	-1.122186E2
1.004000E1	6.817522E1	-1.122537E2
1.006000E1	6.814713E1	-1.122603E2
1.008000E1	6.813884E1	-1.122409E2
1.010000E1	6.816271E1	-1.122621E2
1.012000E1	6.843449E1	-1.122027E2
1.014000E1	6.870076E1	-1.121963E2
1.016000E1	6.915141E1	-1.121681E2
1.018000E1	6.933120E1	-1.119428E2
1.020000E1	6.969891E1	-1.118983E2
1.022000E1	6.998873E1	-1.117342E2
1.024000E1	7.061625E1	-1.117323E2
1.026000E1	7.145751E1	-1.116862E2
1.028000E1	7.204584E1	-1.117612E2
1.030000E1	7.250667E1	-1.118819E2
1.032000E1	7.256479E1	-1.118222E2
1.034000E1	7.270157E1	-1.116400E2
1.036000E1	7.279245E1	-1.114991E2
1.038000E1	7.290367E1	-1.113086E2
1.040000E1	7.300861E1	-1.111708E2
1.042000E1	7.302127E1	-1.111814E2
1.044000E1	7.301219E1	-1.111932E2
1.046000E1	7.329842E1	-1.110385E2
1.048000E1	7.346181E1	-1.110567E2
1.050000E1	7.375894E1	-1.110807E2
1.052000E1	7.400156E1	-1.112083E2
1.054000E1	7.421335E1	-1.111018E2
1.056000E1	7.431036E1	-1.109268E2
1.058000E1	7.438589E1	-1.107769E2
1.060000E1	7.453860E1	-1.105013E2
1.062000E1	7.467812E1	-1.096829E2
1.064000E1	7.535927E1	-1.093201E2
1.066000E1	7.593308E1	-1.091788E2
1.068000E1	7.599102E1	-1.090799E2
1.070000E1	7.594039E1	-1.089231E2
1.072000E1	7.610771E1	-1.086117E2
1.074000E1	7.656219E1	-1.081563E2
1.076000E1	7.767018E1	-1.075608E2
1.078000E1	7.868404E1	-1.073192E2
1.080000E1	7.966210E1	-1.066241E2
1.082000E1	7.962201E1	-1.063857E2
1.084000E1	7.966245E1	-1.058065E2
1.086000E1	8.017048E1	-1.056346E2
1.088000E1	8.061391E1	-1.049135E2
1.090000E1	8.108205E1	-1.043157E2
1.092000E1	8.179086E1	-1.040333E2
1.094000E1	8.225533E1	-1.038181E2
1.096000E1	8.279722E1	-1.037717E2
1.098000E1	8.316295E1	-1.036089E2
1.100000E1	8.347572E1	-1.034626E2
1.102000E1	8.359874E1	-1.034865E2
1.104000E1	8.399848E1	-1.034972E2
1.106000E1	8.413288E1	-1.034413E2
1.108000E1	8.450957E1	-1.030164E2
1.110000E1	8.479280E1	-1.025943E2
1.112000E1	8.502297E1	-1.026638E2
1.114000E1	8.504654E1	-1.025743E2
1.116000E1	8.506050E1	-1.025205E2
1.118000E1	8.509674E1	-1.024918E2
1.120000E1	8.554380E1	-1.025266E2
1.122000E1	8.615245E1	-1.024999E2
1.124000E1	8.664233E1	-1.023819E2
1.126000E1	8.707173E1	-1.022382E2
1.128000E1	8.754676E1	-1.021529E2
1.130000E1	8.805535E1	-1.020601E2
1.132000E1	8.857573E1	-1.016794E2
1.134000E1	8.905506E1	-1.015503E2
1.136000E1	8.960642E1	-1.014117E2
1.138000E1	9.005800E1	-1.014492E2
1.140000E1	9.000949E1	-1.014764E2
1.142000E1	9.022151E1	-1.012859E2
1.144000E1	9.031209E1	-1.010541E2
1.146000E1	9.032840E1	-1.010067E2
1.148000E1	9.033394E1	-1.009812E2
1.150000E1	9.058497E1	-1.007129E2
1.152000E1	9.067986E1	-9.996982E1
1.154000E1	9.126520E1	-9.926606E1
1.156000E1	9.180949E1	-9.915967E1
1.158000E1	9.191576E1	-9.912850E1
1.160000E1	9.196632E1	-9.907595E1
1.162000E1	9.198999E1	-9.885744E1
1.164000E1	9.196943E1	-9.872784E1
1.166000E1	9.231051E1	-9.836548E1
1.168000E1	9.224730E1	-9.800510E1
1.170000E1	9.250516E1	-9.740454E1
1.172000E1	9.271166E1	-9.705154E1
1.174000E1	9.290757E1	-9.656800E1
1.176000E1	9.332420E1	-9.632912E1
1.178000E1	9.390692E1	-9.559799E1
1.180000E1	9.479803E1	-9.480658E1
1.182000E1	9.576064E1	-9.383961E1
1.184000E1	9.669342E1	-9.288396E1
1.186000E1	9.762047E1	-9.228586E1
1.188000E1	9.805830E1	-9.222121E1
1.190000E1	9.807349E1	-9.226650E1
1.192000E1	9.807298E1	-9.216645E1
1.194000E1	9.813930E1	-9.206522E1
1.196000E1	9.816638E1	-9.199313E1
1.198000E1	9.813878E1	-9.182518E1
1.200000E1	9.853863E1	-9.124738E1
1.202000E1	9.904307E1	-9.098984E1
1.204000E1	9.957891E1	-9.071828E1
1.206000E1	1.000714E2	-9.065575E1
1.208000E1	1.002346E2	-9.053347E1
1.210000E1	1.002416E2	-9.044729E1
1.212000E1	1.006106E2	-9.041940E1
1.214000E1	1.011318E2	-9.029932E1
1.216000E1	1.014715E2	-8.993964E1
1.218000E1	1.014939E2	-8.988227E1
1.220000E1	1.015641E2	-8.985730E1
1.222000E1	1.017177E2	-8.988611E1
1.224000E1	1.019230E2	-8.955223E1
1.226000E1	1.021353E2	-8.947877E1
1.228000E1	1.023265E2	-8.933448E1
1.230000E1	1.027174E2	-8.949522E1
1.232000E1	1.029584E2	-8.943043E1
1.234000E1	1.032583E2	-8.935417E1
1.236000E1	1.033166E2	-8.937177E1
1.238000E1	1.037052E2	-8.915630E1
1.240000E1	1.039207E2	-8.881669E1
1.242000E1	1.046791E2	-8.817748E1
1.244000E1	1.051397E2	-8.739561E1
1.246000E1	1.058927E2	-8.672136E1
1.248000E1	1.058748E2	-8.666468E1
1.250000E1	1.058094E2	-8.651394E1
1.252000E1	1.058354E2	-8.649101E1
1.254000E1	1.057688E2	-8.640955E1
1.256000E1	1.057944E2	-8.631631E1
1.258000E1	1.060159E2	-8.616413E1
1.260000E1	1.059859E2	-8.551095E1
1.262000E1	1.059863E2	-8.488980E1
1.264000E1	1.064598E2	-8.469059E1
1.266000E1	1.068962E2	-8.453799E1
1.268000E1	1.071197E2	-8.428602E1
1.270000E1	1.071532E2	-8.359360E1
1.272000E1	1.069836E2	-8.336649E1
1.274000E1	1.068925E2	-8.251575E1
1.276000E1	1.069187E2	-8.251183E1
1.278000E1	1.069138E2	-8.244313E1
1.280000E1	1.069587E2	-8.244638E1
1.282000E1	1.069773E2	-8.246662E1
1.284000E1	1.073350E2	-8.223837E1
1.286000E1	1.078416E2	-8.184629E1
1.288000E1	1.081877E2	-8.154771E1
1.290000E1	1.085686E2	-8.109918E1
1.292000E1	1.089042E2	-8.072449E1
1.294000E1	1.093141E2	-8.057805E1
1.296000E1	1.093470E2	-8.054505E1
1.298000E1	1.093788E2	-7.985980E1
1.300000E1	1.093538E2	-7.974756E1
1.302000E1	1.093845E2	-7.985521E1
1.304000E1	1.094216E2	-7.975917E1
1.306000E1	1.097428E2	-7.954398E1
1.308000E1	1.100002E2	-7.945578E1
1.310000E1	1.103343E2	-7.916104E1
1.312000E1	1.106247E2	-7.867693E1
1.314000E1	1.110807E2	-7.812067E1
1.316000E1	1.115580E2	-7.786701E1
1.318000E1	1.117463E2	-7.781037E1
1.320000E1	1.121738E2	-7.761508E1
1.322000E1	1.127226E2	-7.751104E1
1.324000E1	1.128315E2	-7.738727E1
1.326000E1	1.129590E2	-7.711380E1
1.328000E1	1.130107E2	-7.715399E1
1.330000E1	1.129560E2	-7.729103E1
1.332000E1	1.131857E2	-7.655289E1
1.334000E1	1.133120E2	-7.622353E1
1.336000E1	1.135489E2	-7.536100E1
1.338000E1	1.142071E2	-7.511880E1
1.340000E1	1.141473E2	-7.494352E1
1.342000E1	1.141630E2	-7.489391E1
1.344000E1	1.141213E2	-7.480264E1
1.346000E1	1.141525E2	-7.469288E1
1.348000E1	1.147356E2	-7.409774E1
1.350000E1	1.157144E2	-7.332348E1
1.352000E1	1.162264E2	-7.242125E1
1.354000E1	1.162098E2	-7.188306E1
1.356000E1	1.161494E2	-7.189010E1
1.358000E1	1.161359E2	-7.195147E1
1.360000E1	1.161404E2	-7.160350E1
1.362000E1	1.161912E2	-7.092005E1
1.364000E1	1.162763E2	-7.042213E1
1.366000E1	1.162545E2	-7.035809E1
1.368000E1	1.162498E2	-6.983712E1
1.370000E1	1.162984E2	-6.966550E1
1.372000E1	1.166611E2	-6.953561E1
1.374000E1	1.171152E2	-6.954499E1
1.376000E1	1.171572E2	-6.953413E1
1.378000E1	1.169794E2	-6.937138E1
1.380000E1	1.170142E2	-6.929378E1
1.382000E1	1.171000E2	-6.928360E1
1.384000E1	1.170943E2	-6.905309E1
1.386000E1	1.170234E2	-6.892051E1
1.388000E1	1.170872E2	-6.891867E1
1.390000E1	1.172205E2	-6.892290E1
1.392000E1	1.173910E2	-6.865606E1
1.394000E1	1.177979E2	-6.861151E1
1.396000E1	1.182397E2	-6.831353E1
1.398000E1	1.187153E2	-6.764474E1
1.400000E1	1.191958E2	-6.693516E1
1.402000E1	1.197694E2	-6.613655E1
1.404000E1	1.197956E2	-6.592595E1
1.406000E1	1.199441E2	-6.524833E1
1.408000E1	1.201282E2	-6.487732E1
1.410000E1	1.201006E2	-6.444241E1
1.412000E1	1.203991E2	-6.400318E1
1.414000E1	1.209036E2	-6.388094E1
1.416000E1	1.213844E2	-6.369732E1
1.418000E1	1.215901E2	-6.364774E1
1.420000E1	1.214167E2	-6.347909E1
1.422000E1	1.213962E2	-6.309166E1
1.424000E1	1.215585E2	-6.308508E1
1.426000E1	1.216066E2	-6.272561E1
1.428000E1	1.218981E2	-6.215403E1
1.430000E1	1.222615E2	-6.159168E1
1.432000E1	1.224229E2	-6.131013E1
1.434000E1	1.223756E2	-6.125184E1
1.436000E1	1.224327E2	-6.134291E1
1.438000E1	1.223527E2	-6.117195E1
1.440000E1	1.225658E2	-6.085551E1
1.442000E1	1.229816E2	-5.997868E1
1.444000E1	1.234447E2	-5.909014E1
1.446000E1	1.235495E2	-5.847807E1
1.448000E1	1.235702E2	-5.844769E1
1.450000E1	1.235312E2	-5.840405E1
1.452000E1	1.238774E2	-5.787352E1
1.454000E1	1.243227E2	-5.714938E1
1.456000E1	1.248102E2	-5.579201E1
1.458000E1	1.253889E2	-5.506292E1
1.460000E1	1.258195E2	-5.434249E1
1.462000E1	1.257966E2	-5.492543E1
1.464000E1	1.258094E2	-5.523310E1
1.466000E1	1.258314E2	-5.505452E1
1.468000E1	1.259358E2	-5.483648E1
1.470000E1	1.259247E2	-5.483760E1
1.472000E1	1.259725E2	-5.461873E1
1.474000E1	1.260128E2	-5.438686E1
1.476000E1	1.260408E2	-5.372686E1
1.478000E1	1.260066E2	-5.361659E1
1.480000E1	1.260227E2	-5.364235E1
1.482000E1	1.264202E2	-5.361875E1
1.484000E1	1.264114E2	-5.354831E1
1.486000E1	1.263722E2	-5.342895E1
1.488000E1	1.263579E2	-5.355728E1
1.490000E1	1.263700E2	-5.360077E1
1.492000E1	1.263679E2	-5.351765E1
1.494000E1	1.263719E2	-5.347410E1
1.496000E1	1.263840E2	-5.345143E1
1.498000E1	1.264301E2	-5.340285E1
1.500000E1	1.266747E2	-5.323878E1
1.502000E1	1.266935E2	-5.301930E1
1.504000E1	1.270673E2	-5.237657E1
1.506000E1	1.276028E2	-5.241280E1
1.508000E1	1.282115E2	-5.219326E1
1.510000E1	1.286566E2	-5.146245E1
1.512000E1	1.284364E2	-5.102191E1
1.514000E1	1.281904E2	-5.073622E1
1.516000E1	1.282119E2	-5.058955E1
1.518000E1	1.282215E2	-5.016324E1
1.520000E1	1.280761E2	-4.966217E1
1.522000E1	1.286471E2	-4.880068E1
1.524000E1	1.291176E2	-4.822852E1
1.526000E1	1.290912E2	-4.811610E1
1.528000E1	1.291242E2	-4.813157E1
1.530000E1	1.290764E2	-4.805867E1
1.532000E1	1.291153E2	-4.751953E1
1.534000E1	1.296735E2	-4.679126E1
1.536000E1	1.301406E2	-4.586417E1
1.538000E1	1.303007E2	-4.508840E1
1.540000E1	1.304852E2	-4.477388E1
1.542000E1	1.305778E2	-4.472243E1
1.544000E1	1.306714E2	-4.469826E1
1.546000E1	1.308051E2	-4.396650E1
1.548000E1	1.305758E2	-4.307809E1
1.550000E1	1.306221E2	-4.218925E1
1.552000E1	1.308178E2	-4.183877E1
1.554000E1	1.310870E2	-4.175481E1
1.556000E1	1.311650E2	-4.170729E1
1.558000E1	1.315853E2	-4.133254E1
1.560000E1	1.319579E2	-4.084332E1
1.562000E1	1.322852E2	-4.057010E1
1.564000E1	1.324910E2	-3.977582E1
1.566000E1	1.329452E2	-3.925485E1
1.568000E1	1.335017E2	-3.887329E1
1.570000E1	1.334806E2	-3.877893E1
1.572000E1	1.334405E2	-3.876722E1
1.574000E1	1.334356E2	-3.877318E1
1.576000E1	1.334473E2	-3.879939E1
1.578000E1	1.334778E2	-3.876528E1
1.580000E1	1.335626E2	-3.873127E1
1.582000E1	1.336882E2	-3.866134E1
1.584000E1	1.336630E2	-3.857417E1
1.586000E1	1.336082E2	-3.848000E1
1.588000E1	1.336501E2	-3.840911E1
1.590000E1	1.340625E2	-3.791661E1
1.592000E1	1.341661E2	-3.758629E1
1.594000E1	1.341197E2	-3.759735E1
1.596000E1	1.341398E2	-3.769599E1
1.598000E1	1.341736E2	-3.798212E1
1.600000E1	1.341624E2	-3.796478E1
1.602000E1	1.340461E2	-3.794382E1
1.604000E1	1.340730E2	-3.790206E1
1.606000E1	1.341193E2	-3.759927E1
1.608000E1	1.341120E2	-3.695572E1
1.610000E1	1.342448E2	-3.613096E1
1.612000E1	1.342316E2	-3.515379E1
1.614000E1	1.346917E2	-3.409843E1
1.616000E1	1.351247E2	-3.343520E1
1.618000E1	1.350658E2	-3.338323E1
1.620000E1	1.347361E2	-3.328516E1
1.622000E1	1.345030E2	-3.268333E1
1.624000E1	1.342239E2	-3.238710E1
1.626000E1	1.344868E2	-3.188043E1
1.628000E1	1.344454E2	-3.102474E1
1.630000E1	1.344594E2	-3.019483E1
1.632000E1	1.344898E2	-2.956248E1
1.634000E1	1.346712E2	-2.955062E1
1.636000E1	1.349860E2	-2.896539E1
1.638000E1	1.349434E2	-2.807682E1
1.640000E1	1.349378E2	-2.715825E1
1.642000E1	1.350236E2	-2.642045E1
1.644000E1	1.351392E2	-2.623861E1
1.646000E1	1.351437E2	-2.619023E1
1.648000E1	1.351151E2	-2.619396E1
1.650000E1	1.351600E2	-2.612892E1
1.652000E1	1.354223E2	-2.594770E1
1.654000E1	1.355142E2	-2.572791E1
1.656000E1	1.354875E2	-2.524604E1
1.658000E1	1.355596E2	-2.515358E1
1.660000E1	1.357111E2	-2.486449E1
1.662000E1	1.359779E2	-2.481563E1
1.664000E1	1.359684E2	-2.471338E1
1.666000E1	1.360309E2	-2.447780E1
1.668000E1	1.365042E2	-2.378090E1
1.670000E1	1.370632E2	-2.308764E1
1.672000E1	1.375510E2	-2.257340E1
1.674000E1	1.380464E2	-2.200061E1
1.676000E1	1.381404E2	-2.181568E1
1.678000E1	1.380497E2	-2.176549E1
1.680000E1	1.380314E2	-2.158347E1
1.682000E1	1.379335E2	-2.090378E1
1.684000E1	1.378903E2	-2.069455E1
1.686000E1	1.379044E2	-2.050923E1
1.688000E1	1.379624E2	-2.067200E1
1.690000E1	1.383547E2	-2.075291E1
1.692000E1	1.383883E2	-2.079228E1
1.694000E1	1.382917E2	-2.047731E1
1.696000E1	1.383945E2	-2.018198E1
1.698000E1	1.386848E2	-1.966016E1
1.700000E1	1.385840E2	-1.894582E1
1.702000E1	1.380661E2	-1.892504E1
1.704000E1	1.378642E2	-1.875414E1
1.706000E1	1.379073E2	-1.829814E1
1.708000E1	1.380348E2	-1.837369E1
1.710000E1	1.378447E2	-1.780484E1
1.712000E1	1.375521E2	-1.763266E1
1.714000E1	1.374853E2	-1.744941E1
1.716000E1	1.375313E2	-1.696524E1
1.718000E1	1.375190E2	-1.616761E1
1.720000E1	1.376356E2	-1.472234E1
1.722000E1	1.375093E2	-1.379048E1
1.724000E1	1.375874E2	-1.308786E1
1.726000E1	1.376136E2	-1.258384E1
1.728000E1	1.374273E2	-1.232710E1
1.730000E1	1.369351E2	-1.158657E1
1.732000E1	1.366220E2	-1.101030E1
1.734000E1	1.365488E2	-1.029863E1
1.736000E1	1.365526E2	-1.008441E1
1.738000E1	1.365317E2	-9.885612E0
1.740000E1	1.365591E2	-9.808813E0
1.742000E1	1.367578E2	-9.641355E0
1.744000E1	1.370873E2	-9.135474E0
1.746000E1	1.371169E2	-8.552113E0
1.748000E1	1.370365E2	-8.386390E0
1.750000E1	1.370184E2	-8.321918E0
1.752000E1	1.371127E2	-8.134568E0
1.754000E1	1.371719E2	-7.672622E0
1.756000E1	1.370917E2	-7.669498E0
1.758000E1	1.370928E2	-7.651072E0
1.760000E1	1.373885E2	-7.460791E0
1.762000E1	1.373885E2	-7.323152E0
1.764000E1	1.375168E2	-7.292169E0
1.766000E1	1.376236E2	-6.870680E0
1.768000E1	1.377384E2	-6.518973E0
1.770000E1	1.379542E2	-6.333471E0
1.772000E1	1.381351E2	-6.172799E0
1.774000E1	1.382569E2	-5.765970E0
1.776000E1	1.383955E2	-5.223253E0
1.778000E1	1.387661E2	-4.570888E0
1.780000E1	1.388899E2	-4.128195E0
1.782000E1	1.394433E2	-3.922671E0
1.784000E1	1.399382E2	-3.429482E0
1.786000E1	1.398992E2	-3.134151E0
1.788000E1	1.396686E2	-2.932070E0
1.790000E1	1.395267E2	-2.779342E0
1.792000E1	1.394806E2	-2.725954E0
1.794000E1	1.392634E2	-2.018663E0
1.796000E1	1.390208E2	-1.906018E0
1.798000E1	1.389718E2	-1.806814E0
1.800000E1	1.391119E2	-1.366310E0
1.802000E1	1.386468E2	-9.461023E-1
1.804000E1	1.383826E2	-4.398935E-1
1.806000E1	1.386267E2	-3.291388E-1
1.808000E1	1.388820E2	4.912155E-2
1.810000E1	1.385736E2	2.576161E-1
1.812000E1	1.380501E2	4.296768E-1
1.814000E1	1.375664E2	9.306389E-1
1.816000E1	1.374594E2	1.001535E0
1.818000E1	1.374272E2	1.186139E0
1.820000E1	1.373851E2	1.384287E0
1.822000E1	1.370386E2	1.951674E0
1.824000E1	1.368807E2	2.753284E0
1.826000E1	1.365904E2	3.936939E0
1.828000E1	1.363656E2	5.455113E0
1.830000E1	1.362365E2	6.329419E0
1.832000E1	1.365006E2	7.072486E0
1.834000E1	1.367324E2	7.188754E0
1.836000E1	1.368652E2	7.335202E0
1.838000E1	1.368435E2	7.477789E0
1.840000E1	1.365226E2	7.664831E0
1.842000E1	1.364524E2	7.770678E0
1.844000E1	1.365015E2	7.855379E0
1.846000E1	1.364582E2	7.840564E0
1.848000E1	1.364507E2	7.920945E0
1.850000E1	1.365170E2	7.985291E0
1.852000E1	1.368267E2	8.263307E0
1.854000E1	1.369791E2	8.857978E0
1.856000E1	1.370892E2	9.166264E0
1.858000E1	1.371432E2	9.697000E0
1.860000E1	1.371639E2	9.924677E0
1.862000E1	1.371663E2	1.058626E1
1.864000E1	1.371736E2	1.060870E1
1.866000E1	1.371293E2	1.064900E1
1.868000E1	1.371110E2	1.066306E1
1.870000E1	1.370952E2	1.090475E1
1.872000E1	1.371487E2	1.148247E1
1.874000E1	1.372001E2	1.159667E1
1.876000E1	1.375280E2	1.169687E1
1.878000E1	1.375811E2	1.170747E1
1.880000E1	1.376043E2	1.177185E1
1.882000E1	1.375692E2	1.178393E1
1.884000E1	1.375076E2	1.223688E1
1.886000E1	1.373927E2	1.257854E1
1.888000E1	1.372715E2	1.322857E1
1.890000E1	1.373199E2	1.409216E1
1.892000E1	1.375460E2	1.509620E1
1.894000E1	1.375371E2	1.558943E1
1.896000E1	1.371616E2	1.566791E1
1.898000E1	1.371449E2	1.580975E1
1.900000E1	1.371244E2	1.592652E1
1.902000E1	1.369850E2	1.618753E1
1.904000E1	1.365594E2	1.640700E1
1.906000E1	1.363048E2	1.661838E1
1.908000E1	1.363573E2	1.668038E1
1.910000E1	1.360745E2	1.705304E1
1.912000E1	1.360366E2	1.726994E1
1.914000E1	1.360466E2	1.786353E1
1.916000E1	1.360495E2	1.863329E1
1.918000E1	1.357320E2	1.884397E1
1.920000E1	1.351228E2	1.900074E1
1.922000E1	1.348516E2	1.925600E1
1.924000E1	1.350864E2	1.929130E1
1.926000E1	1.350676E2	1.933343E1
1.928000E1	1.350731E2	1.938150E1
1.930000E1	1.349869E2	1.947556E1
1.932000E1	1.348523E2	1.965194E1
1.934000E1	1.349799E2	1.992142E1
1.936000E1	1.349703E2	2.046403E1
1.938000E1	1.347028E2	2.100330E1
1.940000E1	1.348319E2	2.147809E1
1.942000E1	1.351241E2	2.194685E1
1.944000E1	1.351800E2	2.216255E1
1.946000E1	1.350910E2	2.229366E1
1.948000E1	1.350666E2	2.230007E1
1.950000E1	1.350258E2	2.241023E1
1.952000E1	1.349970E2	2.258855E1
1.954000E1	1.347020E2	2.280595E1
1.956000E1	1.346536E2	2.304165E1
1.958000E1	1.347085E2	2.320040E1
1.960000E1	1.347158E2	2.361990E1
1.962000E1	1.345946E2	2.419725E1
1.964000E1	1.346117E2	2.510752E1
1.966000E1	1.346503E2	2.577796E1
1.968000E1	1.350197E2	2.567195E1
1.970000E1	1.351712E2	2.574101E1
1.972000E1	1.351211E2	2.593987E1
1.974000E1	1.347433E2	2.609966E1
1.976000E1	1.345876E2	2.623698E1
1.978000E1	1.345999E2	2.631410E1
1.980000E1	1.345741E2	2.678947E1
1.982000E1	1.341335E2	2.711747E1
1.984000E1	1.340390E2	2.795721E1
1.986000E1	1.340553E2	2.814368E1
1.988000E1	1.340394E2	2.803694E1
1.990000E1	1.340104E2	2.813402E1
1.992000E1	1.339508E2	2.822438E1
1.994000E1	1.338457E2	2.892197E1
1.996000E1	1.336153E2	2.988212E1
1.998000E1	1.332301E2	3.103264E1
2.000000E1	1.331798E2	3.171707E1
2.002000E1	1.332134E2	3.240885E1
2.004000E1	1.334443E2	3.270958E1
2.006000E1	1.331157E2	3.330532E1
2.008000E1	1.322578E2	3.385620E1
2.010000E1	1.317019E2	3.423185E1
2.012000E1	1.312362E2	3.479836E1
2.014000E1	1.312184E2	3.489227E1
2.016000E1	1.312100E2	3.490777E1
2.018000E1	1.312434E2	3.492296E1
2.020000E1	1.312533E2	3.485323E1
2.022000E1	1.312684E2	3.472783E1
2.024000E1	1.312254E2	3.539854E1
2.026000E1	1.311362E2	3.622112E1
2.028000E1	1.310659E2	3.637219E1
2.030000E1	1.308074E2	3.624908E1
2.032000E1	1.306530E2	3.611168E1
2.034000E1	1.307321E2	3.618319E1
2.036000E1	1.306403E2	3.618587E1
2.038000E1	1.303282E2	3.631856E1
2.040000E1	1.306476E2	3.646995E1
2.042000E1	1.305944E2	3.662286E1
2.044000E1	1.305962E2	3.708204E1
2.046000E1	1.306047E2	3.732050E1
2.048000E1	1.305734E2	3.795979E1
2.050000E1	1.303698E2	3.846565E1
2.052000E1	1.302501E2	3.929546E1
2.054000E1	1.298613E2	4.011880E1
2.056000E1	1.296686E2	4.040097E1
2.058000E1	1.293942E2	4.045348E1
2.060000E1	1.295088E2	4.046650E1
2.062000E1	1.295197E2	4.068638E1
2.064000E1	1.292902E2	4.118371E1
2.066000E1	1.292679E2	4.140194E1
2.068000E1	1.292965E2	4.139159E1
2.070000E1	1.291500E2	4.163648E1
2.072000E1	1.288067E2	4.237123E1
2.074000E1	1.283890E2	4.312222E1
2.076000E1	1.283783E2	4.321142E1
2.078000E1	1.283913E2	4.327313E1
2.080000E1	1.282816E2	4.328567E1
2.082000E1	1.282395E2	4.334407E1
2.084000E1	1.279512E2	4.354882E1
2.086000E1	1.279882E2	4.372832E1
2.088000E1	1.275587E2	4.460602E1
2.090000E1	1.271275E2	4.546266E1
2.092000E1	1.266772E2	4.563493E1
2.094000E1	1.264389E2	4.578165E1
2.096000E1	1.263696E2	4.583840E1
2.098000E1	1.262154E2	4.634074E1
2.100000E1	1.260234E2	4.697640E1
2.102000E1	1.255107E2	4.773943E1
2.104000E1	1.250310E2	4.861566E1
2.106000E1	1.246750E2	4.946846E1
2.108000E1	1.247058E2	5.011945E1
2.110000E1	1.248077E2	5.052055E1
2.112000E1	1.249402E2	5.119849E1
2.114000E1	1.251269E2	5.159917E1
2.116000E1	1.253011E2	5.197180E1
2.118000E1	1.249636E2	5.186608E1
2.120000E1	1.247356E2	5.186150E1
2.122000E1	1.244363E2	5.201055E1
2.124000E1	1.243573E2	5.217856E1
2.126000E1	1.243600E2	5.227399E1
2.128000E1	1.243819E2	5.232059E1
2.130000E1	1.243669E2	5.236318E1
2.132000E1	1.243289E2	5.249603E1
2.134000E1	1.244422E2	5.302510E1
2.136000E1	1.243756E2	5.341142E1
2.138000E1	1.244425E2	5.344220E1
2.140000E1	1.244221E2	5.325499E1
2.142000E1	1.244517E2	5.306620E1
2.144000E1	1.245003E2	5.302935E1
2.146000E1	1.244211E2	5.298124E1
2.148000E1	1.242606E2	5.303916E1
2.150000E1	1.243343E2	5.304924E1
2.152000E1	1.244172E2	5.308418E1
2.154000E1	1.245328E2	5.323811E1
2.156000E1	1.244962E2	5.392137E1
2.158000E1	1.243482E2	5.425846E1
2.160000E1	1.238752E2	5.496298E1
2.162000E1	1.234903E2	5.549519E1
2.164000E1	1.231674E2	5.575821E1
2.166000E1	1.227062E2	5.588654E1
2.168000E1	1.224311E2	5.606051E1
2.170000E1	1.222492E2	5.637851E1
2.172000E1	1.218186E2	5.636837E1
2.174000E1	1.218163E2	5.641454E1
2.176000E1	1.217937E2	5.652997E1
2.178000E1	1.216271E2	5.682430E1
2.180000E1	1.211364E2	5.774198E1
2.182000E1	1.202873E2	5.866540E1
2.184000E1	1.198502E2	5.941176E1
2.186000E1	1.198769E2	5.949431E1
2.188000E1	1.198195E2	5.961211E1
2.190000E1	1.198353E2	5.977317E1
2.192000E1	1.195039E2	6.028981E1
2.194000E1	1.189903E2	6.083963E1
2.196000E1	1.185021E2	6.117188E1
2.198000E1	1.182633E2	6.128447E1
2.200000E1	1.181503E2	6.135959E1
2.202000E1	1.181100E2	6.133935E1
2.204000E1	1.181248E2	6.145912E1
2.206000E1	1.180933E2	6.171083E1
2.208000E1	1.180627E2	6.222587E1
2.210000E1	1.180193E2	6.253211E1
2.212000E1	1.176991E2	6.321013E1
2.214000E1	1.172849E2	6.366191E1
2.216000E1	1.171455E2	6.423516E1
2.218000E1	1.169844E2	6.494580E1
2.220000E1	1.169608E2	6.584260E1
2.222000E1	1.171105E2	6.650275E1
2.224000E1	1.174699E2	6.655924E1
2.226000E1	1.174911E2	6.653218E1
2.228000E1	1.170283E2	6.677350E1
2.230000E1	1.167252E2	6.700551E1
2.232000E1	1.165034E2	6.703739E1
2.234000E1	1.165087E2	6.704269E1
2.236000E1	1.165421E2	6.701347E1
2.238000E1	1.165274E2	6.702239E1
2.240000E1	1.161419E2	6.709585E1
2.242000E1	1.161997E2	6.735162E1
2.244000E1	1.165914E2	6.786638E1
2.246000E1	1.166478E2	6.795619E1
2.248000E1	1.165487E2	6.792194E1
2.250000E1	1.161265E2	6.794785E1
2.252000E1	1.158631E2	6.817874E1
2.254000E1	1.157524E2	6.826379E1
2.256000E1	1.151908E2	6.839791E1
2.258000E1	1.144220E2	6.858507E1
2.260000E1	1.141281E2	6.938041E1
2.262000E1	1.140900E2	6.950232E1
2.264000E1	1.140460E2	6.949625E1
2.266000E1	1.136933E2	6.958917E1
2.268000E1	1.133825E2	6.973017E1
2.270000E1	1.129064E2	7.045608E1
2.272000E1	1.122012E2	7.141836E1
2.274000E1	1.114726E2	7.241851E1
2.276000E1	1.109419E2	7.266641E1
2.278000E1	1.106032E2	7.268387E1
2.280000E1	1.102558E2	7.274126E1
2.282000E1	1.098802E2	7.285979E1
2.284000E1	1.094068E2	7.321270E1
2.286000E1	1.089407E2	7.357650E1
2.288000E1	1.085018E2	7.425532E1
2.290000E1	1.083235E2	7.456840E1
2.292000E1	1.079939E2	7.518882E1
2.294000E1	1.078845E2	7.565520E1
2.296000E1	1.078549E2	7.591317E1
2.298000E1	1.078617E2	7.587226E1
2.300000E1	1.078689E2	7.598533E1
2.302000E1	1.077709E2	7.609586E1
2.304000E1	1.074707E2	7.637241E1
2.306000E1	1.073201E2	7.654515E1
2.308000E1	1.072661E2	7.664514E1
2.310000E1	1.072301E2	7.674117E1
2.312000E1	1.072298E2	7.679420E1
2.314000E1	1.072343E2	7.693277E1
2.316000E1	1.073182E2	7.744495E1
2.318000E1	1.071778E2	7.802626E1
2.320000E1	1.069393E2	7.846062E1
2.322000E1	1.067833E2	7.901978E1
2.324000E1	1.067743E2	7.926988E1
2.326000E1	1.066827E2	7.990172E1
2.328000E1	1.062844E2	8.054712E1
2.330000E1	1.059891E2	8.103681E1
2.332000E1	1.059531E2	8.169162E1
2.334000E1	1.059432E2	8.193696E1
2.336000E1	1.059439E2	8.192395E1
2.338000E1	1.058338E2	8.193383E1
2.340000E1	1.053441E2	8.205502E1
2.342000E1	1.053282E2	8.205311E1
2.344000E1	1.052937E2	8.208802E1
2.346000E1	1.048621E2	8.212005E1
2.348000E1	1.043956E2	8.220534E1
2.350000E1	1.038399E2	8.243653E1
2.352000E1	1.034510E2	8.308615E1
2.354000E1	1.033326E2	8.309382E1
2.356000E1	1.033074E2	8.343829E1
2.358000E1	1.030925E2	8.318052E1
2.360000E1	1.029649E2	8.326859E1
2.362000E1	1.025854E2	8.346465E1
2.364000E1	1.020934E2	8.347636E1
2.366000E1	1.016407E2	8.351013E1
2.368000E1	1.011525E2	8.363520E1
2.370000E1	1.007173E2	8.367115E1
2.372000E1	1.004469E2	8.392403E1
2.374000E1	9.982317E1	8.449790E1
2.376000E1	9.883281E1	8.510660E1
2.378000E1	9.770655E1	8.588191E1
2.380000E1	9.672344E1	8.660135E1
2.382000E1	9.620973E1	8.730761E1
2.384000E1	9.620719E1	8.751663E1
2.386000E1	9.617899E1	8.767574E1
2.388000E1	9.608516E1	8.772050E1
2.390000E1	9.573082E1	8.776259E1
2.392000E1	9.578016E1	8.781632E1
2.394000E1	9.554390E1	8.784329E1
2.396000E1	9.547105E1	8.792627E1
2.398000E1	9.505736E1	8.802788E1
2.400000E1	9.508239E1	8.844144E1
2.402000E1	9.505690E1	8.865047E1
2.404000E1	9.484084E1	8.890306E1
2.406000E1	9.476103E1	8.939561E1
2.408000E1	9.476651E1	8.946630E1
2.410000E1	9.447794E1	9.004012E1
2.412000E1	9.404216E1	9.033740E1
2.414000E1	9.406445E1	9.046251E1
2.416000E1	9.412239E1	9.050977E1
2.418000E1	9.413318E1	9.050726E1
2.420000E1	9.410079E1	9.049637E1
2.422000E1	9.368905E1	9.066732E1
2.424000E1	9.352533E1	9.108307E1
2.426000E1	9.367284E1	9.133440E1
2.428000E1	9.369276E1	9.169417E1
2.430000E1	9.374549E1	9.178330E1
2.432000E1	9.373624E1	9.179259E1
2.434000E1	9.355185E1	9.190797E1
2.436000E1	9.325293E1	9.209070E1
2.438000E1	9.275108E1	9.273045E1
2.440000E1	9.187836E1	9.331556E1
2.442000E1	9.126978E1	9.404378E1
2.444000E1	9.092663E1	9.430034E1
2.446000E1	9.081187E1	9.409466E1
2.448000E1	9.060235E1	9.407824E1
2.450000E1	9.047103E1	9.416119E1
2.452000E1	9.034364E1	9.413551E1
2.454000E1	8.985470E1	9.422425E1
2.456000E1	8.952287E1	9.425039E1
2.458000E1	8.930042E1	9.418196E1
2.460000E1	8.874233E1	9.422555E1
2.462000E1	8.839918E1	9.458781E1
2.464000E1	8.834537E1	9.495120E1
2.466000E1	8.788652E1	9.529216E1
2.468000E1	8.749313E1	9.518263E1
2.470000E1	8.706672E1	9.466793E1
2.472000E1	8.651772E1	9.480721E1
2.474000E1	8.650679E1	9.481698E1
2.476000E1	8.648859E1	9.479050E1
2.478000E1	8.645747E1	9.483345E1
2.480000E1	8.635149E1	9.477443E1
2.482000E1	8.634528E1	9.480679E1
2.484000E1	8.612962E1	9.499174E1
2.486000E1	8.566148E1	9.520929E1
2.488000E1	8.514783E1	9.557977E1
2.490000E1	8.480270E1	9.604756E1
2.492000E1	8.475695E1	9.618026E1
2.494000E1	8.463788E1	9.643294E1
2.496000E1	8.422868E1	9.641545E1
2.498000E1	8.419564E1	9.649271E1
2.500000E1	8.425104E1	9.660615E1
2.502000E1	8.412337E1	9.661447E1
2.504000E1	8.396259E1	9.659805E1
2.506000E1	8.396963E1	9.669657E1
2.508000E1	8.400512E1	9.680082E1
2.510000E1	8.388079E1	9.685239E1
2.512000E1	8.333179E1	9.749056E1
2.514000E1	8.264207E1	9.805041E1
2.516000E1	8.242045E1	9.835824E1
2.518000E1	8.248408E1	9.862047E1
2.520000E1	8.252647E1	9.896050E1
2.522000E1	8.241524E1	9.921386E1
2.524000E1	8.209075E1	9.910588E1
2.526000E1	8.205898E1	9.901301E1
2.528000E1	8.201943E1	9.911290E1
2.530000E1	8.161717E1	9.911788E1
2.532000E1	8.101468E1	9.921412E1
2.534000E1	8.019118E1	9.980213E1
2.536000E1	7.996282E1	9.990469E1
2.538000E1	8.002449E1	9.991686E1
2.540000E1	7.995505E1	9.993947E1
2.542000E1	7.971146E1	9.994728E1
2.544000E1	7.949417E1	1.000230E2
2.546000E1	7.873807E1	1.006087E2
2.548000E1	7.771014E1	1.012849E2
2.550000E1	7.707920E1	1.015920E2
2.552000E1	7.673517E1	1.021773E2
2.554000E1	7.659188E1	1.023542E2
2.556000E1	7.620912E1	1.023461E2
2.558000E1	7.572623E1	1.023664E2
2.560000E1	7.509094E1	1.023908E2
2.562000E1	7.480250E1	1.024013E2
2.564000E1	7.472660E1	1.023519E2
2.566000E1	7.469618E1	1.023795E2
2.568000E1	7.469004E1	1.023758E2
2.570000E1	7.473054E1	1.023252E2
2.572000E1	7.463926E1	1.025131E2
2.574000E1	7.422886E1	1.029942E2
2.576000E1	7.372096E1	1.032143E2
2.578000E1	7.367259E1	1.032326E2
2.580000E1	7.367067E1	1.031277E2
2.582000E1	7.367315E1	1.029904E2
2.584000E1	7.375354E1	1.029461E2
2.586000E1	7.342174E1	1.028712E2
2.588000E1	7.338102E1	1.029027E2
2.590000E1	7.334658E1	1.030212E2
2.592000E1	7.329135E1	1.030765E2
2.594000E1	7.297036E1	1.033317E2
2.596000E1	7.257527E1	1.038100E2
2.598000E1	7.206960E1	1.040013E2
2.600000E1	7.148089E1	1.046155E2
2.602000E1	7.048332E1	1.050784E2
2.604000E1	6.987510E1	1.052573E2
2.606000E1	6.954606E1	1.052222E2
2.608000E1	6.912214E1	1.052314E2
2.610000E1	6.902600E1	1.052791E2
2.612000E1	6.885300E1	1.056050E2
2.614000E1	6.850785E1	1.059909E2
2.616000E1	6.843578E1	1.060353E2
2.618000E1	6.812404E1	1.059374E2
2.620000E1	6.766712E1	1.059596E2
2.622000E1	6.715025E1	1.062029E2
2.624000E1	6.671488E1	1.062923E2
2.626000E1	6.623797E1	1.064074E2
2.628000E1	6.610368E1	1.065425E2
2.630000E1	6.564039E1	1.066883E2
2.632000E1	6.570469E1	1.067154E2
2.634000E1	6.562580E1	1.067231E2
2.636000E1	6.519655E1	1.068719E2
2.638000E1	6.441839E1	1.070456E2
2.640000E1	6.352400E1	1.072697E2
2.642000E1	6.310631E1	1.072665E2
2.644000E1	6.305041E1	1.072596E2
2.646000E1	6.270052E1	1.072923E2
2.648000E1	6.263537E1	1.074916E2
2.650000E1	6.178864E1	1.078894E2
2.652000E1	6.076704E1	1.082007E2
2.654000E1	5.967285E1	1.084247E2
2.656000E1	5.885463E1	1.088044E2
2.658000E1	5.845267E1	1.093057E2
2.660000E1	5.825955E1	1.097738E2
2.662000E1	5.835870E1	1.101881E2
2.664000E1	5.834501E1	1.101826E2
2.666000E1	5.789408E1	1.101783E2
2.668000E1	5.771383E1	1.101275E2
2.670000E1	5.759381E1	1.100706E2
2.672000E1	5.731928E1	1.099904E2
2.674000E1	5.733549E1	1.100077E2
2.676000E1	5.728709E1	1.100979E2
2.678000E1	5.720505E1	1.100913E2
2.680000E1	5.692291E1	1.102901E2
2.682000E1	5.658183E1	1.108422E2
2.684000E1	5.634120E1	1.109938E2
2.686000E1	5.640791E1	1.110007E2
2.688000E1	5.648163E1	1.109893E2
2.690000E1	5.647384E1	1.109953E2
2.692000E1	5.649969E1	1.109782E2
2.694000E1	5.633117E1	1.109405E2
2.696000E1	5.618382E1	1.110408E2
2.698000E1	5.610772E1	1.111124E2
2.700000E1	5.605258E1	1.111248E2
2.702000E1	5.580919E1	1.115424E2
2.704000E1	5.530369E1	1.119160E2
2.706000E1	5.481541E1	1.124166E2
2.708000E1	5.433772E1	1.125623E2
2.710000E1	5.381743E1	1.124776E2
2.712000E1	5.338391E1	1.124535E2
2.714000E1	5.302156E1	1.123479E2
2.716000E1	5.250599E1	1.121034E2
2.718000E1	5.207847E1	1.121170E2
2.720000E1	5.157924E1	1.121541E2
2.722000E1	5.108628E1	1.120819E2
2.724000E1	5.142701E1	1.121635E2
2.726000E1	5.103665E1	1.121427E2
2.728000E1	5.060554E1	1.121626E2
2.730000E1	4.957145E1	1.126953E2
2.732000E1	4.854118E1	1.126946E2
2.734000E1	4.812062E1	1.127705E2
2.736000E1	4.822959E1	1.127581E2
2.738000E1	4.811094E1	1.127663E2
2.740000E1	4.769600E1	1.129422E2
2.742000E1	4.722669E1	1.130401E2
2.744000E1	4.676177E1	1.130260E2
2.746000E1	4.627631E1	1.129195E2
2.748000E1	4.578225E1	1.129392E2
2.750000E1	4.570950E1	1.130939E2
2.752000E1	4.568837E1	1.131179E2
2.754000E1	4.566527E1	1.131893E2
2.756000E1	4.516569E1	1.133788E2
2.758000E1	4.459476E1	1.139548E2
2.760000E1	4.416015E1	1.140597E2
2.762000E1	4.371063E1	1.140979E2
2.764000E1	4.314073E1	1.143773E2
2.766000E1	4.261092E1	1.151207E2
2.768000E1	4.236357E1	1.152890E2
2.770000E1	4.290545E1	1.155726E2
2.772000E1	4.290322E1	1.155722E2
2.774000E1	4.245657E1	1.156664E2
2.776000E1	4.210929E1	1.156270E2
2.778000E1	4.216929E1	1.156128E2
2.780000E1	4.220833E1	1.155998E2
2.782000E1	4.218056E1	1.156070E2
2.784000E1	4.219562E1	1.155555E2
2.786000E1	4.180928E1	1.155672E2
2.788000E1	4.142031E1	1.156610E2
2.790000E1	4.115520E1	1.157534E2
2.792000E1	4.123462E1	1.158562E2
2.794000E1	4.162568E1	1.159870E2
2.796000E1	4.190480E1	1.160445E2
2.798000E1	4.157629E1	1.160219E2
2.800000E1	4.163292E1	1.160124E2
2.802000E1	4.112037E1	1.159268E2
2.804000E1	4.069010E1	1.159313E2
2.806000E1	4.019033E1	1.156888E2
2.808000E1	3.933508E1	1.156471E2
2.810000E1	3.842064E1	1.157993E2
2.812000E1	3.784129E1	1.160832E2
2.814000E1	3.779064E1	1.160849E2
2.816000E1	3.764519E1	1.160874E2
2.818000E1	3.726203E1	1.159065E2
2.820000E1	3.678737E1	1.156278E2
2.822000E1	3.618666E1	1.155892E2
2.824000E1	3.518071E1	1.151752E2
2.826000E1	3.463160E1	1.150698E2
2.828000E1	3.408646E1	1.149521E2
2.830000E1	3.397186E1	1.149476E2
2.832000E1	3.358855E1	1.150961E2
2.834000E1	3.294524E1	1.150788E2
2.836000E1	3.174107E1	1.150803E2
2.838000E1	3.079073E1	1.150828E2
2.840000E1	3.052376E1	1.150664E2
2.842000E1	3.052758E1	1.150873E2
2.844000E1	3.052695E1	1.151255E2
2.846000E1	3.022562E1	1.152049E2
2.848000E1	3.020110E1	1.152198E2
2.850000E1	3.019100E1	1.152018E2
2.852000E1	3.012762E1	1.151834E2
2.854000E1	2.962513E1	1.151092E2
2.856000E1	2.918801E1	1.150754E2
2.858000E1	2.908272E1	1.151855E2
2.860000E1	2.908359E1	1.152939E2
2.862000E1	2.886456E1	1.155206E2
2.864000E1	2.839472E1	1.157728E2
2.866000E1	2.776327E1	1.164565E2
2.868000E1	2.719234E1	1.166697E2
2.870000E1	2.634076E1	1.169829E2
2.872000E1	2.573570E1	1.173694E2
2.874000E1	2.545998E1	1.175334E2
2.876000E1	2.516132E1	1.174578E2
2.878000E1	2.481456E1	1.173465E2
2.880000E1	2.457313E1	1.173179E2
2.882000E1	2.454210E1	1.173546E2
2.884000E1	2.457122E1	1.174108E2
2.886000E1	2.485459E1	1.174728E2
2.888000E1	2.477605E1	1.175271E2
2.890000E1	2.468517E1	1.175630E2
2.892000E1	2.425990E1	1.173749E2
2.894000E1	2.357934E1	1.174482E2
2.896000E1	2.290949E1	1.175223E2
2.898000E1	2.231693E1	1.173857E2
2.900000E1	2.236912E1	1.171393E2
2.902000E1	2.235434E1	1.171218E2
2.904000E1	2.220252E1	1.169609E2
2.906000E1	2.198500E1	1.167475E2
2.908000E1	2.169998E1	1.165867E2
2.910000E1	2.155001E1	1.164400E2
2.912000E1	2.098078E1	1.163935E2
2.914000E1	1.998983E1	1.163676E2
2.916000E1	1.895309E1	1.162429E2
2.918000E1	1.806607E1	1.160406E2
2.920000E1	1.724787E1	1.159542E2
2.922000E1	1.621321E1	1.159726E2
2.924000E1	1.534897E1	1.159175E2
2.926000E1	1.474676E1	1.155356E2
2.928000E1	1.408084E1	1.148715E2
2.930000E1	1.353199E1	1.147021E2
2.932000E1	1.320119E1	1.146371E2
2.934000E1	1.321458E1	1.146104E2
2.936000E1	1.317044E1	1.146579E2
2.938000E1	1.270712E1	1.147265E2
2.940000E1	1.230691E1	1.147720E2
2.942000E1	1.192927E1	1.148734E2
2.944000E1	1.171453E1	1.147987E2
2.946000E1	1.162315E1	1.146989E2
2.948000E1	1.159174E1	1.146789E2
2.950000E1	1.159797E1	1.146831E2
2.952000E1	1.157512E1	1.146546E2
2.954000E1	1.153423E1	1.147570E2
2.956000E1	1.131428E1	1.148405E2
2.958000E1	1.099886E1	1.150361E2
2.960000E1	1.090391E1	1.151490E2
2.962000E1	1.039924E1	1.151395E2
2.964000E1	1.035225E1	1.151281E2
2.966000E1	1.029265E1	1.151420E2
2.968000E1	1.006468E1	1.151542E2
2.970000E1	9.666128E0	1.151844E2
2.972000E1	9.191498E0	1.152605E2
2.974000E1	8.612534E0	1.153651E2
2.976000E1	8.148064E0	1.158967E2
2.978000E1	7.962262E0	1.165542E2
2.980000E1	7.468896E0	1.165743E2
2.982000E1	6.915196E0	1.164551E2
2.984000E1	6.859829E0	1.163637E2
2.986000E1	6.722048E0	1.162341E2
2.988000E1	6.314592E0	1.160409E2
2.990000E1	5.913220E0	1.158948E2
2.992000E1	5.893130E0	1.157874E2
2.994000E1	5.883173E0	1.158514E2
2.996000E1	5.804967E0	1.157688E2
2.998000E1	5.262232E0	1.151157E2
3.000000E1	4.825696E0	1.151488E2
3.002000E1	4.356735E0	1.152691E2
3.004000E1	3.948013E0	1.152040E2
3.006000E1	3.849604E0	1.149516E2
3.008000E1	3.864908E0	1.143777E2
3.010000E1	3.840344E0	1.142634E2
3.012000E1	3.584015E0	1.140094E2
3.014000E1	3.374061E0	1.139250E2
3.016000E1	2.886754E0	1.137112E2
3.018000E1	2.076272E0	1.131830E2
3.020000E1	1.055976E0	1.128904E2
3.022000E1	-1.228224E-1	1.125310E2
3.024000E1	-9.832564E-1	1.125144E2
3.026000E1	-1.450874E0	1.125274E2
3.028000E1	-1.572629E0	1.126650E2
3.030000E1	-1.904644E0	1.127396E2
3.032000E1	-1.975892E0	1.127144E2
3.034000E1	-2.009113E0	1.125397E2
3.036000E1	-2.344738E0	1.123901E2
3.038000E1	-2.449186E0	1.123488E2
3.040000E1	-2.400205E0	1.123322E2
3.042000E1	-2.428236E0	1.122409E2
3.044000E1	-2.450741E0	1.122250E2
3.046000E1	-2.593850E0	1.123275E2
3.048000E1	-2.976253E0	1.123088E2
3.050000E1	-3.503091E0	1.125098E2
3.052000E1	-4.029728E0	1.125233E2
3.054000E1	-4.455316E0	1.125707E2
3.056000E1	-4.837885E0	1.125699E2
3.058000E1	-4.859166E0	1.125826E2
3.060000E1	-4.959796E0	1.125816E2
3.062000E1	-5.084753E0	1.125882E2
3.064000E1	-5.273690E0	1.126026E2
3.066000E1	-5.658503E0	1.126027E2
3.068000E1	-5.760067E0	1.126985E2
3.070000E1	-5.997922E0	1.127783E2
3.072000E1	-6.144405E0	1.129114E2
3.074000E1	-6.201059E0	1.129949E2
3.076000E1	-6.245220E0	1.130135E2
3.078000E1	-6.619021E0	1.129342E2
3.080000E1	-7.156539E0	1.129492E2
3.082000E1	-7.683643E0	1.126481E2
3.084000E1	-8.640514E0	1.125320E2
3.086000E1	-9.649241E0	1.126354E2
3.088000E1	-1.014523E1	1.126336E2
3.090000E1	-1.039325E1	1.121937E2
3.092000E1	-1.040597E1	1.121866E2
3.094000E1	-1.050654E1	1.120834E2
3.096000E1	-1.096069E1	1.119295E2
3.098000E1	-1.128511E1	1.115481E2
3.100000E1	-1.125536E1	1.114726E2
3.102000E1	-1.128736E1	1.113650E2
3.104000E1	-1.165394E1	1.108272E2
3.106000E1	-1.212499E1	1.107403E2
3.108000E1	-1.251053E1	1.106833E2
3.110000E1	-1.310318E1	1.106311E2
3.112000E1	-1.346617E1	1.103438E2
3.114000E1	-1.349567E1	1.096646E2
3.116000E1	-1.352508E1	1.096293E2
3.118000E1	-1.352484E1	1.096682E2
3.120000E1	-1.355648E1	1.096593E2
3.122000E1	-1.361614E1	1.096639E2
3.124000E1	-1.363889E1	1.096694E2
3.126000E1	-1.374300E1	1.095592E2
3.128000E1	-1.378527E1	1.095903E2
3.130000E1	-1.393532E1	1.094477E2
3.132000E1	-1.435146E1	1.092919E2
3.134000E1	-1.476961E1	1.092972E2
3.136000E1	-1.533224E1	1.092735E2
3.138000E1	-1.588143E1	1.092421E2
3.140000E1	-1.590945E1	1.092347E2
3.142000E1	-1.592111E1	1.092169E2
3.144000E1	-1.617901E1	1.092085E2
3.146000E1	-1.624198E1	1.091229E2
3.148000E1	-1.637684E1	1.088834E2
3.150000E1	-1.649783E1	1.087534E2
3.152000E1	-1.667330E1	1.088059E2
3.154000E1	-1.691050E1	1.087241E2
3.156000E1	-1.741579E1	1.087259E2
3.158000E1	-1.834168E1	1.087261E2
3.160000E1	-1.860153E1	1.087656E2
3.162000E1	-1.860865E1	1.089501E2
3.164000E1	-1.859588E1	1.090233E2
3.166000E1	-1.873440E1	1.090424E2
3.168000E1	-1.902091E1	1.087503E2
3.170000E1	-1.898582E1	1.086865E2
3.172000E1	-1.932619E1	1.085988E2
3.174000E1	-1.973878E1	1.082761E2
3.176000E1	-2.022739E1	1.080124E2
3.178000E1	-2.083915E1	1.078437E2
3.180000E1	-2.074759E1	1.077797E2
3.182000E1	-2.076573E1	1.076918E2
3.184000E1	-2.083061E1	1.076830E2
3.186000E1	-2.099418E1	1.075845E2
3.188000E1	-2.160037E1	1.074482E2
3.190000E1	-2.296158E1	1.068924E2
3.192000E1	-2.381701E1	1.064137E2
3.194000E1	-2.421926E1	1.063259E2
3.196000E1	-2.468064E1	1.063018E2
3.198000E1	-2.511168E1	1.062133E2
3.200000E1	-2.559014E1	1.056820E2
3.202000E1	-2.576489E1	1.055391E2
3.204000E1	-2.606485E1	1.048063E2
3.206000E1	-2.623292E1	1.047637E2
3.208000E1	-2.627484E1	1.047018E2
3.210000E1	-2.627078E1	1.047407E2
3.212000E1	-2.624368E1	1.047820E2
3.214000E1	-2.614728E1	1.047885E2
3.216000E1	-2.661672E1	1.047987E2
3.218000E1	-2.730153E1	1.047021E2
3.220000E1	-2.774391E1	1.046251E2
3.222000E1	-2.750569E1	1.044283E2
3.224000E1	-2.745654E1	1.043324E2
3.226000E1	-2.748996E1	1.043446E2
3.228000E1	-2.747869E1	1.042637E2
3.230000E1	-2.763264E1	1.040943E2
3.232000E1	-2.766583E1	1.040326E2
3.234000E1	-2.805320E1	1.040420E2
3.236000E1	-2.809933E1	1.039670E2
3.238000E1	-2.849688E1	1.038955E2
3.240000E1	-2.884003E1	1.038941E2
3.242000E1	-2.926809E1	1.037799E2
3.244000E1	-2.982057E1	1.035832E2
3.246000E1	-3.027530E1	1.033797E2
3.248000E1	-3.064082E1	1.030774E2
3.250000E1	-3.061091E1	1.029295E2
3.252000E1	-3.059177E1	1.029081E2
3.254000E1	-3.058892E1	1.028944E2
3.256000E1	-3.097574E1	1.026666E2
3.258000E1	-3.123350E1	1.026461E2
3.260000E1	-3.132754E1	1.024861E2
3.262000E1	-3.168948E1	1.024457E2
3.264000E1	-3.209954E1	1.020412E2
3.266000E1	-3.296104E1	1.015433E2
3.268000E1	-3.333689E1	1.014070E2
3.270000E1	-3.341402E1	1.014331E2
3.272000E1	-3.349713E1	1.012810E2
3.274000E1	-3.351310E1	1.012790E2
3.276000E1	-3.365821E1	1.011478E2
3.278000E1	-3.395213E1	1.009511E2
3.280000E1	-3.443106E1	1.008459E2
3.282000E1	-3.542305E1	1.000890E2
3.284000E1	-3.548281E1	9.966705E1
3.286000E1	-3.550938E1	9.938660E1
3.288000E1	-3.549295E1	9.927258E1
3.290000E1	-3.593745E1	9.917766E1
3.292000E1	-3.634440E1	9.893870E1
3.294000E1	-3.703734E1	9.842002E1
3.296000E1	-3.779749E1	9.794435E1
3.298000E1	-3.861136E1	9.757939E1
3.300000E1	-3.909703E1	9.746846E1
3.302000E1	-3.961833E1	9.748199E1
3.304000E1	-4.002530E1	9.753534E1
3.306000E1	-4.037089E1	9.773645E1
3.308000E1	-4.066248E1	9.767443E1
3.310000E1	-4.063448E1	9.764732E1
3.312000E1	-4.068819E1	9.753448E1
3.314000E1	-4.096496E1	9.717589E1
3.316000E1	-4.085637E1	9.699254E1
3.318000E1	-4.086699E1	9.698367E1
3.320000E1	-4.085220E1	9.699565E1
3.322000E1	-4.090422E1	9.696175E1
3.324000E1	-4.114163E1	9.682689E1
3.326000E1	-4.153702E1	9.683286E1
3.328000E1	-4.210497E1	9.682006E1
3.330000E1	-4.227884E1	9.678705E1
3.332000E1	-4.221277E1	9.673628E1
3.334000E1	-4.180517E1	9.670394E1
3.336000E1	-4.179325E1	9.667884E1
3.338000E1	-4.179930E1	9.666916E1
3.340000E1	-4.185403E1	9.663701E1
3.342000E1	-4.182768E1	9.663159E1
3.344000E1	-4.181766E1	9.671098E1
3.346000E1	-4.183021E1	9.669279E1
3.348000E1	-4.228146E1	9.666875E1
3.350000E1	-4.253555E1	9.641020E1
3.352000E1	-4.311909E1	9.581903E1
3.354000E1	-4.371212E1	9.556956E1
3.356000E1	-4.418094E1	9.503232E1
3.358000E1	-4.436038E1	9.472536E1
3.360000E1	-4.453137E1	9.444260E1
3.362000E1	-4.462272E1	9.405507E1
3.364000E1	-4.465682E1	9.373561E1
3.366000E1	-4.462953E1	9.360478E1
3.368000E1	-4.469659E1	9.353006E1
3.370000E1	-4.525519E1	9.342539E1
3.372000E1	-4.612234E1	9.267568E1
3.374000E1	-4.700470E1	9.192516E1
3.376000E1	-4.748361E1	9.133413E1
3.378000E1	-4.749810E1	9.130759E1
3.380000E1	-4.753976E1	9.125275E1
3.382000E1	-4.801588E1	9.118230E1
3.384000E1	-4.852657E1	9.071528E1
3.386000E1	-4.905520E1	9.008833E1
3.388000E1	-4.943445E1	8.955296E1
3.390000E1	-4.946668E1	8.961322E1
3.392000E1	-4.950585E1	8.963855E1
3.394000E1	-4.954247E1	8.966888E1
3.396000E1	-4.962128E1	8.969322E1
3.398000E1	-4.996218E1	8.966865E1
3.400000E1	-5.014156E1	8.962040E1
3.402000E1	-5.055250E1	8.951640E1
3.404000E1	-5.091799E1	8.930740E1
3.406000E1	-5.126065E1	8.883514E1
3.408000E1	-5.155383E1	8.886161E1
3.410000E1	-5.201722E1	8.867594E1
3.412000E1	-5.289146E1	8.857177E1
3.414000E1	-5.339990E1	8.867222E1
3.416000E1	-5.354703E1	8.885925E1
3.418000E1	-5.359495E1	8.880987E1
3.420000E1	-5.396141E1	8.855431E1
3.422000E1	-5.402557E1	8.810033E1
3.424000E1	-5.397169E1	8.808130E1
3.426000E1	-5.395242E1	8.804198E1
3.428000E1	-5.395005E1	8.799882E1
3.430000E1	-5.391413E1	8.788897E1
3.432000E1	-5.391361E1	8.764293E1
3.434000E1	-5.434710E1	8.767379E1
3.436000E1	-5.479530E1	8.780686E1
3.438000E1	-5.487343E1	8.788346E1
3.440000E1	-5.477019E1	8.781603E1
3.442000E1	-5.487465E1	8.740908E1
3.444000E1	-5.502559E1	8.728284E1
3.446000E1	-5.513877E1	8.700657E1
3.448000E1	-5.513912E1	8.619875E1
3.450000E1	-5.569660E1	8.556279E1
3.452000E1	-5.622844E1	8.539445E1
3.454000E1	-5.639884E1	8.524940E1
3.456000E1	-5.638130E1	8.513395E1
3.458000E1	-5.640566E1	8.483731E1
3.460000E1	-5.667142E1	8.432443E1
3.462000E1	-5.733566E1	8.370203E1
3.464000E1	-5.827510E1	8.302183E1
3.466000E1	-5.909832E1	8.236702E1
3.468000E1	-5.914247E1	8.215604E1
3.470000E1	-5.911015E1	8.138022E1
3.472000E1	-5.919208E1	8.119270E1
3.474000E1	-5.925728E1	8.080413E1
3.476000E1	-5.967636E1	8.040602E1
3.478000E1	-6.020372E1	7.976808E1
3.480000E1	-6.065370E1	7.920670E1
3.482000E1	-6.106184E1	7.897721E1
3.484000E1	-6.154885E1	7.881940E1
3.486000E1	-6.188672E1	7.869976E1
3.488000E1	-6.183739E1	7.861557E1
3.490000E1	-6.194149E1	7.854830E1
3.492000E1	-6.210919E1	7.852680E1
3.494000E1	-6.224298E1	7.840156E1
3.496000E1	-6.254353E1	7.803464E1
3.498000E1	-6.261920E1	7.798878E1
3.500000E1	-6.265858E1	7.797893E1
3.502000E1	-6.265306E1	7.800788E1
3.504000E1	-6.269495E1	7.798152E1
3.506000E1	-6.283061E1	7.802588E1
3.508000E1	-6.325565E1	7.798521E1
3.510000E1	-6.387073E1	7.759503E1
3.512000E1	-6.442788E1	7.736186E1
3.514000E1	-6.477420E1	7.733132E1
3.516000E1	-6.503287E1	7.705664E1
3.518000E1	-6.554743E1	7.682805E1
3.520000E1	-6.603849E1	7.633509E1
3.522000E1	-6.645705E1	7.597469E1
3.524000E1	-6.726791E1	7.574829E1
3.526000E1	-6.748351E1	7.578567E1
3.528000E1	-6.739261E1	7.570355E1
3.530000E1	-6.743884E1	7.544371E1
3.532000E1	-6.745193E1	7.518846E1
3.534000E1	-6.746071E1	7.517524E1
3.536000E1	-6.750545E1	7.499526E1
3.538000E1	-6.759860E1	7.437333E1
3.540000E1	-6.781263E1	7.377737E1
3.542000E1	-6.826810E1	7.317909E1
3.544000E1	-6.848081E1	7.302807E1
3.546000E1	-6.849317E1	7.308049E1
3.548000E1	-6.869487E1	7.292975E1
3.550000E1	-6.860802E1	7.270131E1
3.552000E1	-6.876712E1	7.246251E1
3.554000E1	-6.887099E1	7.200271E1
3.556000E1	-6.882561E1	7.167257E1
3.558000E1	-6.890234E1	7.103537E1
3.560000E1	-6.888965E1	7.066317E1
3.562000E1	-6.902508E1	7.021682E1
3.564000E1	-6.952609E1	6.961076E1
3.566000E1	-6.996581E1	6.885445E1
3.568000E1	-7.046596E1	6.790340E1
3.570000E1	-7.105444E1	6.674071E1
3.572000E1	-7.164050E1	6.598290E1
3.574000E1	-7.223848E1	6.573252E1
3.576000E1	-7.248189E1	6.569688E1
3.578000E1	-7.240092E1	6.560320E1
3.580000E1	-7.226547E1	6.534942E1
3.582000E1	-7.227428E1	6.526578E1
3.584000E1	-7.229876E1	6.534937E1
3.586000E1	-7.239357E1	6.509306E1
3.588000E1	-7.252405E1	6.469857E1
3.590000E1	-7.286497E1	6.448195E1
3.592000E1	-7.319331E1	6.422957E1
3.594000E1	-7.348020E1	6.417169E1
3.596000E1	-7.367556E1	6.383312E1
3.598000E1	-7.384700E1	6.395379E1
3.600000E1	-7.422451E1	6.373587E1
3.602000E1	-7.469616E1	6.351897E1
3.604000E1	-7.490069E1	6.315762E1
3.606000E1	-7.487149E1	6.311130E1
3.608000E1	-7.486642E1	6.312643E1
3.610000E1	-7.493389E1	6.305203E1
3.612000E1	-7.511570E1	6.281071E1
3.614000E1	-7.537020E1	6.227949E1
3.616000E1	-7.569502E1	6.222136E1
3.618000E1	-7.607430E1	6.226810E1
3.620000E1	-7.614481E1	6.226562E1
3.622000E1	-7.618998E1	6.225617E1
3.624000E1	-7.620336E1	6.218867E1
3.626000E1	-7.624476E1	6.202812E1
3.628000E1	-7.674065E1	6.134175E1
3.630000E1	-7.723911E1	6.057372E1
3.632000E1	-7.791891E1	5.966258E1
3.634000E1	-7.818202E1	5.914628E1
3.636000E1	-7.813830E1	5.908416E1
3.638000E1	-7.779707E1	5.895946E1
3.640000E1	-7.803301E1	5.876899E1
3.642000E1	-7.805531E1	5.867249E1
3.644000E1	-7.818400E1	5.838397E1
3.646000E1	-7.816234E1	5.787521E1
3.648000E1	-7.812797E1	5.766493E1
3.650000E1	-7.809467E1	5.688719E1
3.652000E1	-7.837842E1	5.626544E1
3.654000E1	-7.872102E1	5.622230E1
3.656000E1	-7.901416E1	5.579353E1
3.658000E1	-7.896097E1	5.525990E1
3.660000E1	-7.859711E1	5.494852E1
3.662000E1	-7.850779E1	5.424099E1
3.664000E1	-7.855363E1	5.416083E1
3.666000E1	-7.855792E1	5.411271E1
3.668000E1	-7.867816E1	5.405363E1
3.670000E1	-7.866909E1	5.396556E1
3.672000E1	-7.870768E1	5.381739E1
3.674000E1	-7.886430E1	5.345214E1
3.676000E1	-7.908193E1	5.314286E1
3.678000E1	-7.925276E1	5.281254E1
3.680000E1	-7.954815E1	5.250672E1
3.682000E1	-7.985550E1	5.236461E1
3.684000E1	-7.978008E1	5.230703E1
3.686000E1	-7.972199E1	5.207883E1
3.688000E1	-7.961804E1	5.191000E1
3.690000E1	-7.969148E1	5.188357E1
3.692000E1	-7.970750E1	5.184230E1
3.694000E1	-7.969086E1	5.172289E1
3.696000E1	-7.982773E1	5.155527E1
3.698000E1	-7.998782E1	5.141611E1
3.700000E1	-8.015885E1	5.127000E1
3.702000E1	-8.058559E1	5.068664E1
3.704000E1	-8.113640E1	5.000562E1
3.706000E1	-8.140328E1	4.957967E1
3.708000E1	-8.167586E1	4.950719E1
3.710000E1	-8.208195E1	4.947238E1
3.712000E1	-8.211526E1	4.934741E1
3.714000E1	-8.227141E1	4.922315E1
3.716000E1	-8.215026E1	4.897521E1
3.718000E1	-8.204822E1	4.889232E1
3.720000E1	-8.200334E1	4.852669E1
3.722000E1	-8.207479E1	4.789922E1
3.724000E1	-8.249617E1	4.701175E1
3.726000E1	-8.282572E1	4.661933E1
3.728000E1	-8.278551E1	4.667564E1
3.730000E1	-8.263139E1	4.659436E1
3.732000E1	-8.255316E1	4.648623E1
3.734000E1	-8.268723E1	4.626890E1
3.736000E1	-8.299174E1	4.569250E1
3.738000E1	-8.363610E1	4.469404E1
3.740000E1	-8.411582E1	4.366486E1
3.742000E1	-8.439775E1	4.295314E1
3.744000E1	-8.441561E1	4.270593E1
3.746000E1	-8.431161E1	4.256215E1
3.748000E1	-8.438684E1	4.192313E1
3.750000E1	-8.440099E1	4.128111E1
3.752000E1	-8.433684E1	4.107529E1
3.754000E1	-8.431281E1	4.074077E1
3.756000E1	-8.437948E1	4.072572E1
3.758000E1	-8.431030E1	4.061418E1
3.760000E1	-8.436572E1	4.054304E1
3.762000E1	-8.479188E1	4.030948E1
3.764000E1	-8.517011E1	4.023769E1
3.766000E1	-8.518440E1	3.958173E1
3.768000E1	-8.501610E1	3.958374E1
3.770000E1	-8.463050E1	3.962961E1
3.772000E1	-8.469414E1	3.969218E1
3.774000E1	-8.465405E1	3.972853E1
3.776000E1	-8.454746E1	3.955068E1
3.778000E1	-8.464476E1	3.948032E1
3.780000E1	-8.462821E1	3.937612E1
3.782000E1	-8.477414E1	3.921613E1
3.784000E1	-8.497424E1	3.909692E1
3.786000E1	-8.535370E1	3.856446E1
3.788000E1	-8.552365E1	3.841194E1
3.790000E1	-8.592241E1	3.780524E1
3.792000E1	-8.622793E1	3.724094E1
3.794000E1	-8.628007E1	3.696272E1
3.796000E1	-8.624896E1	3.672126E1
3.798000E1	-8.612453E1	3.633621E1
3.800000E1	-8.613324E1	3.631982E1
3.802000E1	-8.610700E1	3.625861E1
3.804000E1	-8.643074E1	3.587820E1
3.806000E1	-8.678089E1	3.562510E1
3.808000E1	-8.669654E1	3.540345E1
3.810000E1	-8.680174E1	3.500715E1
3.812000E1	-8.711825E1	3.448318E1
3.814000E1	-8.704682E1	3.381045E1
3.816000E1	-8.705752E1	3.366833E1
3.818000E1	-8.716332E1	3.330491E1
3.820000E1	-8.728001E1	3.300963E1
3.822000E1	-8.721185E1	3.288108E1
3.824000E1	-8.726639E1	3.277469E1
3.826000E1	-8.734777E1	3.263346E1
3.828000E1	-8.750983E1	3.196560E1
3.830000E1	-8.760306E1	3.102580E1
3.832000E1	-8.747647E1	3.014354E1
3.834000E1	-8.739250E1	2.989611E1
3.836000E1	-8.734777E1	2.943423E1
3.838000E1	-8.739628E1	2.935428E1
3.840000E1	-8.754865E1	2.889241E1
3.842000E1	-8.781478E1	2.798145E1
3.844000E1	-8.804733E1	2.704855E1
3.846000E1	-8.822801E1	2.595291E1
3.848000E1	-8.866955E1	2.529550E1
3.850000E1	-8.899674E1	2.519083E1
3.852000E1	-8.937165E1	2.505283E1
3.854000E1	-8.982063E1	2.503547E1
3.856000E1	-8.980000E1	2.488922E1
3.858000E1	-8.961330E1	2.455826E1
3.860000E1	-8.970286E1	2.441941E1
3.862000E1	-8.942843E1	2.417203E1
3.864000E1	-8.943882E1	2.394086E1
3.866000E1	-8.941088E1	2.386945E1
3.868000E1	-8.941704E1	2.381831E1
3.870000E1	-8.941539E1	2.368256E1
3.872000E1	-8.955826E1	2.346898E1
3.874000E1	-8.985304E1	2.314192E1
3.876000E1	-9.024810E1	2.287783E1
3.878000E1	-9.020107E1	2.283330E1
3.880000E1	-9.017457E1	2.283868E1
3.882000E1	-9.011245E1	2.285999E1
3.884000E1	-9.016764E1	2.284361E1
3.886000E1	-9.009473E1	2.283694E1
3.888000E1	-9.000299E1	2.267224E1
3.890000E1	-8.997226E1	2.252399E1
3.892000E1	-9.008617E1	2.241211E1
3.894000E1	-9.051579E1	2.234146E1
3.896000E1	-9.072306E1	2.173076E1
3.898000E1	-9.076331E1	2.116539E1
3.900000E1	-9.076207E1	2.053953E1
3.902000E1	-9.078466E1	2.022538E1
3.904000E1	-9.072318E1	1.969934E1
3.906000E1	-9.046685E1	1.943945E1
3.908000E1	-9.038921E1	1.885862E1
3.910000E1	-9.027284E1	1.855766E1
3.912000E1	-8.994633E1	1.834402E1
3.914000E1	-8.988410E1	1.824941E1
3.916000E1	-8.993314E1	1.810575E1
3.918000E1	-9.021190E1	1.748655E1
3.920000E1	-9.036638E1	1.659803E1
3.922000E1	-9.038374E1	1.518814E1
3.924000E1	-9.034595E1	1.434836E1
3.926000E1	-9.032083E1	1.432537E1
3.928000E1	-9.031557E1	1.429804E1
3.930000E1	-9.057376E1	1.409942E1
3.932000E1	-9.065245E1	1.328200E1
3.934000E1	-9.068588E1	1.247455E1
3.936000E1	-9.045966E1	1.201644E1
3.938000E1	-9.040689E1	1.197487E1
3.940000E1	-9.036458E1	1.178403E1
3.942000E1	-9.036895E1	1.165738E1
3.944000E1	-9.038985E1	1.158237E1
3.946000E1	-9.064994E1	1.125533E1
3.948000E1	-9.080146E1	1.087367E1
3.950000E1	-9.096106E1	1.061782E1
3.952000E1	-9.093530E1	1.016125E1
3.954000E1	-9.089960E1	9.764312E0
3.956000E1	-9.124691E1	9.284310E0
3.958000E1	-9.148992E1	8.733443E0
3.960000E1	-9.192684E1	8.015018E0
3.962000E1	-9.240957E1	8.021888E0
3.964000E1	-9.248276E1	8.228562E0
3.966000E1	-9.237873E1	8.103673E0
3.968000E1	-9.237898E1	7.374251E0
3.970000E1	-9.221811E1	7.130591E0
3.972000E1	-9.210965E1	7.177350E0
3.974000E1	-9.215168E1	7.267683E0
3.976000E1	-9.220075E1	7.199529E0
3.978000E1	-9.212594E1	6.774348E0
3.980000E1	-9.213180E1	6.593054E0
3.982000E1	-9.236717E1	6.480928E0
3.984000E1	-9.273878E1	6.379778E0
3.986000E1	-9.273904E1	6.327946E0
3.988000E1	-9.252594E1	6.168772E0
3.990000E1	-9.246359E1	5.891403E0
3.992000E1	-9.238436E1	5.672167E0
3.994000E1	-9.227637E1	5.462274E0
3.996000E1	-9.178480E1	4.785943E0
3.998000E1	-9.179002E1	4.020544E0
4.000000E1	-9.177786E1	3.270278E0
4.002000E1	-9.176136E1	3.297066E0
4.004000E1	-9.174755E1	3.277068E0
4.006000E1	-9.146038E1	3.036063E0
4.008000E1	-9.140948E1	2.447720E0
4.010000E1	-9.151253E1	1.549943E0
4.012000E1	-9.176442E1	1.235834E-1
4.014000E1	-9.170023E1	-7.097556E-1
4.016000E1	-9.130128E1	-8.664153E-1
4.018000E1	-9.081532E1	-1.416082E0
4.020000E1	-9.078906E1	-1.613801E0
4.022000E1	-9.074297E1	-2.113736E0
4.024000E1	-9.061083E1	-2.669485E0
4.026000E1	-9.066258E1	-3.379742E0
4.028000E1	-9.066187E1	-4.157134E0
4.030000E1	-9.071669E1	-4.807476E0
4.032000E1	-9.096983E1	-5.298043E0
4.034000E1	-9.111542E1	-5.735544E0
4.036000E1	-9.122308E1	-5.853686E0
4.038000E1	-9.125245E1	-5.896444E0
4.040000E1	-9.137333E1	-5.990531E0
4.042000E1	-9.127679E1	-6.370680E0
4.044000E1	-9.124020E1	-6.834488E0
4.046000E1	-9.126928E1	-7.049136E0
4.048000E1	-9.125117E1	-7.090095E0
4.050000E1	-9.125885E1	-7.058667E0
4.052000E1	-9.126088E1	-7.196051E0
4.054000E1	-9.148198E1	-7.314470E0
4.056000E1	-9.172976E1	-7.644057E0
4.058000E1	-9.187510E1	-8.386929E0
4.060000E1	-9.201785E1	-8.838640E0
4.062000E1	-9.211758E1	-9.241047E0
4.064000E1	-9.225130E1	-9.499024E0
4.066000E1	-9.231902E1	-1.002311E1
4.068000E1	-9.233435E1	-1.058817E1
4.070000E1	-9.257849E1	-1.127102E1
4.072000E1	-9.283447E1	-1.190672E1
4.074000E1	-9.299583E1	-1.205042E1
4.076000E1	-9.280567E1	-1.192452E1
4.078000E1	-9.273955E1	-1.218015E1
4.080000E1	-9.272163E1	-1.235743E1
4.082000E1	-9.271295E1	-1.231657E1
4.084000E1	-9.258817E1	-1.240179E1
4.086000E1	-9.236716E1	-1.283245E1
4.088000E1	-9.207181E1	-1.320104E1
4.090000E1	-9.194503E1	-1.407048E1
4.092000E1	-9.185372E1	-1.463649E1
4.094000E1	-9.180890E1	-1.461643E1
4.096000E1	-9.176120E1	-1.476057E1
4.098000E1	-9.169882E1	-1.486000E1
4.100000E1	-9.166054E1	-1.503209E1
4.102000E1	-9.143340E1	-1.549147E1
4.104000E1	-9.110128E1	-1.563609E1
4.106000E1	-9.074475E1	-1.623124E1
4.108000E1	-9.043012E1	-1.653492E1
4.110000E1	-9.019906E1	-1.679958E1
4.112000E1	-9.018029E1	-1.742838E1
4.114000E1	-9.010987E1	-1.817435E1
4.116000E1	-8.975002E1	-1.927415E1
4.118000E1	-8.939036E1	-2.072693E1
4.120000E1	-8.926583E1	-2.173068E1
4.122000E1	-8.932796E1	-2.252971E1
4.124000E1	-8.965741E1	-2.273721E1
4.126000E1	-8.969013E1	-2.277231E1
4.128000E1	-8.935130E1	-2.281260E1
4.130000E1	-8.929572E1	-2.296581E1
4.132000E1	-8.933161E1	-2.292562E1
4.134000E1	-8.930594E1	-2.307993E1
4.136000E1	-8.921898E1	-2.327598E1
4.138000E1	-8.921430E1	-2.365285E1
4.140000E1	-8.925291E1	-2.411271E1
4.142000E1	-8.938130E1	-2.441677E1
4.144000E1	-8.957847E1	-2.478829E1
4.146000E1	-8.953653E1	-2.490455E1
4.148000E1	-8.962921E1	-2.520782E1
4.150000E1	-8.985304E1	-2.577810E1
4.152000E1	-8.981774E1	-2.626010E1
4.154000E1	-8.979041E1	-2.635367E1
4.156000E1	-8.976460E1	-2.639863E1
4.158000E1	-8.977279E1	-2.640744E1
4.160000E1	-8.974047E1	-2.668526E1
4.162000E1	-8.966321E1	-2.725894E1
4.164000E1	-8.969919E1	-2.741645E1
4.166000E1	-9.011337E1	-2.741928E1
4.168000E1	-9.021885E1	-2.758039E1
4.170000E1	-9.026016E1	-2.765356E1
4.172000E1	-9.025690E1	-2.770317E1
4.174000E1	-9.001927E1	-2.795781E1
4.176000E1	-8.993640E1	-2.856439E1
4.178000E1	-8.984006E1	-2.934382E1
4.180000E1	-8.970062E1	-3.035419E1
4.182000E1	-8.970134E1	-3.125816E1
4.184000E1	-8.935975E1	-3.134871E1
4.186000E1	-8.905988E1	-3.118939E1
4.188000E1	-8.896783E1	-3.133514E1
4.190000E1	-8.897280E1	-3.132831E1
4.192000E1	-8.883585E1	-3.161629E1
4.194000E1	-8.842135E1	-3.188639E1
4.196000E1	-8.832105E1	-3.206763E1
4.198000E1	-8.781207E1	-3.261463E1
4.200000E1	-8.747445E1	-3.300529E1
4.202000E1	-8.746081E1	-3.352080E1
4.204000E1	-8.747834E1	-3.410638E1
4.206000E1	-8.742604E1	-3.426748E1
4.208000E1	-8.685030E1	-3.437111E1
4.210000E1	-8.633621E1	-3.451679E1
4.212000E1	-8.590686E1	-3.494231E1
4.214000E1	-8.592998E1	-3.502593E1
4.216000E1	-8.594869E1	-3.507246E1
4.218000E1	-8.595183E1	-3.522216E1
4.220000E1	-8.590891E1	-3.524816E1
4.222000E1	-8.580828E1	-3.548761E1
4.224000E1	-8.584879E1	-3.596168E1
4.226000E1	-8.572302E1	-3.628522E1
4.228000E1	-8.572280E1	-3.633742E1
4.230000E1	-8.577337E1	-3.653930E1
4.232000E1	-8.585458E1	-3.696998E1
4.234000E1	-8.576347E1	-3.704506E1
4.236000E1	-8.557847E1	-3.713505E1
4.238000E1	-8.551638E1	-3.716834E1
4.240000E1	-8.549104E1	-3.726569E1
4.242000E1	-8.544733E1	-3.757035E1
4.244000E1	-8.522187E1	-3.789635E1
4.246000E1	-8.530276E1	-3.798419E1
4.248000E1	-8.533124E1	-3.822644E1
4.250000E1	-8.532296E1	-3.883112E1
4.252000E1	-8.527926E1	-3.969110E1
4.254000E1	-8.514548E1	-4.057407E1
4.256000E1	-8.509919E1	-4.066673E1
4.258000E1	-8.546457E1	-4.085921E1
4.260000E1	-8.547770E1	-4.104612E1
4.262000E1	-8.535913E1	-4.118254E1
4.264000E1	-8.497063E1	-4.136877E1
4.266000E1	-8.493005E1	-4.136881E1
4.268000E1	-8.494214E1	-4.150924E1
4.270000E1	-8.447139E1	-4.211687E1
4.272000E1	-8.409114E1	-4.292967E1
4.274000E1	-8.406270E1	-4.348418E1
4.276000E1	-8.395570E1	-4.323803E1
4.278000E1	-8.386396E1	-4.320881E1
4.280000E1	-8.373679E1	-4.329714E1
4.282000E1	-8.367964E1	-4.340853E1
4.284000E1	-8.339472E1	-4.411706E1
4.286000E1	-8.297080E1	-4.524866E1
4.288000E1	-8.248703E1	-4.623540E1
4.290000E1	-8.247345E1	-4.695366E1
4.292000E1	-8.243708E1	-4.723896E1
4.294000E1	-8.213260E1	-4.774631E1
4.296000E1	-8.164585E1	-4.800495E1
4.298000E1	-8.114698E1	-4.854286E1
4.300000E1	-8.072885E1	-4.871191E1
4.302000E1	-8.059362E1	-4.885755E1
4.304000E1	-8.050416E1	-4.882683E1
4.306000E1	-8.054885E1	-4.879810E1
4.308000E1	-8.054705E1	-4.875495E1
4.310000E1	-8.053255E1	-4.878360E1
4.312000E1	-8.057399E1	-4.935024E1
4.314000E1	-8.039119E1	-4.989342E1
4.316000E1	-8.034864E1	-5.021591E1
4.318000E1	-7.999124E1	-5.010046E1
4.320000E1	-7.991738E1	-5.003077E1
4.322000E1	-8.005833E1	-5.005385E1
4.324000E1	-8.003519E1	-5.008856E1
4.326000E1	-7.967719E1	-5.013147E1
4.328000E1	-7.971212E1	-5.031232E1
4.330000E1	-7.971867E1	-5.081553E1
4.332000E1	-7.967620E1	-5.092607E1
4.334000E1	-7.969447E1	-5.125425E1
4.336000E1	-7.962332E1	-5.184996E1
4.338000E1	-7.950013E1	-5.230780E1
4.340000E1	-7.926362E1	-5.311136E1
4.342000E1	-7.897455E1	-5.382829E1
4.344000E1	-7.857264E1	-5.454603E1
4.346000E1	-7.810725E1	-5.486835E1
4.348000E1	-7.810765E1	-5.494249E1
4.350000E1	-7.811303E1	-5.496526E1
4.352000E1	-7.804383E1	-5.503829E1
4.354000E1	-7.801510E1	-5.528565E1
4.356000E1	-7.796011E1	-5.541222E1
4.358000E1	-7.794675E1	-5.569512E1
4.360000E1	-7.755621E1	-5.645861E1
4.362000E1	-7.714279E1	-5.723134E1
4.364000E1	-7.707333E1	-5.738379E1
4.366000E1	-7.707693E1	-5.742797E1
4.368000E1	-7.689071E1	-5.767260E1
4.370000E1	-7.681469E1	-5.774548E1
4.372000E1	-7.661877E1	-5.785627E1
4.374000E1	-7.659568E1	-5.848402E1
4.376000E1	-7.615527E1	-5.918687E1
4.378000E1	-7.564965E1	-5.992153E1
4.380000E1	-7.518934E1	-5.991421E1
4.382000E1	-7.482033E1	-6.003802E1
4.384000E1	-7.480382E1	-6.005247E1
4.386000E1	-7.471326E1	-6.034262E1
4.388000E1	-7.421748E1	-6.113258E1
4.390000E1	-7.380598E1	-6.199148E1
4.392000E1	-7.321008E1	-6.278867E1
4.394000E1	-7.268763E1	-6.358057E1
4.396000E1	-7.271999E1	-6.420063E1
4.398000E1	-7.275860E1	-6.432864E1
4.400000E1	-7.276639E1	-6.495285E1
4.402000E1	-7.302692E1	-6.519453E1
4.404000E1	-7.292829E1	-6.546390E1
4.406000E1	-7.283942E1	-6.549524E1
4.408000E1	-7.245611E1	-6.565171E1
4.410000E1	-7.219947E1	-6.572287E1
4.412000E1	-7.218413E1	-6.571052E1
4.414000E1	-7.215432E1	-6.565647E1
4.416000E1	-7.222347E1	-6.575330E1
4.418000E1	-7.224095E1	-6.577189E1
4.420000E1	-7.220207E1	-6.581712E1
4.422000E1	-7.218767E1	-6.638498E1
4.424000E1	-7.226871E1	-6.674477E1
4.426000E1	-7.228336E1	-6.684078E1
4.428000E1	-7.227502E1	-6.671672E1
4.430000E1	-7.222381E1	-6.655482E1
4.432000E1	-7.223266E1	-6.659782E1
4.434000E1	-7.220575E1	-6.657264E1
4.436000E1	-7.218211E1	-6.655193E1
4.438000E1	-7.218346E1	-6.668363E1
4.440000E1	-7.225016E1	-6.669303E1
4.442000E1	-7.231485E1	-6.680924E1
4.444000E1	-7.227662E1	-6.703071E1
4.446000E1	-7.180267E1	-6.763713E1
4.448000E1	-7.137886E1	-6.828502E1
4.450000E1	-7.092840E1	-6.887207E1
4.452000E1	-7.045244E1	-6.942677E1
4.454000E1	-7.017820E1	-6.960507E1
4.456000E1	-6.982410E1	-6.977824E1
4.458000E1	-6.935998E1	-6.971448E1
4.460000E1	-6.900123E1	-6.971853E1
4.462000E1	-6.897610E1	-6.969316E1
4.464000E1	-6.880765E1	-6.986682E1
4.466000E1	-6.850857E1	-7.075775E1
4.468000E1	-6.790746E1	-7.162199E1
4.470000E1	-6.703487E1	-7.240292E1
