	mass B		
t	x	y	
0.000000E0	8.960706E1	8.784669E1
2.000000E-2	8.960706E1	8.784669E1
4.000000E-2	8.908558E1	8.815391E1
6.000000E-2	8.891233E1	8.833792E1
8.000000E-2	8.898149E1	8.833020E1
1.000000E-1	8.896945E1	8.839524E1
1.200000E-1	8.869929E1	8.883281E1
1.400000E-1	8.847421E1	8.901951E1
1.600000E-1	8.843453E1	8.883881E1
1.800000E-1	8.844600E1	8.874896E1
2.000000E-1	8.810336E1	8.887927E1
2.200000E-1	8.804435E1	8.890175E1
2.400000E-1	8.762336E1	8.884319E1
2.600000E-1	8.714602E1	8.884451E1
2.800000E-1	8.680219E1	8.892420E1
3.000000E-1	8.666825E1	8.891844E1
3.200000E-1	8.623005E1	8.888431E1
3.400000E-1	8.610737E1	8.888677E1
3.600000E-1	8.565368E1	8.904329E1
3.800000E-1	8.465008E1	8.968091E1
4.000000E-1	8.291140E1	9.069994E1
4.200000E-1	8.141687E1	9.163828E1
4.400000E-1	8.085994E1	9.208105E1
4.600000E-1	8.123314E1	9.237311E1
4.800000E-1	8.142737E1	9.266684E1
5.000000E-1	8.133259E1	9.272868E1
5.200000E-1	8.125744E1	9.276101E1
5.400000E-1	8.120791E1	9.279446E1
5.600000E-1	8.104251E1	9.308963E1
5.800000E-1	8.075245E1	9.365609E1
6.000000E-1	8.062294E1	9.378695E1
6.200000E-1	8.029202E1	9.426358E1
6.400000E-1	7.981311E1	9.441319E1
6.600000E-1	7.961108E1	9.467142E1
6.800000E-1	7.945219E1	9.468605E1
7.000000E-1	7.933415E1	9.475106E1
7.200000E-1	7.925358E1	9.504340E1
7.400000E-1	7.929879E1	9.554303E1
7.600000E-1	7.927408E1	9.596115E1
7.800000E-1	7.904409E1	9.629884E1
8.000000E-1	7.877134E1	9.651260E1
8.200000E-1	7.825771E1	9.691741E1
8.400000E-1	7.760837E1	9.763553E1
8.600000E-1	7.663142E1	9.839410E1
8.800000E-1	7.582767E1	9.901250E1
9.000000E-1	7.529690E1	9.908314E1
9.200000E-1	7.486819E1	9.907292E1
9.400000E-1	7.487982E1	9.906527E1
9.600000E-1	7.488460E1	9.915897E1
9.800000E-1	7.477698E1	9.943869E1
1.000000E0	7.463955E1	9.958296E1
1.020000E0	7.454515E1	9.976764E1
1.040000E0	7.443426E1	9.997990E1
1.060000E0	7.414985E1	1.001721E2
1.080000E0	7.403340E1	1.000610E2
1.100000E0	7.389738E1	9.999818E1
1.120000E0	7.338472E1	9.995773E1
1.140000E0	7.289097E1	9.996299E1
1.160000E0	7.266439E1	1.000117E2
1.180000E0	7.243576E1	9.998938E1
1.200000E0	7.221663E1	9.996309E1
1.220000E0	7.194081E1	1.000961E2
1.240000E0	7.181921E1	1.001720E2
1.260000E0	7.171458E1	1.001956E2
1.280000E0	7.156311E1	1.001428E2
1.300000E0	7.118334E1	1.001207E2
1.320000E0	7.096572E1	1.002763E2
1.340000E0	7.053677E1	1.003090E2
1.360000E0	7.014156E1	1.003740E2
1.380000E0	7.003072E1	1.004628E2
1.400000E0	6.966067E1	1.007767E2
1.420000E0	6.950891E1	1.009741E2
1.440000E0	6.947022E1	1.009715E2
1.460000E0	6.902258E1	1.010191E2
1.480000E0	6.765088E1	1.018030E2
1.500000E0	6.576360E1	1.026815E2
1.520000E0	6.424758E1	1.034868E2
1.540000E0	6.384975E1	1.041079E2
1.560000E0	6.405181E1	1.044307E2
1.580000E0	6.395119E1	1.043862E2
1.600000E0	6.377184E1	1.043041E2
1.620000E0	6.396217E1	1.041351E2
1.640000E0	6.424215E1	1.041098E2
1.660000E0	6.415274E1	1.041939E2
1.680000E0	6.397524E1	1.048510E2
1.700000E0	6.381355E1	1.048983E2
1.720000E0	6.332747E1	1.049421E2
1.740000E0	6.283054E1	1.051187E2
1.760000E0	6.239843E1	1.054938E2
1.780000E0	6.237222E1	1.060525E2
1.800000E0	6.237332E1	1.061878E2
1.820000E0	6.226692E1	1.063149E2
1.840000E0	6.238565E1	1.063413E2
1.860000E0	6.239478E1	1.063026E2
1.880000E0	6.236786E1	1.063003E2
1.900000E0	6.206326E1	1.065196E2
1.920000E0	6.160300E1	1.067102E2
1.940000E0	6.114021E1	1.068543E2
1.960000E0	6.080780E1	1.072557E2
1.980000E0	6.072422E1	1.072472E2
2.000000E0	6.031315E1	1.071945E2
2.020000E0	6.013579E1	1.070921E2
2.040000E0	6.013013E1	1.071629E2
2.060000E0	6.013839E1	1.073279E2
2.080000E0	6.011092E1	1.072919E2
2.100000E0	5.995035E1	1.073505E2
2.120000E0	5.949634E1	1.076456E2
2.140000E0	5.913734E1	1.079462E2
2.160000E0	5.869497E1	1.079740E2
2.180000E0	5.859903E1	1.078594E2
2.200000E0	5.843809E1	1.077793E2
2.220000E0	5.800067E1	1.077177E2
2.240000E0	5.743537E1	1.077356E2
2.260000E0	5.692459E1	1.078280E2
2.280000E0	5.677439E1	1.077079E2
2.300000E0	5.670469E1	1.076999E2
2.320000E0	5.621668E1	1.082065E2
2.340000E0	5.590346E1	1.085129E2
2.360000E0	5.593455E1	1.085267E2
2.380000E0	5.571740E1	1.083544E2
2.400000E0	5.536747E1	1.086996E2
2.420000E0	5.483720E1	1.089353E2
2.440000E0	5.444042E1	1.089982E2
2.460000E0	5.449269E1	1.092459E2
2.480000E0	5.409079E1	1.095388E2
2.500000E0	5.407325E1	1.096746E2
2.520000E0	5.407553E1	1.095986E2
2.540000E0	5.406208E1	1.094314E2
2.560000E0	5.359710E1	1.093484E2
2.580000E0	5.261986E1	1.097408E2
2.600000E0	5.106353E1	1.102801E2
2.620000E0	4.928329E1	1.108474E2
2.640000E0	4.814951E1	1.112233E2
2.660000E0	4.807428E1	1.117152E2
2.680000E0	4.823938E1	1.121103E2
2.700000E0	4.874891E1	1.121364E2
2.720000E0	4.932241E1	1.119093E2
2.740000E0	4.934310E1	1.117904E2
2.760000E0	4.894291E1	1.117647E2
2.780000E0	4.878450E1	1.119385E2
2.800000E0	4.888918E1	1.120925E2
2.820000E0	4.841375E1	1.120863E2
2.840000E0	4.768996E1	1.123212E2
2.860000E0	4.726796E1	1.123186E2
2.880000E0	4.735525E1	1.125066E2
2.900000E0	4.746879E1	1.125913E2
2.920000E0	4.732174E1	1.125020E2
2.940000E0	4.730528E1	1.126276E2
2.960000E0	4.734323E1	1.126325E2
2.980000E0	4.744680E1	1.125831E2
3.000000E0	4.734185E1	1.125372E2
3.020000E0	4.697694E1	1.125739E2
3.040000E0	4.659344E1	1.125818E2
3.060000E0	4.598483E1	1.127065E2
3.080000E0	4.501668E1	1.129745E2
3.100000E0	4.411780E1	1.131801E2
3.120000E0	4.349171E1	1.134560E2
3.140000E0	4.321914E1	1.135364E2
3.160000E0	4.327738E1	1.137209E2
3.180000E0	4.330137E1	1.137357E2
3.200000E0	4.291537E1	1.138267E2
3.220000E0	4.234052E1	1.140867E2
3.240000E0	4.176885E1	1.144453E2
3.260000E0	4.137381E1	1.145071E2
3.280000E0	4.137835E1	1.144694E2
3.300000E0	4.139245E1	1.144852E2
3.320000E0	4.082975E1	1.144634E2
3.340000E0	4.044169E1	1.145077E2
3.360000E0	4.038230E1	1.145291E2
3.380000E0	4.025589E1	1.148223E2
3.400000E0	4.000811E1	1.149994E2
3.420000E0	3.998488E1	1.149824E2
3.440000E0	3.960086E1	1.149993E2
3.460000E0	3.969952E1	1.147472E2
3.480000E0	3.962020E1	1.146530E2
3.500000E0	3.906524E1	1.148750E2
3.520000E0	3.819951E1	1.155765E2
3.540000E0	3.774102E1	1.156007E2
3.560000E0	3.763392E1	1.156810E2
3.580000E0	3.755362E1	1.156262E2
3.600000E0	3.714983E1	1.157037E2
3.620000E0	3.665202E1	1.157572E2
3.640000E0	3.617451E1	1.157934E2
3.660000E0	3.598864E1	1.157332E2
3.680000E0	3.555459E1	1.155381E2
3.700000E0	3.449309E1	1.154043E2
3.720000E0	3.295989E1	1.154153E2
3.740000E0	3.181491E1	1.155487E2
3.760000E0	3.181498E1	1.156099E2
3.780000E0	3.191692E1	1.158358E2
3.800000E0	3.216332E1	1.160142E2
3.820000E0	3.216788E1	1.160848E2
3.840000E0	3.219232E1	1.159987E2
3.860000E0	3.192393E1	1.159682E2
3.880000E0	3.170756E1	1.159426E2
3.900000E0	3.175033E1	1.160421E2
3.920000E0	3.175611E1	1.160176E2
3.940000E0	3.130798E1	1.157733E2
3.960000E0	3.080551E1	1.156630E2
3.980000E0	3.074080E1	1.157043E2
4.000000E0	3.075453E1	1.156691E2
4.020000E0	3.069265E1	1.157259E2
4.040000E0	3.064914E1	1.156721E2
4.060000E0	3.070121E1	1.156831E2
4.080000E0	3.072461E1	1.156631E2
4.100000E0	3.070430E1	1.156191E2
4.120000E0	3.056573E1	1.155748E2
4.140000E0	3.005447E1	1.155794E2
4.160000E0	2.919412E1	1.157939E2
4.180000E0	2.806899E1	1.162004E2
4.200000E0	2.698469E1	1.163259E2
4.220000E0	2.636642E1	1.164304E2
4.240000E0	2.582611E1	1.166947E2
4.260000E0	2.584634E1	1.167390E2
4.280000E0	2.591656E1	1.169869E2
4.300000E0	2.559557E1	1.175053E2
4.320000E0	2.489527E1	1.177752E2
4.340000E0	2.476629E1	1.180060E2
4.360000E0	2.446153E1	1.179962E2
4.380000E0	2.469753E1	1.175274E2
4.400000E0	2.449155E1	1.174975E2
4.420000E0	2.349823E1	1.177631E2
4.440000E0	2.297374E1	1.177711E2
4.460000E0	2.249944E1	1.178408E2
4.480000E0	2.247685E1	1.179390E2
4.500000E0	2.274835E1	1.178224E2
4.520000E0	2.229468E1	1.179864E2
4.540000E0	2.184975E1	1.180462E2
4.560000E0	2.152571E1	1.182427E2
4.580000E0	2.156957E1	1.180288E2
4.600000E0	2.153767E1	1.179841E2
4.620000E0	2.120288E1	1.179599E2
4.640000E0	2.078850E1	1.179039E2
4.660000E0	2.037162E1	1.178900E2
4.680000E0	2.001290E1	1.178590E2
4.700000E0	1.985201E1	1.178650E2
4.720000E0	1.947900E1	1.179191E2
4.740000E0	1.952376E1	1.179296E2
4.760000E0	1.947725E1	1.179094E2
4.780000E0	1.907892E1	1.174914E2
4.800000E0	1.762848E1	1.170424E2
4.820000E0	1.566841E1	1.167888E2
4.840000E0	1.454622E1	1.167395E2
4.860000E0	1.426788E1	1.166873E2
4.880000E0	1.464361E1	1.169025E2
4.900000E0	1.509903E1	1.170058E2
4.920000E0	1.531505E1	1.171244E2
4.940000E0	1.533244E1	1.170830E2
4.960000E0	1.528588E1	1.169964E2
4.980000E0	1.516054E1	1.170403E2
5.000000E0	1.514240E1	1.173164E2
5.020000E0	1.492650E1	1.172213E2
5.040000E0	1.425223E1	1.169308E2
5.060000E0	1.348797E1	1.169992E2
5.080000E0	1.299864E1	1.170200E2
5.100000E0	1.282904E1	1.171703E2
5.120000E0	1.244029E1	1.171286E2
5.140000E0	1.199802E1	1.171527E2
5.160000E0	1.149515E1	1.176379E2
5.180000E0	1.137372E1	1.176689E2
5.200000E0	1.119015E1	1.175047E2
5.220000E0	1.085730E1	1.176133E2
5.240000E0	1.018259E1	1.178186E2
5.260000E0	9.578811E0	1.178876E2
5.280000E0	9.047361E0	1.180314E2
5.300000E0	8.545603E0	1.179396E2
5.320000E0	8.042132E0	1.178261E2
5.340000E0	7.093103E0	1.177512E2
5.360000E0	6.544107E0	1.178329E2
5.380000E0	6.203189E0	1.183390E2
5.400000E0	6.055442E0	1.185335E2
5.420000E0	6.002089E0	1.186427E2
5.440000E0	5.614924E0	1.188195E2
5.460000E0	5.149535E0	1.189049E2
5.480000E0	4.951905E0	1.188900E2
5.500000E0	4.962899E0	1.188269E2
5.520000E0	4.793862E0	1.186468E2
5.540000E0	4.188072E0	1.181029E2
5.560000E0	3.632699E0	1.180594E2
5.580000E0	3.497925E0	1.180332E2
5.600000E0	3.532488E0	1.180519E2
5.620000E0	3.456709E0	1.180357E2
5.640000E0	3.010955E0	1.180280E2
5.660000E0	2.597416E0	1.180152E2
5.680000E0	2.932936E0	1.178892E2
5.700000E0	2.927509E0	1.177552E2
5.720000E0	2.498621E0	1.177854E2
5.740000E0	2.497546E0	1.177957E2
5.760000E0	2.253645E0	1.175495E2
5.780000E0	1.934870E0	1.173207E2
5.800000E0	1.598033E0	1.171629E2
5.820000E0	1.511770E0	1.170027E2
5.840000E0	1.253796E0	1.168322E2
5.860000E0	1.103313E0	1.165800E2
5.880000E0	6.451367E-1	1.164698E2
5.900000E0	-3.794318E-1	1.162005E2
5.920000E0	-1.998035E0	1.157253E2
5.940000E0	-3.810898E0	1.152183E2
5.960000E0	-4.779269E0	1.150790E2
5.980000E0	-4.923952E0	1.153964E2
6.000000E0	-5.046905E0	1.159447E2
6.020000E0	-5.151266E0	1.159847E2
6.040000E0	-5.176065E0	1.159624E2
6.060000E0	-5.202781E0	1.159339E2
6.080000E0	-5.586766E0	1.159424E2
6.100000E0	-6.009636E0	1.160860E2
6.120000E0	-6.125532E0	1.162389E2
6.140000E0	-6.602113E0	1.163195E2
6.160000E0	-7.115378E0	1.161911E2
6.180000E0	-7.615524E0	1.160276E2
6.200000E0	-7.687073E0	1.159706E2
6.220000E0	-7.668350E0	1.159891E2
6.240000E0	-8.061120E0	1.160479E2
6.260000E0	-8.356542E0	1.162772E2
6.280000E0	-8.634426E0	1.164951E2
6.300000E0	-8.850987E0	1.165590E2
6.320000E0	-8.990436E0	1.165776E2
6.340000E0	-9.467032E0	1.165536E2
6.360000E0	-1.044976E1	1.165633E2
6.380000E0	-1.153828E1	1.165572E2
6.400000E0	-1.274226E1	1.164287E2
6.420000E0	-1.348695E1	1.160575E2
6.440000E0	-1.386967E1	1.158256E2
6.460000E0	-1.401379E1	1.156377E2
6.480000E0	-1.409128E1	1.156426E2
6.500000E0	-1.424752E1	1.158684E2
6.520000E0	-1.441475E1	1.159332E2
6.540000E0	-1.475320E1	1.159551E2
6.560000E0	-1.488130E1	1.159990E2
6.580000E0	-1.525201E1	1.160163E2
6.600000E0	-1.517561E1	1.159270E2
6.620000E0	-1.523764E1	1.157584E2
6.640000E0	-1.571140E1	1.153348E2
6.660000E0	-1.627007E1	1.148496E2
6.680000E0	-1.632210E1	1.148753E2
6.700000E0	-1.643228E1	1.147301E2
6.720000E0	-1.676926E1	1.145276E2
6.740000E0	-1.722435E1	1.144555E2
6.760000E0	-1.727114E1	1.144296E2
6.780000E0	-1.727462E1	1.144353E2
6.800000E0	-1.734400E1	1.142570E2
6.820000E0	-1.773367E1	1.140764E2
6.840000E0	-1.789311E1	1.139462E2
6.860000E0	-1.794815E1	1.137311E2
6.880000E0	-1.831060E1	1.135741E2
6.900000E0	-1.868187E1	1.134851E2
6.920000E0	-1.919390E1	1.135091E2
6.940000E0	-1.927968E1	1.134830E2
6.960000E0	-1.935452E1	1.133728E2
6.980000E0	-1.985343E1	1.132743E2
7.000000E0	-2.097010E1	1.127653E2
7.020000E0	-2.252399E1	1.119444E2
7.040000E0	-2.415872E1	1.115600E2
7.060000E0	-2.551064E1	1.116271E2
7.080000E0	-2.578201E1	1.116077E2
7.100000E0	-2.583422E1	1.116235E2
7.120000E0	-2.560114E1	1.116797E2
7.140000E0	-2.503782E1	1.117195E2
7.160000E0	-2.471825E1	1.118454E2
7.180000E0	-2.476514E1	1.117668E2
7.200000E0	-2.516972E1	1.119267E2
7.220000E0	-2.522689E1	1.120976E2
7.240000E0	-2.562912E1	1.119203E2
7.260000E0	-2.645816E1	1.117772E2
7.280000E0	-2.706378E1	1.116876E2
7.300000E0	-2.714314E1	1.117300E2
7.320000E0	-2.723672E1	1.117348E2
7.340000E0	-2.748205E1	1.115642E2
7.360000E0	-2.749144E1	1.116610E2
7.380000E0	-2.748814E1	1.116486E2
7.400000E0	-2.758263E1	1.116200E2
7.420000E0	-2.805629E1	1.116319E2
7.440000E0	-2.829447E1	1.115764E2
7.460000E0	-2.883590E1	1.115697E2
7.480000E0	-2.917270E1	1.114823E2
7.500000E0	-2.921069E1	1.111223E2
7.520000E0	-2.968618E1	1.107607E2
7.540000E0	-3.041115E1	1.101475E2
7.560000E0	-3.043461E1	1.101634E2
7.580000E0	-3.030683E1	1.103317E2
7.600000E0	-3.029904E1	1.103149E2
7.620000E0	-3.059221E1	1.102459E2
7.640000E0	-3.115254E1	1.102069E2
7.660000E0	-3.173694E1	1.101829E2
7.680000E0	-3.199513E1	1.100488E2
7.700000E0	-3.192186E1	1.100040E2
7.720000E0	-3.191537E1	1.098474E2
7.740000E0	-3.223396E1	1.092004E2
7.760000E0	-3.276981E1	1.087095E2
7.780000E0	-3.330124E1	1.086401E2
7.800000E0	-3.331128E1	1.086390E2
7.820000E0	-3.377022E1	1.086501E2
7.840000E0	-3.399040E1	1.086757E2
7.860000E0	-3.394654E1	1.086540E2
7.880000E0	-3.413253E1	1.086096E2
7.900000E0	-3.430497E1	1.083419E2
7.920000E0	-3.466344E1	1.082948E2
7.940000E0	-3.509856E1	1.082816E2
7.960000E0	-3.546062E1	1.082596E2
7.980000E0	-3.563391E1	1.082203E2
8.000000E0	-3.591638E1	1.080806E2
8.020000E0	-3.581003E1	1.080595E2
8.040000E0	-3.572055E1	1.079340E2
8.060000E0	-3.619945E1	1.073639E2
8.080000E0	-3.709216E1	1.070496E2
8.100000E0	-3.794292E1	1.064981E2
8.120000E0	-3.950269E1	1.057041E2
8.140000E0	-4.103971E1	1.048799E2
8.160000E0	-4.160569E1	1.048523E2
8.180000E0	-4.201247E1	1.053686E2
8.200000E0	-4.164702E1	1.057767E2
8.220000E0	-4.076383E1	1.059239E2
8.240000E0	-4.063698E1	1.059314E2
8.260000E0	-4.079677E1	1.057481E2
8.280000E0	-4.103515E1	1.055332E2
8.300000E0	-4.153502E1	1.054922E2
8.320000E0	-4.147871E1	1.056658E2
8.340000E0	-4.163486E1	1.054923E2
8.360000E0	-4.223940E1	1.051018E2
8.380000E0	-4.262200E1	1.051567E2
8.400000E0	-4.257152E1	1.052282E2
8.420000E0	-4.214166E1	1.052415E2
8.440000E0	-4.236957E1	1.052260E2
8.460000E0	-4.245331E1	1.052720E2
8.480000E0	-4.238980E1	1.052804E2
8.500000E0	-4.243349E1	1.051672E2
8.520000E0	-4.272294E1	1.050400E2
8.540000E0	-4.280193E1	1.048825E2
8.560000E0	-4.333539E1	1.044910E2
8.580000E0	-4.409520E1	1.040583E2
8.600000E0	-4.499862E1	1.036526E2
8.620000E0	-4.567675E1	1.032186E2
8.640000E0	-4.645179E1	1.027727E2
8.660000E0	-4.679240E1	1.027618E2
8.680000E0	-4.677681E1	1.027937E2
8.700000E0	-4.697060E1	1.028375E2
8.720000E0	-4.760748E1	1.027642E2
8.740000E0	-4.849863E1	1.027599E2
8.760000E0	-4.847091E1	1.026946E2
8.780000E0	-4.845319E1	1.025787E2
8.800000E0	-4.861321E1	1.023221E2
8.820000E0	-4.877570E1	1.020783E2
8.840000E0	-4.897537E1	1.016476E2
8.860000E0	-4.941631E1	1.015838E2
8.880000E0	-4.983177E1	1.014694E2
8.900000E0	-4.982767E1	1.014954E2
8.920000E0	-4.982058E1	1.013638E2
8.940000E0	-4.967199E1	1.011977E2
8.960000E0	-4.988525E1	1.009712E2
8.980000E0	-5.040693E1	1.005275E2
9.000000E0	-5.065938E1	1.003749E2
9.020000E0	-5.124017E1	1.003488E2
9.040000E0	-5.134962E1	1.001904E2
9.060000E0	-5.168843E1	1.000825E2
9.080000E0	-5.198595E1	9.990855E1
9.100000E0	-5.259758E1	9.962136E1
9.120000E0	-5.272832E1	9.942103E1
9.140000E0	-5.287011E1	9.897609E1
9.160000E0	-5.291166E1	9.865441E1
9.180000E0	-5.329462E1	9.796426E1
9.200000E0	-5.436135E1	9.704108E1
9.220000E0	-5.561949E1	9.597807E1
9.240000E0	-5.598539E1	9.563627E1
9.260000E0	-5.614680E1	9.566501E1
9.280000E0	-5.615276E1	9.591835E1
9.300000E0	-5.605890E1	9.610228E1
9.320000E0	-5.593969E1	9.608564E1
9.340000E0	-5.583988E1	9.609770E1
9.360000E0	-5.614809E1	9.587039E1
9.380000E0	-5.633261E1	9.592784E1
9.400000E0	-5.623167E1	9.605605E1
9.420000E0	-5.621427E1	9.581190E1
9.440000E0	-5.638530E1	9.539495E1
9.460000E0	-5.660986E1	9.519871E1
9.480000E0	-5.664345E1	9.515110E1
9.500000E0	-5.667822E1	9.512674E1
9.520000E0	-5.681981E1	9.507912E1
9.540000E0	-5.680523E1	9.505518E1
9.560000E0	-5.680235E1	9.505725E1
9.580000E0	-5.677427E1	9.502305E1
9.600000E0	-5.678532E1	9.497322E1
9.620000E0	-5.703650E1	9.491610E1
9.640000E0	-5.781315E1	9.455428E1
9.660000E0	-5.884966E1	9.403322E1
9.680000E0	-5.964090E1	9.344576E1
9.700000E0	-6.037084E1	9.291721E1
9.720000E0	-6.111169E1	9.249627E1
9.740000E0	-6.115392E1	9.240161E1
9.760000E0	-6.150690E1	9.254671E1
9.780000E0	-6.203052E1	9.256727E1
9.800000E0	-6.246992E1	9.253786E1
9.820000E0	-6.295299E1	9.250215E1
9.840000E0	-6.293722E1	9.237907E1
9.860000E0	-6.255973E1	9.211195E1
9.880000E0	-6.291441E1	9.174500E1
9.900000E0	-6.373216E1	9.117323E1
9.920000E0	-6.393007E1	9.090895E1
9.940000E0	-6.418636E1	9.076134E1
9.960000E0	-6.437648E1	9.065319E1
9.980000E0	-6.436010E1	9.069014E1
1.000000E1	-6.462609E1	9.043476E1
1.002000E1	-6.495834E1	9.015528E1
1.004000E1	-6.508384E1	9.002489E1
1.006000E1	-6.487658E1	8.986180E1
1.008000E1	-6.493163E1	8.972119E1
1.010000E1	-6.508759E1	8.945014E1
1.012000E1	-6.527312E1	8.916733E1
1.014000E1	-6.556389E1	8.891403E1
1.016000E1	-6.569425E1	8.869257E1
1.018000E1	-6.601646E1	8.849678E1
1.020000E1	-6.600493E1	8.841965E1
1.022000E1	-6.596460E1	8.835646E1
1.024000E1	-6.592182E1	8.804709E1
1.026000E1	-6.615754E1	8.722781E1
1.028000E1	-6.730359E1	8.564951E1
1.030000E1	-6.835865E1	8.445094E1
1.032000E1	-6.856321E1	8.414389E1
1.034000E1	-6.852795E1	8.426287E1
1.036000E1	-6.850984E1	8.449629E1
1.038000E1	-6.851043E1	8.462874E1
1.040000E1	-6.847411E1	8.476490E1
1.042000E1	-6.838848E1	8.481215E1
1.044000E1	-6.844060E1	8.476452E1
1.046000E1	-6.877585E1	8.480418E1
1.048000E1	-6.874536E1	8.479068E1
1.050000E1	-6.890867E1	8.430887E1
1.052000E1	-6.937873E1	8.374577E1
1.054000E1	-6.998096E1	8.339083E1
1.056000E1	-7.038959E1	8.334732E1
1.058000E1	-7.038384E1	8.326807E1
1.060000E1	-7.062128E1	8.302786E1
1.062000E1	-7.125946E1	8.287317E1
1.064000E1	-7.163190E1	8.287171E1
1.066000E1	-7.168232E1	8.262281E1
1.068000E1	-7.183881E1	8.251425E1
1.070000E1	-7.246247E1	8.220510E1
1.072000E1	-7.308901E1	8.189446E1
1.074000E1	-7.359847E1	8.143058E1
1.076000E1	-7.373404E1	8.118311E1
1.078000E1	-7.376569E1	8.046003E1
1.080000E1	-7.451304E1	7.968177E1
1.082000E1	-7.508534E1	7.946569E1
1.084000E1	-7.555762E1	7.952978E1
1.086000E1	-7.556826E1	7.954496E1
1.088000E1	-7.597886E1	7.951375E1
1.090000E1	-7.631577E1	7.938018E1
1.092000E1	-7.684104E1	7.906944E1
1.094000E1	-7.690304E1	7.890243E1
1.096000E1	-7.670977E1	7.869243E1
1.098000E1	-7.685235E1	7.822001E1
1.100000E1	-7.713242E1	7.762420E1
1.102000E1	-7.736956E1	7.735196E1
1.104000E1	-7.737039E1	7.721094E1
1.106000E1	-7.741673E1	7.707824E1
1.108000E1	-7.771122E1	7.682556E1
1.110000E1	-7.795210E1	7.656236E1
1.112000E1	-7.793183E1	7.650896E1
1.114000E1	-7.786635E1	7.648789E1
1.116000E1	-7.788403E1	7.640920E1
1.118000E1	-7.824033E1	7.589226E1
1.120000E1	-7.819118E1	7.577526E1
1.122000E1	-7.795753E1	7.538091E1
1.124000E1	-7.803990E1	7.469525E1
1.126000E1	-7.817582E1	7.444903E1
1.128000E1	-7.832873E1	7.388246E1
1.130000E1	-7.824281E1	7.361303E1
1.132000E1	-7.848322E1	7.316083E1
1.134000E1	-7.917169E1	7.212944E1
1.136000E1	-8.051015E1	7.049520E1
1.138000E1	-8.106572E1	6.939670E1
1.140000E1	-8.106269E1	6.939272E1
1.142000E1	-8.112581E1	6.949560E1
1.144000E1	-8.118405E1	6.948627E1
1.146000E1	-8.127224E1	6.943847E1
1.148000E1	-8.130951E1	6.942240E1
1.150000E1	-8.144231E1	6.926108E1
1.152000E1	-8.215133E1	6.870281E1
1.154000E1	-8.295239E1	6.852228E1
1.156000E1	-8.290356E1	6.831767E1
1.158000E1	-8.302677E1	6.796473E1
1.160000E1	-8.335788E1	6.752119E1
1.162000E1	-8.342667E1	6.752506E1
1.164000E1	-8.343479E1	6.745681E1
1.166000E1	-8.346374E1	6.729381E1
1.168000E1	-8.379988E1	6.729063E1
1.170000E1	-8.402136E1	6.732303E1
1.172000E1	-8.445317E1	6.723571E1
1.174000E1	-8.480720E1	6.703996E1
1.176000E1	-8.505880E1	6.676857E1
1.178000E1	-8.552197E1	6.611989E1
1.180000E1	-8.613200E1	6.542677E1
1.182000E1	-8.692059E1	6.455386E1
1.184000E1	-8.749491E1	6.361236E1
1.186000E1	-8.798939E1	6.260430E1
1.188000E1	-8.800373E1	6.205260E1
1.190000E1	-8.800496E1	6.214216E1
1.192000E1	-8.812459E1	6.215681E1
1.194000E1	-8.853842E1	6.201006E1
1.196000E1	-8.867866E1	6.191934E1
1.198000E1	-8.877169E1	6.181258E1
1.200000E1	-8.902497E1	6.161668E1
1.202000E1	-8.914602E1	6.137523E1
1.204000E1	-8.911595E1	6.101427E1
1.206000E1	-8.895664E1	6.080613E1
1.208000E1	-8.895413E1	6.024694E1
1.210000E1	-8.923890E1	5.999452E1
1.212000E1	-8.920515E1	5.992737E1
1.214000E1	-8.900169E1	5.973859E1
1.216000E1	-8.908423E1	5.922188E1
1.218000E1	-8.934498E1	5.894880E1
1.220000E1	-8.929672E1	5.899830E1
1.222000E1	-8.922299E1	5.878276E1
1.224000E1	-8.922205E1	5.865657E1
1.226000E1	-8.936698E1	5.836451E1
1.228000E1	-8.937172E1	5.815895E1
1.230000E1	-8.930488E1	5.774923E1
1.232000E1	-8.930990E1	5.719101E1
1.234000E1	-8.933488E1	5.686164E1
1.236000E1	-8.959533E1	5.655330E1
1.238000E1	-8.978796E1	5.644772E1
1.240000E1	-8.994361E1	5.576632E1
1.242000E1	-9.080509E1	5.434298E1
1.244000E1	-9.195203E1	5.243303E1
1.246000E1	-9.247642E1	5.161171E1
1.248000E1	-9.243194E1	5.180094E1
1.250000E1	-9.263008E1	5.199355E1
1.252000E1	-9.263067E1	5.196853E1
1.254000E1	-9.261330E1	5.193355E1
1.256000E1	-9.258060E1	5.190336E1
1.258000E1	-9.260215E1	5.177359E1
1.260000E1	-9.291783E1	5.158550E1
1.262000E1	-9.349167E1	5.150742E1
1.264000E1	-9.370512E1	5.102694E1
1.266000E1	-9.380321E1	5.034810E1
1.268000E1	-9.418070E1	4.978122E1
1.270000E1	-9.423516E1	4.973128E1
1.272000E1	-9.461049E1	4.980116E1
1.274000E1	-9.507449E1	4.977499E1
1.276000E1	-9.538714E1	4.963747E1
1.278000E1	-9.537323E1	4.959818E1
1.280000E1	-9.536133E1	4.964663E1
1.282000E1	-9.532400E1	4.962263E1
1.284000E1	-9.546151E1	4.933124E1
1.286000E1	-9.578979E1	4.867316E1
1.288000E1	-9.598205E1	4.809299E1
1.290000E1	-9.612769E1	4.758297E1
1.292000E1	-9.645681E1	4.704351E1
1.294000E1	-9.638441E1	4.688719E1
1.296000E1	-9.609081E1	4.690193E1
1.298000E1	-9.627559E1	4.718413E1
1.300000E1	-9.654957E1	4.713330E1
1.302000E1	-9.643701E1	4.708839E1
1.304000E1	-9.645640E1	4.697855E1
1.306000E1	-9.662837E1	4.647813E1
1.308000E1	-9.678207E1	4.590817E1
1.310000E1	-9.681949E1	4.571542E1
1.312000E1	-9.683362E1	4.550239E1
1.314000E1	-9.669317E1	4.519507E1
1.316000E1	-9.693807E1	4.468873E1
1.318000E1	-9.703190E1	4.441451E1
1.320000E1	-9.693185E1	4.429116E1
1.322000E1	-9.686113E1	4.374906E1
1.324000E1	-9.695901E1	4.334332E1
1.326000E1	-9.698909E1	4.319780E1
1.328000E1	-9.709453E1	4.298811E1
1.330000E1	-9.734717E1	4.273291E1
1.332000E1	-9.756006E1	4.225167E1
1.334000E1	-9.797097E1	4.156547E1
1.336000E1	-9.826280E1	4.115010E1
1.338000E1	-9.823287E1	4.103973E1
1.340000E1	-9.833077E1	4.089734E1
1.342000E1	-9.841328E1	4.072211E1
1.344000E1	-9.859684E1	4.057289E1
1.346000E1	-9.858592E1	4.050120E1
1.348000E1	-9.860005E1	3.965613E1
1.350000E1	-9.899488E1	3.797731E1
1.352000E1	-9.949489E1	3.643139E1
1.354000E1	-9.994435E1	3.617996E1
1.356000E1	-9.994509E1	3.627544E1
1.358000E1	-9.992898E1	3.629569E1
1.360000E1	-9.994970E1	3.637778E1
1.362000E1	-1.000838E2	3.641940E1
1.364000E1	-1.004881E2	3.627528E1
1.366000E1	-1.006127E2	3.615955E1
1.368000E1	-1.010421E2	3.587390E1
1.370000E1	-1.011419E2	3.578125E1
1.372000E1	-1.011132E2	3.567915E1
1.374000E1	-1.009746E2	3.508397E1
1.376000E1	-1.009646E2	3.449774E1
1.378000E1	-1.012420E2	3.430389E1
1.380000E1	-1.013055E2	3.431351E1
1.382000E1	-1.013645E2	3.407258E1
1.384000E1	-1.014679E2	3.405488E1
1.386000E1	-1.014645E2	3.403566E1
1.388000E1	-1.014262E2	3.407019E1
1.390000E1	-1.013920E2	3.394667E1
1.392000E1	-1.013176E2	3.380055E1
1.394000E1	-1.013672E2	3.340763E1
1.396000E1	-1.012936E2	3.282962E1
1.398000E1	-1.013593E2	3.185030E1
1.400000E1	-1.015934E2	3.056637E1
1.402000E1	-1.020368E2	2.943680E1
1.404000E1	-1.024981E2	2.872237E1
1.406000E1	-1.026545E2	2.895812E1
1.408000E1	-1.027779E2	2.906411E1
1.410000E1	-1.029159E2	2.892911E1
1.412000E1	-1.030669E2	2.846997E1
1.414000E1	-1.031311E2	2.774677E1
1.416000E1	-1.029535E2	2.733407E1
1.418000E1	-1.028980E2	2.709620E1
1.420000E1	-1.031441E2	2.653244E1
1.422000E1	-1.034065E2	2.617656E1
1.424000E1	-1.035080E2	2.595237E1
1.426000E1	-1.035478E2	2.584792E1
1.428000E1	-1.035773E2	2.578423E1
1.430000E1	-1.035464E2	2.567134E1
1.432000E1	-1.036340E2	2.515964E1
1.434000E1	-1.038315E2	2.506892E1
1.436000E1	-1.037901E2	2.487073E1
1.438000E1	-1.040068E2	2.463494E1
1.440000E1	-1.041622E2	2.398248E1
1.442000E1	-1.041360E2	2.384185E1
1.444000E1	-1.041856E2	2.352117E1
1.446000E1	-1.042722E2	2.292364E1
1.448000E1	-1.043275E2	2.279691E1
1.450000E1	-1.042830E2	2.271203E1
1.452000E1	-1.042466E2	2.260632E1
1.454000E1	-1.042575E2	2.188168E1
1.456000E1	-1.047266E2	2.042870E1
1.458000E1	-1.051528E2	1.834001E1
1.460000E1	-1.052754E2	1.726894E1
1.462000E1	-1.052533E2	1.714108E1
1.464000E1	-1.049998E2	1.732752E1
1.466000E1	-1.050986E2	1.767462E1
1.468000E1	-1.050641E2	1.762184E1
1.470000E1	-1.050797E2	1.740702E1
1.472000E1	-1.053274E2	1.712231E1
1.474000E1	-1.054314E2	1.651277E1
1.476000E1	-1.057857E2	1.631430E1
1.478000E1	-1.057280E2	1.647505E1
1.480000E1	-1.056830E2	1.642373E1
1.482000E1	-1.055139E2	1.587216E1
1.484000E1	-1.054045E2	1.575157E1
1.486000E1	-1.053419E2	1.578358E1
1.488000E1	-1.053022E2	1.558156E1
1.490000E1	-1.052555E2	1.548326E1
1.492000E1	-1.052510E2	1.545092E1
1.494000E1	-1.052349E2	1.543668E1
1.496000E1	-1.052360E2	1.543162E1
1.498000E1	-1.052264E2	1.540309E1
1.500000E1	-1.052064E2	1.538286E1
1.502000E1	-1.052157E2	1.503432E1
1.504000E1	-1.052027E2	1.447077E1
1.506000E1	-1.052088E2	1.363187E1
1.508000E1	-1.051780E2	1.211088E1
1.510000E1	-1.052858E2	1.063647E1
1.512000E1	-1.057643E2	9.736609E0
1.514000E1	-1.062085E2	9.558366E0
1.516000E1	-1.062064E2	9.571175E0
1.518000E1	-1.063066E2	9.294164E0
1.520000E1	-1.065862E2	9.037973E0
1.522000E1	-1.065327E2	8.940503E0
1.524000E1	-1.063754E2	8.421424E0
1.526000E1	-1.065097E2	7.985031E0
1.528000E1	-1.066495E2	7.685035E0
1.530000E1	-1.066007E2	7.386352E0
1.532000E1	-1.066931E2	7.037773E0
1.534000E1	-1.063884E2	7.053239E0
1.536000E1	-1.062760E2	7.102802E0
1.538000E1	-1.062677E2	6.283813E0
1.540000E1	-1.062468E2	5.726634E0
1.542000E1	-1.062208E2	5.817356E0
1.544000E1	-1.061226E2	5.801213E0
1.546000E1	-1.060889E2	5.512117E0
1.548000E1	-1.066095E2	4.614205E0
1.550000E1	-1.068873E2	3.803680E0
1.552000E1	-1.068520E2	3.394220E0
1.554000E1	-1.066992E2	3.351329E0
1.556000E1	-1.066502E2	3.363103E0
1.558000E1	-1.062692E2	3.226782E0
1.560000E1	-1.061819E2	2.506977E0
1.562000E1	-1.060623E2	1.805072E0
1.564000E1	-1.060930E2	1.022349E0
1.566000E1	-1.059274E2	-3.519861E-1
1.568000E1	-1.058535E2	-1.584832E0
1.570000E1	-1.058538E2	-2.122860E0
1.572000E1	-1.058043E2	-2.014133E0
1.574000E1	-1.057306E2	-1.562627E0
1.576000E1	-1.057197E2	-1.503218E0
1.578000E1	-1.057127E2	-1.493311E0
1.580000E1	-1.055956E2	-1.563828E0
1.582000E1	-1.055452E2	-1.609379E0
1.584000E1	-1.056186E2	-1.602374E0
1.586000E1	-1.057655E2	-1.576317E0
1.588000E1	-1.056554E2	-1.659982E0
1.590000E1	-1.055133E2	-2.265932E0
1.592000E1	-1.055153E2	-2.684808E0
1.594000E1	-1.055744E2	-2.707895E0
1.596000E1	-1.056005E2	-2.657956E0
1.598000E1	-1.055583E2	-2.837450E0
1.600000E1	-1.055478E2	-2.951999E0
1.602000E1	-1.056298E2	-3.050569E0
1.604000E1	-1.057220E2	-3.240313E0
1.606000E1	-1.058502E2	-3.763160E0
1.608000E1	-1.058300E2	-4.363837E0
1.610000E1	-1.059207E2	-5.361686E0
1.612000E1	-1.062246E2	-6.564277E0
1.614000E1	-1.060812E2	-7.443734E0
1.616000E1	-1.056979E2	-8.238129E0
1.618000E1	-1.060668E2	-9.203535E0
1.620000E1	-1.064058E2	-9.855979E0
1.622000E1	-1.066523E2	-9.949407E0
1.624000E1	-1.067790E2	-1.005628E1
1.626000E1	-1.067197E2	-1.005695E1
1.628000E1	-1.067049E2	-1.010962E1
1.630000E1	-1.068795E2	-1.099166E1
1.632000E1	-1.069724E2	-1.156862E1
1.634000E1	-1.068214E2	-1.175542E1
1.636000E1	-1.066929E2	-1.182158E1
1.638000E1	-1.065321E2	-1.236935E1
1.640000E1	-1.066568E2	-1.315366E1
1.642000E1	-1.068881E2	-1.332447E1
1.644000E1	-1.068105E2	-1.328164E1
1.646000E1	-1.066254E2	-1.306092E1
1.648000E1	-1.066769E2	-1.318749E1
1.650000E1	-1.065719E2	-1.369354E1
1.652000E1	-1.062060E2	-1.384334E1
1.654000E1	-1.061432E2	-1.404082E1
1.656000E1	-1.062045E2	-1.460621E1
1.658000E1	-1.062176E2	-1.476701E1
1.660000E1	-1.061695E2	-1.515987E1
1.662000E1	-1.058241E2	-1.512516E1
1.664000E1	-1.057590E2	-1.515432E1
1.666000E1	-1.057016E2	-1.523319E1
1.668000E1	-1.052697E2	-1.539025E1
1.670000E1	-1.047546E2	-1.622202E1
1.672000E1	-1.042598E2	-1.710423E1
1.674000E1	-1.038154E2	-1.898957E1
1.676000E1	-1.037160E2	-2.047833E1
1.678000E1	-1.037381E2	-2.052591E1
1.680000E1	-1.038265E2	-2.050179E1
1.682000E1	-1.038648E2	-2.041340E1
1.684000E1	-1.039058E2	-2.033645E1
1.686000E1	-1.038686E2	-2.035373E1
1.688000E1	-1.038252E2	-2.041402E1
1.690000E1	-1.036747E2	-2.062300E1
1.692000E1	-1.036978E2	-2.069918E1
1.694000E1	-1.039606E2	-2.083827E1
1.696000E1	-1.039117E2	-2.146096E1
1.698000E1	-1.035390E2	-2.229026E1
1.700000E1	-1.035964E2	-2.310847E1
1.702000E1	-1.039435E2	-2.352819E1
1.704000E1	-1.040381E2	-2.363299E1
1.706000E1	-1.040251E2	-2.385327E1
1.708000E1	-1.040075E2	-2.391642E1
1.710000E1	-1.042216E2	-2.422836E1
1.712000E1	-1.046773E2	-2.485157E1
1.714000E1	-1.046198E2	-2.498872E1
1.716000E1	-1.044245E2	-2.550362E1
1.718000E1	-1.042578E2	-2.592854E1
1.720000E1	-1.041400E2	-2.644530E1
1.722000E1	-1.040435E2	-2.747494E1
1.724000E1	-1.038642E2	-2.879017E1
1.726000E1	-1.036922E2	-2.995681E1
1.728000E1	-1.039090E2	-3.060128E1
1.730000E1	-1.043330E2	-3.059272E1
1.732000E1	-1.046434E2	-3.055225E1
1.734000E1	-1.046254E2	-3.071714E1
1.736000E1	-1.046035E2	-3.118377E1
1.738000E1	-1.046089E2	-3.126250E1
1.740000E1	-1.045587E2	-3.125764E1
1.742000E1	-1.042237E2	-3.146225E1
1.744000E1	-1.038623E2	-3.206005E1
1.746000E1	-1.035847E2	-3.258033E1
1.748000E1	-1.037262E2	-3.295496E1
1.750000E1	-1.037367E2	-3.294935E1
1.752000E1	-1.036665E2	-3.300546E1
1.754000E1	-1.035916E2	-3.332885E1
1.756000E1	-1.035126E2	-3.336483E1
1.758000E1	-1.034744E2	-3.338388E1
1.760000E1	-1.031651E2	-3.350301E1
1.762000E1	-1.030531E2	-3.362459E1
1.764000E1	-1.029451E2	-3.377046E1
1.766000E1	-1.027962E2	-3.385629E1
1.768000E1	-1.025874E2	-3.415618E1
1.770000E1	-1.023491E2	-3.429968E1
1.772000E1	-1.021710E2	-3.443273E1
1.774000E1	-1.019772E2	-3.463111E1
1.776000E1	-1.017544E2	-3.484665E1
1.778000E1	-1.013913E2	-3.527580E1
1.780000E1	-1.009225E2	-3.601615E1
1.782000E1	-1.002727E2	-3.752553E1
1.784000E1	-9.969119E1	-3.915494E1
1.786000E1	-9.966573E1	-3.993007E1
1.788000E1	-9.981611E1	-3.995993E1
1.790000E1	-9.991856E1	-3.993162E1
1.792000E1	-9.992460E1	-3.994601E1
1.794000E1	-9.991753E1	-3.993834E1
1.796000E1	-9.997711E1	-4.014631E1
1.798000E1	-9.987718E1	-4.071227E1
1.800000E1	-9.982832E1	-4.128243E1
1.802000E1	-1.002548E2	-4.139767E1
1.804000E1	-1.002569E2	-4.163600E1
1.806000E1	-9.983720E1	-4.210439E1
1.808000E1	-9.939550E1	-4.244801E1
1.810000E1	-9.946486E1	-4.274212E1
1.812000E1	-9.987915E1	-4.286984E1
1.814000E1	-1.000036E2	-4.332330E1
1.816000E1	-1.000291E2	-4.369059E1
1.818000E1	-1.000176E2	-4.377026E1
1.820000E1	-1.000478E2	-4.382497E1
1.822000E1	-1.001825E2	-4.404021E1
1.824000E1	-1.001805E2	-4.483989E1
1.826000E1	-9.991477E1	-4.587967E1
1.828000E1	-9.974112E1	-4.700729E1
1.830000E1	-9.931598E1	-4.784491E1
1.832000E1	-9.889565E1	-4.805072E1
1.834000E1	-9.856459E1	-4.831095E1
1.836000E1	-9.828769E1	-4.878659E1
1.838000E1	-9.834931E1	-4.914437E1
1.840000E1	-9.865230E1	-4.918410E1
1.842000E1	-9.871743E1	-4.918314E1
1.844000E1	-9.868187E1	-4.948128E1
1.846000E1	-9.872878E1	-4.951942E1
1.848000E1	-9.876911E1	-4.976687E1
1.850000E1	-9.871322E1	-4.971024E1
1.852000E1	-9.831055E1	-4.975783E1
1.854000E1	-9.784038E1	-5.016691E1
1.856000E1	-9.747656E1	-5.054157E1
1.858000E1	-9.734041E1	-5.073907E1
1.860000E1	-9.710351E1	-5.088348E1
1.862000E1	-9.690299E1	-5.109505E1
1.864000E1	-9.682906E1	-5.122333E1
1.866000E1	-9.684833E1	-5.124319E1
1.868000E1	-9.681803E1	-5.132473E1
1.870000E1	-9.655694E1	-5.157170E1
1.872000E1	-9.638388E1	-5.177493E1
1.874000E1	-9.618039E1	-5.199613E1
1.876000E1	-9.588273E1	-5.224409E1
1.878000E1	-9.557768E1	-5.252025E1
1.880000E1	-9.551829E1	-5.277804E1
1.882000E1	-9.545644E1	-5.347892E1
1.884000E1	-9.541057E1	-5.356468E1
1.886000E1	-9.533296E1	-5.372586E1
1.888000E1	-9.490522E1	-5.450382E1
1.890000E1	-9.418587E1	-5.599420E1
1.892000E1	-9.319508E1	-5.751894E1
1.894000E1	-9.304752E1	-5.839785E1
1.896000E1	-9.320176E1	-5.848974E1
1.898000E1	-9.313761E1	-5.844179E1
1.900000E1	-9.303271E1	-5.836868E1
1.902000E1	-9.308414E1	-5.826806E1
1.904000E1	-9.319795E1	-5.828407E1
1.906000E1	-9.318595E1	-5.853688E1
1.908000E1	-9.314369E1	-5.904929E1
1.910000E1	-9.316301E1	-5.928272E1
1.912000E1	-9.310459E1	-5.947908E1
1.914000E1	-9.277678E1	-5.994884E1
1.916000E1	-9.239997E1	-6.048455E1
1.918000E1	-9.243745E1	-6.079909E1
1.920000E1	-9.272536E1	-6.111998E1
1.922000E1	-9.269294E1	-6.129795E1
1.924000E1	-9.257868E1	-6.137035E1
1.926000E1	-9.259077E1	-6.130670E1
1.928000E1	-9.257242E1	-6.130842E1
1.930000E1	-9.256143E1	-6.153934E1
1.932000E1	-9.249272E1	-6.211559E1
1.934000E1	-9.227847E1	-6.226769E1
1.936000E1	-9.204081E1	-6.281017E1
1.938000E1	-9.189381E1	-6.331045E1
1.940000E1	-9.149477E1	-6.332630E1
1.942000E1	-9.112950E1	-6.354108E1
1.944000E1	-9.076750E1	-6.386755E1
1.946000E1	-9.075469E1	-6.390566E1
1.948000E1	-9.078291E1	-6.388507E1
1.950000E1	-9.071521E1	-6.384575E1
1.952000E1	-9.063384E1	-6.408443E1
1.954000E1	-9.055349E1	-6.465979E1
1.956000E1	-9.046183E1	-6.507083E1
1.958000E1	-9.024100E1	-6.521845E1
1.960000E1	-9.012873E1	-6.521629E1
1.962000E1	-9.000796E1	-6.527638E1
1.964000E1	-8.946729E1	-6.552232E1
1.966000E1	-8.903029E1	-6.609225E1
1.968000E1	-8.872589E1	-6.645998E1
1.970000E1	-8.868704E1	-6.644546E1
1.972000E1	-8.865458E1	-6.653402E1
1.974000E1	-8.862201E1	-6.728316E1
1.976000E1	-8.862357E1	-6.737027E1
1.978000E1	-8.857500E1	-6.743640E1
1.980000E1	-8.824559E1	-6.763856E1
1.982000E1	-8.815128E1	-6.834236E1
1.984000E1	-8.774579E1	-6.862887E1
1.986000E1	-8.777575E1	-6.888287E1
1.988000E1	-8.776515E1	-6.933999E1
1.990000E1	-8.759229E1	-6.966781E1
1.992000E1	-8.755343E1	-6.963505E1
1.994000E1	-8.733367E1	-6.957545E1
1.996000E1	-8.696942E1	-6.956432E1
1.998000E1	-8.662447E1	-7.020982E1
2.000000E1	-8.597014E1	-7.112241E1
2.002000E1	-8.488865E1	-7.266565E1
2.004000E1	-8.374251E1	-7.419881E1
2.006000E1	-8.364527E1	-7.491265E1
2.008000E1	-8.398209E1	-7.514873E1
2.010000E1	-8.438006E1	-7.527642E1
2.012000E1	-8.476992E1	-7.466566E1
2.014000E1	-8.488197E1	-7.422977E1
2.016000E1	-8.473414E1	-7.455610E1
2.018000E1	-8.437047E1	-7.482614E1
2.020000E1	-8.447241E1	-7.494984E1
2.022000E1	-8.445643E1	-7.493330E1
2.024000E1	-8.396507E1	-7.539439E1
2.026000E1	-8.343733E1	-7.591485E1
2.028000E1	-8.325657E1	-7.620935E1
2.030000E1	-8.350515E1	-7.626944E1
2.032000E1	-8.352004E1	-7.621286E1
2.034000E1	-8.341471E1	-7.619942E1
2.036000E1	-8.343038E1	-7.642105E1
2.038000E1	-8.342430E1	-7.635553E1
2.040000E1	-8.338724E1	-7.622759E1
2.042000E1	-8.314016E1	-7.634468E1
2.044000E1	-8.293179E1	-7.658098E1
2.046000E1	-8.246914E1	-7.715763E1
2.048000E1	-8.189273E1	-7.790622E1
2.050000E1	-8.128899E1	-7.872830E1
2.052000E1	-8.047290E1	-7.948382E1
2.054000E1	-8.002510E1	-8.005183E1
2.056000E1	-8.006301E1	-8.025646E1
2.058000E1	-8.012820E1	-8.028106E1
2.060000E1	-7.999191E1	-8.038418E1
2.062000E1	-7.956083E1	-8.097609E1
2.064000E1	-7.938684E1	-8.166111E1
2.066000E1	-7.892606E1	-8.197523E1
2.068000E1	-7.889595E1	-8.209848E1
2.070000E1	-7.890385E1	-8.209409E1
2.072000E1	-7.848181E1	-8.233980E1
2.074000E1	-7.809549E1	-8.278086E1
2.076000E1	-7.800853E1	-8.275332E1
2.078000E1	-7.798414E1	-8.278950E1
2.080000E1	-7.797690E1	-8.313621E1
2.082000E1	-7.795693E1	-8.318594E1
2.084000E1	-7.779696E1	-8.342938E1
2.086000E1	-7.759852E1	-8.330351E1
2.088000E1	-7.750284E1	-8.306759E1
2.090000E1	-7.732599E1	-8.367644E1
2.092000E1	-7.695818E1	-8.460229E1
2.094000E1	-7.671791E1	-8.513026E1
2.096000E1	-7.649681E1	-8.539288E1
2.098000E1	-7.637750E1	-8.549010E1
2.100000E1	-7.628006E1	-8.553372E1
2.102000E1	-7.591588E1	-8.591730E1
2.104000E1	-7.555635E1	-8.640408E1
2.106000E1	-7.521269E1	-8.660714E1
2.108000E1	-7.473812E1	-8.660768E1
2.110000E1	-7.385366E1	-8.721368E1
2.112000E1	-7.280174E1	-8.799081E1
2.114000E1	-7.169417E1	-8.888165E1
2.116000E1	-7.161223E1	-8.890383E1
2.118000E1	-7.207914E1	-8.891504E1
2.120000E1	-7.220239E1	-8.888380E1
2.122000E1	-7.214761E1	-8.906027E1
2.124000E1	-7.209502E1	-8.914252E1
2.126000E1	-7.203628E1	-8.911712E1
2.128000E1	-7.201873E1	-8.914268E1
2.130000E1	-7.204593E1	-8.910935E1
2.132000E1	-7.204884E1	-8.910791E1
2.134000E1	-7.150301E1	-8.917843E1
2.136000E1	-7.091942E1	-8.944358E1
2.138000E1	-7.084091E1	-8.948022E1
2.140000E1	-7.084021E1	-8.950899E1
2.142000E1	-7.080510E1	-8.952218E1
2.144000E1	-7.079183E1	-8.960608E1
2.146000E1	-7.079052E1	-8.964403E1
2.148000E1	-7.078689E1	-8.962804E1
2.150000E1	-7.076993E1	-8.959341E1
2.152000E1	-7.064298E1	-8.961498E1
2.154000E1	-7.015276E1	-8.986246E1
2.156000E1	-6.929945E1	-9.070577E1
2.158000E1	-6.847082E1	-9.198015E1
2.160000E1	-6.749579E1	-9.300399E1
2.162000E1	-6.688833E1	-9.368856E1
2.164000E1	-6.649873E1	-9.397191E1
2.166000E1	-6.673728E1	-9.419568E1
2.168000E1	-6.689438E1	-9.420083E1
2.170000E1	-6.686570E1	-9.463174E1
2.172000E1	-6.653790E1	-9.542024E1
2.174000E1	-6.635590E1	-9.576108E1
2.176000E1	-6.629143E1	-9.580261E1
2.178000E1	-6.591772E1	-9.570853E1
2.180000E1	-6.586006E1	-9.547846E1
2.182000E1	-6.549821E1	-9.581566E1
2.184000E1	-6.486815E1	-9.637802E1
2.186000E1	-6.434823E1	-9.684818E1
2.188000E1	-6.438854E1	-9.681950E1
2.190000E1	-6.465339E1	-9.642500E1
2.192000E1	-6.442730E1	-9.663604E1
2.194000E1	-6.398537E1	-9.730823E1
2.196000E1	-6.389959E1	-9.757478E1
2.198000E1	-6.388905E1	-9.758353E1
2.200000E1	-6.387798E1	-9.760851E1
2.202000E1	-6.346866E1	-9.774805E1
2.204000E1	-6.311312E1	-9.785056E1
2.206000E1	-6.272523E1	-9.801999E1
2.208000E1	-6.236631E1	-9.825111E1
2.210000E1	-6.199751E1	-9.830601E1
2.212000E1	-6.171527E1	-9.856377E1
2.214000E1	-6.148596E1	-9.894517E1
2.216000E1	-6.115758E1	-9.899239E1
2.218000E1	-6.045664E1	-9.905678E1
2.220000E1	-5.897422E1	-9.974452E1
2.222000E1	-5.762177E1	-1.004718E2
2.224000E1	-5.714610E1	-1.005445E2
2.226000E1	-5.734048E1	-1.005322E2
2.228000E1	-5.768127E1	-1.005406E2
2.230000E1	-5.794089E1	-1.003133E2
2.232000E1	-5.816684E1	-1.001996E2
2.234000E1	-5.812899E1	-1.002083E2
2.236000E1	-5.803891E1	-1.002484E2
2.238000E1	-5.798477E1	-1.005191E2
2.240000E1	-5.805793E1	-1.006744E2
2.242000E1	-5.768740E1	-1.006657E2
2.244000E1	-5.697267E1	-1.008938E2
2.246000E1	-5.654198E1	-1.012572E2
2.248000E1	-5.649843E1	-1.018434E2
2.250000E1	-5.618907E1	-1.020496E2
2.252000E1	-5.604402E1	-1.021959E2
2.254000E1	-5.574584E1	-1.026117E2
2.256000E1	-5.567653E1	-1.031264E2
2.258000E1	-5.562257E1	-1.032314E2
2.260000E1	-5.525692E1	-1.032322E2
2.262000E1	-5.501583E1	-1.034743E2
2.264000E1	-5.465729E1	-1.041520E2
2.266000E1	-5.426197E1	-1.046921E2
2.268000E1	-5.370933E1	-1.050373E2
2.270000E1	-5.310762E1	-1.052213E2
2.272000E1	-5.250545E1	-1.052905E2
2.274000E1	-5.195255E1	-1.056808E2
2.276000E1	-5.187897E1	-1.060906E2
2.278000E1	-5.174273E1	-1.064082E2
2.280000E1	-5.168121E1	-1.067124E2
2.282000E1	-5.170246E1	-1.069149E2
2.284000E1	-5.148309E1	-1.073048E2
2.286000E1	-5.107801E1	-1.076930E2
2.288000E1	-5.095713E1	-1.077449E2
2.290000E1	-5.061401E1	-1.076785E2
2.292000E1	-5.037168E1	-1.076162E2
2.294000E1	-4.979601E1	-1.076781E2
2.296000E1	-4.931384E1	-1.079462E2
2.298000E1	-4.929146E1	-1.079800E2
2.300000E1	-4.928460E1	-1.079492E2
2.302000E1	-4.912915E1	-1.080413E2
2.304000E1	-4.880147E1	-1.082978E2
2.306000E1	-4.872397E1	-1.083862E2
2.308000E1	-4.869839E1	-1.083560E2
2.310000E1	-4.867605E1	-1.083212E2
2.312000E1	-4.825313E1	-1.085103E2
2.314000E1	-4.808868E1	-1.084437E2
2.316000E1	-4.756285E1	-1.083664E2
2.318000E1	-4.704847E1	-1.083733E2
2.320000E1	-4.666500E1	-1.083893E2
2.322000E1	-4.655137E1	-1.083838E2
2.324000E1	-4.605019E1	-1.083896E2
2.326000E1	-4.554848E1	-1.083990E2
2.328000E1	-4.481601E1	-1.086953E2
2.330000E1	-4.339711E1	-1.094959E2
2.332000E1	-4.174521E1	-1.103842E2
2.334000E1	-4.098566E1	-1.106154E2
2.336000E1	-4.114222E1	-1.109263E2
2.338000E1	-4.138023E1	-1.109809E2
2.340000E1	-4.144908E1	-1.109810E2
2.342000E1	-4.143962E1	-1.109502E2
2.344000E1	-4.136861E1	-1.109750E2
2.346000E1	-4.108513E1	-1.113371E2
2.348000E1	-4.056608E1	-1.120440E2
2.350000E1	-4.021384E1	-1.122958E2
2.352000E1	-4.005861E1	-1.123755E2
2.354000E1	-3.961368E1	-1.125549E2
2.356000E1	-3.922404E1	-1.127236E2
2.358000E1	-3.910108E1	-1.130750E2
2.360000E1	-3.888324E1	-1.130968E2
2.362000E1	-3.877448E1	-1.132690E2
2.364000E1	-3.873659E1	-1.134527E2
2.366000E1	-3.858556E1	-1.138020E2
2.368000E1	-3.849598E1	-1.141617E2
2.370000E1	-3.826755E1	-1.143925E2
2.372000E1	-3.783335E1	-1.144739E2
2.374000E1	-3.727695E1	-1.149705E2
2.376000E1	-3.639553E1	-1.156240E2
2.378000E1	-3.537503E1	-1.162935E2
2.380000E1	-3.436064E1	-1.166605E2
2.382000E1	-3.373143E1	-1.166430E2
2.384000E1	-3.331999E1	-1.166135E2
2.386000E1	-3.333491E1	-1.166194E2
2.388000E1	-3.331019E1	-1.168302E2
2.390000E1	-3.315702E1	-1.170376E2
2.392000E1	-3.303415E1	-1.171703E2
2.394000E1	-3.285569E1	-1.173064E2
2.396000E1	-3.276707E1	-1.174169E2
2.398000E1	-3.238584E1	-1.175381E2
2.400000E1	-3.232564E1	-1.173739E2
2.402000E1	-3.197230E1	-1.172829E2
2.404000E1	-3.146619E1	-1.171580E2
2.406000E1	-3.102369E1	-1.171937E2
2.408000E1	-3.072042E1	-1.171546E2
2.410000E1	-3.064003E1	-1.170892E2
2.412000E1	-3.037220E1	-1.170812E2
2.414000E1	-3.018858E1	-1.171698E2
2.416000E1	-3.008966E1	-1.172376E2
2.418000E1	-2.994216E1	-1.171912E2
2.420000E1	-2.985813E1	-1.171763E2
2.422000E1	-2.947059E1	-1.171914E2
2.424000E1	-2.904988E1	-1.171854E2
2.426000E1	-2.850480E1	-1.171871E2
2.428000E1	-2.801063E1	-1.171968E2
2.430000E1	-2.771008E1	-1.173391E2
2.432000E1	-2.749068E1	-1.175607E2
2.434000E1	-2.737495E1	-1.176538E2
2.436000E1	-2.692556E1	-1.176853E2
2.438000E1	-2.579908E1	-1.182675E2
2.440000E1	-2.373146E1	-1.190092E2
2.442000E1	-2.223126E1	-1.195266E2
2.444000E1	-2.222947E1	-1.195600E2
2.446000E1	-2.257176E1	-1.198929E2
2.448000E1	-2.256999E1	-1.199143E2
2.450000E1	-2.254983E1	-1.198984E2
2.452000E1	-2.254495E1	-1.198856E2
2.454000E1	-2.255681E1	-1.199287E2
2.456000E1	-2.231199E1	-1.201911E2
2.458000E1	-2.201365E1	-1.207211E2
2.460000E1	-2.164856E1	-1.208455E2
2.462000E1	-2.116813E1	-1.209427E2
2.464000E1	-2.057550E1	-1.210493E2
2.466000E1	-2.019140E1	-1.211025E2
2.468000E1	-2.018614E1	-1.216331E2
2.470000E1	-2.011947E1	-1.220445E2
2.472000E1	-1.992068E1	-1.220652E2
2.474000E1	-1.988289E1	-1.221482E2
2.476000E1	-1.988881E1	-1.220558E2
2.478000E1	-1.986709E1	-1.220397E2
2.480000E1	-1.973279E1	-1.221119E2
2.482000E1	-1.923536E1	-1.222701E2
2.484000E1	-1.876904E1	-1.224225E2
2.486000E1	-1.856225E1	-1.226566E2
2.488000E1	-1.811520E1	-1.227145E2
2.490000E1	-1.781297E1	-1.226654E2
2.492000E1	-1.738606E1	-1.225475E2
2.494000E1	-1.737823E1	-1.224357E2
2.496000E1	-1.740582E1	-1.227462E2
2.498000E1	-1.736132E1	-1.228199E2
2.500000E1	-1.730248E1	-1.228286E2
2.502000E1	-1.698898E1	-1.229800E2
2.504000E1	-1.663634E1	-1.231346E2
2.506000E1	-1.640510E1	-1.232134E2
2.508000E1	-1.616174E1	-1.231579E2
2.510000E1	-1.607360E1	-1.231096E2
2.512000E1	-1.580089E1	-1.229786E2
2.514000E1	-1.526816E1	-1.229626E2
2.516000E1	-1.476494E1	-1.229618E2
2.518000E1	-1.429587E1	-1.228974E2
2.520000E1	-1.427111E1	-1.228432E2
2.522000E1	-1.414206E1	-1.228972E2
2.524000E1	-1.358324E1	-1.234679E2
2.526000E1	-1.342413E1	-1.235454E2
2.528000E1	-1.340484E1	-1.233832E2
2.530000E1	-1.295611E1	-1.234937E2
2.532000E1	-1.210770E1	-1.238971E2
2.534000E1	-1.153177E1	-1.239662E2
2.536000E1	-1.107291E1	-1.242199E2
2.538000E1	-1.070743E1	-1.244296E2
2.540000E1	-1.061384E1	-1.245859E2
2.542000E1	-1.055393E1	-1.245401E2
2.544000E1	-1.051896E1	-1.244124E2
2.546000E1	-1.028865E1	-1.242437E2
2.548000E1	-9.371037E0	-1.244034E2
2.550000E1	-7.552181E0	-1.249412E2
2.552000E1	-5.609742E0	-1.252848E2
2.554000E1	-4.931157E0	-1.255614E2
2.556000E1	-5.206098E0	-1.256695E2
2.558000E1	-5.533116E0	-1.257655E2
2.560000E1	-5.677922E0	-1.258888E2
2.562000E1	-6.045834E0	-1.258824E2
2.564000E1	-6.019358E0	-1.259060E2
2.566000E1	-5.596439E0	-1.259505E2
2.568000E1	-5.248509E0	-1.262244E2
2.570000E1	-5.237627E0	-1.262746E2
2.572000E1	-4.754605E0	-1.262061E2
2.574000E1	-4.103470E0	-1.262093E2
2.576000E1	-3.619796E0	-1.263000E2
2.578000E1	-3.549615E0	-1.264407E2
2.580000E1	-3.669341E0	-1.265171E2
2.582000E1	-3.667796E0	-1.264410E2
2.584000E1	-3.661575E0	-1.264165E2
2.586000E1	-3.663142E0	-1.265384E2
2.588000E1	-3.674070E0	-1.264042E2
2.590000E1	-3.647166E0	-1.263420E2
2.592000E1	-3.513849E0	-1.263447E2
2.594000E1	-2.799296E0	-1.263073E2
2.596000E1	-1.855758E0	-1.263493E2
2.598000E1	-7.877384E-1	-1.264352E2
2.600000E1	4.632858E-1	-1.265386E2
2.602000E1	1.447974E0	-1.267242E2
2.604000E1	1.866051E0	-1.269437E2
2.606000E1	1.716967E0	-1.270783E2
2.608000E1	1.740465E0	-1.271530E2
2.610000E1	2.233041E0	-1.272142E2
2.612000E1	2.989878E0	-1.273715E2
2.614000E1	3.556330E0	-1.274099E2
2.616000E1	3.992342E0	-1.274490E2
2.618000E1	4.036281E0	-1.275018E2
2.620000E1	4.161687E0	-1.274116E2
2.622000E1	4.841730E0	-1.273807E2
2.624000E1	5.171152E0	-1.274415E2
2.626000E1	5.060273E0	-1.274239E2
2.628000E1	5.083141E0	-1.273879E2
2.630000E1	5.525294E0	-1.275740E2
2.632000E1	5.700717E0	-1.277107E2
2.634000E1	5.953415E0	-1.277255E2
2.636000E1	5.962009E0	-1.275669E2
2.638000E1	6.067850E0	-1.274733E2
2.640000E1	6.878813E0	-1.278243E2
2.642000E1	7.637603E0	-1.279686E2
2.644000E1	8.222554E0	-1.281908E2
2.646000E1	8.598491E0	-1.281987E2
2.648000E1	8.603704E0	-1.281982E2
2.650000E1	9.010293E0	-1.281354E2
2.652000E1	9.516474E0	-1.281636E2
2.654000E1	1.003736E1	-1.282324E2
2.656000E1	1.096891E1	-1.282342E2
2.658000E1	1.237361E1	-1.278513E2
2.660000E1	1.347229E1	-1.277431E2
2.662000E1	1.428984E1	-1.276693E2
2.664000E1	1.429941E1	-1.277117E2
2.666000E1	1.420801E1	-1.278099E2
2.668000E1	1.418771E1	-1.278591E2
2.670000E1	1.421983E1	-1.279666E2
2.672000E1	1.457748E1	-1.281359E2
2.674000E1	1.471731E1	-1.281896E2
2.676000E1	1.473734E1	-1.282225E2
2.678000E1	1.478843E1	-1.283178E2
2.680000E1	1.510024E1	-1.280838E2
2.682000E1	1.554721E1	-1.278276E2
2.684000E1	1.608009E1	-1.278045E2
2.686000E1	1.617612E1	-1.277961E2
2.688000E1	1.623894E1	-1.278158E2
2.690000E1	1.627164E1	-1.278233E2
2.692000E1	1.626289E1	-1.278268E2
2.694000E1	1.625077E1	-1.278330E2
2.696000E1	1.627654E1	-1.278600E2
2.698000E1	1.633043E1	-1.278437E2
2.700000E1	1.665970E1	-1.278418E2
2.702000E1	1.726366E1	-1.276823E2
2.704000E1	1.865237E1	-1.275281E2
2.706000E1	2.009917E1	-1.274995E2
2.708000E1	2.157069E1	-1.277275E2
2.710000E1	2.254145E1	-1.279019E2
2.712000E1	2.268771E1	-1.280334E2
2.714000E1	2.284852E1	-1.283070E2
2.716000E1	2.296510E1	-1.284373E2
2.718000E1	2.325418E1	-1.284380E2
2.720000E1	2.379986E1	-1.286355E2
2.722000E1	2.438996E1	-1.287879E2
2.724000E1	2.443778E1	-1.287541E2
2.726000E1	2.483812E1	-1.287459E2
2.728000E1	2.499163E1	-1.285386E2
2.730000E1	2.517536E1	-1.282394E2
2.732000E1	2.604756E1	-1.283874E2
2.734000E1	2.604323E1	-1.283327E2
2.736000E1	2.601384E1	-1.282778E2
2.738000E1	2.602774E1	-1.282476E2
2.740000E1	2.639273E1	-1.281659E2
2.742000E1	2.684946E1	-1.282577E2
2.744000E1	2.701749E1	-1.283079E2
2.746000E1	2.729497E1	-1.284023E2
2.748000E1	2.773231E1	-1.283553E2
2.750000E1	2.796343E1	-1.282354E2
2.752000E1	2.793748E1	-1.282131E2
2.754000E1	2.819742E1	-1.281009E2
2.756000E1	2.884109E1	-1.279072E2
2.758000E1	2.946932E1	-1.276127E2
2.760000E1	2.986461E1	-1.276825E2
2.762000E1	3.033676E1	-1.276818E2
2.764000E1	3.129808E1	-1.273283E2
2.766000E1	3.264004E1	-1.267865E2
2.768000E1	3.320427E1	-1.265892E2
2.770000E1	3.275853E1	-1.264331E2
2.772000E1	3.274334E1	-1.263844E2
2.774000E1	3.270690E1	-1.263292E2
2.776000E1	3.270023E1	-1.263048E2
2.778000E1	3.273454E1	-1.262965E2
2.780000E1	3.273857E1	-1.262569E2
2.782000E1	3.302727E1	-1.263557E2
2.784000E1	3.307663E1	-1.264487E2
2.786000E1	3.322248E1	-1.264142E2
2.788000E1	3.374044E1	-1.262905E2
2.790000E1	3.421449E1	-1.261837E2
2.792000E1	3.439050E1	-1.260505E2
2.794000E1	3.448171E1	-1.259986E2
2.796000E1	3.468895E1	-1.259680E2
2.798000E1	3.514634E1	-1.259416E2
2.800000E1	3.556683E1	-1.260800E2
2.802000E1	3.590844E1	-1.261438E2
2.804000E1	3.624374E1	-1.262718E2
2.806000E1	3.677496E1	-1.264177E2
2.808000E1	3.764728E1	-1.263279E2
2.810000E1	3.826689E1	-1.260867E2
2.812000E1	3.917053E1	-1.259948E2
2.814000E1	4.011601E1	-1.259760E2
2.816000E1	4.066247E1	-1.260341E2
2.818000E1	4.106051E1	-1.261740E2
2.820000E1	4.092510E1	-1.264759E2
2.822000E1	4.047346E1	-1.265608E2
2.824000E1	4.103389E1	-1.267096E2
2.826000E1	4.193414E1	-1.268257E2
2.828000E1	4.249923E1	-1.268713E2
2.830000E1	4.249097E1	-1.268274E2
2.832000E1	4.252717E1	-1.267171E2
2.834000E1	4.301727E1	-1.266813E2
2.836000E1	4.357228E1	-1.266446E2
2.838000E1	4.443630E1	-1.266417E2
2.840000E1	4.427263E1	-1.266736E2
2.842000E1	4.396633E1	-1.266707E2
2.844000E1	4.417681E1	-1.265759E2
2.846000E1	4.461690E1	-1.264268E2
2.848000E1	4.489248E1	-1.263317E2
2.850000E1	4.483989E1	-1.262919E2
2.852000E1	4.489468E1	-1.261852E2
2.854000E1	4.548462E1	-1.262213E2
2.856000E1	4.594030E1	-1.261573E2
2.858000E1	4.579103E1	-1.259039E2
2.860000E1	4.580528E1	-1.258468E2
2.862000E1	4.590029E1	-1.256489E2
2.864000E1	4.625965E1	-1.252610E2
2.866000E1	4.676184E1	-1.246988E2
2.868000E1	4.728277E1	-1.242216E2
2.870000E1	4.858199E1	-1.237047E2
2.872000E1	5.041637E1	-1.233906E2
2.874000E1	5.166073E1	-1.230823E2
2.876000E1	5.167389E1	-1.230600E2
2.878000E1	5.166348E1	-1.231181E2
2.880000E1	5.166645E1	-1.230946E2
2.882000E1	5.167601E1	-1.230689E2
2.884000E1	5.168401E1	-1.230548E2
2.886000E1	5.168395E1	-1.230156E2
2.888000E1	5.192102E1	-1.228965E2
2.890000E1	5.236935E1	-1.229498E2
2.892000E1	5.289408E1	-1.230821E2
2.894000E1	5.341321E1	-1.227871E2
2.896000E1	5.402582E1	-1.225611E2
2.898000E1	5.455020E1	-1.225416E2
2.900000E1	5.491970E1	-1.226125E2
2.902000E1	5.506378E1	-1.225758E2
2.904000E1	5.540916E1	-1.226599E2
2.906000E1	5.589992E1	-1.227086E2
2.908000E1	5.606897E1	-1.227664E2
2.910000E1	5.617822E1	-1.227930E2
2.912000E1	5.616769E1	-1.228020E2
2.914000E1	5.684680E1	-1.225883E2
2.916000E1	5.814029E1	-1.224621E2
2.918000E1	5.951027E1	-1.222926E2
2.920000E1	6.078444E1	-1.219512E2
2.922000E1	6.180068E1	-1.215449E2
2.924000E1	6.235601E1	-1.214992E2
2.926000E1	6.254967E1	-1.216825E2
2.928000E1	6.255785E1	-1.221605E2
2.930000E1	6.264568E1	-1.221490E2
2.932000E1	6.265962E1	-1.221080E2
2.934000E1	6.282917E1	-1.220894E2
2.936000E1	6.345261E1	-1.218148E2
2.938000E1	6.370516E1	-1.215300E2
2.940000E1	6.407312E1	-1.213509E2
2.942000E1	6.426175E1	-1.211442E2
2.944000E1	6.473801E1	-1.210932E2
2.946000E1	6.481604E1	-1.211511E2
2.948000E1	6.480294E1	-1.210981E2
2.950000E1	6.479225E1	-1.210713E2
2.952000E1	6.482211E1	-1.210155E2
2.954000E1	6.522056E1	-1.208436E2
2.956000E1	6.510501E1	-1.204249E2
2.958000E1	6.516786E1	-1.203501E2
2.960000E1	6.529306E1	-1.201701E2
2.962000E1	6.539376E1	-1.200687E2
2.964000E1	6.565694E1	-1.199332E2
2.966000E1	6.582571E1	-1.198213E2
2.968000E1	6.584150E1	-1.198005E2
2.970000E1	6.602954E1	-1.195851E2
2.972000E1	6.617539E1	-1.192832E2
2.974000E1	6.661884E1	-1.188025E2
2.976000E1	6.761639E1	-1.179604E2
2.978000E1	6.924481E1	-1.170756E2
2.980000E1	7.083235E1	-1.165097E2
2.982000E1	7.125793E1	-1.165425E2
2.984000E1	7.125326E1	-1.167026E2
2.986000E1	7.121549E1	-1.167525E2
2.988000E1	7.120471E1	-1.166958E2
2.990000E1	7.118390E1	-1.166919E2
2.992000E1	7.127023E1	-1.166837E2
2.994000E1	7.162956E1	-1.166649E2
2.996000E1	7.207342E1	-1.168393E2
2.998000E1	7.255474E1	-1.168146E2
3.000000E1	7.289761E1	-1.164508E2
3.002000E1	7.321739E1	-1.160567E2
3.004000E1	7.363299E1	-1.160014E2
3.006000E1	7.376172E1	-1.162182E2
3.008000E1	7.400149E1	-1.164898E2
3.010000E1	7.455588E1	-1.165103E2
3.012000E1	7.493760E1	-1.166446E2
3.014000E1	7.496722E1	-1.166448E2
3.016000E1	7.514720E1	-1.166640E2
3.018000E1	7.586539E1	-1.166295E2
3.020000E1	7.682277E1	-1.164429E2
3.022000E1	7.776165E1	-1.159452E2
3.024000E1	7.835508E1	-1.157104E2
3.026000E1	7.846172E1	-1.153143E2
3.028000E1	7.876218E1	-1.151166E2
3.030000E1	7.946960E1	-1.146341E2
3.032000E1	7.989837E1	-1.146291E2
3.034000E1	7.984387E1	-1.148380E2
3.036000E1	7.987121E1	-1.148630E2
3.038000E1	8.026193E1	-1.148163E2
3.040000E1	8.028289E1	-1.147951E2
3.042000E1	8.038788E1	-1.147619E2
3.044000E1	8.035781E1	-1.146787E2
3.046000E1	8.038233E1	-1.144993E2
3.048000E1	8.083654E1	-1.138863E2
3.050000E1	8.117456E1	-1.133566E2
3.052000E1	8.143897E1	-1.131338E2
3.054000E1	8.146994E1	-1.130356E2
3.056000E1	8.149469E1	-1.130218E2
3.058000E1	8.182904E1	-1.129429E2
3.060000E1	8.184157E1	-1.128078E2
3.062000E1	8.186699E1	-1.127049E2
3.064000E1	8.203415E1	-1.124429E2
3.066000E1	8.217262E1	-1.122828E2
3.068000E1	8.232953E1	-1.119522E2
3.070000E1	8.269510E1	-1.116752E2
3.072000E1	8.299398E1	-1.114555E2
3.074000E1	8.339012E1	-1.112953E2
3.076000E1	8.379195E1	-1.111935E2
3.078000E1	8.377019E1	-1.111643E2
3.080000E1	8.386078E1	-1.110344E2
3.082000E1	8.469646E1	-1.104602E2
3.084000E1	8.610743E1	-1.095337E2
3.086000E1	8.758337E1	-1.084476E2
3.088000E1	8.861480E1	-1.082351E2
3.090000E1	8.874396E1	-1.082640E2
3.092000E1	8.873116E1	-1.082986E2
3.094000E1	8.865230E1	-1.083016E2
3.096000E1	8.831469E1	-1.084172E2
3.098000E1	8.826962E1	-1.084765E2
3.100000E1	8.862788E1	-1.084984E2
3.102000E1	8.920196E1	-1.084806E2
3.104000E1	8.965752E1	-1.084582E2
3.106000E1	8.989131E1	-1.081920E2
3.108000E1	9.034714E1	-1.078311E2
3.110000E1	9.088686E1	-1.077052E2
3.112000E1	9.136930E1	-1.077734E2
3.114000E1	9.141542E1	-1.078716E2
3.116000E1	9.152884E1	-1.078621E2
3.118000E1	9.156939E1	-1.077845E2
3.120000E1	9.156272E1	-1.078813E2
3.122000E1	9.161292E1	-1.078112E2
3.124000E1	9.201510E1	-1.077855E2
3.126000E1	9.233110E1	-1.077062E2
3.128000E1	9.242381E1	-1.077031E2
3.130000E1	9.286776E1	-1.076666E2
3.132000E1	9.294117E1	-1.075996E2
3.134000E1	9.309303E1	-1.070895E2
3.136000E1	9.345818E1	-1.064570E2
3.138000E1	9.355588E1	-1.061474E2
3.140000E1	9.356278E1	-1.061434E2
3.142000E1	9.359064E1	-1.062141E2
3.144000E1	9.357245E1	-1.062295E2
3.146000E1	9.399718E1	-1.061409E2
3.148000E1	9.449499E1	-1.060096E2
3.150000E1	9.486868E1	-1.058973E2
3.152000E1	9.483281E1	-1.057277E2
3.154000E1	9.481028E1	-1.056715E2
3.156000E1	9.485587E1	-1.051236E2
3.158000E1	9.525162E1	-1.045044E2
3.160000E1	9.578419E1	-1.041874E2
3.162000E1	9.589054E1	-1.039358E2
3.164000E1	9.574816E1	-1.039169E2
3.166000E1	9.631531E1	-1.038760E2
3.168000E1	9.681034E1	-1.038059E2
3.170000E1	9.683177E1	-1.038427E2
3.172000E1	9.678859E1	-1.035962E2
3.174000E1	9.724597E1	-1.034316E2
3.176000E1	9.777570E1	-1.030513E2
3.178000E1	9.805197E1	-1.028993E2
3.180000E1	9.828553E1	-1.028022E2
3.182000E1	9.860058E1	-1.026508E2
3.184000E1	9.870945E1	-1.025688E2
3.186000E1	9.874039E1	-1.025113E2
3.188000E1	9.871395E1	-1.023984E2
3.190000E1	9.901891E1	-1.018353E2
3.192000E1	9.990962E1	-1.011112E2
3.194000E1	1.014118E2	-1.001564E2
3.196000E1	1.029787E2	-9.878774E1
3.198000E1	1.035454E2	-9.862976E1
3.200000E1	1.033620E2	-9.885208E1
3.202000E1	1.032355E2	-9.923009E1
3.204000E1	1.031903E2	-9.952367E1
3.206000E1	1.027012E2	-9.969620E1
3.208000E1	1.027992E2	-9.959692E1
3.210000E1	1.032103E2	-9.933604E1
3.212000E1	1.034928E2	-9.928934E1
3.214000E1	1.035760E2	-9.919893E1
3.216000E1	1.039135E2	-9.878562E1
3.218000E1	1.043092E2	-9.811949E1
3.220000E1	1.046527E2	-9.796520E1
3.222000E1	1.047643E2	-9.812689E1
3.224000E1	1.047108E2	-9.818862E1
3.226000E1	1.046106E2	-9.814023E1
3.228000E1	1.047289E2	-9.813923E1
3.230000E1	1.047113E2	-9.817124E1
3.232000E1	1.046192E2	-9.822235E1
3.234000E1	1.046086E2	-9.809255E1
3.236000E1	1.048932E2	-9.793006E1
3.238000E1	1.051410E2	-9.731126E1
3.240000E1	1.055970E2	-9.681351E1
3.242000E1	1.062281E2	-9.624294E1
3.244000E1	1.069634E2	-9.561054E1
3.246000E1	1.074338E2	-9.532328E1
3.248000E1	1.075147E2	-9.525644E1
3.250000E1	1.076047E2	-9.531811E1
3.252000E1	1.077234E2	-9.529137E1
3.254000E1	1.081543E2	-9.504405E1
3.256000E1	1.087012E2	-9.473330E1
3.258000E1	1.091808E2	-9.425266E1
3.260000E1	1.093397E2	-9.416307E1
3.262000E1	1.093708E2	-9.415732E1
3.264000E1	1.094942E2	-9.385728E1
3.266000E1	1.098245E2	-9.330874E1
3.268000E1	1.099461E2	-9.313724E1
3.270000E1	1.100428E2	-9.311101E1
3.272000E1	1.105136E2	-9.308360E1
3.274000E1	1.105250E2	-9.297373E1
3.276000E1	1.108069E2	-9.285530E1
3.278000E1	1.108309E2	-9.275992E1
3.280000E1	1.103716E2	-9.265367E1
3.282000E1	1.108009E2	-9.246487E1
3.284000E1	1.118231E2	-9.188566E1
3.286000E1	1.123879E2	-9.167052E1
3.288000E1	1.128310E2	-9.153272E1
3.290000E1	1.128435E2	-9.135565E1
3.292000E1	1.128913E2	-9.114888E1
3.294000E1	1.130433E2	-9.090180E1
3.296000E1	1.134784E2	-9.041106E1
3.298000E1	1.136751E2	-9.018561E1
3.300000E1	1.137452E2	-8.991442E1
3.302000E1	1.141749E2	-8.911244E1
3.304000E1	1.149386E2	-8.797301E1
3.306000E1	1.158154E2	-8.662616E1
3.308000E1	1.158205E2	-8.660156E1
3.310000E1	1.157761E2	-8.671319E1
3.312000E1	1.157318E2	-8.677825E1
3.314000E1	1.161269E2	-8.690909E1
3.316000E1	1.161473E2	-8.691918E1
3.318000E1	1.160898E2	-8.696550E1
3.320000E1	1.162038E2	-8.686952E1
3.322000E1	1.163892E2	-8.670900E1
3.324000E1	1.163579E2	-8.667153E1
3.326000E1	1.163930E2	-8.614551E1
3.328000E1	1.166728E2	-8.555633E1
3.330000E1	1.167246E2	-8.544639E1
3.332000E1	1.167567E2	-8.550397E1
3.334000E1	1.167788E2	-8.554777E1
3.336000E1	1.167770E2	-8.549626E1
3.338000E1	1.168289E2	-8.551601E1
3.340000E1	1.168355E2	-8.556024E1
3.342000E1	1.168433E2	-8.552115E1
3.344000E1	1.168243E2	-8.543702E1
3.346000E1	1.169639E2	-8.519801E1
3.348000E1	1.174081E2	-8.439722E1
3.350000E1	1.184114E2	-8.361375E1
3.352000E1	1.193155E2	-8.279760E1
3.354000E1	1.198082E2	-8.202210E1
3.356000E1	1.202565E2	-8.172633E1
3.358000E1	1.206275E2	-8.168499E1
3.360000E1	1.206331E2	-8.178795E1
3.362000E1	1.211128E2	-8.173957E1
3.364000E1	1.217814E2	-8.136374E1
3.366000E1	1.220783E2	-8.123590E1
3.368000E1	1.222053E2	-8.110934E1
3.370000E1	1.219350E2	-8.095333E1
3.372000E1	1.217812E2	-8.086768E1
3.374000E1	1.223153E2	-8.014943E1
3.376000E1	1.226961E2	-7.954498E1
3.378000E1	1.231418E2	-7.940429E1
3.380000E1	1.231172E2	-7.933423E1
3.382000E1	1.226656E2	-7.940285E1
3.384000E1	1.231335E2	-7.911948E1
3.386000E1	1.236065E2	-7.864491E1
3.388000E1	1.239145E2	-7.867712E1
3.390000E1	1.236712E2	-7.854568E1
3.392000E1	1.236397E2	-7.856195E1
3.394000E1	1.237469E2	-7.830781E1
3.396000E1	1.239447E2	-7.799965E1
3.398000E1	1.241224E2	-7.758169E1
3.400000E1	1.242033E2	-7.726933E1
3.402000E1	1.242483E2	-7.710740E1
3.404000E1	1.245460E2	-7.678831E1
3.406000E1	1.247336E2	-7.664601E1
3.408000E1	1.245964E2	-7.664144E1
3.410000E1	1.246355E2	-7.586914E1
3.412000E1	1.251631E2	-7.437459E1
3.414000E1	1.258838E2	-7.292824E1
3.416000E1	1.259919E2	-7.266526E1
3.418000E1	1.259222E2	-7.273787E1
3.420000E1	1.259118E2	-7.290595E1
3.422000E1	1.259156E2	-7.299544E1
3.424000E1	1.259105E2	-7.307077E1
3.426000E1	1.259364E2	-7.303162E1
3.428000E1	1.259587E2	-7.300019E1
3.430000E1	1.264314E2	-7.295693E1
3.432000E1	1.264704E2	-7.294658E1
3.434000E1	1.264543E2	-7.262557E1
3.436000E1	1.265410E2	-7.176615E1
3.438000E1	1.270370E2	-7.122944E1
3.440000E1	1.275384E2	-7.106755E1
3.442000E1	1.277937E2	-7.079883E1
3.444000E1	1.278519E2	-7.059111E1
3.446000E1	1.282246E2	-7.032267E1
3.448000E1	1.289890E2	-7.014667E1
3.450000E1	1.290857E2	-6.999084E1
3.452000E1	1.290719E2	-6.985355E1
3.454000E1	1.294260E2	-6.962220E1
3.456000E1	1.299576E2	-6.903262E1
3.458000E1	1.303620E2	-6.866700E1
3.460000E1	1.307914E2	-6.804753E1
3.462000E1	1.309101E2	-6.762850E1
3.464000E1	1.309235E2	-6.698615E1
3.466000E1	1.313765E2	-6.625676E1
3.468000E1	1.318638E2	-6.623613E1
3.470000E1	1.323509E2	-6.620839E1
3.472000E1	1.324936E2	-6.609838E1
3.474000E1	1.326593E2	-6.607572E1
3.476000E1	1.330526E2	-6.589094E1
3.478000E1	1.332122E2	-6.548559E1
3.480000E1	1.332360E2	-6.534459E1
3.482000E1	1.332386E2	-6.511785E1
3.484000E1	1.331377E2	-6.461537E1
3.486000E1	1.332964E2	-6.405651E1
3.488000E1	1.335197E2	-6.379689E1
3.490000E1	1.334236E2	-6.369552E1
3.492000E1	1.333918E2	-6.365834E1
3.494000E1	1.335873E2	-6.343836E1
3.496000E1	1.339003E2	-6.309001E1
3.498000E1	1.338102E2	-6.307160E1
3.500000E1	1.336458E2	-6.308576E1
3.502000E1	1.337395E2	-6.297258E1
3.504000E1	1.338290E2	-6.254690E1
3.506000E1	1.337942E2	-6.249625E1
3.508000E1	1.335326E2	-6.199555E1
3.510000E1	1.334638E2	-6.144160E1
3.512000E1	1.334695E2	-6.120365E1
3.514000E1	1.334649E2	-6.086727E1
3.516000E1	1.333793E2	-6.066465E1
3.518000E1	1.334318E2	-6.006406E1
3.520000E1	1.338879E2	-5.923950E1
3.522000E1	1.346679E2	-5.738212E1
3.524000E1	1.354724E2	-5.571202E1
3.526000E1	1.356023E2	-5.537391E1
3.528000E1	1.356901E2	-5.563744E1
3.530000E1	1.357549E2	-5.560644E1
3.532000E1	1.358141E2	-5.554636E1
3.534000E1	1.358039E2	-5.552129E1
3.536000E1	1.359100E2	-5.536295E1
3.538000E1	1.363700E2	-5.476000E1
3.540000E1	1.371031E2	-5.432222E1
3.542000E1	1.371764E2	-5.419464E1
3.544000E1	1.372826E2	-5.392995E1
3.546000E1	1.375296E2	-5.346501E1
3.548000E1	1.376346E2	-5.313965E1
3.550000E1	1.377469E2	-5.301389E1
3.552000E1	1.377357E2	-5.289233E1
3.554000E1	1.379972E2	-5.264718E1
3.556000E1	1.383611E2	-5.255133E1
3.558000E1	1.387300E2	-5.241434E1
3.560000E1	1.390280E2	-5.220991E1
3.562000E1	1.393443E2	-5.163942E1
3.564000E1	1.395120E2	-5.125104E1
3.566000E1	1.399655E2	-5.052082E1
3.568000E1	1.404936E2	-4.967492E1
3.570000E1	1.409797E2	-4.881647E1
3.572000E1	1.411014E2	-4.782644E1
3.574000E1	1.410451E2	-4.748471E1
3.576000E1	1.410449E2	-4.751766E1
3.578000E1	1.410760E2	-4.753203E1
3.580000E1	1.414760E2	-4.738723E1
3.582000E1	1.415924E2	-4.723068E1
3.584000E1	1.416826E2	-4.700614E1
3.586000E1	1.418611E2	-4.688252E1
3.588000E1	1.421079E2	-4.663421E1
3.590000E1	1.419424E2	-4.634936E1
3.592000E1	1.419151E2	-4.621520E1
3.594000E1	1.417406E2	-4.583365E1
3.596000E1	1.416211E2	-4.524381E1
3.598000E1	1.416347E2	-4.517172E1
3.600000E1	1.415656E2	-4.501152E1
3.602000E1	1.414748E2	-4.479444E1
3.604000E1	1.415869E2	-4.435095E1
3.606000E1	1.416073E2	-4.426881E1
3.608000E1	1.415996E2	-4.414134E1
3.610000E1	1.414410E2	-4.396338E1
3.612000E1	1.416158E2	-4.375736E1
3.614000E1	1.416199E2	-4.341200E1
3.616000E1	1.416213E2	-4.286588E1
3.618000E1	1.415622E2	-4.242928E1
3.620000E1	1.415404E2	-4.197925E1
3.622000E1	1.416137E2	-4.189653E1
3.624000E1	1.416472E2	-4.180397E1
3.626000E1	1.418683E2	-4.155357E1
3.628000E1	1.419752E2	-4.075942E1
3.630000E1	1.427037E2	-3.883989E1
3.632000E1	1.434034E2	-3.686682E1
3.634000E1	1.435509E2	-3.615147E1
3.636000E1	1.438286E2	-3.640029E1
3.638000E1	1.439814E2	-3.649454E1
3.640000E1	1.439724E2	-3.647614E1
3.642000E1	1.439835E2	-3.647721E1
3.644000E1	1.439754E2	-3.648012E1
3.646000E1	1.439923E2	-3.637891E1
3.648000E1	1.444794E2	-3.603004E1
3.650000E1	1.449756E2	-3.579037E1
3.652000E1	1.450371E2	-3.518250E1
3.654000E1	1.451363E2	-3.440234E1
3.656000E1	1.451726E2	-3.384671E1
3.658000E1	1.454474E2	-3.382420E1
3.660000E1	1.459234E2	-3.377203E1
3.662000E1	1.461655E2	-3.371049E1
3.664000E1	1.462362E2	-3.347002E1
3.666000E1	1.462992E2	-3.352793E1
3.668000E1	1.463188E2	-3.360757E1
3.670000E1	1.463497E2	-3.352724E1
3.672000E1	1.464556E2	-3.319328E1
3.674000E1	1.465558E2	-3.249671E1
3.676000E1	1.466723E2	-3.226199E1
3.678000E1	1.468503E2	-3.170666E1
3.680000E1	1.468360E2	-3.158961E1
3.682000E1	1.467637E2	-3.131950E1
3.684000E1	1.467554E2	-3.126944E1
3.686000E1	1.468066E2	-3.134328E1
3.688000E1	1.470715E2	-3.114388E1
3.690000E1	1.469846E2	-3.119310E1
3.692000E1	1.469853E2	-3.105859E1
3.694000E1	1.471894E2	-3.065239E1
3.696000E1	1.473084E2	-3.035245E1
3.698000E1	1.472964E2	-3.015468E1
3.700000E1	1.472663E2	-2.990056E1
3.702000E1	1.470321E2	-2.959445E1
3.704000E1	1.469558E2	-2.889100E1
3.706000E1	1.470359E2	-2.841254E1
3.708000E1	1.469537E2	-2.825476E1
3.710000E1	1.466269E2	-2.795512E1
3.712000E1	1.465852E2	-2.773948E1
3.714000E1	1.468889E2	-2.714451E1
3.716000E1	1.472044E2	-2.688769E1
3.718000E1	1.470007E2	-2.680839E1
3.720000E1	1.471636E2	-2.658616E1
3.722000E1	1.474504E2	-2.570596E1
3.724000E1	1.476041E2	-2.494115E1
3.726000E1	1.475287E2	-2.480313E1
3.728000E1	1.476729E2	-2.462136E1
3.730000E1	1.479309E2	-2.434435E1
3.732000E1	1.479231E2	-2.434434E1
3.734000E1	1.478970E2	-2.435590E1
3.736000E1	1.478373E2	-2.431353E1
3.738000E1	1.477579E2	-2.336743E1
3.740000E1	1.481541E2	-2.123913E1
3.742000E1	1.485626E2	-1.953823E1
3.744000E1	1.488526E2	-1.865906E1
3.746000E1	1.488794E2	-1.862188E1
3.748000E1	1.489759E2	-1.878209E1
3.750000E1	1.491180E2	-1.912019E1
3.752000E1	1.492908E2	-1.913111E1
3.754000E1	1.493624E2	-1.909909E1
3.756000E1	1.494132E2	-1.863246E1
3.758000E1	1.496834E2	-1.842804E1
3.760000E1	1.497265E2	-1.847869E1
3.762000E1	1.496358E2	-1.802538E1
3.764000E1	1.496131E2	-1.723544E1
3.766000E1	1.497207E2	-1.690743E1
3.768000E1	1.498250E2	-1.693772E1
3.770000E1	1.498897E2	-1.698270E1
3.772000E1	1.498161E2	-1.693410E1
3.774000E1	1.498031E2	-1.697287E1
3.776000E1	1.498318E2	-1.696120E1
3.778000E1	1.498498E2	-1.697929E1
3.780000E1	1.498359E2	-1.703837E1
3.782000E1	1.498200E2	-1.694131E1
3.784000E1	1.497321E2	-1.661746E1
3.786000E1	1.497128E2	-1.582498E1
3.788000E1	1.497262E2	-1.503213E1
3.790000E1	1.497597E2	-1.414623E1
3.792000E1	1.497822E2	-1.331242E1
3.794000E1	1.498938E2	-1.292337E1
3.796000E1	1.500680E2	-1.291308E1
3.798000E1	1.503168E2	-1.281987E1
3.800000E1	1.502986E2	-1.265139E1
3.802000E1	1.503187E2	-1.187608E1
3.804000E1	1.503355E2	-1.126539E1
3.806000E1	1.503116E2	-1.081720E1
3.808000E1	1.503223E2	-1.068482E1
3.810000E1	1.503583E2	-1.048306E1
3.812000E1	1.502219E2	-1.000893E1
3.814000E1	1.502945E2	-9.335119E0
3.816000E1	1.503280E2	-9.326054E0
3.818000E1	1.502978E2	-9.395634E0
3.820000E1	1.503521E2	-9.265419E0
3.822000E1	1.506414E2	-8.753395E0
3.824000E1	1.507161E2	-8.673017E0
3.826000E1	1.506945E2	-8.512231E0
3.828000E1	1.503246E2	-8.491596E0
3.830000E1	1.504806E2	-8.105396E0
3.832000E1	1.509076E2	-7.194794E0
3.834000E1	1.510230E2	-6.414288E0
3.836000E1	1.511964E2	-5.955480E0
3.838000E1	1.511983E2	-5.833917E0
3.840000E1	1.511498E2	-5.767267E0
3.842000E1	1.510551E2	-5.355118E0
3.844000E1	1.511937E2	-4.706557E0
3.846000E1	1.512518E2	-4.289456E0
3.848000E1	1.511687E2	-3.679111E0
3.850000E1	1.507448E2	-2.747374E0
3.852000E1	1.505831E2	-1.451425E0
3.854000E1	1.503735E2	-4.481585E-1
3.856000E1	1.503812E2	-4.088118E-1
3.858000E1	1.505942E2	-6.447064E-1
3.860000E1	1.506269E2	-6.538176E-1
3.862000E1	1.508021E2	-4.180191E-1
3.864000E1	1.508556E2	-2.367902E-1
3.866000E1	1.508653E2	-1.875708E-1
3.868000E1	1.508146E2	-1.122279E-1
3.870000E1	1.508251E2	-2.811178E-2
3.872000E1	1.507836E2	1.025276E-1
3.874000E1	1.504220E2	6.074439E-1
3.876000E1	1.502081E2	1.208208E0
3.878000E1	1.502486E2	1.299966E0
3.880000E1	1.502741E2	1.344111E0
3.882000E1	1.502836E2	1.368900E0
3.884000E1	1.502943E2	1.447491E0
3.886000E1	1.503404E2	1.482001E0
3.888000E1	1.503576E2	1.492504E0
3.890000E1	1.504501E2	1.625374E0
3.892000E1	1.503570E2	1.688824E0
3.894000E1	1.500757E2	2.392177E0
3.896000E1	1.499323E2	3.484301E0
3.898000E1	1.499489E2	4.933390E0
3.900000E1	1.501147E2	6.130188E0
3.902000E1	1.501359E2	6.769432E0
3.904000E1	1.502297E2	7.002422E0
3.906000E1	1.505282E2	7.164394E0
3.908000E1	1.506695E2	7.078098E0
3.910000E1	1.508272E2	7.395935E0
3.912000E1	1.512064E2	8.160452E0
3.914000E1	1.512556E2	8.533031E0
3.916000E1	1.512722E2	8.675154E0
3.918000E1	1.511073E2	8.779133E0
3.920000E1	1.507823E2	8.678693E0
3.922000E1	1.507932E2	9.338353E0
3.924000E1	1.507150E2	1.021101E1
3.926000E1	1.507725E2	1.084043E1
3.928000E1	1.507915E2	1.076669E1
3.930000E1	1.507122E2	1.025921E1
3.932000E1	1.507254E2	1.069033E1
3.934000E1	1.508132E2	1.138553E1
3.936000E1	1.509222E2	1.161157E1
3.938000E1	1.507881E2	1.171889E1
3.940000E1	1.507514E2	1.172514E1
3.942000E1	1.506341E2	1.205382E1
3.944000E1	1.505899E2	1.226533E1
3.946000E1	1.503864E2	1.268854E1
3.948000E1	1.502199E2	1.310333E1
3.950000E1	1.501684E2	1.331799E1
3.952000E1	1.500757E2	1.373328E1
3.954000E1	1.502270E2	1.402891E1
3.956000E1	1.501274E2	1.405898E1
3.958000E1	1.497043E2	1.459318E1
3.960000E1	1.489213E2	1.598150E1
3.962000E1	1.483910E2	1.733795E1
3.964000E1	1.483471E2	1.745722E1
3.966000E1	1.483617E2	1.735325E1
3.968000E1	1.483620E2	1.727629E1
3.970000E1	1.483635E2	1.715876E1
3.972000E1	1.485285E2	1.703550E1
3.974000E1	1.484702E2	1.707838E1
3.976000E1	1.484039E2	1.712942E1
3.978000E1	1.485745E2	1.724820E1
3.980000E1	1.486652E2	1.742661E1
3.982000E1	1.484559E2	1.758631E1
3.984000E1	1.479932E2	1.829624E1
3.986000E1	1.479162E2	1.903483E1
3.988000E1	1.481255E2	1.942851E1
3.990000E1	1.481482E2	1.970301E1
3.992000E1	1.479971E2	1.996196E1
3.994000E1	1.480480E2	2.045496E1
3.996000E1	1.483782E2	2.090555E1
3.998000E1	1.484790E2	2.113336E1
4.000000E1	1.483050E2	2.131179E1
4.002000E1	1.483010E2	2.169085E1
4.004000E1	1.483264E2	2.256705E1
4.006000E1	1.483513E2	2.325773E1
4.008000E1	1.483344E2	2.395614E1
4.010000E1	1.481795E2	2.429326E1
4.012000E1	1.477654E2	2.466908E1
4.014000E1	1.476906E2	2.541261E1
4.016000E1	1.479481E2	2.567714E1
4.018000E1	1.484275E2	2.599625E1
4.020000E1	1.484439E2	2.625664E1
4.022000E1	1.484429E2	2.643516E1
4.024000E1	1.485416E2	2.683361E1
4.026000E1	1.484794E2	2.728724E1
4.028000E1	1.483107E2	2.744903E1
4.030000E1	1.481785E2	2.769136E1
4.032000E1	1.477712E2	2.793027E1
4.034000E1	1.474129E2	2.842783E1
4.036000E1	1.473511E2	2.875749E1
4.038000E1	1.473396E2	2.877634E1
4.040000E1	1.473121E2	2.882696E1
4.042000E1	1.473491E2	2.909307E1
4.044000E1	1.472850E2	2.954596E1
4.046000E1	1.472357E2	2.959897E1
4.048000E1	1.471790E2	2.959952E1
4.050000E1	1.471432E2	2.970015E1
4.052000E1	1.468272E2	3.003614E1
4.054000E1	1.467566E2	3.004582E1
4.056000E1	1.463930E2	3.014289E1
4.058000E1	1.459826E2	3.042823E1
4.060000E1	1.458110E2	3.082593E1
4.062000E1	1.455145E2	3.104857E1
4.064000E1	1.452707E2	3.120889E1
4.066000E1	1.451926E2	3.136604E1
4.068000E1	1.447456E2	3.227240E1
4.070000E1	1.442746E2	3.398850E1
4.072000E1	1.435794E2	3.582689E1
4.074000E1	1.432246E2	3.649367E1
4.076000E1	1.435144E2	3.640334E1
4.078000E1	1.435117E2	3.637881E1
4.080000E1	1.434904E2	3.639390E1
4.082000E1	1.435045E2	3.639106E1
4.084000E1	1.435002E2	3.649524E1
4.086000E1	1.434478E2	3.702677E1
4.088000E1	1.434676E2	3.785317E1
4.090000E1	1.435449E2	3.827198E1
4.092000E1	1.433356E2	3.846385E1
4.094000E1	1.433121E2	3.899857E1
4.096000E1	1.432817E2	3.905534E1
4.098000E1	1.433749E2	3.950263E1
4.100000E1	1.433092E2	3.950409E1
4.102000E1	1.432365E2	3.962963E1
4.104000E1	1.433057E2	3.983797E1
4.106000E1	1.435329E2	4.018579E1
4.108000E1	1.436572E2	4.053871E1
4.110000E1	1.437328E2	4.109683E1
4.112000E1	1.435355E2	4.132888E1
4.114000E1	1.432692E2	4.206716E1
4.116000E1	1.430007E2	4.303952E1
4.118000E1	1.428354E2	4.407067E1
4.120000E1	1.424249E2	4.501677E1
4.122000E1	1.420317E2	4.550458E1
4.124000E1	1.415955E2	4.554640E1
4.126000E1	1.416336E2	4.557158E1
4.128000E1	1.418809E2	4.587058E1
4.130000E1	1.419921E2	4.615208E1
4.132000E1	1.419404E2	4.638597E1
4.134000E1	1.419489E2	4.658512E1
4.136000E1	1.419971E2	4.681103E1
4.138000E1	1.418957E2	4.704257E1
4.140000E1	1.417695E2	4.703733E1
4.142000E1	1.412406E2	4.711910E1
4.144000E1	1.406864E2	4.742006E1
4.146000E1	1.405559E2	4.768240E1
4.148000E1	1.404754E2	4.770797E1
4.150000E1	1.400679E2	4.772137E1
4.152000E1	1.399467E2	4.800141E1
4.154000E1	1.398457E2	4.834637E1
4.156000E1	1.398145E2	4.843931E1
4.158000E1	1.396221E2	4.845184E1
4.160000E1	1.393974E2	4.861081E1
4.162000E1	1.392670E2	4.889526E1
4.164000E1	1.390898E2	4.905280E1
4.166000E1	1.386461E2	4.947822E1
4.168000E1	1.382956E2	4.962401E1
4.170000E1	1.381400E2	4.983263E1
4.172000E1	1.381440E2	5.011134E1
4.174000E1	1.381169E2	5.033117E1
4.176000E1	1.378978E2	5.063831E1
4.178000E1	1.372719E2	5.174674E1
4.180000E1	1.363159E2	5.378728E1
4.182000E1	1.356007E2	5.496193E1
4.184000E1	1.356695E2	5.516404E1
4.186000E1	1.361346E2	5.520916E1
4.188000E1	1.361286E2	5.525700E1
4.190000E1	1.361152E2	5.527259E1
4.192000E1	1.361300E2	5.523716E1
4.194000E1	1.361709E2	5.531547E1
4.196000E1	1.361571E2	5.572448E1
4.198000E1	1.362747E2	5.630672E1
4.200000E1	1.362241E2	5.675000E1
4.202000E1	1.358626E2	5.727439E1
4.204000E1	1.354325E2	5.774333E1
4.206000E1	1.352145E2	5.814689E1
4.208000E1	1.355606E2	5.837513E1
4.210000E1	1.358326E2	5.866549E1
4.212000E1	1.358014E2	5.891758E1
4.214000E1	1.357665E2	5.885997E1
4.216000E1	1.357853E2	5.878740E1
4.218000E1	1.357696E2	5.877525E1
4.220000E1	1.357296E2	5.899074E1
4.222000E1	1.355475E2	5.953938E1
4.224000E1	1.352401E2	5.991081E1
4.226000E1	1.351173E2	6.018351E1
4.228000E1	1.351701E2	6.049649E1
4.230000E1	1.351794E2	6.043454E1
4.232000E1	1.348104E2	6.050430E1
4.234000E1	1.347062E2	6.062279E1
4.236000E1	1.348280E2	6.077001E1
4.238000E1	1.348971E2	6.074223E1
4.240000E1	1.348375E2	6.076057E1
4.242000E1	1.346665E2	6.106270E1
4.244000E1	1.345541E2	6.162014E1
4.246000E1	1.344382E2	6.190422E1
4.248000E1	1.342726E2	6.196221E1
4.250000E1	1.339970E2	6.202122E1
4.252000E1	1.335227E2	6.213063E1
4.254000E1	1.330744E2	6.252262E1
4.256000E1	1.326815E2	6.304657E1
4.258000E1	1.323861E2	6.307593E1
4.260000E1	1.322967E2	6.302436E1
4.262000E1	1.321752E2	6.340766E1
4.264000E1	1.321805E2	6.409232E1
4.266000E1	1.322243E2	6.417807E1
4.268000E1	1.319905E2	6.408125E1
4.270000E1	1.318641E2	6.445752E1
4.272000E1	1.313862E2	6.525252E1
4.274000E1	1.311605E2	6.550842E1
4.276000E1	1.311613E2	6.566259E1
4.278000E1	1.311485E2	6.602195E1
4.280000E1	1.312012E2	6.625937E1
4.282000E1	1.311798E2	6.619482E1
4.284000E1	1.312224E2	6.607674E1
4.286000E1	1.308896E2	6.621573E1
4.288000E1	1.303300E2	6.714752E1
4.290000E1	1.293499E2	6.872078E1
4.292000E1	1.283247E2	7.034587E1
4.294000E1	1.278485E2	7.116080E1
4.296000E1	1.279843E2	7.110889E1
4.298000E1	1.284209E2	7.108441E1
4.300000E1	1.288312E2	7.096609E1
4.302000E1	1.289379E2	7.074676E1
4.304000E1	1.289396E2	7.075435E1
4.306000E1	1.286765E2	7.111602E1
4.308000E1	1.284961E2	7.143787E1
4.310000E1	1.285297E2	7.143930E1
4.312000E1	1.283083E2	7.166830E1
4.314000E1	1.278189E2	7.227182E1
4.316000E1	1.274933E2	7.263762E1
4.318000E1	1.274851E2	7.285994E1
4.320000E1	1.277105E2	7.278479E1
4.322000E1	1.274787E2	7.268438E1
4.324000E1	1.273137E2	7.280842E1
4.326000E1	1.274650E2	7.291209E1
4.328000E1	1.274906E2	7.280790E1
4.330000E1	1.274254E2	7.274337E1
4.332000E1	1.270457E2	7.293877E1
4.334000E1	1.266900E2	7.328935E1
4.336000E1	1.261504E2	7.390514E1
4.338000E1	1.255437E2	7.452414E1
4.340000E1	1.249240E2	7.529582E1
4.342000E1	1.243688E2	7.593224E1
4.344000E1	1.239855E2	7.625448E1
4.346000E1	1.240621E2	7.645559E1
4.348000E1	1.241447E2	7.661669E1
4.350000E1	1.240285E2	7.675090E1
4.352000E1	1.236179E2	7.740784E1
4.354000E1	1.232517E2	7.803044E1
4.356000E1	1.229967E2	7.840403E1
4.358000E1	1.229470E2	7.845150E1
4.360000E1	1.228391E2	7.851959E1
4.362000E1	1.222190E2	7.879240E1
4.364000E1	1.220352E2	7.900755E1
4.366000E1	1.219275E2	7.911572E1
4.368000E1	1.219696E2	7.947600E1
4.370000E1	1.219396E2	7.963073E1
4.372000E1	1.219592E2	7.967132E1
4.374000E1	1.217959E2	7.976907E1
4.376000E1	1.216842E2	7.943134E1
4.378000E1	1.214026E2	7.963204E1
4.380000E1	1.211016E2	8.038895E1
4.382000E1	1.206645E2	8.117717E1
4.384000E1	1.205036E2	8.156164E1
4.386000E1	1.202690E2	8.181816E1
4.388000E1	1.201369E2	8.189730E1
4.390000E1	1.197666E2	8.225420E1
4.392000E1	1.193805E2	8.260524E1
4.394000E1	1.191212E2	8.287967E1
4.396000E1	1.187289E2	8.291708E1
4.398000E1	1.182073E2	8.305391E1
4.400000E1	1.171825E2	8.380843E1
4.402000E1	1.159760E2	8.484615E1
4.404000E1	1.155646E2	8.496349E1
4.406000E1	1.157763E2	8.494636E1
4.408000E1	1.157845E2	8.494148E1
4.410000E1	1.158625E2	8.503954E1
4.412000E1	1.158331E2	8.510569E1
4.414000E1	1.158641E2	8.504362E1
4.416000E1	1.158312E2	8.501050E1
4.418000E1	1.155549E2	8.514074E1
4.420000E1	1.155667E2	8.518084E1
4.422000E1	1.153112E2	8.530941E1
4.424000E1	1.148174E2	8.537117E1
4.426000E1	1.144000E2	8.563974E1
4.428000E1	1.143787E2	8.560116E1
4.430000E1	1.143796E2	8.563239E1
4.432000E1	1.143668E2	8.568444E1
4.434000E1	1.143597E2	8.573710E1
4.436000E1	1.143677E2	8.579760E1
4.438000E1	1.143397E2	8.585672E1
4.440000E1	1.143283E2	8.586178E1
4.442000E1	1.140336E2	8.601302E1
4.444000E1	1.134589E2	8.636129E1
4.446000E1	1.126268E2	8.746628E1
4.448000E1	1.117908E2	8.836111E1
4.450000E1	1.112533E2	8.893270E1
4.452000E1	1.107788E2	8.936431E1
4.454000E1	1.105444E2	8.969944E1
4.456000E1	1.106486E2	8.976968E1
4.458000E1	1.108995E2	9.016797E1
4.460000E1	1.105381E2	9.089670E1
4.462000E1	1.103821E2	9.117964E1
4.464000E1	1.103022E2	9.153696E1
4.466000E1	1.100566E2	9.133287E1
4.468000E1	1.100576E2	9.102804E1
4.470000E1	1.095102E2	9.178047E1
