	mass C		
t	x	y	
0.000000E0	1.183405E2	-4.014969E1
2.000000E-2	1.183405E2	-4.014969E1
4.000000E-2	1.183539E2	-3.973439E1
6.000000E-2	1.183639E2	-3.971809E1
8.000000E-2	1.183742E2	-3.972625E1
1.000000E-1	1.187926E2	-3.965307E1
1.200000E-1	1.190586E2	-3.912878E1
1.400000E-1	1.189847E2	-3.901059E1
1.600000E-1	1.189442E2	-3.908252E1
1.800000E-1	1.189221E2	-3.906190E1
2.000000E-1	1.189004E2	-3.866172E1
2.200000E-1	1.187128E2	-3.872989E1
2.400000E-1	1.184939E2	-3.865130E1
2.600000E-1	1.185040E2	-3.860658E1
2.800000E-1	1.184807E2	-3.851030E1
3.000000E-1	1.184626E2	-3.845657E1
3.200000E-1	1.184317E2	-3.836861E1
3.400000E-1	1.184242E2	-3.826002E1
3.600000E-1	1.185303E2	-3.776553E1
3.800000E-1	1.183909E2	-3.677358E1
4.000000E-1	1.178520E2	-3.535129E1
4.200000E-1	1.174082E2	-3.435056E1
4.400000E-1	1.176532E2	-3.372482E1
4.600000E-1	1.182092E2	-3.342073E1
4.800000E-1	1.186224E2	-3.296768E1
5.000000E-1	1.186871E2	-3.291606E1
5.200000E-1	1.186917E2	-3.280933E1
5.400000E-1	1.190087E2	-3.272275E1
5.600000E-1	1.191815E2	-3.210009E1
5.800000E-1	1.194169E2	-3.157208E1
6.000000E-1	1.196506E2	-3.122908E1
6.200000E-1	1.197652E2	-3.054332E1
6.400000E-1	1.197834E2	-3.034236E1
6.600000E-1	1.197396E2	-3.005503E1
6.800000E-1	1.197505E2	-3.000869E1
7.000000E-1	1.198829E2	-2.981661E1
7.200000E-1	1.202619E2	-2.935106E1
7.400000E-1	1.207343E2	-2.874229E1
7.600000E-1	1.210573E2	-2.831961E1
7.800000E-1	1.213718E2	-2.789101E1
8.000000E-1	1.215526E2	-2.747830E1
8.200000E-1	1.218575E2	-2.672136E1
8.400000E-1	1.222804E2	-2.565273E1
8.600000E-1	1.227556E2	-2.432414E1
8.800000E-1	1.228077E2	-2.345283E1
9.000000E-1	1.228012E2	-2.326852E1
9.200000E-1	1.227299E2	-2.311449E1
9.400000E-1	1.226791E2	-2.307382E1
9.600000E-1	1.227018E2	-2.300853E1
9.800000E-1	1.228328E2	-2.256010E1
1.000000E0	1.229356E2	-2.253653E1
1.020000E0	1.230312E2	-2.231477E1
1.040000E0	1.232650E2	-2.199127E1
1.060000E0	1.232440E2	-2.182461E1
1.080000E0	1.232047E2	-2.178498E1
1.100000E0	1.231956E2	-2.175097E1
1.120000E0	1.230506E2	-2.161686E1
1.140000E0	1.227602E2	-2.136246E1
1.160000E0	1.227328E2	-2.121810E1
1.180000E0	1.227504E2	-2.118837E1
1.200000E0	1.227640E2	-2.110854E1
1.220000E0	1.227572E2	-2.093091E1
1.240000E0	1.227471E2	-2.077357E1
1.260000E0	1.227306E2	-2.070916E1
1.280000E0	1.227062E2	-2.053826E1
1.300000E0	1.226909E2	-2.040576E1
1.320000E0	1.226816E2	-2.018283E1
1.340000E0	1.225816E2	-2.005958E1
1.360000E0	1.223920E2	-1.986891E1
1.380000E0	1.224567E2	-1.968018E1
1.400000E0	1.223911E2	-1.919123E1
1.420000E0	1.223700E2	-1.898290E1
1.440000E0	1.224101E2	-1.890144E1
1.460000E0	1.224800E2	-1.830884E1
1.480000E0	1.221009E2	-1.692635E1
1.500000E0	1.216721E2	-1.542549E1
1.520000E0	1.214779E2	-1.408445E1
1.540000E0	1.218060E2	-1.330043E1
1.560000E0	1.219900E2	-1.295815E1
1.580000E0	1.220353E2	-1.296534E1
1.600000E0	1.220566E2	-1.301875E1
1.620000E0	1.224445E2	-1.325252E1
1.640000E0	1.227571E2	-1.329491E1
1.660000E0	1.228034E2	-1.297988E1
1.680000E0	1.228012E2	-1.228245E1
1.700000E0	1.230192E2	-1.203874E1
1.720000E0	1.229629E2	-1.175172E1
1.740000E0	1.230551E2	-1.131683E1
1.760000E0	1.231584E2	-1.071358E1
1.780000E0	1.235793E2	-9.937003E0
1.800000E0	1.240229E2	-9.503548E0
1.820000E0	1.240471E2	-9.456432E0
1.840000E0	1.240769E2	-9.508540E0
1.860000E0	1.241083E2	-9.549841E0
1.880000E0	1.241388E2	-9.519094E0
1.900000E0	1.241584E2	-9.004027E0
1.920000E0	1.242033E2	-8.642326E0
1.940000E0	1.242376E2	-8.152665E0
1.960000E0	1.243479E2	-7.759732E0
1.980000E0	1.243194E2	-7.687623E0
2.000000E0	1.242043E2	-7.573114E0
2.020000E0	1.241857E2	-7.562459E0
2.040000E0	1.241915E2	-7.318714E0
2.060000E0	1.241335E2	-7.219837E0
2.080000E0	1.241478E2	-7.199734E0
2.100000E0	1.241805E2	-6.997068E0
2.120000E0	1.242033E2	-6.390793E0
2.140000E0	1.242769E2	-5.992825E0
2.160000E0	1.241939E2	-5.964371E0
2.180000E0	1.241601E2	-6.000028E0
2.200000E0	1.241548E2	-5.869320E0
2.220000E0	1.242503E2	-5.453185E0
2.240000E0	1.241208E2	-5.114151E0
2.260000E0	1.237064E2	-5.059294E0
2.280000E0	1.237129E2	-5.155086E0
2.300000E0	1.241221E2	-5.045644E0
2.320000E0	1.240777E2	-4.268055E0
2.340000E0	1.241194E2	-3.915243E0
2.360000E0	1.241125E2	-3.852532E0
2.380000E0	1.240621E2	-3.754225E0
2.400000E0	1.240316E2	-2.928332E0
2.420000E0	1.241242E2	-2.362715E0
2.440000E0	1.242215E2	-2.051607E0
2.460000E0	1.242959E2	-1.750537E0
2.480000E0	1.242077E2	-1.236141E0
2.500000E0	1.241593E2	-1.247653E0
2.520000E0	1.241528E2	-1.343740E0
2.540000E0	1.245366E2	-1.347815E0
2.560000E0	1.247433E2	-8.049428E-1
2.580000E0	1.245465E2	2.288796E-1
2.600000E0	1.239137E2	1.406338E0
2.620000E0	1.230476E2	2.727110E0
2.640000E0	1.229418E2	3.570346E0
2.660000E0	1.233849E2	4.413035E0
2.680000E0	1.238381E2	5.065568E0
2.700000E0	1.242820E2	5.014912E0
2.720000E0	1.246736E2	4.544357E0
2.740000E0	1.246568E2	4.517463E0
2.760000E0	1.245471E2	4.697668E0
2.780000E0	1.244634E2	4.882161E0
2.800000E0	1.244715E2	4.916496E0
2.820000E0	1.244276E2	5.115672E0
2.840000E0	1.244923E2	5.869853E0
2.860000E0	1.245327E2	6.105227E0
2.880000E0	1.247007E2	6.390024E0
2.900000E0	1.247414E2	6.437994E0
2.920000E0	1.247141E2	6.512243E0
2.940000E0	1.247348E2	6.671523E0
2.960000E0	1.247029E2	6.613120E0
2.980000E0	1.246653E2	6.456142E0
3.000000E0	1.246518E2	6.463417E0
3.020000E0	1.246286E2	6.584352E0
3.040000E0	1.245295E2	6.933346E0
3.060000E0	1.242660E2	7.425927E0
3.080000E0	1.238213E2	8.228253E0
3.100000E0	1.236993E2	8.980003E0
3.120000E0	1.236952E2	9.627157E0
3.140000E0	1.237146E2	9.723551E0
3.160000E0	1.237776E2	9.946786E0
3.180000E0	1.237556E2	1.003511E1
3.200000E0	1.236630E2	1.045853E1
3.220000E0	1.236542E2	1.120954E1
3.240000E0	1.236567E2	1.184164E1
3.260000E0	1.235533E2	1.194015E1
3.280000E0	1.235464E2	1.189820E1
3.300000E0	1.236166E2	1.213287E1
3.320000E0	1.235206E2	1.272461E1
3.340000E0	1.235312E2	1.288809E1
3.360000E0	1.236166E2	1.304150E1
3.380000E0	1.237481E2	1.375283E1
3.400000E0	1.237353E2	1.378570E1
3.420000E0	1.237114E2	1.380443E1
3.440000E0	1.235470E2	1.385187E1
3.460000E0	1.238151E2	1.369915E1
3.480000E0	1.240428E2	1.426683E1
3.500000E0	1.240591E2	1.505698E1
3.520000E0	1.236870E2	1.596969E1
3.540000E0	1.235766E2	1.636781E1
3.560000E0	1.236043E2	1.644284E1
3.580000E0	1.237694E2	1.668459E1
3.600000E0	1.239948E2	1.736571E1
3.620000E0	1.241094E2	1.794883E1
3.640000E0	1.242854E2	1.850276E1
3.660000E0	1.242707E2	1.853514E1
3.680000E0	1.241244E2	1.871511E1
3.700000E0	1.234773E2	1.924250E1
3.720000E0	1.225730E2	1.991779E1
3.740000E0	1.222433E2	2.045043E1
3.760000E0	1.225442E2	2.063671E1
3.780000E0	1.226896E2	2.083827E1
3.800000E0	1.230820E2	2.112484E1
3.820000E0	1.231549E2	2.120539E1
3.840000E0	1.231691E2	2.114912E1
3.860000E0	1.229828E2	2.118822E1
3.880000E0	1.227403E2	2.129351E1
3.900000E0	1.227158E2	2.121954E1
3.920000E0	1.227095E2	2.118999E1
3.940000E0	1.226414E2	2.120196E1
3.960000E0	1.224359E2	2.137886E1
3.980000E0	1.222824E2	2.152021E1
4.000000E0	1.222483E2	2.153198E1
4.020000E0	1.222103E2	2.168309E1
4.040000E0	1.221837E2	2.167370E1
4.060000E0	1.222187E2	2.166635E1
4.080000E0	1.222250E2	2.168796E1
4.100000E0	1.222067E2	2.165767E1
4.120000E0	1.221441E2	2.163681E1
4.140000E0	1.220919E2	2.207493E1
4.160000E0	1.216956E2	2.285441E1
4.180000E0	1.211880E2	2.387305E1
4.200000E0	1.208327E2	2.469697E1
4.220000E0	1.206667E2	2.533303E1
4.240000E0	1.204683E2	2.592014E1
4.260000E0	1.205602E2	2.606426E1
4.280000E0	1.208286E2	2.656592E1
4.300000E0	1.208275E2	2.736488E1
4.320000E0	1.204466E2	2.798186E1
4.340000E0	1.205040E2	2.818381E1
4.360000E0	1.203118E2	2.822808E1
4.380000E0	1.204412E2	2.796522E1
4.400000E0	1.207154E2	2.860007E1
4.420000E0	1.203833E2	2.965710E1
4.440000E0	1.202979E2	3.015625E1
4.460000E0	1.201087E2	3.044249E1
4.480000E0	1.201955E2	3.038331E1
4.500000E0	1.206653E2	3.033423E1
4.520000E0	1.206860E2	3.109002E1
4.540000E0	1.208209E2	3.172757E1
4.560000E0	1.208165E2	3.211263E1
4.580000E0	1.207990E2	3.203901E1
4.600000E0	1.207168E2	3.217164E1
4.620000E0	1.203689E2	3.221517E1
4.640000E0	1.202983E2	3.244241E1
4.660000E0	1.202090E2	3.268428E1
4.680000E0	1.202320E2	3.287077E1
4.700000E0	1.202064E2	3.324785E1
4.720000E0	1.202279E2	3.348147E1
4.740000E0	1.202785E2	3.355842E1
4.760000E0	1.202903E2	3.362942E1
4.780000E0	1.202474E2	3.367072E1
4.800000E0	1.193145E2	3.442460E1
4.820000E0	1.182414E2	3.517904E1
4.840000E0	1.174912E2	3.547997E1
4.860000E0	1.174683E2	3.576198E1
4.880000E0	1.178646E2	3.593924E1
4.900000E0	1.182847E2	3.601221E1
4.920000E0	1.183873E2	3.611950E1
4.940000E0	1.183752E2	3.611972E1
4.960000E0	1.183621E2	3.612521E1
4.980000E0	1.183412E2	3.627571E1
5.000000E0	1.183155E2	3.652674E1
5.020000E0	1.182412E2	3.657532E1
5.040000E0	1.177830E2	3.670395E1
5.060000E0	1.173282E2	3.718442E1
5.080000E0	1.172111E2	3.747474E1
5.100000E0	1.172416E2	3.801160E1
5.120000E0	1.172726E2	3.814043E1
5.140000E0	1.170357E2	3.863149E1
5.160000E0	1.167479E2	3.940877E1
5.180000E0	1.169089E2	3.988206E1
5.200000E0	1.169582E2	4.007370E1
5.220000E0	1.168349E2	4.053975E1
5.240000E0	1.164316E2	4.117139E1
5.260000E0	1.162610E2	4.150034E1
5.280000E0	1.159326E2	4.199950E1
5.300000E0	1.158934E2	4.217402E1
5.320000E0	1.158498E2	4.285856E1
5.340000E0	1.154736E2	4.356685E1
5.360000E0	1.153109E2	4.414217E1
5.380000E0	1.152483E2	4.492155E1
5.400000E0	1.153014E2	4.526330E1
5.420000E0	1.154510E2	4.574722E1
5.440000E0	1.155464E2	4.648081E1
5.460000E0	1.155060E2	4.698511E1
5.480000E0	1.154433E2	4.705367E1
5.500000E0	1.154725E2	4.713957E1
5.520000E0	1.153657E2	4.721570E1
5.540000E0	1.149136E2	4.732231E1
5.560000E0	1.147746E2	4.767355E1
5.580000E0	1.148169E2	4.774811E1
5.600000E0	1.148438E2	4.776432E1
5.620000E0	1.148798E2	4.790722E1
5.640000E0	1.148667E2	4.845899E1
5.660000E0	1.148016E2	4.859506E1
5.680000E0	1.148251E2	4.860954E1
5.700000E0	1.148194E2	4.862983E1
5.720000E0	1.144489E2	4.885548E1
5.740000E0	1.143665E2	4.881326E1
5.760000E0	1.143502E2	4.870533E1
5.780000E0	1.142891E2	4.884429E1
5.800000E0	1.141152E2	4.899229E1
5.820000E0	1.140600E2	4.907399E1
5.840000E0	1.140153E2	4.912087E1
5.860000E0	1.139959E2	4.925721E1
5.880000E0	1.137323E2	4.957139E1
5.900000E0	1.131492E2	5.021522E1
5.920000E0	1.119929E2	5.069362E1
5.940000E0	1.107660E2	5.117585E1
5.960000E0	1.102186E2	5.178055E1
5.980000E0	1.101977E2	5.236127E1
6.000000E0	1.101817E2	5.297323E1
6.020000E0	1.101522E2	5.309503E1
6.040000E0	1.101432E2	5.312426E1
6.060000E0	1.101373E2	5.322271E1
6.080000E0	1.100642E2	5.348055E1
6.100000E0	1.097216E2	5.409110E1
6.120000E0	1.097512E2	5.468197E1
6.140000E0	1.095619E2	5.517718E1
6.160000E0	1.092010E2	5.520775E1
6.180000E0	1.089408E2	5.543232E1
6.200000E0	1.089667E2	5.546375E1
6.220000E0	1.089927E2	5.566900E1
6.240000E0	1.089936E2	5.634575E1
6.260000E0	1.088217E2	5.686140E1
6.280000E0	1.086872E2	5.743497E1
6.300000E0	1.085690E2	5.760144E1
6.320000E0	1.085451E2	5.784815E1
6.340000E0	1.084022E2	5.848983E1
6.360000E0	1.079280E2	5.936477E1
6.380000E0	1.075026E2	6.080916E1
6.400000E0	1.070233E2	6.176883E1
6.420000E0	1.066261E2	6.226839E1
6.440000E0	1.065233E2	6.225207E1
6.460000E0	1.064233E2	6.223371E1
6.480000E0	1.061710E2	6.243562E1
6.500000E0	1.061807E2	6.286421E1
6.520000E0	1.061489E2	6.294886E1
6.540000E0	1.061223E2	6.303056E1
6.560000E0	1.060668E2	6.334949E1
6.580000E0	1.058462E2	6.362757E1
6.600000E0	1.058579E2	6.361803E1
6.620000E0	1.058109E2	6.359367E1
6.640000E0	1.053653E2	6.367028E1
6.660000E0	1.049155E2	6.372414E1
6.680000E0	1.048999E2	6.384916E1
6.700000E0	1.048758E2	6.389415E1
6.720000E0	1.048026E2	6.411810E1
6.740000E0	1.046302E2	6.439826E1
6.760000E0	1.046237E2	6.443181E1
6.780000E0	1.046474E2	6.439255E1
6.800000E0	1.045480E2	6.439240E1
6.820000E0	1.043130E2	6.458321E1
6.840000E0	1.041927E2	6.461763E1
6.860000E0	1.040958E2	6.470233E1
6.880000E0	1.039356E2	6.481480E1
6.900000E0	1.036831E2	6.508197E1
6.920000E0	1.033111E2	6.534632E1
6.940000E0	1.032525E2	6.542085E1
6.960000E0	1.033229E2	6.568531E1
6.980000E0	1.028470E2	6.613065E1
7.000000E0	1.020611E2	6.660391E1
7.020000E0	1.010458E2	6.712961E1
7.040000E0	9.969877E1	6.793877E1
7.060000E0	9.884486E1	6.896268E1
7.080000E0	9.876888E1	6.941635E1
7.100000E0	9.883399E1	6.943098E1
7.120000E0	9.900922E1	6.937112E1
7.140000E0	9.955807E1	6.933796E1
7.160000E0	9.984875E1	6.946023E1
7.180000E0	9.975329E1	6.963716E1
7.200000E0	9.939780E1	7.004923E1
7.220000E0	9.944633E1	7.036878E1
7.240000E0	9.929894E1	7.073294E1
7.260000E0	9.870522E1	7.138925E1
7.280000E0	9.824726E1	7.210318E1
7.300000E0	9.826268E1	7.245106E1
7.320000E0	9.828793E1	7.259557E1
7.340000E0	9.825275E1	7.258751E1
7.360000E0	9.822870E1	7.259153E1
7.380000E0	9.826854E1	7.256980E1
7.400000E0	9.824502E1	7.269565E1
7.420000E0	9.785121E1	7.320672E1
7.440000E0	9.786405E1	7.329063E1
7.460000E0	9.754024E1	7.369434E1
7.480000E0	9.744149E1	7.379055E1
7.500000E0	9.742124E1	7.383167E1
7.520000E0	9.699223E1	7.392194E1
7.540000E0	9.649047E1	7.406581E1
7.560000E0	9.646938E1	7.405616E1
7.580000E0	9.645379E1	7.405388E1
7.600000E0	9.657134E1	7.412372E1
7.620000E0	9.630641E1	7.447506E1
7.640000E0	9.588669E1	7.503590E1
7.660000E0	9.556750E1	7.536060E1
7.680000E0	9.551203E1	7.539885E1
7.700000E0	9.549156E1	7.537796E1
7.720000E0	9.548325E1	7.544077E1
7.740000E0	9.534366E1	7.547210E1
7.760000E0	9.485525E1	7.552482E1
7.780000E0	9.447588E1	7.555558E1
7.800000E0	9.459420E1	7.576989E1
7.820000E0	9.431846E1	7.606679E1
7.840000E0	9.409178E1	7.636318E1
7.860000E0	9.409622E1	7.642935E1
7.880000E0	9.396420E1	7.658423E1
7.900000E0	9.372688E1	7.677408E1
7.920000E0	9.349073E1	7.713754E1
7.940000E0	9.317740E1	7.750420E1
7.960000E0	9.298131E1	7.798532E1
7.980000E0	9.271835E1	7.802877E1
8.000000E0	9.250412E1	7.786004E1
8.020000E0	9.253566E1	7.785053E1
8.040000E0	9.275040E1	7.813035E1
8.060000E0	9.245800E1	7.887856E1
8.080000E0	9.181763E1	7.938119E1
8.100000E0	9.099733E1	7.965063E1
8.120000E0	8.970893E1	7.991549E1
8.140000E0	8.843356E1	8.044317E1
8.160000E0	8.820510E1	8.118185E1
8.180000E0	8.787962E1	8.199597E1
8.200000E0	8.821274E1	8.239140E1
8.220000E0	8.880996E1	8.223026E1
8.240000E0	8.898415E1	8.216495E1
8.260000E0	8.881239E1	8.215770E1
8.280000E0	8.844297E1	8.218463E1
8.300000E0	8.803233E1	8.241974E1
8.320000E0	8.819173E1	8.268700E1
8.340000E0	8.818163E1	8.270901E1
8.360000E0	8.775654E1	8.309945E1
8.380000E0	8.743218E1	8.344524E1
8.400000E0	8.740043E1	8.339841E1
8.420000E0	8.746947E1	8.325234E1
8.440000E0	8.731910E1	8.323902E1
8.460000E0	8.727850E1	8.323093E1
8.480000E0	8.725162E1	8.316428E1
8.500000E0	8.726013E1	8.330188E1
8.520000E0	8.704128E1	8.343986E1
8.540000E0	8.699422E1	8.352240E1
8.560000E0	8.648954E1	8.366669E1
8.580000E0	8.581509E1	8.406075E1
8.600000E0	8.514912E1	8.451607E1
8.620000E0	8.447556E1	8.499310E1
8.640000E0	8.400156E1	8.534688E1
8.660000E0	8.370927E1	8.547105E1
8.680000E0	8.365906E1	8.555804E1
8.700000E0	8.349044E1	8.580374E1
8.720000E0	8.285997E1	8.633207E1
8.740000E0	8.231340E1	8.679622E1
8.760000E0	8.231209E1	8.675960E1
8.780000E0	8.234922E1	8.664617E1
8.800000E0	8.206067E1	8.671199E1
8.820000E0	8.191329E1	8.705602E1
8.840000E0	8.179408E1	8.730279E1
8.860000E0	8.140941E1	8.754252E1
8.880000E0	8.112996E1	8.773962E1
8.900000E0	8.112406E1	8.773968E1
8.920000E0	8.109466E1	8.762717E1
8.940000E0	8.113238E1	8.762387E1
8.960000E0	8.096933E1	8.836615E1
8.980000E0	8.045203E1	8.893513E1
9.000000E0	8.010231E1	8.901697E1
9.020000E0	7.957978E1	8.922645E1
9.040000E0	7.945706E1	8.930505E1
9.060000E0	7.923345E1	8.963945E1
9.080000E0	7.890198E1	9.026686E1
9.100000E0	7.848312E1	9.080953E1
9.120000E0	7.844778E1	9.113106E1
9.140000E0	7.840664E1	9.115645E1
9.160000E0	7.835549E1	9.114858E1
9.180000E0	7.791410E1	9.111588E1
9.200000E0	7.694945E1	9.109904E1
9.220000E0	7.593112E1	9.109971E1
9.240000E0	7.566422E1	9.125990E1
9.260000E0	7.546382E1	9.146834E1
9.280000E0	7.558257E1	9.181938E1
9.300000E0	7.562579E1	9.207369E1
9.320000E0	7.569377E1	9.204988E1
9.340000E0	7.575355E1	9.199953E1
9.360000E0	7.527961E1	9.197414E1
9.380000E0	7.515326E1	9.197706E1
9.400000E0	7.512561E1	9.198792E1
9.420000E0	7.512360E1	9.199189E1
9.440000E0	7.504557E1	9.195867E1
9.460000E0	7.467519E1	9.195621E1
9.480000E0	7.465406E1	9.196659E1
9.500000E0	7.463139E1	9.197283E1
9.520000E0	7.452146E1	9.206568E1
9.540000E0	7.450527E1	9.204802E1
9.560000E0	7.451378E1	9.205438E1
9.580000E0	7.451771E1	9.203435E1
9.600000E0	7.450538E1	9.206698E1
9.620000E0	7.434255E1	9.223448E1
9.640000E0	7.349720E1	9.244166E1
9.660000E0	7.263043E1	9.286506E1
9.680000E0	7.188264E1	9.326849E1
9.700000E0	7.100715E1	9.367202E1
9.720000E0	7.040142E1	9.397023E1
9.740000E0	7.023292E1	9.416390E1
9.760000E0	6.993595E1	9.478042E1
9.780000E0	6.930801E1	9.532518E1
9.800000E0	6.888090E1	9.552351E1
9.820000E0	6.845792E1	9.569112E1
9.840000E0	6.841567E1	9.573687E1
9.860000E0	6.882211E1	9.581726E1
9.880000E0	6.829351E1	9.644766E1
9.900000E0	6.741488E1	9.674302E1
9.920000E0	6.727038E1	9.687113E1
9.940000E0	6.685142E1	9.692849E1
9.960000E0	6.683662E1	9.699580E1
9.980000E0	6.695735E1	9.738234E1
1.000000E1	6.663850E1	9.788288E1
1.002000E1	6.638847E1	9.826891E1
1.004000E1	6.622680E1	9.841995E1
1.006000E1	6.630957E1	9.830279E1
1.008000E1	6.618977E1	9.828674E1
1.010000E1	6.598984E1	9.821724E1
1.012000E1	6.573447E1	9.827209E1
1.014000E1	6.544614E1	9.843395E1
1.016000E1	6.533775E1	9.863557E1
1.018000E1	6.507538E1	9.882895E1
1.020000E1	6.493237E1	9.891541E1
1.022000E1	6.503664E1	9.887545E1
1.024000E1	6.502288E1	9.882633E1
1.026000E1	6.453143E1	9.883427E1
1.028000E1	6.327368E1	9.865872E1
1.030000E1	6.214823E1	9.831368E1
1.032000E1	6.189191E1	9.831379E1
1.034000E1	6.196415E1	9.854487E1
1.036000E1	6.202989E1	9.882165E1
1.038000E1	6.215647E1	9.894640E1
1.040000E1	6.208679E1	9.901624E1
1.042000E1	6.211033E1	9.908931E1
1.044000E1	6.199541E1	9.913816E1
1.046000E1	6.161863E1	9.930773E1
1.048000E1	6.157318E1	9.928206E1
1.050000E1	6.140189E1	9.919861E1
1.052000E1	6.088410E1	9.918688E1
1.054000E1	6.019497E1	9.927174E1
1.056000E1	5.969366E1	9.952427E1
1.058000E1	5.959084E1	9.972901E1
1.060000E1	5.939810E1	9.992400E1
1.062000E1	5.867948E1	1.001295E2
1.064000E1	5.821635E1	1.007216E2
1.066000E1	5.810321E1	1.009790E2
1.068000E1	5.777967E1	1.012327E2
1.070000E1	5.714162E1	1.013430E2
1.072000E1	5.658268E1	1.015002E2
1.074000E1	5.605331E1	1.015990E2
1.076000E1	5.568773E1	1.018456E2
1.078000E1	5.553284E1	1.020483E2
1.080000E1	5.463485E1	1.024069E2
1.082000E1	5.400113E1	1.026165E2
1.084000E1	5.359117E1	1.030347E2
1.086000E1	5.354586E1	1.033196E2
1.088000E1	5.322971E1	1.037041E2
1.090000E1	5.273783E1	1.043581E2
1.092000E1	5.227282E1	1.046700E2
1.094000E1	5.216223E1	1.049045E2
1.096000E1	5.218639E1	1.049616E2
1.098000E1	5.203143E1	1.049885E2
1.100000E1	5.150414E1	1.049433E2
1.102000E1	5.112949E1	1.049246E2
1.104000E1	5.128837E1	1.050150E2
1.106000E1	5.129821E1	1.050214E2
1.108000E1	5.096424E1	1.052528E2
1.110000E1	5.062228E1	1.055115E2
1.112000E1	5.068356E1	1.055584E2
1.114000E1	5.072093E1	1.055640E2
1.116000E1	5.061495E1	1.055777E2
1.118000E1	5.017690E1	1.055769E2
1.120000E1	5.026178E1	1.054020E2
1.122000E1	5.033461E1	1.053753E2
1.124000E1	5.023454E1	1.053831E2
1.126000E1	4.982002E1	1.054600E2
1.128000E1	4.977478E1	1.054657E2
1.130000E1	4.975175E1	1.055005E2
1.132000E1	4.948441E1	1.055088E2
1.134000E1	4.846298E1	1.055171E2
1.136000E1	4.681427E1	1.052167E2
1.138000E1	4.578900E1	1.049075E2
1.140000E1	4.580106E1	1.049901E2
1.142000E1	4.579723E1	1.051160E2
1.144000E1	4.560402E1	1.053784E2
1.146000E1	4.553466E1	1.054467E2
1.148000E1	4.551164E1	1.054767E2
1.150000E1	4.528995E1	1.056827E2
1.152000E1	4.445902E1	1.057616E2
1.154000E1	4.349552E1	1.060723E2
1.156000E1	4.335049E1	1.064481E2
1.158000E1	4.320899E1	1.064549E2
1.160000E1	4.267935E1	1.064482E2
1.162000E1	4.254403E1	1.065306E2
1.164000E1	4.252179E1	1.065245E2
1.166000E1	4.243482E1	1.065932E2
1.168000E1	4.204719E1	1.067018E2
1.170000E1	4.157448E1	1.072711E2
1.172000E1	4.108294E1	1.074980E2
1.174000E1	4.061972E1	1.077754E2
1.176000E1	4.011939E1	1.079238E2
1.178000E1	3.955736E1	1.080717E2
1.180000E1	3.866320E1	1.085286E2
1.182000E1	3.744987E1	1.088574E2
1.184000E1	3.627644E1	1.092166E2
1.186000E1	3.533068E1	1.093089E2
1.188000E1	3.527976E1	1.093347E2
1.190000E1	3.527440E1	1.093479E2
1.192000E1	3.523985E1	1.093926E2
1.194000E1	3.475911E1	1.094395E2
1.196000E1	3.465654E1	1.095860E2
1.198000E1	3.451414E1	1.096675E2
1.200000E1	3.410580E1	1.097850E2
1.202000E1	3.391657E1	1.099788E2
1.204000E1	3.379844E1	1.099653E2
1.206000E1	3.375329E1	1.099418E2
1.208000E1	3.344450E1	1.098227E2
1.210000E1	3.308156E1	1.096891E2
1.212000E1	3.306954E1	1.095687E2
1.214000E1	3.308135E1	1.095768E2
1.216000E1	3.291422E1	1.096033E2
1.218000E1	3.246400E1	1.095941E2
1.220000E1	3.244722E1	1.095672E2
1.222000E1	3.235418E1	1.094676E2
1.224000E1	3.224546E1	1.094649E2
1.226000E1	3.191282E1	1.095053E2
1.228000E1	3.186620E1	1.094203E2
1.230000E1	3.178538E1	1.092775E2
1.232000E1	3.162672E1	1.091689E2
1.234000E1	3.127395E1	1.090351E2
1.236000E1	3.105530E1	1.090375E2
1.238000E1	3.064102E1	1.091161E2
1.240000E1	3.022660E1	1.089988E2
1.242000E1	2.903999E1	1.087092E2
1.244000E1	2.713987E1	1.081678E2
1.246000E1	2.610143E1	1.081323E2
1.248000E1	2.609198E1	1.084024E2
1.250000E1	2.596189E1	1.085741E2
1.252000E1	2.589400E1	1.086650E2
1.254000E1	2.593639E1	1.086075E2
1.256000E1	2.597774E1	1.085911E2
1.258000E1	2.596493E1	1.085819E2
1.260000E1	2.552166E1	1.086694E2
1.262000E1	2.472164E1	1.090756E2
1.264000E1	2.415862E1	1.091327E2
1.266000E1	2.378398E1	1.090252E2
1.268000E1	2.326643E1	1.088432E2
1.270000E1	2.288299E1	1.089515E2
1.272000E1	2.234024E1	1.092907E2
1.274000E1	2.163299E1	1.096822E2
1.276000E1	2.115710E1	1.098700E2
1.278000E1	2.116000E1	1.099003E2
1.280000E1	2.119729E1	1.098993E2
1.282000E1	2.122066E1	1.099245E2
1.284000E1	2.110471E1	1.098912E2
1.286000E1	2.061244E1	1.099045E2
1.288000E1	2.013506E1	1.099251E2
1.290000E1	1.968072E1	1.099491E2
1.292000E1	1.917234E1	1.100025E2
1.294000E1	1.912781E1	1.100285E2
1.296000E1	1.921481E1	1.100286E2
1.298000E1	1.913294E1	1.102590E2
1.300000E1	1.875198E1	1.104032E2
1.302000E1	1.886989E1	1.103283E2
1.304000E1	1.881327E1	1.103331E2
1.306000E1	1.839949E1	1.103810E2
1.308000E1	1.794724E1	1.103358E2
1.310000E1	1.775529E1	1.103445E2
1.312000E1	1.769342E1	1.103191E2
1.314000E1	1.761528E1	1.103262E2
1.316000E1	1.715907E1	1.103675E2
1.318000E1	1.680982E1	1.103593E2
1.320000E1	1.689394E1	1.103632E2
1.322000E1	1.684849E1	1.103171E2
1.324000E1	1.644442E1	1.102653E2
1.326000E1	1.638052E1	1.104149E2
1.328000E1	1.603264E1	1.104588E2
1.330000E1	1.554464E1	1.103413E2
1.332000E1	1.500691E1	1.103424E2
1.334000E1	1.422706E1	1.102675E2
1.336000E1	1.370565E1	1.102577E2
1.338000E1	1.352122E1	1.104413E2
1.340000E1	1.323940E1	1.105470E2
1.342000E1	1.311233E1	1.106355E2
1.344000E1	1.273696E1	1.105657E2
1.346000E1	1.272455E1	1.104935E2
1.348000E1	1.240851E1	1.101449E2
1.350000E1	1.136422E1	1.095870E2
1.352000E1	9.964822E0	1.093774E2
1.354000E1	9.054499E0	1.094404E2
1.356000E1	9.033700E0	1.095619E2
1.358000E1	9.033199E0	1.095072E2
1.360000E1	9.001760E0	1.096305E2
1.362000E1	8.586858E0	1.099790E2
1.364000E1	8.096554E0	1.100804E2
1.366000E1	7.739975E0	1.102564E2
1.368000E1	7.175500E0	1.103779E2
1.370000E1	6.703852E0	1.103686E2
1.372000E1	6.764765E0	1.104207E2
1.374000E1	6.794086E0	1.101642E2
1.376000E1	6.496637E0	1.098684E2
1.378000E1	6.068753E0	1.097860E2
1.380000E1	5.924660E0	1.099876E2
1.382000E1	5.724884E0	1.100804E2
1.384000E1	5.521843E0	1.101507E2
1.386000E1	5.537313E0	1.100892E2
1.388000E1	5.601714E0	1.100656E2
1.390000E1	5.634377E0	1.099985E2
1.392000E1	5.643783E0	1.099394E2
1.394000E1	5.354996E0	1.098353E2
1.396000E1	5.095456E0	1.095814E2
1.398000E1	4.555537E0	1.093236E2
1.400000E1	3.691465E0	1.090129E2
1.402000E1	2.661413E0	1.087039E2
1.404000E1	1.770480E0	1.085408E2
1.406000E1	1.437796E0	1.087566E2
1.408000E1	1.194082E0	1.090775E2
1.410000E1	8.361876E-1	1.091790E2
1.412000E1	4.481233E-1	1.091176E2
1.414000E1	2.874054E-2	1.088001E2
1.416000E1	-4.768009E-2	1.088250E2
1.418000E1	-1.808345E-1	1.088819E2
1.420000E1	-7.283983E-1	1.088039E2
1.422000E1	-1.296502E0	1.086665E2
1.424000E1	-1.683917E0	1.085700E2
1.426000E1	-1.700409E0	1.085160E2
1.428000E1	-1.687673E0	1.085077E2
1.430000E1	-1.743164E0	1.086579E2
1.432000E1	-2.211778E0	1.087439E2
1.434000E1	-2.593790E0	1.088793E2
1.436000E1	-2.671987E0	1.088426E2
1.438000E1	-3.037255E0	1.088463E2
1.440000E1	-3.511135E0	1.085641E2
1.442000E1	-3.960862E0	1.085573E2
1.444000E1	-4.205053E0	1.087444E2
1.446000E1	-4.751800E0	1.088177E2
1.448000E1	-5.036033E0	1.088059E2
1.450000E1	-5.013759E0	1.088155E2
1.452000E1	-5.023727E0	1.088642E2
1.454000E1	-5.555086E0	1.089001E2
1.456000E1	-6.963344E0	1.087773E2
1.458000E1	-8.459698E0	1.079921E2
1.460000E1	-9.435874E0	1.077445E2
1.462000E1	-9.495207E0	1.075243E2
1.464000E1	-9.004243E0	1.071780E2
1.466000E1	-8.909224E0	1.073883E2
1.468000E1	-8.977400E0	1.074300E2
1.470000E1	-8.997326E0	1.074442E2
1.472000E1	-9.459818E0	1.075065E2
1.474000E1	-9.928648E0	1.074646E2
1.476000E1	-1.041726E1	1.074897E2
1.478000E1	-1.044454E1	1.076559E2
1.480000E1	-1.029992E1	1.075353E2
1.482000E1	-1.028805E1	1.072679E2
1.484000E1	-1.036779E1	1.070312E2
1.486000E1	-1.049985E1	1.069150E2
1.488000E1	-1.052095E1	1.068148E2
1.490000E1	-1.046336E1	1.067523E2
1.492000E1	-1.046244E1	1.066821E2
1.494000E1	-1.053364E1	1.066845E2
1.496000E1	-1.050127E1	1.066554E2
1.498000E1	-1.047715E1	1.066274E2
1.500000E1	-1.045561E1	1.065907E2
1.502000E1	-1.078161E1	1.065923E2
1.504000E1	-1.108478E1	1.063967E2
1.506000E1	-1.139724E1	1.059594E2
1.508000E1	-1.195228E1	1.053016E2
1.510000E1	-1.291187E1	1.046452E2
1.512000E1	-1.408994E1	1.043437E2
1.514000E1	-1.481896E1	1.042488E2
1.516000E1	-1.499515E1	1.043133E2
1.518000E1	-1.525642E1	1.041447E2
1.520000E1	-1.573193E1	1.041013E2
1.522000E1	-1.597348E1	1.043176E2
1.524000E1	-1.625973E1	1.041807E2
1.526000E1	-1.670944E1	1.041364E2
1.528000E1	-1.708543E1	1.040089E2
1.530000E1	-1.721627E1	1.038813E2
1.532000E1	-1.758224E1	1.037730E2
1.534000E1	-1.758417E1	1.037804E2
1.536000E1	-1.767626E1	1.041750E2
1.538000E1	-1.841641E1	1.041427E2
1.540000E1	-1.891893E1	1.039538E2
1.542000E1	-1.892891E1	1.040306E2
1.544000E1	-1.893981E1	1.040584E2
1.546000E1	-1.933919E1	1.040348E2
1.548000E1	-2.044734E1	1.039968E2
1.550000E1	-2.158651E1	1.038421E2
1.552000E1	-2.201311E1	1.037290E2
1.554000E1	-2.192565E1	1.036838E2
1.556000E1	-2.184040E1	1.036724E2
1.558000E1	-2.182875E1	1.036529E2
1.560000E1	-2.201724E1	1.034043E2
1.562000E1	-2.242348E1	1.032566E2
1.564000E1	-2.301659E1	1.029946E2
1.566000E1	-2.360303E1	1.024690E2
1.568000E1	-2.424278E1	1.019181E2
1.570000E1	-2.461377E1	1.015877E2
1.572000E1	-2.460501E1	1.015296E2
1.574000E1	-2.448566E1	1.016761E2
1.576000E1	-2.445513E1	1.017086E2
1.578000E1	-2.444914E1	1.016937E2
1.580000E1	-2.445080E1	1.016827E2
1.582000E1	-2.442217E1	1.016808E2
1.584000E1	-2.450230E1	1.016814E2
1.586000E1	-2.456770E1	1.017038E2
1.588000E1	-2.451651E1	1.016730E2
1.590000E1	-2.458304E1	1.014915E2
1.592000E1	-2.495894E1	1.012873E2
1.594000E1	-2.505107E1	1.012063E2
1.596000E1	-2.504089E1	1.011847E2
1.598000E1	-2.499006E1	1.010238E2
1.600000E1	-2.501048E1	1.010073E2
1.602000E1	-2.507020E1	1.010452E2
1.604000E1	-2.547992E1	1.010517E2
1.606000E1	-2.580675E1	1.009218E2
1.608000E1	-2.632256E1	1.007635E2
1.610000E1	-2.710088E1	1.002762E2
1.612000E1	-2.813974E1	9.970311E1
1.614000E1	-2.896248E1	9.938634E1
1.616000E1	-2.933156E1	9.911403E1
1.618000E1	-3.012040E1	9.865499E1
1.620000E1	-3.088612E1	9.831586E1
1.622000E1	-3.136473E1	9.828371E1
1.624000E1	-3.168823E1	9.815075E1
1.626000E1	-3.170239E1	9.829278E1
1.628000E1	-3.199185E1	9.859624E1
1.630000E1	-3.285978E1	9.846244E1
1.632000E1	-3.342249E1	9.812615E1
1.634000E1	-3.347027E1	9.812970E1
1.636000E1	-3.356241E1	9.817813E1
1.638000E1	-3.412434E1	9.817135E1
1.640000E1	-3.516502E1	9.788752E1
1.642000E1	-3.572096E1	9.789550E1
1.644000E1	-3.570006E1	9.798423E1
1.646000E1	-3.553082E1	9.810724E1
1.648000E1	-3.564218E1	9.809738E1
1.650000E1	-3.575027E1	9.785854E1
1.652000E1	-3.569994E1	9.767350E1
1.654000E1	-3.575926E1	9.763705E1
1.656000E1	-3.624810E1	9.748498E1
1.658000E1	-3.664406E1	9.734630E1
1.660000E1	-3.674179E1	9.723939E1
1.662000E1	-3.669478E1	9.724144E1
1.664000E1	-3.650446E1	9.726990E1
1.666000E1	-3.656472E1	9.719589E1
1.668000E1	-3.654976E1	9.722829E1
1.670000E1	-3.657673E1	9.688199E1
1.672000E1	-3.676523E1	9.636553E1
1.674000E1	-3.742118E1	9.534136E1
1.676000E1	-3.807323E1	9.425705E1
1.678000E1	-3.850973E1	9.415341E1
1.680000E1	-3.858560E1	9.409432E1
1.682000E1	-3.881600E1	9.428960E1
1.684000E1	-3.902251E1	9.441440E1
1.686000E1	-3.908095E1	9.444580E1
1.688000E1	-3.906313E1	9.441946E1
1.690000E1	-3.890325E1	9.430156E1
1.692000E1	-3.895954E1	9.419720E1
1.694000E1	-3.943594E1	9.422415E1
1.696000E1	-3.980522E1	9.411362E1
1.698000E1	-4.015924E1	9.342663E1
1.700000E1	-4.068605E1	9.293482E1
1.702000E1	-4.132944E1	9.277044E1
1.704000E1	-4.184779E1	9.273909E1
1.706000E1	-4.196924E1	9.269163E1
1.708000E1	-4.199479E1	9.258874E1
1.710000E1	-4.255494E1	9.256661E1
1.712000E1	-4.335069E1	9.228558E1
1.714000E1	-4.363996E1	9.214235E1
1.716000E1	-4.356903E1	9.172259E1
1.718000E1	-4.390714E1	9.149002E1
1.720000E1	-4.457506E1	9.142064E1
1.722000E1	-4.553941E1	9.090161E1
1.724000E1	-4.627689E1	9.015573E1
1.726000E1	-4.683652E1	8.924683E1
1.728000E1	-4.760476E1	8.876888E1
1.730000E1	-4.827246E1	8.885463E1
1.732000E1	-4.893559E1	8.909607E1
1.734000E1	-4.932463E1	8.917519E1
1.736000E1	-4.975697E1	8.912606E1
1.738000E1	-4.979894E1	8.899138E1
1.740000E1	-4.977495E1	8.899158E1
1.742000E1	-4.971393E1	8.888385E1
1.744000E1	-4.975972E1	8.851313E1
1.746000E1	-5.014345E1	8.837870E1
1.748000E1	-5.058717E1	8.817655E1
1.750000E1	-5.056128E1	8.819007E1
1.752000E1	-5.058169E1	8.817884E1
1.754000E1	-5.075499E1	8.805768E1
1.756000E1	-5.092513E1	8.786794E1
1.758000E1	-5.087808E1	8.793485E1
1.760000E1	-5.076220E1	8.795841E1
1.762000E1	-5.070828E1	8.776952E1
1.764000E1	-5.067760E1	8.761132E1
1.766000E1	-5.069275E1	8.758105E1
1.768000E1	-5.078828E1	8.748973E1
1.770000E1	-5.086307E1	8.738100E1
1.772000E1	-5.083794E1	8.737714E1
1.774000E1	-5.080524E1	8.734623E1
1.776000E1	-5.087065E1	8.719185E1
1.778000E1	-5.112131E1	8.706783E1
1.780000E1	-5.134753E1	8.658365E1
1.782000E1	-5.151561E1	8.560872E1
1.784000E1	-5.190344E1	8.413077E1
1.786000E1	-5.250993E1	8.357392E1
1.788000E1	-5.300330E1	8.361255E1
1.790000E1	-5.314159E1	8.364109E1
1.792000E1	-5.323273E1	8.361358E1
1.794000E1	-5.345970E1	8.368357E1
1.796000E1	-5.380512E1	8.363290E1
1.798000E1	-5.400087E1	8.341328E1
1.800000E1	-5.429690E1	8.296026E1
1.802000E1	-5.499574E1	8.276269E1
1.804000E1	-5.554164E1	8.271140E1
1.806000E1	-5.549747E1	8.256160E1
1.808000E1	-5.539296E1	8.236019E1
1.810000E1	-5.573097E1	8.203356E1
1.812000E1	-5.618267E1	8.200393E1
1.814000E1	-5.702356E1	8.184568E1
1.816000E1	-5.728872E1	8.138435E1
1.818000E1	-5.749249E1	8.130265E1
1.820000E1	-5.777259E1	8.131712E1
1.822000E1	-5.824814E1	8.128459E1
1.824000E1	-5.897311E1	8.092661E1
1.826000E1	-5.995574E1	8.018921E1
1.828000E1	-6.095797E1	7.947204E1
1.830000E1	-6.174201E1	7.888250E1
1.832000E1	-6.186659E1	7.871865E1
1.834000E1	-6.168014E1	7.858189E1
1.836000E1	-6.179345E1	7.813791E1
1.838000E1	-6.216604E1	7.794190E1
1.840000E1	-6.261339E1	7.791957E1
1.842000E1	-6.270554E1	7.792208E1
1.844000E1	-6.280447E1	7.782678E1
1.846000E1	-6.288369E1	7.781564E1
1.848000E1	-6.299916E1	7.759929E1
1.850000E1	-6.293989E1	7.756795E1
1.852000E1	-6.282402E1	7.751833E1
1.854000E1	-6.281032E1	7.724507E1
1.856000E1	-6.288922E1	7.691523E1
1.858000E1	-6.299530E1	7.673818E1
1.860000E1	-6.301206E1	7.671214E1
1.862000E1	-6.310657E1	7.681290E1
1.864000E1	-6.326420E1	7.669202E1
1.866000E1	-6.331586E1	7.667051E1
1.868000E1	-6.332246E1	7.661987E1
1.870000E1	-6.340919E1	7.641136E1
1.872000E1	-6.346805E1	7.626558E1
1.874000E1	-6.349220E1	7.607419E1
1.876000E1	-6.346623E1	7.586279E1
1.878000E1	-6.342320E1	7.565213E1
1.880000E1	-6.365818E1	7.545675E1
1.882000E1	-6.391008E1	7.493355E1
1.884000E1	-6.409117E1	7.488921E1
1.886000E1	-6.440629E1	7.472963E1
1.888000E1	-6.464920E1	7.437861E1
1.890000E1	-6.520092E1	7.337661E1
1.892000E1	-6.568264E1	7.204218E1
1.894000E1	-6.624445E1	7.115606E1
1.896000E1	-6.673774E1	7.102408E1
1.898000E1	-6.677837E1	7.101733E1
1.900000E1	-6.671836E1	7.107663E1
1.902000E1	-6.671256E1	7.115114E1
1.904000E1	-6.711840E1	7.125118E1
1.906000E1	-6.754474E1	7.106881E1
1.908000E1	-6.768446E1	7.073158E1
1.910000E1	-6.818677E1	7.036726E1
1.912000E1	-6.831821E1	7.028055E1
1.914000E1	-6.839123E1	7.003093E1
1.916000E1	-6.870494E1	6.947716E1
1.918000E1	-6.910639E1	6.924764E1
1.920000E1	-6.974174E1	6.893561E1
1.922000E1	-7.016733E1	6.881394E1
1.924000E1	-7.011916E1	6.870339E1
1.926000E1	-7.009408E1	6.870743E1
1.928000E1	-7.010007E1	6.869506E1
1.930000E1	-7.016812E1	6.857958E1
1.932000E1	-7.053612E1	6.821874E1
1.934000E1	-7.057695E1	6.814041E1
1.936000E1	-7.093866E1	6.787593E1
1.938000E1	-7.137672E1	6.732477E1
1.940000E1	-7.141041E1	6.729507E1
1.942000E1	-7.136794E1	6.721023E1
1.944000E1	-7.134584E1	6.694078E1
1.946000E1	-7.159887E1	6.655954E1
1.948000E1	-7.161326E1	6.655334E1
1.950000E1	-7.159821E1	6.665958E1
1.952000E1	-7.171718E1	6.655276E1
1.954000E1	-7.202091E1	6.613722E1
1.956000E1	-7.222845E1	6.585625E1
1.958000E1	-7.220511E1	6.573004E1
1.960000E1	-7.214921E1	6.568922E1
1.962000E1	-7.227679E1	6.554181E1
1.964000E1	-7.262316E1	6.554296E1
1.966000E1	-7.256597E1	6.517203E1
1.968000E1	-7.245950E1	6.475085E1
1.970000E1	-7.243415E1	6.485230E1
1.972000E1	-7.255035E1	6.491498E1
1.974000E1	-7.307042E1	6.426647E1
1.976000E1	-7.336318E1	6.417423E1
1.978000E1	-7.337819E1	6.416562E1
1.980000E1	-7.335380E1	6.400909E1
1.982000E1	-7.391076E1	6.334813E1
1.984000E1	-7.438175E1	6.317134E1
1.986000E1	-7.467284E1	6.290526E1
1.988000E1	-7.481798E1	6.265162E1
1.990000E1	-7.501078E1	6.223685E1
1.992000E1	-7.496844E1	6.223941E1
1.994000E1	-7.492714E1	6.229435E1
1.996000E1	-7.514893E1	6.232631E1
1.998000E1	-7.560036E1	6.206694E1
2.000000E1	-7.599556E1	6.109944E1
2.002000E1	-7.602956E1	5.961472E1
2.004000E1	-7.610051E1	5.806586E1
2.006000E1	-7.652092E1	5.723012E1
2.008000E1	-7.742462E1	5.708519E1
2.010000E1	-7.813614E1	5.675865E1
2.012000E1	-7.835341E1	5.718520E1
2.014000E1	-7.844438E1	5.782336E1
2.016000E1	-7.843821E1	5.772737E1
2.018000E1	-7.841034E1	5.734264E1
2.020000E1	-7.839913E1	5.724219E1
2.022000E1	-7.838455E1	5.734074E1
2.024000E1	-7.837159E1	5.718456E1
2.026000E1	-7.884768E1	5.655041E1
2.028000E1	-7.890698E1	5.628290E1
2.030000E1	-7.902266E1	5.616793E1
2.032000E1	-7.918336E1	5.624401E1
2.034000E1	-7.922894E1	5.617772E1
2.036000E1	-7.948221E1	5.581721E1
2.038000E1	-7.945975E1	5.582497E1
2.040000E1	-7.927039E1	5.611321E1
2.042000E1	-7.930762E1	5.604802E1
2.044000E1	-7.937077E1	5.566069E1
2.046000E1	-7.940349E1	5.519416E1
2.048000E1	-7.967846E1	5.461841E1
2.050000E1	-7.987762E1	5.367332E1
2.052000E1	-8.021127E1	5.299035E1
2.054000E1	-8.054016E1	5.219488E1
2.056000E1	-8.079633E1	5.196403E1
2.058000E1	-8.106877E1	5.203169E1
2.060000E1	-8.113314E1	5.203165E1
2.062000E1	-8.123547E1	5.159825E1
2.064000E1	-8.173646E1	5.107576E1
2.066000E1	-8.187054E1	5.069857E1
2.068000E1	-8.182792E1	5.043150E1
2.070000E1	-8.183695E1	5.034844E1
2.072000E1	-8.208520E1	5.015578E1
2.074000E1	-8.245565E1	4.954588E1
2.076000E1	-8.242968E1	4.953820E1
2.078000E1	-8.255454E1	4.968950E1
2.080000E1	-8.286254E1	4.922992E1
2.082000E1	-8.289359E1	4.913388E1
2.084000E1	-8.291219E1	4.904298E1
2.086000E1	-8.276441E1	4.895141E1
2.088000E1	-8.289089E1	4.908440E1
2.090000E1	-8.364418E1	4.880476E1
2.092000E1	-8.412266E1	4.776312E1
2.094000E1	-8.427287E1	4.699011E1
2.096000E1	-8.434978E1	4.666040E1
2.098000E1	-8.427679E1	4.654491E1
2.100000E1	-8.461884E1	4.643877E1
2.102000E1	-8.511167E1	4.620393E1
2.104000E1	-8.554687E1	4.572826E1
2.106000E1	-8.594150E1	4.548409E1
2.108000E1	-8.600574E1	4.539854E1
2.110000E1	-8.590087E1	4.471306E1
2.112000E1	-8.564337E1	4.392332E1
2.114000E1	-8.526645E1	4.290931E1
2.116000E1	-8.534585E1	4.272019E1
2.118000E1	-8.573827E1	4.283667E1
2.120000E1	-8.586058E1	4.284306E1
2.122000E1	-8.626125E1	4.275720E1
2.124000E1	-8.619410E1	4.259569E1
2.126000E1	-8.616993E1	4.252986E1
2.128000E1	-8.614636E1	4.241417E1
2.130000E1	-8.612612E1	4.232182E1
2.132000E1	-8.613900E1	4.230651E1
2.134000E1	-8.606369E1	4.227063E1
2.136000E1	-8.590094E1	4.186585E1
2.138000E1	-8.583341E1	4.178417E1
2.140000E1	-8.578715E1	4.177457E1
2.142000E1	-8.575824E1	4.175224E1
2.144000E1	-8.575116E1	4.173819E1
2.146000E1	-8.579822E1	4.173016E1
2.148000E1	-8.591525E1	4.188185E1
2.150000E1	-8.599242E1	4.185888E1
2.152000E1	-8.598157E1	4.187493E1
2.154000E1	-8.590629E1	4.151615E1
2.156000E1	-8.603502E1	4.083007E1
2.158000E1	-8.628968E1	3.946036E1
2.160000E1	-8.650019E1	3.817957E1
2.162000E1	-8.658326E1	3.727765E1
2.164000E1	-8.677373E1	3.677414E1
2.166000E1	-8.706209E1	3.656568E1
2.168000E1	-8.747525E1	3.660866E1
2.170000E1	-8.772360E1	3.626193E1
2.172000E1	-8.813453E1	3.532795E1
2.174000E1	-8.824468E1	3.472131E1
2.176000E1	-8.818165E1	3.471376E1
2.178000E1	-8.805567E1	3.474318E1
2.180000E1	-8.809834E1	3.479225E1
2.182000E1	-8.871271E1	3.428256E1
2.184000E1	-8.911114E1	3.340996E1
2.186000E1	-8.906076E1	3.276157E1
2.188000E1	-8.910315E1	3.266545E1
2.190000E1	-8.910859E1	3.325858E1
2.192000E1	-8.943226E1	3.314134E1
2.194000E1	-8.990520E1	3.241988E1
2.196000E1	-9.029938E1	3.190786E1
2.198000E1	-9.041535E1	3.170850E1
2.200000E1	-9.047049E1	3.167448E1
2.202000E1	-9.049990E1	3.151080E1
2.204000E1	-9.033432E1	3.143370E1
2.206000E1	-9.039907E1	3.121366E1
2.208000E1	-9.041463E1	3.086237E1
2.210000E1	-9.054138E1	3.063867E1
2.212000E1	-9.064658E1	3.030099E1
2.214000E1	-9.103394E1	3.004619E1
2.216000E1	-9.101864E1	3.008239E1
2.218000E1	-9.102029E1	3.007934E1
2.220000E1	-9.061852E1	2.917226E1
2.222000E1	-9.012982E1	2.814104E1
2.224000E1	-8.965718E1	2.776935E1
2.226000E1	-8.965874E1	2.779011E1
2.228000E1	-9.002367E1	2.787704E1
2.230000E1	-9.026283E1	2.795331E1
2.232000E1	-9.047375E1	2.802275E1
2.234000E1	-9.046677E1	2.798934E1
2.236000E1	-9.047220E1	2.795047E1
2.238000E1	-9.055497E1	2.773141E1
2.240000E1	-9.074167E1	2.741225E1
2.242000E1	-9.065182E1	2.739188E1
2.244000E1	-9.018142E1	2.699011E1
2.246000E1	-8.997650E1	2.656560E1
2.248000E1	-9.012984E1	2.595362E1
2.250000E1	-9.045951E1	2.550974E1
2.252000E1	-9.056602E1	2.515367E1
2.254000E1	-9.064464E1	2.474285E1
2.256000E1	-9.093950E1	2.423250E1
2.258000E1	-9.135220E1	2.392205E1
2.260000E1	-9.154640E1	2.375983E1
2.262000E1	-9.161999E1	2.340486E1
2.264000E1	-9.159972E1	2.269840E1
2.266000E1	-9.188929E1	2.202392E1
2.268000E1	-9.195419E1	2.138294E1
2.270000E1	-9.187586E1	2.110227E1
2.272000E1	-9.206246E1	2.054937E1
2.274000E1	-9.245496E1	1.999528E1
2.276000E1	-9.260955E1	1.945528E1
2.278000E1	-9.281146E1	1.916049E1
2.280000E1	-9.304665E1	1.859734E1
2.282000E1	-9.342825E1	1.845573E1
2.284000E1	-9.381475E1	1.815564E1
2.286000E1	-9.398884E1	1.753467E1
2.288000E1	-9.408642E1	1.732478E1
2.290000E1	-9.407073E1	1.722306E1
2.292000E1	-9.405445E1	1.718057E1
2.294000E1	-9.395007E1	1.675228E1
2.296000E1	-9.385024E1	1.658378E1
2.298000E1	-9.388099E1	1.648535E1
2.300000E1	-9.390207E1	1.656650E1
2.302000E1	-9.394121E1	1.645534E1
2.304000E1	-9.406954E1	1.616357E1
2.306000E1	-9.411225E1	1.597379E1
2.308000E1	-9.399386E1	1.592964E1
2.310000E1	-9.397222E1	1.582955E1
2.312000E1	-9.392692E1	1.537581E1
2.314000E1	-9.383787E1	1.532287E1
2.316000E1	-9.350727E1	1.530301E1
2.318000E1	-9.349504E1	1.522461E1
2.320000E1	-9.352417E1	1.505289E1
2.322000E1	-9.350247E1	1.496083E1
2.324000E1	-9.346139E1	1.484038E1
2.326000E1	-9.341381E1	1.462505E1
2.328000E1	-9.339636E1	1.417871E1
2.330000E1	-9.300684E1	1.297361E1
2.332000E1	-9.248139E1	1.160458E1
2.334000E1	-9.203613E1	1.095495E1
2.336000E1	-9.223207E1	1.081857E1
2.338000E1	-9.269228E1	1.062977E1
2.340000E1	-9.285230E1	1.046663E1
2.342000E1	-9.286982E1	1.041503E1
2.344000E1	-9.291106E1	1.033270E1
2.346000E1	-9.317468E1	9.853382E0
2.348000E1	-9.304167E1	9.023661E0
2.350000E1	-9.332050E1	8.379778E0
2.352000E1	-9.352537E1	8.108303E0
2.354000E1	-9.343370E1	7.649062E0
2.356000E1	-9.340769E1	7.483152E0
2.358000E1	-9.336566E1	7.035830E0
2.360000E1	-9.338231E1	7.005148E0
2.362000E1	-9.355906E1	6.704296E0
2.364000E1	-9.380476E1	6.287026E0
2.366000E1	-9.406968E1	5.771416E0
2.368000E1	-9.426534E1	5.443815E0
2.370000E1	-9.438910E1	4.897618E0
2.372000E1	-9.445367E1	4.658918E0
2.374000E1	-9.464683E1	3.906133E0
2.376000E1	-9.493111E1	2.940648E0
2.378000E1	-9.514381E1	1.685652E0
2.380000E1	-9.534862E1	5.960962E-1
2.382000E1	-9.525599E1	1.494642E-1
2.384000E1	-9.518680E1	1.776319E-1
2.386000E1	-9.517545E1	1.760915E-1
2.388000E1	-9.523590E1	-1.001611E-1
2.390000E1	-9.535854E1	-4.755079E-1
2.392000E1	-9.540224E1	-5.446768E-1
2.394000E1	-9.542788E1	-7.659603E-1
2.396000E1	-9.556212E1	-9.576616E-1
2.398000E1	-9.549306E1	-1.211336E0
2.400000E1	-9.545111E1	-1.190146E0
2.402000E1	-9.542373E1	-1.239495E0
2.404000E1	-9.529512E1	-1.363055E0
2.406000E1	-9.494415E1	-1.622829E0
2.408000E1	-9.492240E1	-1.692162E0
2.410000E1	-9.494820E1	-1.751002E0
2.412000E1	-9.503305E1	-1.897946E0
2.414000E1	-9.499190E1	-2.125789E0
2.416000E1	-9.492901E1	-2.212251E0
2.418000E1	-9.488169E1	-2.271990E0
2.420000E1	-9.488190E1	-2.453939E0
2.422000E1	-9.484112E1	-2.605980E0
2.424000E1	-9.483746E1	-2.738524E0
2.426000E1	-9.439703E1	-3.017032E0
2.428000E1	-9.437049E1	-3.209683E0
2.430000E1	-9.434436E1	-3.590508E0
2.432000E1	-9.436222E1	-3.935028E0
2.434000E1	-9.432200E1	-4.093206E0
2.436000E1	-9.434727E1	-4.326756E0
2.438000E1	-9.415546E1	-5.297847E0
2.440000E1	-9.345217E1	-6.884028E0
2.442000E1	-9.300867E1	-8.266727E0
2.444000E1	-9.306572E1	-8.542680E0
2.446000E1	-9.336645E1	-8.867621E0
2.448000E1	-9.345585E1	-8.961915E0
2.450000E1	-9.344599E1	-8.951135E0
2.452000E1	-9.344167E1	-8.957214E0
2.454000E1	-9.362552E1	-9.054321E0
2.456000E1	-9.362083E1	-9.393800E0
2.458000E1	-9.363932E1	-1.017182E1
2.460000E1	-9.378535E1	-1.061128E1
2.462000E1	-9.372365E1	-1.078946E1
2.464000E1	-9.348478E1	-1.129363E1
2.466000E1	-9.348044E1	-1.155442E1
2.468000E1	-9.357879E1	-1.230958E1
2.470000E1	-9.389043E1	-1.298678E1
2.472000E1	-9.413610E1	-1.340629E1
2.474000E1	-9.403812E1	-1.346802E1
2.476000E1	-9.400762E1	-1.337952E1
2.478000E1	-9.400338E1	-1.335764E1
2.480000E1	-9.399355E1	-1.347127E1
2.482000E1	-9.388638E1	-1.390903E1
2.484000E1	-9.384914E1	-1.420641E1
2.486000E1	-9.393368E1	-1.473022E1
2.488000E1	-9.397557E1	-1.510024E1
2.490000E1	-9.390857E1	-1.515128E1
2.492000E1	-9.386324E1	-1.531750E1
2.494000E1	-9.384880E1	-1.532865E1
2.496000E1	-9.391995E1	-1.569841E1
2.498000E1	-9.386406E1	-1.575391E1
2.500000E1	-9.380917E1	-1.568377E1
2.502000E1	-9.385071E1	-1.586929E1
2.504000E1	-9.381209E1	-1.629111E1
2.506000E1	-9.383490E1	-1.637564E1
2.508000E1	-9.376373E1	-1.638835E1
2.510000E1	-9.376410E1	-1.642071E1
2.512000E1	-9.383916E1	-1.658677E1
2.514000E1	-9.388440E1	-1.702906E1
2.516000E1	-9.367257E1	-1.728349E1
2.518000E1	-9.322010E1	-1.720464E1
2.520000E1	-9.332245E1	-1.722441E1
2.522000E1	-9.348245E1	-1.739874E1
2.524000E1	-9.347948E1	-1.818635E1
2.526000E1	-9.343290E1	-1.857858E1
2.528000E1	-9.340983E1	-1.858707E1
2.530000E1	-9.337581E1	-1.882309E1
2.532000E1	-9.316209E1	-1.978468E1
2.534000E1	-9.310850E1	-2.049201E1
2.536000E1	-9.301474E1	-2.107176E1
2.538000E1	-9.301038E1	-2.148244E1
2.540000E1	-9.291976E1	-2.177374E1
2.542000E1	-9.292585E1	-2.175702E1
2.544000E1	-9.290374E1	-2.163279E1
2.546000E1	-9.318400E1	-2.171010E1
2.548000E1	-9.311432E1	-2.262229E1
2.550000E1	-9.252858E1	-2.380759E1
2.552000E1	-9.144454E1	-2.505142E1
2.554000E1	-9.107035E1	-2.580807E1
2.556000E1	-9.140703E1	-2.595881E1
2.558000E1	-9.189018E1	-2.606341E1
2.560000E1	-9.215432E1	-2.638731E1
2.562000E1	-9.229260E1	-2.633659E1
2.564000E1	-9.246818E1	-2.654009E1
2.566000E1	-9.241740E1	-2.666628E1
2.568000E1	-9.213884E1	-2.711046E1
2.570000E1	-9.206220E1	-2.708506E1
2.572000E1	-9.198655E1	-2.703905E1
2.574000E1	-9.169155E1	-2.744037E1
2.576000E1	-9.169499E1	-2.801518E1
2.578000E1	-9.164299E1	-2.820452E1
2.580000E1	-9.162210E1	-2.832868E1
2.582000E1	-9.165028E1	-2.846566E1
2.584000E1	-9.163943E1	-2.850312E1
2.586000E1	-9.163879E1	-2.874399E1
2.588000E1	-9.158625E1	-2.864403E1
2.590000E1	-9.152899E1	-2.853154E1
2.592000E1	-9.150437E1	-2.852465E1
2.594000E1	-9.132640E1	-2.876914E1
2.596000E1	-9.100320E1	-2.943024E1
2.598000E1	-9.056248E1	-3.012297E1
2.600000E1	-9.007933E1	-3.092394E1
2.602000E1	-8.991626E1	-3.175650E1
2.604000E1	-8.982277E1	-3.237020E1
2.606000E1	-9.003511E1	-3.262470E1
2.608000E1	-9.010295E1	-3.295477E1
2.610000E1	-9.001423E1	-3.309599E1
2.612000E1	-8.972654E1	-3.355982E1
2.614000E1	-8.961135E1	-3.391787E1
2.616000E1	-8.944165E1	-3.417619E1
2.618000E1	-8.952048E1	-3.450606E1
2.620000E1	-8.948906E1	-3.462047E1
2.622000E1	-8.934487E1	-3.491365E1
2.624000E1	-8.921549E1	-3.543180E1
2.626000E1	-8.949861E1	-3.536980E1
2.628000E1	-8.957033E1	-3.543835E1
2.630000E1	-8.952482E1	-3.604898E1
2.632000E1	-8.949991E1	-3.621899E1
2.634000E1	-8.945677E1	-3.632992E1
2.636000E1	-8.935818E1	-3.628636E1
2.638000E1	-8.962623E1	-3.667638E1
2.640000E1	-8.957766E1	-3.762068E1
2.642000E1	-8.920527E1	-3.849321E1
2.644000E1	-8.890750E1	-3.895284E1
2.646000E1	-8.883096E1	-3.912547E1
2.648000E1	-8.892344E1	-3.928020E1
2.650000E1	-8.905105E1	-3.965181E1
2.652000E1	-8.910206E1	-4.042534E1
2.654000E1	-8.914456E1	-4.118815E1
2.656000E1	-8.906611E1	-4.172488E1
2.658000E1	-8.813465E1	-4.210703E1
2.660000E1	-8.741507E1	-4.253968E1
2.662000E1	-8.687588E1	-4.262896E1
2.664000E1	-8.677939E1	-4.272312E1
2.666000E1	-8.699485E1	-4.290477E1
2.668000E1	-8.717601E1	-4.312347E1
2.670000E1	-8.723041E1	-4.329389E1
2.672000E1	-8.712292E1	-4.374244E1
2.674000E1	-8.710550E1	-4.375657E1
2.676000E1	-8.710584E1	-4.370406E1
2.678000E1	-8.708746E1	-4.374982E1
2.680000E1	-8.702830E1	-4.363903E1
2.682000E1	-8.694579E1	-4.364799E1
2.684000E1	-8.656935E1	-4.373906E1
2.686000E1	-8.646438E1	-4.379404E1
2.688000E1	-8.651605E1	-4.395156E1
2.690000E1	-8.649198E1	-4.399809E1
2.692000E1	-8.649405E1	-4.405256E1
2.694000E1	-8.654423E1	-4.410319E1
2.696000E1	-8.659800E1	-4.415445E1
2.698000E1	-8.658230E1	-4.422875E1
2.700000E1	-8.642293E1	-4.430290E1
2.702000E1	-8.616401E1	-4.444326E1
2.704000E1	-8.564093E1	-4.520773E1
2.706000E1	-8.504359E1	-4.608931E1
2.708000E1	-8.409116E1	-4.722735E1
2.710000E1	-8.356582E1	-4.820535E1
2.712000E1	-8.352762E1	-4.866390E1
2.714000E1	-8.363784E1	-4.894240E1
2.716000E1	-8.359645E1	-4.947546E1
2.718000E1	-8.367858E1	-4.970680E1
2.720000E1	-8.359208E1	-5.046148E1
2.722000E1	-8.327588E1	-5.108786E1
2.724000E1	-8.331597E1	-5.106095E1
2.726000E1	-8.314394E1	-5.108387E1
2.728000E1	-8.301508E1	-5.127872E1
2.730000E1	-8.332769E1	-5.168119E1
2.732000E1	-8.293023E1	-5.263600E1
2.734000E1	-8.287387E1	-5.276341E1
2.736000E1	-8.286395E1	-5.268102E1
2.738000E1	-8.283658E1	-5.271142E1
2.740000E1	-8.286881E1	-5.288691E1
2.742000E1	-8.280165E1	-5.343887E1
2.744000E1	-8.263254E1	-5.371111E1
2.746000E1	-8.269501E1	-5.443127E1
2.748000E1	-8.251195E1	-5.453998E1
2.750000E1	-8.231328E1	-5.471612E1
2.752000E1	-8.229562E1	-5.466087E1
2.754000E1	-8.223348E1	-5.466103E1
2.756000E1	-8.189699E1	-5.495448E1
2.758000E1	-8.168145E1	-5.516172E1
2.760000E1	-8.162553E1	-5.557435E1
2.762000E1	-8.157813E1	-5.588475E1
2.764000E1	-8.106890E1	-5.646732E1
2.766000E1	-8.033775E1	-5.685174E1
2.768000E1	-7.984885E1	-5.672603E1
2.770000E1	-7.985397E1	-5.616213E1
2.772000E1	-7.984282E1	-5.614649E1
2.774000E1	-7.991195E1	-5.621017E1
2.776000E1	-7.999231E1	-5.628387E1
2.778000E1	-7.996204E1	-5.632205E1
2.780000E1	-7.993989E1	-5.628488E1
2.782000E1	-7.982863E1	-5.643597E1
2.784000E1	-7.968960E1	-5.666770E1
2.786000E1	-7.975805E1	-5.675813E1
2.788000E1	-7.950959E1	-5.701840E1
2.790000E1	-7.918105E1	-5.715610E1
2.792000E1	-7.904137E1	-5.714620E1
2.794000E1	-7.883526E1	-5.729230E1
2.796000E1	-7.880243E1	-5.732230E1
2.798000E1	-7.861981E1	-5.768404E1
2.800000E1	-7.833227E1	-5.811066E1
2.802000E1	-7.826541E1	-5.863797E1
2.804000E1	-7.809984E1	-5.898212E1
2.806000E1	-7.765638E1	-5.960619E1
2.808000E1	-7.747456E1	-6.028230E1
2.810000E1	-7.717438E1	-6.066964E1
2.812000E1	-7.668924E1	-6.147542E1
2.814000E1	-7.606998E1	-6.215008E1
2.816000E1	-7.565414E1	-6.254168E1
2.818000E1	-7.536994E1	-6.299572E1
2.820000E1	-7.549390E1	-6.324336E1
2.822000E1	-7.599159E1	-6.346533E1
2.824000E1	-7.592585E1	-6.434629E1
2.826000E1	-7.543019E1	-6.513012E1
2.828000E1	-7.495650E1	-6.570551E1
2.830000E1	-7.505043E1	-6.573209E1
2.832000E1	-7.513406E1	-6.579384E1
2.834000E1	-7.503204E1	-6.650613E1
2.836000E1	-7.483359E1	-6.713546E1
2.838000E1	-7.441919E1	-6.799733E1
2.840000E1	-7.455358E1	-6.801010E1
2.842000E1	-7.474459E1	-6.770790E1
2.844000E1	-7.467509E1	-6.775889E1
2.846000E1	-7.428605E1	-6.787330E1
2.848000E1	-7.427804E1	-6.792208E1
2.850000E1	-7.432862E1	-6.789571E1
2.852000E1	-7.435405E1	-6.802922E1
2.854000E1	-7.392059E1	-6.874134E1
2.856000E1	-7.384951E1	-6.891551E1
2.858000E1	-7.384708E1	-6.877330E1
2.860000E1	-7.387899E1	-6.866653E1
2.862000E1	-7.384980E1	-6.863919E1
2.864000E1	-7.375546E1	-6.871849E1
2.866000E1	-7.332145E1	-6.860302E1
2.868000E1	-7.324782E1	-6.876310E1
2.870000E1	-7.238522E1	-6.922934E1
2.872000E1	-7.120019E1	-6.995422E1
2.874000E1	-7.018698E1	-7.042249E1
2.876000E1	-7.006646E1	-7.061135E1
2.878000E1	-7.013812E1	-7.086896E1
2.880000E1	-7.017859E1	-7.101422E1
2.882000E1	-7.016406E1	-7.107728E1
2.884000E1	-7.011648E1	-7.109377E1
2.886000E1	-7.008771E1	-7.109278E1
2.888000E1	-7.005450E1	-7.116205E1
2.890000E1	-6.962137E1	-7.173490E1
2.892000E1	-6.928828E1	-7.228198E1
2.894000E1	-6.900277E1	-7.248973E1
2.896000E1	-6.868170E1	-7.282689E1
2.898000E1	-6.825279E1	-7.335815E1
2.900000E1	-6.800003E1	-7.352786E1
2.902000E1	-6.790240E1	-7.396540E1
2.904000E1	-6.783226E1	-7.462219E1
2.906000E1	-6.732957E1	-7.498520E1
2.908000E1	-6.727463E1	-7.521757E1
2.910000E1	-6.719636E1	-7.518867E1
2.912000E1	-6.723845E1	-7.532277E1
2.914000E1	-6.706868E1	-7.595555E1
2.916000E1	-6.620071E1	-7.701165E1
2.918000E1	-6.519498E1	-7.788080E1
2.920000E1	-6.428157E1	-7.882114E1
2.922000E1	-6.372770E1	-7.951145E1
2.924000E1	-6.330535E1	-8.023331E1
2.926000E1	-6.331327E1	-8.091330E1
2.928000E1	-6.339488E1	-8.160947E1
2.930000E1	-6.341020E1	-8.202779E1
2.932000E1	-6.337252E1	-8.198262E1
2.934000E1	-6.333075E1	-8.198378E1
2.936000E1	-6.283587E1	-8.203157E1
2.938000E1	-6.272413E1	-8.215040E1
2.940000E1	-6.246146E1	-8.232808E1
2.942000E1	-6.232989E1	-8.249206E1
2.944000E1	-6.204121E1	-8.291066E1
2.946000E1	-6.197902E1	-8.297481E1
2.948000E1	-6.196609E1	-8.289064E1
2.950000E1	-6.196667E1	-8.290411E1
2.952000E1	-6.190516E1	-8.289992E1
2.954000E1	-6.162003E1	-8.289310E1
2.956000E1	-6.154185E1	-8.265216E1
2.958000E1	-6.147716E1	-8.270881E1
2.960000E1	-6.140661E1	-8.276542E1
2.962000E1	-6.133337E1	-8.289832E1
2.964000E1	-6.125110E1	-8.292625E1
2.966000E1	-6.120271E1	-8.291664E1
2.968000E1	-6.118780E1	-8.291120E1
2.970000E1	-6.113672E1	-8.306471E1
2.972000E1	-6.092409E1	-8.317137E1
2.974000E1	-6.074530E1	-8.329260E1
2.976000E1	-5.998557E1	-8.330886E1
2.978000E1	-5.861213E1	-8.337633E1
2.980000E1	-5.717995E1	-8.418399E1
2.982000E1	-5.679123E1	-8.476004E1
2.984000E1	-5.686744E1	-8.490411E1
2.986000E1	-5.693333E1	-8.499217E1
2.988000E1	-5.696353E1	-8.500241E1
2.990000E1	-5.701293E1	-8.512394E1
2.992000E1	-5.697768E1	-8.524545E1
2.994000E1	-5.679091E1	-8.541985E1
2.996000E1	-5.632998E1	-8.612746E1
2.998000E1	-5.612085E1	-8.678237E1
3.000000E1	-5.571636E1	-8.669556E1
3.002000E1	-5.563044E1	-8.667304E1
3.004000E1	-5.522860E1	-8.696667E1
3.006000E1	-5.512313E1	-8.736512E1
3.008000E1	-5.480890E1	-8.789400E1
3.010000E1	-5.427213E1	-8.826469E1
3.012000E1	-5.401543E1	-8.860854E1
3.014000E1	-5.404314E1	-8.875174E1
3.016000E1	-5.393442E1	-8.921280E1
3.018000E1	-5.349167E1	-9.003999E1
3.020000E1	-5.285064E1	-9.097827E1
3.022000E1	-5.205356E1	-9.173751E1
3.024000E1	-5.163718E1	-9.206269E1
3.026000E1	-5.161845E1	-9.205726E1
3.028000E1	-5.123089E1	-9.200804E1
3.030000E1	-5.071053E1	-9.209074E1
3.032000E1	-5.034144E1	-9.248931E1
3.034000E1	-5.036031E1	-9.276153E1
3.036000E1	-5.032791E1	-9.293491E1
3.038000E1	-5.021781E1	-9.302072E1
3.040000E1	-5.018721E1	-9.303424E1
3.042000E1	-5.008280E1	-9.314896E1
3.044000E1	-5.013301E1	-9.306861E1
3.046000E1	-5.011161E1	-9.302939E1
3.048000E1	-4.967064E1	-9.300878E1
3.050000E1	-4.937293E1	-9.305062E1
3.052000E1	-4.926119E1	-9.314734E1
3.054000E1	-4.922853E1	-9.325826E1
3.056000E1	-4.920597E1	-9.334505E1
3.058000E1	-4.904494E1	-9.343460E1
3.060000E1	-4.905090E1	-9.346819E1
3.062000E1	-4.905959E1	-9.348442E1
3.064000E1	-4.879367E1	-9.363887E1
3.066000E1	-4.865820E1	-9.360109E1
3.068000E1	-4.838778E1	-9.361582E1
3.070000E1	-4.826852E1	-9.360103E1
3.072000E1	-4.805765E1	-9.371610E1
3.074000E1	-4.753917E1	-9.387342E1
3.076000E1	-4.725281E1	-9.413559E1
3.078000E1	-4.730588E1	-9.424437E1
3.080000E1	-4.720255E1	-9.435096E1
3.082000E1	-4.653128E1	-9.473015E1
3.084000E1	-4.532935E1	-9.507187E1
3.086000E1	-4.396793E1	-9.543245E1
3.088000E1	-4.298517E1	-9.615317E1
3.090000E1	-4.279095E1	-9.644127E1
3.092000E1	-4.281915E1	-9.645774E1
3.094000E1	-4.291386E1	-9.633228E1
3.096000E1	-4.332869E1	-9.650335E1
3.098000E1	-4.331511E1	-9.683373E1
3.100000E1	-4.309978E1	-9.702517E1
3.102000E1	-4.239325E1	-9.740680E1
3.104000E1	-4.203956E1	-9.788384E1
3.106000E1	-4.192072E1	-9.796633E1
3.108000E1	-4.156964E1	-9.805119E1
3.110000E1	-4.106936E1	-9.834677E1
3.112000E1	-4.067473E1	-9.889300E1
3.114000E1	-4.050233E1	-9.938823E1
3.116000E1	-4.026927E1	-9.946646E1
3.118000E1	-4.030070E1	-9.941331E1
3.120000E1	-4.036050E1	-9.939333E1
3.122000E1	-4.038978E1	-9.938300E1
3.124000E1	-4.011241E1	-9.955700E1
3.126000E1	-3.969131E1	-9.979942E1
3.128000E1	-3.964619E1	-9.989356E1
3.130000E1	-3.944263E1	-1.000981E2
3.132000E1	-3.937613E1	-1.000688E2
3.134000E1	-3.919225E1	-1.001491E2
3.136000E1	-3.873554E1	-1.002338E2
3.138000E1	-3.844425E1	-1.003004E2
3.140000E1	-3.844951E1	-1.003032E2
3.142000E1	-3.850200E1	-1.003316E2
3.144000E1	-3.850542E1	-1.003457E2
3.146000E1	-3.810694E1	-1.006707E2
3.148000E1	-3.771027E1	-1.010146E2
3.150000E1	-3.748262E1	-1.011143E2
3.152000E1	-3.752993E1	-1.010562E2
3.154000E1	-3.746377E1	-1.009901E2
3.156000E1	-3.744905E1	-1.009821E2
3.158000E1	-3.704634E1	-1.010947E2
3.160000E1	-3.654944E1	-1.010329E2
3.162000E1	-3.654023E1	-1.008978E2
3.164000E1	-3.667293E1	-1.009171E2
3.166000E1	-3.616221E1	-1.013311E2
3.168000E1	-3.566388E1	-1.016752E2
3.170000E1	-3.566777E1	-1.017460E2
3.172000E1	-3.564586E1	-1.017202E2
3.174000E1	-3.516813E1	-1.019790E2
3.176000E1	-3.466546E1	-1.023782E2
3.178000E1	-3.431667E1	-1.027278E2
3.180000E1	-3.392075E1	-1.028837E2
3.182000E1	-3.357691E1	-1.030294E2
3.184000E1	-3.358569E1	-1.029264E2
3.186000E1	-3.365643E1	-1.027896E2
3.188000E1	-3.376489E1	-1.030116E2
3.190000E1	-3.334868E1	-1.035554E2
3.192000E1	-3.233651E1	-1.039104E2
3.194000E1	-3.077228E1	-1.040344E2
3.196000E1	-2.920978E1	-1.041324E2
3.198000E1	-2.860186E1	-1.046298E2
3.200000E1	-2.885360E1	-1.050800E2
3.202000E1	-2.895453E1	-1.054812E2
3.204000E1	-2.908405E1	-1.058503E2
3.206000E1	-2.945418E1	-1.059941E2
3.208000E1	-2.928950E1	-1.060648E2
3.210000E1	-2.883334E1	-1.060913E2
3.212000E1	-2.872307E1	-1.060970E2
3.214000E1	-2.871654E1	-1.060989E2
3.216000E1	-2.837420E1	-1.061514E2
3.218000E1	-2.791475E1	-1.063804E2
3.220000E1	-2.747585E1	-1.065109E2
3.222000E1	-2.735070E1	-1.067586E2
3.224000E1	-2.733277E1	-1.067874E2
3.226000E1	-2.736782E1	-1.068015E2
3.228000E1	-2.700603E1	-1.069869E2
3.230000E1	-2.700664E1	-1.070186E2
3.232000E1	-2.725701E1	-1.068556E2
3.234000E1	-2.728070E1	-1.068111E2
3.236000E1	-2.706475E1	-1.068624E2
3.238000E1	-2.656898E1	-1.068283E2
3.240000E1	-2.602561E1	-1.068325E2
3.242000E1	-2.538079E1	-1.069505E2
3.244000E1	-2.455830E1	-1.071605E2
3.246000E1	-2.405433E1	-1.073865E2
3.248000E1	-2.396425E1	-1.074735E2
3.250000E1	-2.391923E1	-1.076808E2
3.252000E1	-2.380389E1	-1.076538E2
3.254000E1	-2.334999E1	-1.077836E2
3.256000E1	-2.273025E1	-1.081850E2
3.258000E1	-2.219697E1	-1.083687E2
3.260000E1	-2.203670E1	-1.083297E2
3.262000E1	-2.201876E1	-1.083602E2
3.264000E1	-2.165441E1	-1.084040E2
3.266000E1	-2.128513E1	-1.086753E2
3.268000E1	-2.109579E1	-1.087925E2
3.270000E1	-2.087071E1	-1.089482E2
3.272000E1	-2.058027E1	-1.092976E2
3.274000E1	-2.057794E1	-1.092813E2
3.276000E1	-2.032205E1	-1.093353E2
3.278000E1	-2.036134E1	-1.092119E2
3.280000E1	-2.066753E1	-1.094044E2
3.282000E1	-2.010450E1	-1.100294E2
3.284000E1	-1.905576E1	-1.102431E2
3.286000E1	-1.823744E1	-1.104043E2
3.288000E1	-1.792415E1	-1.105335E2
3.290000E1	-1.796684E1	-1.106207E2
3.292000E1	-1.784879E1	-1.109397E2
3.294000E1	-1.743871E1	-1.113502E2
3.296000E1	-1.700122E1	-1.117329E2
3.298000E1	-1.676742E1	-1.120204E2
3.300000E1	-1.672499E1	-1.120057E2
3.302000E1	-1.618107E1	-1.118972E2
3.304000E1	-1.515943E1	-1.115126E2
3.306000E1	-1.422718E1	-1.112044E2
3.308000E1	-1.424870E1	-1.112649E2
3.310000E1	-1.426812E1	-1.113635E2
3.312000E1	-1.429174E1	-1.116419E2
3.314000E1	-1.389640E1	-1.119931E2
3.316000E1	-1.379733E1	-1.120183E2
3.318000E1	-1.387548E1	-1.120538E2
3.320000E1	-1.379310E1	-1.120345E2
3.322000E1	-1.340458E1	-1.119697E2
3.324000E1	-1.341986E1	-1.119628E2
3.326000E1	-1.335605E1	-1.118902E2
3.328000E1	-1.287256E1	-1.118073E2
3.330000E1	-1.283964E1	-1.118515E2
3.332000E1	-1.279155E1	-1.118817E2
3.334000E1	-1.278189E1	-1.119155E2
3.336000E1	-1.273649E1	-1.119133E2
3.338000E1	-1.270524E1	-1.119372E2
3.340000E1	-1.273924E1	-1.119773E2
3.342000E1	-1.269867E1	-1.119374E2
3.344000E1	-1.267025E1	-1.119014E2
3.346000E1	-1.233379E1	-1.120093E2
3.348000E1	-1.173608E1	-1.120221E2
3.350000E1	-1.036357E1	-1.121050E2
3.352000E1	-9.355753E0	-1.122664E2
3.354000E1	-8.531548E0	-1.123853E2
3.356000E1	-8.017980E0	-1.124553E2
3.358000E1	-7.789396E0	-1.126860E2
3.360000E1	-7.668843E0	-1.130736E2
3.362000E1	-6.980429E0	-1.134024E2
3.364000E1	-6.132251E0	-1.136503E2
3.366000E1	-5.847304E0	-1.138199E2
3.368000E1	-5.865440E0	-1.138074E2
3.370000E1	-6.184823E0	-1.136678E2
3.372000E1	-6.118252E0	-1.140362E2
3.374000E1	-5.108785E0	-1.144910E2
3.376000E1	-4.449634E0	-1.146104E2
3.378000E1	-3.996745E0	-1.145718E2
3.380000E1	-4.028955E0	-1.145490E2
3.382000E1	-4.507712E0	-1.147202E2
3.384000E1	-3.990826E0	-1.150913E2
3.386000E1	-3.306975E0	-1.154695E2
3.388000E1	-2.957182E0	-1.157994E2
3.390000E1	-2.975501E0	-1.157408E2
3.392000E1	-2.934452E0	-1.157402E2
3.394000E1	-2.630347E0	-1.156922E2
3.396000E1	-2.570508E0	-1.156397E2
3.398000E1	-2.189701E0	-1.155989E2
3.400000E1	-2.076456E0	-1.156189E2
3.402000E1	-1.795282E0	-1.157985E2
3.404000E1	-1.319157E0	-1.159163E2
3.406000E1	-1.235636E0	-1.159866E2
3.408000E1	-1.224701E0	-1.159882E2
3.410000E1	-9.410591E-1	-1.158658E2
3.412000E1	1.159925E-1	-1.155227E2
3.414000E1	1.167203E0	-1.148158E2
3.416000E1	1.204763E0	-1.147212E2
3.418000E1	1.151180E0	-1.148906E2
3.420000E1	1.140237E0	-1.152654E2
3.422000E1	1.161192E0	-1.154126E2
3.424000E1	1.185586E0	-1.154869E2
3.426000E1	1.189273E0	-1.154683E2
3.428000E1	1.240863E0	-1.154316E2
3.430000E1	1.672961E0	-1.155135E2
3.432000E1	1.767927E0	-1.156187E2
3.434000E1	1.802947E0	-1.154605E2
3.436000E1	2.234220E0	-1.152135E2
3.438000E1	2.779111E0	-1.151558E2
3.440000E1	3.388946E0	-1.151703E2
3.442000E1	3.827596E0	-1.153494E2
3.444000E1	4.009183E0	-1.155015E2
3.446000E1	4.623919E0	-1.155266E2
3.448000E1	5.472668E0	-1.158102E2
3.450000E1	5.684746E0	-1.161408E2
3.452000E1	5.886259E0	-1.163140E2
3.454000E1	6.322847E0	-1.164329E2
3.456000E1	7.046300E0	-1.165023E2
3.458000E1	7.593823E0	-1.165118E2
3.460000E1	8.105940E0	-1.164387E2
3.462000E1	8.544139E0	-1.165401E2
3.464000E1	8.954813E0	-1.167134E2
3.466000E1	9.690653E0	-1.168490E2
3.468000E1	1.022449E1	-1.170624E2
3.470000E1	1.089704E1	-1.173915E2
3.472000E1	1.118704E1	-1.176097E2
3.474000E1	1.133104E1	-1.178263E2
3.476000E1	1.187207E1	-1.181621E2
3.478000E1	1.237009E1	-1.183790E2
3.480000E1	1.254628E1	-1.185812E2
3.482000E1	1.257453E1	-1.184980E2
3.484000E1	1.261558E1	-1.184623E2
3.486000E1	1.306218E1	-1.183151E2
3.488000E1	1.335038E1	-1.182794E2
3.490000E1	1.333049E1	-1.183145E2
3.492000E1	1.334127E1	-1.183336E2
3.494000E1	1.371117E1	-1.184538E2
3.496000E1	1.410722E1	-1.185526E2
3.498000E1	1.404209E1	-1.184786E2
3.500000E1	1.399697E1	-1.184401E2
3.502000E1	1.410022E1	-1.184003E2
3.504000E1	1.442755E1	-1.182699E2
3.506000E1	1.432861E1	-1.181829E2
3.508000E1	1.431277E1	-1.181810E2
3.510000E1	1.446536E1	-1.181640E2
3.512000E1	1.476812E1	-1.182016E2
3.514000E1	1.482620E1	-1.182049E2
3.516000E1	1.488654E1	-1.182135E2
3.518000E1	1.531299E1	-1.182141E2
3.520000E1	1.620813E1	-1.180447E2
3.522000E1	1.768665E1	-1.172706E2
3.524000E1	1.886811E1	-1.167212E2
3.526000E1	1.913493E1	-1.167742E2
3.528000E1	1.930153E1	-1.169604E2
3.530000E1	1.954001E1	-1.172330E2
3.532000E1	1.961952E1	-1.172990E2
3.534000E1	1.964769E1	-1.173352E2
3.536000E1	2.004482E1	-1.173767E2
3.538000E1	2.087190E1	-1.173677E2
3.540000E1	2.179053E1	-1.174480E2
3.542000E1	2.208201E1	-1.177365E2
3.544000E1	2.248293E1	-1.177870E2
3.546000E1	2.281142E1	-1.177169E2
3.548000E1	2.296004E1	-1.177064E2
3.550000E1	2.319466E1	-1.177415E2
3.552000E1	2.325761E1	-1.177569E2
3.554000E1	2.369140E1	-1.178653E2
3.556000E1	2.416794E1	-1.181217E2
3.558000E1	2.472319E1	-1.183193E2
3.560000E1	2.525735E1	-1.183802E2
3.562000E1	2.565958E1	-1.184243E2
3.564000E1	2.626208E1	-1.185327E2
3.566000E1	2.714970E1	-1.188020E2
3.568000E1	2.834325E1	-1.189419E2
3.570000E1	2.936466E1	-1.189281E2
3.572000E1	3.000519E1	-1.188274E2
3.574000E1	3.001675E1	-1.187502E2
3.576000E1	3.000374E1	-1.187422E2
3.578000E1	3.014000E1	-1.187544E2
3.580000E1	3.054097E1	-1.187988E2
3.582000E1	3.069847E1	-1.188679E2
3.584000E1	3.088827E1	-1.188572E2
3.586000E1	3.127778E1	-1.188996E2
3.588000E1	3.162720E1	-1.189086E2
3.590000E1	3.157244E1	-1.188866E2
3.592000E1	3.150493E1	-1.188619E2
3.594000E1	3.158002E1	-1.187397E2
3.596000E1	3.179930E1	-1.184827E2
3.598000E1	3.180943E1	-1.183700E2
3.600000E1	3.180065E1	-1.183725E2
3.602000E1	3.182589E1	-1.183715E2
3.604000E1	3.229374E1	-1.183667E2
3.606000E1	3.232980E1	-1.183540E2
3.608000E1	3.236888E1	-1.182947E2
3.610000E1	3.247252E1	-1.182490E2
3.612000E1	3.285629E1	-1.182665E2
3.614000E1	3.300657E1	-1.182819E2
3.616000E1	3.310533E1	-1.180472E2
3.618000E1	3.337478E1	-1.177415E2
3.620000E1	3.353116E1	-1.176204E2
3.622000E1	3.381803E1	-1.175915E2
3.624000E1	3.383673E1	-1.175260E2
3.626000E1	3.423747E1	-1.174847E2
3.628000E1	3.491082E1	-1.173228E2
3.630000E1	3.645650E1	-1.165126E2
3.632000E1	3.799582E1	-1.159003E2
3.634000E1	3.859442E1	-1.158870E2
3.636000E1	3.891184E1	-1.161344E2
3.638000E1	3.904839E1	-1.162567E2
3.640000E1	3.907978E1	-1.162907E2
3.642000E1	3.907102E1	-1.162934E2
3.644000E1	3.913038E1	-1.164112E2
3.646000E1	3.959068E1	-1.164664E2
3.648000E1	4.020617E1	-1.164863E2
3.650000E1	4.106730E1	-1.166541E2
3.652000E1	4.155898E1	-1.166465E2
3.654000E1	4.196787E1	-1.162419E2
3.656000E1	4.244637E1	-1.162225E2
3.658000E1	4.295427E1	-1.163181E2
3.660000E1	4.356993E1	-1.165759E2
3.662000E1	4.428216E1	-1.168720E2
3.664000E1	4.451967E1	-1.168583E2
3.666000E1	4.451073E1	-1.168649E2
3.668000E1	4.446238E1	-1.168650E2
3.670000E1	4.449866E1	-1.168527E2
3.672000E1	4.494904E1	-1.168356E2
3.674000E1	4.543823E1	-1.167854E2
3.676000E1	4.583450E1	-1.167714E2
3.678000E1	4.633600E1	-1.167757E2
3.680000E1	4.639082E1	-1.167530E2
3.682000E1	4.644192E1	-1.167221E2
3.684000E1	4.644083E1	-1.167645E2
3.686000E1	4.675128E1	-1.168523E2
3.688000E1	4.693665E1	-1.167463E2
3.690000E1	4.670192E1	-1.167640E2
3.692000E1	4.697847E1	-1.167231E2
3.694000E1	4.740578E1	-1.167238E2
3.696000E1	4.757365E1	-1.167218E2
3.698000E1	4.757807E1	-1.167229E2
3.700000E1	4.756332E1	-1.166426E2
3.702000E1	4.783540E1	-1.165603E2
3.704000E1	4.836673E1	-1.164558E2
3.706000E1	4.881169E1	-1.163504E2
3.708000E1	4.868365E1	-1.161670E2
3.710000E1	4.865993E1	-1.161185E2
3.712000E1	4.896297E1	-1.161315E2
3.714000E1	4.946606E1	-1.160429E2
3.716000E1	4.996638E1	-1.159540E2
3.718000E1	4.998530E1	-1.158487E2
3.720000E1	5.041440E1	-1.157850E2
3.722000E1	5.127439E1	-1.154717E2
3.724000E1	5.192338E1	-1.154011E2
3.726000E1	5.221122E1	-1.154377E2
3.728000E1	5.266828E1	-1.154159E2
3.730000E1	5.299417E1	-1.153383E2
3.732000E1	5.292215E1	-1.153421E2
3.734000E1	5.272559E1	-1.153134E2
3.736000E1	5.276780E1	-1.154010E2
3.738000E1	5.364306E1	-1.152768E2
3.740000E1	5.521274E1	-1.144304E2
3.742000E1	5.662760E1	-1.135602E2
3.744000E1	5.730330E1	-1.133606E2
3.746000E1	5.749126E1	-1.134530E2
3.748000E1	5.756998E1	-1.138090E2
3.750000E1	5.797382E1	-1.141100E2
3.752000E1	5.818604E1	-1.142066E2
3.754000E1	5.849666E1	-1.142338E2
3.756000E1	5.874207E1	-1.140821E2
3.758000E1	5.905964E1	-1.139502E2
3.760000E1	5.902986E1	-1.139382E2
3.762000E1	5.905169E1	-1.138358E2
3.764000E1	5.941571E1	-1.134180E2
3.766000E1	5.992779E1	-1.134623E2
3.768000E1	6.019559E1	-1.135433E2
3.770000E1	6.041663E1	-1.136819E2
3.772000E1	6.052832E1	-1.135925E2
3.774000E1	6.055875E1	-1.135923E2
3.776000E1	6.063080E1	-1.135743E2
3.778000E1	6.055037E1	-1.135425E2
3.780000E1	6.046661E1	-1.135052E2
3.782000E1	6.045920E1	-1.134554E2
3.784000E1	6.068090E1	-1.132951E2
3.786000E1	6.106601E1	-1.130343E2
3.788000E1	6.155564E1	-1.126764E2
3.790000E1	6.209746E1	-1.121653E2
3.792000E1	6.268897E1	-1.118714E2
3.794000E1	6.305365E1	-1.118715E2
3.796000E1	6.318288E1	-1.119204E2
3.798000E1	6.355214E1	-1.119655E2
3.800000E1	6.364359E1	-1.119403E2
3.802000E1	6.410572E1	-1.116785E2
3.804000E1	6.447794E1	-1.115810E2
3.806000E1	6.479179E1	-1.113876E2
3.808000E1	6.501381E1	-1.113977E2
3.810000E1	6.531799E1	-1.112828E2
3.812000E1	6.553892E1	-1.111193E2
3.814000E1	6.601928E1	-1.109327E2
3.816000E1	6.601381E1	-1.109605E2
3.818000E1	6.612761E1	-1.111338E2
3.820000E1	6.666428E1	-1.110899E2
3.822000E1	6.713264E1	-1.110105E2
3.824000E1	6.724618E1	-1.109690E2
3.826000E1	6.730789E1	-1.108577E2
3.828000E1	6.733921E1	-1.110142E2
3.830000E1	6.830604E1	-1.110194E2
3.832000E1	6.946709E1	-1.107019E2
3.834000E1	7.010221E1	-1.102854E2
3.836000E1	7.056102E1	-1.101106E2
3.838000E1	7.066301E1	-1.100568E2
3.840000E1	7.084523E1	-1.101319E2
3.842000E1	7.132436E1	-1.101490E2
3.844000E1	7.223163E1	-1.101490E2
3.846000E1	7.273253E1	-1.101179E2
3.848000E1	7.309793E1	-1.098803E2
3.850000E1	7.341533E1	-1.092030E2
3.852000E1	7.372273E1	-1.083560E2
3.854000E1	7.397959E1	-1.075641E2
3.856000E1	7.410529E1	-1.077582E2
3.858000E1	7.429157E1	-1.080328E2
3.860000E1	7.447827E1	-1.081891E2
3.862000E1	7.501163E1	-1.081156E2
3.864000E1	7.514093E1	-1.080533E2
3.866000E1	7.513868E1	-1.080681E2
3.868000E1	7.512627E1	-1.080010E2
3.870000E1	7.513133E1	-1.079613E2
3.872000E1	7.515152E1	-1.078492E2
3.874000E1	7.520199E1	-1.075125E2
3.876000E1	7.540070E1	-1.072868E2
3.878000E1	7.551843E1	-1.071928E2
3.880000E1	7.557056E1	-1.071523E2
3.882000E1	7.559125E1	-1.071203E2
3.884000E1	7.565665E1	-1.070582E2
3.886000E1	7.578401E1	-1.071009E2
3.888000E1	7.605512E1	-1.071249E2
3.890000E1	7.608571E1	-1.071069E2
3.892000E1	7.609325E1	-1.070369E2
3.894000E1	7.640227E1	-1.066320E2
3.896000E1	7.718671E1	-1.060434E2
3.898000E1	7.830750E1	-1.052475E2
3.900000E1	7.931633E1	-1.046243E2
3.902000E1	7.965858E1	-1.043495E2
3.904000E1	7.990167E1	-1.042039E2
3.906000E1	8.031717E1	-1.042119E2
3.908000E1	8.065887E1	-1.043698E2
3.910000E1	8.124017E1	-1.042670E2
3.912000E1	8.217550E1	-1.038494E2
3.914000E1	8.245185E1	-1.037988E2
3.916000E1	8.242166E1	-1.037103E2
3.918000E1	8.217467E1	-1.037035E2
3.920000E1	8.257808E1	-1.039149E2
3.922000E1	8.348206E1	-1.037526E2
3.924000E1	8.425442E1	-1.032515E2
3.926000E1	8.460356E1	-1.029605E2
3.928000E1	8.443425E1	-1.031016E2
3.930000E1	8.438605E1	-1.033953E2
3.932000E1	8.495307E1	-1.033570E2
3.934000E1	8.582374E1	-1.031941E2
3.936000E1	8.625053E1	-1.031528E2
3.938000E1	8.625699E1	-1.030474E2
3.940000E1	8.634145E1	-1.029042E2
3.942000E1	8.646235E1	-1.027085E2
3.944000E1	8.645752E1	-1.025282E2
3.946000E1	8.663162E1	-1.022048E2
3.948000E1	8.703948E1	-1.021372E2
3.950000E1	8.720095E1	-1.021689E2
3.952000E1	8.767605E1	-1.020461E2
3.954000E1	8.805795E1	-1.018997E2
3.956000E1	8.773208E1	-1.018907E2
3.958000E1	8.809767E1	-1.015981E2
3.960000E1	8.857554E1	-1.006631E2
3.962000E1	8.858436E1	-9.976871E1
3.964000E1	8.838596E1	-9.947865E1
3.966000E1	8.841195E1	-9.967004E1
3.968000E1	8.869875E1	-1.000242E2
3.970000E1	8.882905E1	-1.001444E2
3.972000E1	8.883652E1	-1.002378E2
3.974000E1	8.880843E1	-1.001877E2
3.976000E1	8.880361E1	-1.001657E2
3.978000E1	8.925080E1	-1.001812E2
3.980000E1	8.935388E1	-1.001994E2
3.982000E1	8.930574E1	-1.000591E2
3.984000E1	8.930022E1	-9.938839E1
3.986000E1	8.969163E1	-9.892273E1
3.988000E1	9.016619E1	-9.868350E1
3.990000E1	9.065101E1	-9.870261E1
3.992000E1	9.095083E1	-9.864602E1
3.994000E1	9.130810E1	-9.825173E1
3.996000E1	9.201503E1	-9.793845E1
3.998000E1	9.250361E1	-9.794099E1
4.000000E1	9.286254E1	-9.799202E1
4.002000E1	9.334270E1	-9.780604E1
4.004000E1	9.392582E1	-9.718146E1
4.006000E1	9.449080E1	-9.680854E1
4.008000E1	9.484562E1	-9.631880E1
4.010000E1	9.510834E1	-9.609312E1
4.012000E1	9.552730E1	-9.607893E1
4.014000E1	9.615506E1	-9.564123E1
4.016000E1	9.667775E1	-9.549155E1
4.018000E1	9.749766E1	-9.535002E1
4.020000E1	9.778501E1	-9.527622E1
4.022000E1	9.817952E1	-9.520473E1
4.024000E1	9.869922E1	-9.509041E1
4.026000E1	9.926321E1	-9.495081E1
4.028000E1	9.966850E1	-9.490960E1
4.030000E1	9.978451E1	-9.483738E1
4.032000E1	9.984767E1	-9.471900E1
4.034000E1	1.000299E2	-9.428131E1
4.036000E1	1.000831E2	-9.406141E1
4.038000E1	1.000045E2	-9.407408E1
4.040000E1	1.000414E2	-9.400217E1
4.042000E1	1.004737E2	-9.397247E1
4.044000E1	1.008232E2	-9.387648E1
4.046000E1	1.007689E2	-9.381553E1
4.048000E1	1.008632E2	-9.368162E1
4.050000E1	1.009464E2	-9.352084E1
4.052000E1	1.009540E2	-9.320343E1
4.054000E1	1.006754E2	-9.317286E1
4.056000E1	1.007237E2	-9.307550E1
4.058000E1	1.008057E2	-9.300005E1
4.060000E1	1.009871E2	-9.276139E1
4.062000E1	1.009885E2	-9.269630E1
4.064000E1	1.009773E2	-9.259575E1
4.066000E1	1.012307E2	-9.242011E1
4.068000E1	1.017454E2	-9.169257E1
4.070000E1	1.023562E2	-9.023131E1
4.072000E1	1.028010E2	-8.898840E1
4.074000E1	1.029481E2	-8.868938E1
4.076000E1	1.031777E2	-8.870397E1
4.078000E1	1.034670E2	-8.871975E1
4.080000E1	1.034416E2	-8.871006E1
4.082000E1	1.034245E2	-8.868133E1
4.084000E1	1.038243E2	-8.869538E1
4.086000E1	1.042296E2	-8.823898E1
4.088000E1	1.048563E2	-8.750656E1
4.090000E1	1.053261E2	-8.737665E1
4.092000E1	1.056993E2	-8.721867E1
4.094000E1	1.058858E2	-8.681014E1
4.096000E1	1.060115E2	-8.676839E1
4.098000E1	1.061752E2	-8.652187E1
4.100000E1	1.062416E2	-8.644302E1
4.102000E1	1.067111E2	-8.632039E1
4.104000E1	1.071145E2	-8.621690E1
4.106000E1	1.077298E2	-8.594207E1
4.108000E1	1.082130E2	-8.572669E1
4.110000E1	1.086511E2	-8.529261E1
4.112000E1	1.091001E2	-8.525496E1
4.114000E1	1.096449E2	-8.467764E1
4.116000E1	1.106245E2	-8.395646E1
4.118000E1	1.115847E2	-8.325262E1
4.120000E1	1.121895E2	-8.264820E1
4.122000E1	1.123193E2	-8.244888E1
4.124000E1	1.122513E2	-8.235961E1
4.126000E1	1.121928E2	-8.231589E1
4.128000E1	1.125912E2	-8.214151E1
4.130000E1	1.129159E2	-8.200433E1
4.132000E1	1.129071E2	-8.190340E1
4.134000E1	1.130944E2	-8.178699E1
4.136000E1	1.134864E2	-8.169448E1
4.138000E1	1.134802E2	-8.161455E1
4.140000E1	1.134988E2	-8.156063E1
4.142000E1	1.134584E2	-8.140050E1
4.144000E1	1.133596E2	-8.106277E1
4.146000E1	1.134255E2	-8.091353E1
4.148000E1	1.134232E2	-8.088365E1
4.150000E1	1.134364E2	-8.090878E1
4.152000E1	1.137256E2	-8.073888E1
4.154000E1	1.137255E2	-8.064851E1
4.156000E1	1.137666E2	-8.050137E1
4.158000E1	1.138097E2	-8.037506E1
4.160000E1	1.139630E2	-8.020586E1
4.162000E1	1.143251E2	-7.997576E1
4.164000E1	1.143423E2	-7.979121E1
4.166000E1	1.140956E2	-7.942210E1
4.168000E1	1.142074E2	-7.940161E1
4.170000E1	1.142980E2	-7.926211E1
4.172000E1	1.145439E2	-7.902154E1
4.174000E1	1.147741E2	-7.881651E1
4.176000E1	1.149987E2	-7.856603E1
4.178000E1	1.154549E2	-7.730864E1
4.180000E1	1.160415E2	-7.574460E1
4.182000E1	1.165223E2	-7.485825E1
4.184000E1	1.169683E2	-7.472413E1
4.186000E1	1.173130E2	-7.465266E1
4.188000E1	1.173218E2	-7.463041E1
4.190000E1	1.172493E2	-7.462887E1
4.192000E1	1.173473E2	-7.469976E1
4.194000E1	1.178211E2	-7.461398E1
4.196000E1	1.182291E2	-7.417155E1
4.198000E1	1.187970E2	-7.365291E1
4.200000E1	1.193054E2	-7.343186E1
4.202000E1	1.193617E2	-7.289124E1
4.204000E1	1.195113E2	-7.260042E1
4.206000E1	1.198226E2	-7.222669E1
4.208000E1	1.203311E2	-7.206065E1
4.210000E1	1.212023E2	-7.168658E1
4.212000E1	1.216826E2	-7.159382E1
4.214000E1	1.216423E2	-7.162033E1
4.216000E1	1.216252E2	-7.164128E1
4.218000E1	1.216480E2	-7.164851E1
4.220000E1	1.219161E2	-7.139269E1
4.222000E1	1.221362E2	-7.092379E1
4.224000E1	1.223379E2	-7.065886E1
4.226000E1	1.226145E2	-7.042382E1
4.228000E1	1.226831E2	-7.029946E1
4.230000E1	1.226758E2	-7.031452E1
4.232000E1	1.226768E2	-7.021425E1
4.234000E1	1.227167E2	-7.009480E1
4.236000E1	1.228579E2	-6.990382E1
4.238000E1	1.228109E2	-6.986433E1
4.240000E1	1.227884E2	-6.984217E1
4.242000E1	1.230557E2	-6.958587E1
4.244000E1	1.234454E2	-6.925226E1
4.246000E1	1.235598E2	-6.914424E1
4.248000E1	1.235772E2	-6.914760E1
4.250000E1	1.235787E2	-6.907023E1
4.252000E1	1.238564E2	-6.888325E1
4.254000E1	1.241491E2	-6.832659E1
4.256000E1	1.241228E2	-6.807599E1
4.258000E1	1.239484E2	-6.801492E1
4.260000E1	1.240309E2	-6.810679E1
4.262000E1	1.245634E2	-6.778989E1
4.264000E1	1.250188E2	-6.714268E1
4.266000E1	1.250844E2	-6.716207E1
4.268000E1	1.250423E2	-6.714172E1
4.270000E1	1.252851E2	-6.653184E1
4.272000E1	1.257612E2	-6.587674E1
4.274000E1	1.261495E2	-6.574782E1
4.276000E1	1.263111E2	-6.551543E1
4.278000E1	1.265161E2	-6.500580E1
4.280000E1	1.266075E2	-6.487450E1
4.282000E1	1.264638E2	-6.498811E1
4.284000E1	1.265381E2	-6.500120E1
4.286000E1	1.271087E2	-6.485087E1
4.288000E1	1.277573E2	-6.368157E1
4.290000E1	1.280631E2	-6.204290E1
4.292000E1	1.281563E2	-6.047843E1
4.294000E1	1.285296E2	-5.988408E1
4.296000E1	1.289678E2	-6.005575E1
4.298000E1	1.294593E2	-6.015810E1
4.300000E1	1.299005E2	-6.022126E1
4.302000E1	1.300772E2	-6.039759E1
4.304000E1	1.301204E2	-6.039429E1
4.306000E1	1.301566E2	-5.991823E1
4.308000E1	1.300621E2	-5.983269E1
4.310000E1	1.300391E2	-5.985572E1
4.312000E1	1.300450E2	-5.973491E1
4.314000E1	1.304429E2	-5.909080E1
4.316000E1	1.305940E2	-5.870734E1
4.318000E1	1.308919E2	-5.842111E1
4.320000E1	1.309841E2	-5.855255E1
4.322000E1	1.309756E2	-5.858884E1
4.324000E1	1.311181E2	-5.835056E1
4.326000E1	1.311264E2	-5.826972E1
4.328000E1	1.309705E2	-5.833335E1
4.330000E1	1.309485E2	-5.828796E1
4.332000E1	1.309634E2	-5.806906E1
4.334000E1	1.311131E2	-5.756784E1
4.336000E1	1.312189E2	-5.707876E1
4.338000E1	1.313894E2	-5.631586E1
4.340000E1	1.316639E2	-5.552973E1
4.342000E1	1.319917E2	-5.481595E1
4.344000E1	1.323771E2	-5.442929E1
4.346000E1	1.328421E2	-5.427558E1
4.348000E1	1.328669E2	-5.413392E1
4.350000E1	1.328883E2	-5.403835E1
4.352000E1	1.332748E2	-5.329563E1
4.354000E1	1.335101E2	-5.279413E1
4.356000E1	1.335533E2	-5.255834E1
4.358000E1	1.334961E2	-5.261405E1
4.360000E1	1.335834E2	-5.245209E1
4.362000E1	1.338024E2	-5.184604E1
4.364000E1	1.339736E2	-5.176080E1
4.366000E1	1.340394E2	-5.165185E1
4.368000E1	1.344150E2	-5.128623E1
4.370000E1	1.344330E2	-5.123261E1
4.372000E1	1.344288E2	-5.118000E1
4.374000E1	1.344034E2	-5.118926E1
4.376000E1	1.345404E2	-5.138728E1
4.378000E1	1.352094E2	-5.087846E1
4.380000E1	1.355334E2	-4.992103E1
4.382000E1	1.358374E2	-4.916669E1
4.384000E1	1.358516E2	-4.870450E1
4.386000E1	1.359511E2	-4.867928E1
4.388000E1	1.363378E2	-4.855855E1
4.390000E1	1.367905E2	-4.793547E1
4.392000E1	1.372924E2	-4.756020E1
4.394000E1	1.377118E2	-4.725553E1
4.396000E1	1.377274E2	-4.719562E1
4.398000E1	1.374899E2	-4.666022E1
4.400000E1	1.370798E2	-4.579177E1
4.402000E1	1.368909E2	-4.472435E1
4.404000E1	1.369636E2	-4.466322E1
4.406000E1	1.371232E2	-4.462447E1
4.408000E1	1.375401E2	-4.456080E1
4.410000E1	1.379141E2	-4.439386E1
4.412000E1	1.378680E2	-4.435858E1
4.414000E1	1.378499E2	-4.439711E1
4.416000E1	1.377997E2	-4.439352E1
4.418000E1	1.376073E2	-4.413269E1
4.420000E1	1.376236E2	-4.403658E1
4.422000E1	1.376490E2	-4.399450E1
4.424000E1	1.376227E2	-4.388866E1
4.426000E1	1.376359E2	-4.357810E1
4.428000E1	1.376458E2	-4.355672E1
4.430000E1	1.376927E2	-4.350831E1
4.432000E1	1.377330E2	-4.346185E1
4.434000E1	1.377439E2	-4.345908E1
4.436000E1	1.378169E2	-4.341656E1
4.438000E1	1.378360E2	-4.338565E1
4.440000E1	1.378177E2	-4.341020E1
4.442000E1	1.378125E2	-4.312919E1
4.444000E1	1.378626E2	-4.244068E1
4.446000E1	1.380816E2	-4.121189E1
4.448000E1	1.383393E2	-4.012038E1
4.450000E1	1.384814E2	-3.951528E1
4.452000E1	1.385034E2	-3.882261E1
4.454000E1	1.387578E2	-3.850718E1
4.456000E1	1.391686E2	-3.843695E1
4.458000E1	1.397179E2	-3.771108E1
4.460000E1	1.400779E2	-3.697454E1
4.462000E1	1.401228E2	-3.672863E1
4.464000E1	1.401235E2	-3.643616E1
4.466000E1	1.400870E2	-3.668318E1
4.468000E1	1.405582E2	-3.670917E1
4.470000E1	1.409971E2	-3.565703E1
