	mass A		
t	x	y	
0.000000E0	-1.058143E2	6.385543E1
2.000000E-2	-1.058143E2	6.385543E1
4.000000E-2	-1.054342E2	6.448156E1
6.000000E-2	-1.047192E2	6.508384E1
8.000000E-2	-1.038431E2	6.535648E1
1.000000E-1	-1.036636E2	6.551864E1
1.200000E-1	-1.036906E2	6.552171E1
1.400000E-1	-1.036553E2	6.543902E1
1.600000E-1	-1.034715E2	6.540060E1
1.800000E-1	-1.032098E2	6.578425E1
2.000000E-1	-1.029201E2	6.635017E1
2.200000E-1	-1.026710E2	6.680553E1
2.400000E-1	-1.022849E2	6.765215E1
2.600000E-1	-1.017217E2	6.877575E1
2.800000E-1	-1.015756E2	6.952282E1
3.000000E-1	-1.015240E2	6.949067E1
3.200000E-1	-1.011648E2	6.954897E1
3.400000E-1	-1.008099E2	6.968575E1
3.600000E-1	-1.003784E2	7.025597E1
3.800000E-1	-9.985974E1	7.097853E1
4.000000E-1	-9.955355E1	7.150414E1
4.200000E-1	-9.918574E1	7.203174E1
4.400000E-1	-9.906593E1	7.254451E1
4.600000E-1	-9.886116E1	7.289891E1
4.800000E-1	-9.881840E1	7.296654E1
5.000000E-1	-9.866368E1	7.320033E1
5.200000E-1	-9.849394E1	7.370227E1
5.400000E-1	-9.810844E1	7.448411E1
5.600000E-1	-9.750163E1	7.528000E1
5.800000E-1	-9.686844E1	7.561630E1
6.000000E-1	-9.646229E1	7.584612E1
6.200000E-1	-9.636755E1	7.614223E1
6.400000E-1	-9.666949E1	7.611051E1
6.600000E-1	-9.647897E1	7.631682E1
6.800000E-1	-9.608082E1	7.650021E1
7.000000E-1	-9.575225E1	7.670021E1
7.200000E-1	-9.573029E1	7.681895E1
7.400000E-1	-9.531795E1	7.699967E1
7.600000E-1	-9.458401E1	7.739927E1
7.800000E-1	-9.388504E1	7.837349E1
8.000000E-1	-9.364288E1	7.929994E1
8.200000E-1	-9.376235E1	7.936851E1
8.400000E-1	-9.376225E1	7.937469E1
8.600000E-1	-9.365219E1	7.939051E1
8.800000E-1	-9.322299E1	7.963841E1
9.000000E-1	-9.288201E1	7.977170E1
9.200000E-1	-9.234070E1	7.986597E1
9.400000E-1	-9.149935E1	8.035108E1
9.600000E-1	-9.127122E1	8.061579E1
9.800000E-1	-9.115157E1	8.066953E1
1.000000E0	-9.060769E1	8.098033E1
1.020000E0	-8.971581E1	8.181654E1
1.040000E0	-8.884130E1	8.213002E1
1.060000E0	-8.875148E1	8.212838E1
1.080000E0	-8.873265E1	8.222618E1
1.100000E0	-8.873229E1	8.216163E1
1.120000E0	-8.850499E1	8.215164E1
1.140000E0	-8.845469E1	8.219721E1
1.160000E0	-8.812845E1	8.251081E1
1.180000E0	-8.767324E1	8.290472E1
1.200000E0	-8.704332E1	8.341132E1
1.220000E0	-8.641994E1	8.452669E1
1.240000E0	-8.610108E1	8.553075E1
1.260000E0	-8.603969E1	8.579925E1
1.280000E0	-8.576395E1	8.583466E1
1.300000E0	-8.525742E1	8.591853E1
1.320000E0	-8.455121E1	8.619548E1
1.340000E0	-8.403760E1	8.674309E1
1.360000E0	-8.375105E1	8.730551E1
1.380000E0	-8.333819E1	8.786539E1
1.400000E0	-8.300602E1	8.831762E1
1.420000E0	-8.271514E1	8.866198E1
1.440000E0	-8.266906E1	8.875045E1
1.460000E0	-8.232677E1	8.884102E1
1.480000E0	-8.201640E1	8.924563E1
1.500000E0	-8.159260E1	8.991588E1
1.520000E0	-8.100286E1	9.075097E1
1.540000E0	-8.028250E1	9.125669E1
1.560000E0	-7.979366E1	9.142117E1
1.580000E0	-7.943846E1	9.162085E1
1.600000E0	-7.963486E1	9.188061E1
1.620000E0	-7.964854E1	9.189784E1
1.640000E0	-7.929072E1	9.205596E1
1.660000E0	-7.877730E1	9.221131E1
1.680000E0	-7.856751E1	9.234355E1
1.700000E0	-7.832596E1	9.239009E1
1.720000E0	-7.764283E1	9.259457E1
1.740000E0	-7.680322E1	9.313538E1
1.760000E0	-7.642416E1	9.400112E1
1.780000E0	-7.639036E1	9.425891E1
1.800000E0	-7.638208E1	9.451264E1
1.820000E0	-7.628681E1	9.445478E1
1.840000E0	-7.579381E1	9.457019E1
1.860000E0	-7.535354E1	9.470785E1
1.880000E0	-7.496851E1	9.468950E1
1.900000E0	-7.429069E1	9.490937E1
1.920000E0	-7.380000E1	9.518384E1
1.940000E0	-7.372891E1	9.517640E1
1.960000E0	-7.320720E1	9.529691E1
1.980000E0	-7.226016E1	9.560156E1
2.000000E0	-7.124964E1	9.605861E1
2.020000E0	-7.104535E1	9.611884E1
2.040000E0	-7.109479E1	9.614346E1
2.060000E0	-7.099089E1	9.618149E1
2.080000E0	-7.098940E1	9.620050E1
2.100000E0	-7.072965E1	9.626460E1
2.120000E0	-7.074841E1	9.626960E1
2.140000E0	-7.032162E1	9.653125E1
2.160000E0	-6.974599E1	9.666982E1
2.180000E0	-6.898917E1	9.730469E1
2.200000E0	-6.828844E1	9.839861E1
2.220000E0	-6.799039E1	9.924418E1
2.240000E0	-6.782742E1	9.919376E1
2.260000E0	-6.736809E1	9.914887E1
2.280000E0	-6.669208E1	9.919577E1
2.300000E0	-6.602603E1	9.946110E1
2.320000E0	-6.561967E1	9.973400E1
2.340000E0	-6.517441E1	1.002840E2
2.360000E0	-6.483374E1	1.006940E2
2.380000E0	-6.456816E1	1.010626E2
2.400000E0	-6.434661E1	1.013284E2
2.420000E0	-6.418663E1	1.013909E2
2.440000E0	-6.369155E1	1.015570E2
2.460000E0	-6.315743E1	1.020848E2
2.480000E0	-6.244700E1	1.028312E2
2.500000E0	-6.161111E1	1.034004E2
2.520000E0	-6.091174E1	1.035991E2
2.540000E0	-6.075155E1	1.035833E2
2.560000E0	-6.051830E1	1.038378E2
2.580000E0	-6.052564E1	1.039412E2
2.600000E0	-6.042271E1	1.039342E2
2.620000E0	-5.962693E1	1.041503E2
2.640000E0	-5.919161E1	1.042608E2
2.660000E0	-5.910923E1	1.042877E2
2.680000E0	-5.853668E1	1.043602E2
2.700000E0	-5.764294E1	1.046583E2
2.720000E0	-5.700532E1	1.052351E2
2.740000E0	-5.682705E1	1.056391E2
2.760000E0	-5.676897E1	1.058907E2
2.780000E0	-5.671054E1	1.060046E2
2.800000E0	-5.640491E1	1.060452E2
2.820000E0	-5.594642E1	1.061654E2
2.840000E0	-5.554764E1	1.061754E2
2.860000E0	-5.505001E1	1.061184E2
2.880000E0	-5.430425E1	1.062128E2
2.900000E0	-5.416685E1	1.062343E2
2.920000E0	-5.377995E1	1.062653E2
2.940000E0	-5.289505E1	1.063520E2
2.960000E0	-5.169651E1	1.066314E2
2.980000E0	-5.122649E1	1.067901E2
3.000000E0	-5.123895E1	1.068057E2
3.020000E0	-5.110728E1	1.068270E2
3.040000E0	-5.110527E1	1.068487E2
3.060000E0	-5.095660E1	1.068520E2
3.080000E0	-5.087996E1	1.069080E2
3.100000E0	-5.074649E1	1.069927E2
3.120000E0	-4.990549E1	1.072058E2
3.140000E0	-4.908021E1	1.074187E2
3.160000E0	-4.833753E1	1.081625E2
3.180000E0	-4.756819E1	1.090130E2
3.200000E0	-4.702875E1	1.094778E2
3.220000E0	-4.679502E1	1.094274E2
3.240000E0	-4.627922E1	1.093305E2
3.260000E0	-4.553286E1	1.092590E2
3.280000E0	-4.502226E1	1.093299E2
3.300000E0	-4.451124E1	1.098185E2
3.320000E0	-4.392437E1	1.102353E2
3.340000E0	-4.346849E1	1.104408E2
3.360000E0	-4.316395E1	1.106899E2
3.380000E0	-4.313075E1	1.108382E2
3.400000E0	-4.278551E1	1.108409E2
3.420000E0	-4.221475E1	1.108888E2
3.440000E0	-4.133367E1	1.114007E2
3.460000E0	-4.033757E1	1.119643E2
3.480000E0	-3.935492E1	1.122908E2
3.500000E0	-3.910864E1	1.124001E2
3.520000E0	-3.895414E1	1.125342E2
3.540000E0	-3.899811E1	1.128247E2
3.560000E0	-3.889372E1	1.126895E2
3.580000E0	-3.842774E1	1.126528E2
3.600000E0	-3.785289E1	1.127397E2
3.620000E0	-3.760288E1	1.127811E2
3.640000E0	-3.719449E1	1.128191E2
3.660000E0	-3.645303E1	1.127774E2
3.680000E0	-3.559916E1	1.130412E2
3.700000E0	-3.517326E1	1.132634E2
3.720000E0	-3.510004E1	1.135336E2
3.740000E0	-3.476384E1	1.138452E2
3.760000E0	-3.452420E1	1.139436E2
3.780000E0	-3.421621E1	1.139865E2
3.800000E0	-3.370203E1	1.138914E2
3.820000E0	-3.328649E1	1.136315E2
3.840000E0	-3.273657E1	1.136268E2
3.860000E0	-3.224028E1	1.137582E2
3.880000E0	-3.215595E1	1.137835E2
3.900000E0	-3.168245E1	1.137965E2
3.920000E0	-3.049203E1	1.136522E2
3.940000E0	-2.947365E1	1.137902E2
3.960000E0	-2.930735E1	1.138028E2
3.980000E0	-2.928712E1	1.137694E2
4.000000E0	-2.908997E1	1.137258E2
4.020000E0	-2.895135E1	1.136773E2
4.040000E0	-2.880009E1	1.137399E2
4.060000E0	-2.886164E1	1.137480E2
4.080000E0	-2.840044E1	1.138483E2
4.100000E0	-2.760794E1	1.138742E2
4.120000E0	-2.680440E1	1.141099E2
4.140000E0	-2.602114E1	1.148083E2
4.160000E0	-2.521781E1	1.154108E2
4.180000E0	-2.479303E1	1.155829E2
4.200000E0	-2.459279E1	1.153708E2
4.220000E0	-2.394197E1	1.151671E2
4.240000E0	-2.321940E1	1.149886E2
4.260000E0	-2.281056E1	1.150370E2
4.280000E0	-2.213789E1	1.154467E2
4.300000E0	-2.166080E1	1.156651E2
4.320000E0	-2.126999E1	1.158980E2
4.340000E0	-2.117616E1	1.160132E2
4.360000E0	-2.113472E1	1.159890E2
4.380000E0	-2.056548E1	1.158948E2
4.400000E0	-1.960071E1	1.161394E2
4.420000E0	-1.833464E1	1.165007E2
4.440000E0	-1.729012E1	1.168721E2
4.460000E0	-1.656500E1	1.169438E2
4.480000E0	-1.658303E1	1.169711E2
4.500000E0	-1.645725E1	1.171633E2
4.520000E0	-1.637149E1	1.173197E2
4.540000E0	-1.617726E1	1.171108E2
4.560000E0	-1.567845E1	1.171248E2
4.580000E0	-1.513758E1	1.170954E2
4.600000E0	-1.492045E1	1.169668E2
4.620000E0	-1.442368E1	1.167648E2
4.640000E0	-1.348988E1	1.167978E2
4.660000E0	-1.302102E1	1.169361E2
4.680000E0	-1.293865E1	1.169754E2
4.700000E0	-1.243847E1	1.172973E2
4.720000E0	-1.200998E1	1.175485E2
4.740000E0	-1.162722E1	1.176785E2
4.760000E0	-1.113909E1	1.176912E2
4.780000E0	-1.073229E1	1.173863E2
4.800000E0	-1.032293E1	1.171583E2
4.820000E0	-9.861294E0	1.172199E2
4.840000E0	-9.481410E0	1.172341E2
4.860000E0	-9.364136E0	1.171528E2
4.880000E0	-8.315670E0	1.167431E2
4.900000E0	-7.181265E0	1.164106E2
4.920000E0	-6.664804E0	1.165618E2
4.940000E0	-6.674318E0	1.165787E2
4.960000E0	-6.596360E0	1.165926E2
4.980000E0	-6.451732E0	1.165257E2
5.000000E0	-6.273303E0	1.165476E2
5.020000E0	-6.327254E0	1.166100E2
5.040000E0	-6.311253E0	1.166323E2
5.060000E0	-5.553769E0	1.165074E2
5.080000E0	-4.743701E0	1.163423E2
5.100000E0	-3.854015E0	1.166326E2
5.120000E0	-2.942167E0	1.173023E2
5.140000E0	-2.283967E0	1.175940E2
5.160000E0	-2.048590E0	1.175458E2
5.180000E0	-1.543292E0	1.172432E2
5.200000E0	-8.813458E-1	1.169626E2
5.220000E0	-4.286946E-1	1.168513E2
5.240000E0	1.583282E-1	1.171120E2
5.260000E0	9.512005E-1	1.172814E2
5.280000E0	1.430328E0	1.173323E2
5.300000E0	1.641424E0	1.173966E2
5.320000E0	1.700855E0	1.174265E2
5.340000E0	1.987120E0	1.173130E2
5.360000E0	2.795346E0	1.171551E2
5.380000E0	3.867032E0	1.173213E2
5.400000E0	5.197124E0	1.176375E2
5.420000E0	6.117858E0	1.176169E2
5.440000E0	6.255445E0	1.176201E2
5.460000E0	6.543212E0	1.176756E2
5.480000E0	6.464195E0	1.178218E2
5.500000E0	6.538419E0	1.176873E2
5.520000E0	6.939676E0	1.174826E2
5.540000E0	7.463492E0	1.173661E2
5.560000E0	7.799032E0	1.173357E2
5.580000E0	8.058682E0	1.171186E2
5.600000E0	8.699836E0	1.168214E2
5.620000E0	9.526088E0	1.168813E2
5.640000E0	9.894311E0	1.169771E2
5.660000E0	1.006095E1	1.170831E2
5.680000E0	1.051971E1	1.172644E2
5.700000E0	1.097690E1	1.173574E2
5.720000E0	1.135373E1	1.173184E2
5.740000E0	1.185134E1	1.170010E2
5.760000E0	1.215086E1	1.166101E2
5.780000E0	1.259361E1	1.164529E2
5.800000E0	1.304689E1	1.164022E2
5.820000E0	1.319790E1	1.163334E2
5.840000E0	1.376057E1	1.159506E2
5.860000E0	1.483962E1	1.154215E2
5.880000E0	1.568520E1	1.151704E2
5.900000E0	1.574256E1	1.152054E2
5.920000E0	1.586896E1	1.152373E2
5.940000E0	1.598919E1	1.151599E2
5.960000E0	1.625367E1	1.150531E2
5.980000E0	1.629125E1	1.150844E2
6.000000E0	1.622698E1	1.151788E2
6.020000E0	1.658136E1	1.150979E2
6.040000E0	1.735499E1	1.147670E2
6.060000E0	1.807044E1	1.147680E2
6.080000E0	1.907929E1	1.150307E2
6.100000E0	1.998013E1	1.152893E2
6.120000E0	2.051730E1	1.153966E2
6.140000E0	2.081655E1	1.152714E2
6.160000E0	2.133090E1	1.148020E2
6.180000E0	2.181790E1	1.143453E2
6.200000E0	2.218048E1	1.143464E2
6.220000E0	2.308697E1	1.145411E2
6.240000E0	2.360137E1	1.145375E2
6.260000E0	2.405022E1	1.146458E2
6.280000E0	2.413131E1	1.146832E2
6.300000E0	2.430915E1	1.146975E2
6.320000E0	2.482502E1	1.144845E2
6.340000E0	2.594180E1	1.142800E2
6.360000E0	2.722475E1	1.142517E2
6.380000E0	2.842221E1	1.141204E2
6.400000E0	2.902382E1	1.140692E2
6.420000E0	2.904456E1	1.141072E2
6.440000E0	2.917190E1	1.141639E2
6.460000E0	2.924600E1	1.142627E2
6.480000E0	2.944007E1	1.140624E2
6.500000E0	2.997052E1	1.137852E2
6.520000E0	3.043333E1	1.135691E2
6.540000E0	3.058032E1	1.134222E2
6.560000E0	3.094009E1	1.130539E2
6.580000E0	3.169845E1	1.128853E2
6.600000E0	3.231202E1	1.128969E2
6.620000E0	3.240085E1	1.129330E2
6.640000E0	3.289208E1	1.130568E2
6.660000E0	3.342993E1	1.131560E2
6.680000E0	3.376458E1	1.131295E2
6.700000E0	3.411949E1	1.129394E2
6.720000E0	3.441457E1	1.124915E2
6.740000E0	3.468852E1	1.120529E2
6.760000E0	3.511935E1	1.120515E2
6.780000E0	3.535094E1	1.118767E2
6.800000E0	3.551943E1	1.116965E2
6.820000E0	3.628223E1	1.110762E2
6.840000E0	3.729045E1	1.103812E2
6.860000E0	3.790959E1	1.101615E2
6.880000E0	3.794194E1	1.101772E2
6.900000E0	3.806468E1	1.101616E2
6.920000E0	3.819224E1	1.100217E2
6.940000E0	3.827041E1	1.099772E2
6.960000E0	3.822042E1	1.099930E2
6.980000E0	3.818930E1	1.100051E2
7.000000E0	3.877247E1	1.096512E2
7.020000E0	3.943387E1	1.092880E2
7.040000E0	4.029351E1	1.093208E2
7.060000E0	4.139023E1	1.093994E2
7.080000E0	4.209716E1	1.094911E2
7.100000E0	4.250068E1	1.093788E2
7.120000E0	4.287738E1	1.089270E2
7.140000E0	4.337725E1	1.083403E2
7.160000E0	4.358350E1	1.081256E2
7.180000E0	4.434299E1	1.082151E2
7.200000E0	4.507647E1	1.082042E2
7.220000E0	4.549028E1	1.081758E2
7.240000E0	4.579638E1	1.080473E2
7.260000E0	4.585084E1	1.080744E2
7.280000E0	4.607503E1	1.079465E2
7.300000E0	4.689848E1	1.074615E2
7.320000E0	4.808847E1	1.070862E2
7.340000E0	4.945228E1	1.068058E2
7.360000E0	5.048503E1	1.063737E2
7.380000E0	5.057267E1	1.064002E2
7.400000E0	5.063499E1	1.064397E2
7.420000E0	5.077629E1	1.067068E2
7.440000E0	5.089827E1	1.065224E2
7.460000E0	5.113459E1	1.060482E2
7.480000E0	5.158537E1	1.056996E2
7.500000E0	5.191509E1	1.055900E2
7.520000E0	5.218625E1	1.052366E2
7.540000E0	5.280515E1	1.048268E2
7.560000E0	5.336526E1	1.047336E2
7.580000E0	5.342199E1	1.046984E2
7.600000E0	5.384663E1	1.047176E2
7.620000E0	5.438478E1	1.047284E2
7.640000E0	5.502311E1	1.046372E2
7.660000E0	5.536900E1	1.043512E2
7.680000E0	5.556784E1	1.038914E2
7.700000E0	5.588234E1	1.033366E2
7.720000E0	5.616924E1	1.030509E2
7.740000E0	5.634499E1	1.029322E2
7.760000E0	5.655791E1	1.027562E2
7.780000E0	5.704892E1	1.021377E2
7.800000E0	5.782388E1	1.012548E2
7.820000E0	5.838803E1	1.007112E2
7.840000E0	5.847870E1	1.007918E2
7.860000E0	5.861081E1	1.009262E2
7.880000E0	5.875521E1	1.008579E2
7.900000E0	5.895466E1	1.006602E2
7.920000E0	5.893205E1	1.006692E2
7.940000E0	5.887215E1	1.007549E2
7.960000E0	5.898604E1	1.005642E2
7.980000E0	5.961972E1	9.995420E1
8.000000E0	6.030179E1	9.972776E1
8.020000E0	6.123096E1	9.963389E1
8.040000E0	6.206019E1	9.960828E1
8.060000E0	6.281091E1	9.936351E1
8.080000E0	6.310285E1	9.900579E1
8.100000E0	6.347735E1	9.840854E1
8.120000E0	6.374837E1	9.790233E1
8.140000E0	6.408273E1	9.799741E1
8.160000E0	6.490109E1	9.776423E1
8.180000E0	6.540549E1	9.776664E1
8.200000E0	6.574138E1	9.768506E1
8.220000E0	6.590371E1	9.754892E1
8.240000E0	6.601442E1	9.744420E1
8.260000E0	6.651169E1	9.692763E1
8.280000E0	6.761695E1	9.635078E1
8.300000E0	6.875190E1	9.569772E1
8.320000E0	6.976658E1	9.520449E1
8.340000E0	7.018264E1	9.508367E1
8.360000E0	7.020789E1	9.515957E1
8.380000E0	7.026526E1	9.527640E1
8.400000E0	7.061491E1	9.524315E1
8.420000E0	7.075841E1	9.475386E1
8.440000E0	7.086883E1	9.443493E1
8.460000E0	7.138279E1	9.401308E1
8.480000E0	7.158287E1	9.383739E1
8.500000E0	7.186979E1	9.324291E1
8.520000E0	7.244080E1	9.288747E1
8.540000E0	7.267187E1	9.287767E1
8.560000E0	7.277078E1	9.283937E1
8.580000E0	7.337247E1	9.275417E1
8.600000E0	7.413600E1	9.246430E1
8.620000E0	7.457495E1	9.221698E1
8.640000E0	7.470151E1	9.178610E1
8.660000E0	7.489421E1	9.132094E1
8.680000E0	7.496516E1	9.090437E1
8.700000E0	7.515207E1	9.083455E1
8.720000E0	7.546580E1	9.054693E1
8.740000E0	7.562634E1	9.010835E1
8.760000E0	7.624141E1	8.915579E1
8.780000E0	7.658206E1	8.833781E1
8.800000E0	7.693317E1	8.832479E1
8.820000E0	7.704133E1	8.839982E1
8.840000E0	7.707844E1	8.839009E1
8.860000E0	7.726781E1	8.816423E1
8.880000E0	7.728229E1	8.812615E1
8.900000E0	7.721318E1	8.814852E1
8.920000E0	7.711927E1	8.810955E1
8.940000E0	7.759667E1	8.753717E1
8.960000E0	7.822910E1	8.700528E1
8.980000E0	7.895310E1	8.680691E1
9.000000E0	7.981767E1	8.654570E1
9.020000E0	8.057740E1	8.622492E1
9.040000E0	8.111891E1	8.570267E1
9.060000E0	8.139723E1	8.510387E1
9.080000E0	8.147428E1	8.463807E1
9.100000E0	8.160461E1	8.460038E1
9.120000E0	8.245079E1	8.434364E1
9.140000E0	8.302830E1	8.398879E1
9.160000E0	8.316470E1	8.389538E1
9.180000E0	8.334900E1	8.379359E1
9.200000E0	8.344306E1	8.368701E1
9.220000E0	8.379414E1	8.331926E1
9.240000E0	8.460255E1	8.257109E1
9.260000E0	8.566370E1	8.160790E1
9.280000E0	8.680339E1	8.079338E1
9.300000E0	8.745308E1	8.027268E1
9.320000E0	8.752944E1	8.043085E1
9.340000E0	8.763160E1	8.057281E1
9.360000E0	8.765658E1	8.051013E1
9.380000E0	8.777908E1	7.999017E1
9.400000E0	8.778449E1	7.957411E1
9.420000E0	8.813575E1	7.910980E1
9.440000E0	8.843428E1	7.869388E1
9.460000E0	8.860593E1	7.813763E1
9.480000E0	8.917769E1	7.778377E1
9.500000E0	8.934409E1	7.769325E1
9.520000E0	8.938204E1	7.774467E1
9.540000E0	8.969958E1	7.763494E1
9.560000E0	9.042328E1	7.709626E1
9.580000E0	9.117365E1	7.668121E1
9.600000E0	9.121314E1	7.649275E1
9.620000E0	9.132676E1	7.588191E1
9.640000E0	9.145776E1	7.519576E1
9.660000E0	9.146005E1	7.515310E1
9.680000E0	9.157699E1	7.498216E1
9.700000E0	9.181015E1	7.443093E1
9.720000E0	9.212402E1	7.359164E1
9.740000E0	9.257918E1	7.250950E1
9.760000E0	9.267719E1	7.226508E1
9.780000E0	9.305435E1	7.231318E1
9.800000E0	9.312067E1	7.230235E1
9.820000E0	9.327552E1	7.202592E1
9.840000E0	9.327659E1	7.198851E1
9.860000E0	9.327329E1	7.198975E1
9.880000E0	9.313894E1	7.206010E1
9.900000E0	9.316237E1	7.190726E1
9.920000E0	9.388656E1	7.114261E1
9.940000E0	9.430930E1	7.066338E1
9.960000E0	9.491289E1	7.046628E1
9.980000E0	9.576806E1	6.997281E1
1.000000E1	9.646898E1	6.940054E1
1.002000E1	9.702678E1	6.867371E1
1.004000E1	9.708484E1	6.807822E1
1.006000E1	9.705537E1	6.787266E1
1.008000E1	9.760315E1	6.775368E1
1.010000E1	9.825481E1	6.718010E1
1.012000E1	9.840198E1	6.705686E1
1.014000E1	9.846418E1	6.698350E1
1.016000E1	9.863759E1	6.679286E1
1.018000E1	9.881002E1	6.651932E1
1.020000E1	9.944495E1	6.575255E1
1.022000E1	1.002187E2	6.449158E1
1.024000E1	1.009718E2	6.341111E1
1.026000E1	1.016357E2	6.274127E1
1.028000E1	1.019323E2	6.277585E1
1.030000E1	1.019811E2	6.294758E1
1.032000E1	1.020352E2	6.297079E1
1.034000E1	1.021178E2	6.264559E1
1.036000E1	1.021929E2	6.201327E1
1.038000E1	1.022076E2	6.189032E1
1.040000E1	1.024535E2	6.116022E1
1.042000E1	1.025742E2	6.058157E1
1.044000E1	1.028842E2	6.002877E1
1.046000E1	1.032541E2	5.985838E1
1.048000E1	1.032760E2	5.979309E1
1.050000E1	1.032979E2	5.977700E1
1.052000E1	1.039057E2	5.933903E1
1.054000E1	1.046226E2	5.869851E1
1.056000E1	1.052103E2	5.818493E1
1.058000E1	1.051092E2	5.796985E1
1.060000E1	1.052514E2	5.723623E1
1.062000E1	1.052844E2	5.688174E1
1.064000E1	1.052407E2	5.682751E1
1.066000E1	1.053541E2	5.623980E1
1.068000E1	1.054827E2	5.550619E1
1.070000E1	1.056287E2	5.445184E1
1.072000E1	1.057326E2	5.384863E1
1.074000E1	1.059205E2	5.378478E1
1.076000E1	1.061149E2	5.368472E1
1.078000E1	1.061453E2	5.343698E1
1.080000E1	1.062782E2	5.334178E1
1.082000E1	1.063613E2	5.329623E1
1.084000E1	1.062198E2	5.333328E1
1.086000E1	1.060851E2	5.324020E1
1.088000E1	1.063091E2	5.273829E1
1.090000E1	1.069331E2	5.200607E1
1.092000E1	1.070672E2	5.168816E1
1.094000E1	1.075828E2	5.135295E1
1.096000E1	1.082412E2	5.064332E1
1.098000E1	1.089071E2	4.979201E1
1.100000E1	1.090818E2	4.910036E1
1.102000E1	1.089983E2	4.874022E1
1.104000E1	1.092925E2	4.846931E1
1.106000E1	1.097191E2	4.800312E1
1.108000E1	1.100286E2	4.769890E1
1.110000E1	1.100624E2	4.760461E1
1.112000E1	1.100848E2	4.753091E1
1.114000E1	1.102677E2	4.721724E1
1.116000E1	1.105251E2	4.655824E1
1.118000E1	1.112314E2	4.532791E1
1.120000E1	1.117051E2	4.404542E1
1.122000E1	1.122486E2	4.300367E1
1.124000E1	1.125178E2	4.272271E1
1.126000E1	1.129087E2	4.291683E1
1.128000E1	1.129254E2	4.305515E1
1.130000E1	1.129385E2	4.293838E1
1.132000E1	1.131254E2	4.224332E1
1.134000E1	1.128521E2	4.197772E1
1.136000E1	1.129852E2	4.151627E1
1.138000E1	1.131251E2	4.079424E1
1.140000E1	1.133468E2	4.005671E1
1.142000E1	1.134979E2	3.978887E1
1.144000E1	1.135315E2	3.974347E1
1.146000E1	1.135334E2	3.972317E1
1.148000E1	1.136384E2	3.952249E1
1.150000E1	1.143036E2	3.874294E1
1.152000E1	1.149888E2	3.794961E1
1.154000E1	1.150783E2	3.737727E1
1.156000E1	1.148408E2	3.704952E1
1.158000E1	1.149391E2	3.646609E1
1.160000E1	1.147471E2	3.649205E1
1.162000E1	1.148659E2	3.610461E1
1.164000E1	1.149142E2	3.513023E1
1.166000E1	1.146188E2	3.431336E1
1.168000E1	1.146283E2	3.360637E1
1.170000E1	1.147337E2	3.349460E1
1.172000E1	1.150314E2	3.323950E1
1.174000E1	1.150525E2	3.313082E1
1.176000E1	1.152550E2	3.280750E1
1.178000E1	1.153021E2	3.279656E1
1.180000E1	1.152479E2	3.290654E1
1.182000E1	1.151513E2	3.282410E1
1.184000E1	1.152517E2	3.257771E1
1.186000E1	1.155257E2	3.185322E1
1.188000E1	1.156426E2	3.150029E1
1.190000E1	1.158090E2	3.119881E1
1.192000E1	1.164664E2	3.044006E1
1.194000E1	1.170432E2	2.919736E1
1.196000E1	1.175369E2	2.825107E1
1.198000E1	1.172564E2	2.781650E1
1.200000E1	1.173784E2	2.752414E1
1.202000E1	1.174775E2	2.708092E1
1.204000E1	1.175643E2	2.684534E1
1.206000E1	1.175873E2	2.677039E1
1.208000E1	1.177145E2	2.648672E1
1.210000E1	1.178969E2	2.595292E1
1.212000E1	1.181938E2	2.519144E1
1.214000E1	1.186308E2	2.379972E1
1.216000E1	1.188275E2	2.266486E1
1.218000E1	1.190332E2	2.161365E1
1.220000E1	1.193156E2	2.138617E1
1.222000E1	1.196965E2	2.154803E1
1.224000E1	1.197791E2	2.166759E1
1.226000E1	1.197190E2	2.151822E1
1.228000E1	1.195612E2	2.078156E1
1.230000E1	1.193786E2	2.053209E1
1.232000E1	1.194529E2	2.026372E1
1.234000E1	1.193095E2	1.940111E1
1.236000E1	1.195301E2	1.857633E1
1.238000E1	1.196525E2	1.835521E1
1.240000E1	1.196577E2	1.839432E1
1.242000E1	1.196409E2	1.841024E1
1.244000E1	1.196800E2	1.819915E1
1.246000E1	1.201113E2	1.705908E1
1.248000E1	1.206778E2	1.607518E1
1.250000E1	1.205636E2	1.540847E1
1.252000E1	1.204199E2	1.522064E1
1.254000E1	1.203150E2	1.468774E1
1.256000E1	1.201145E2	1.470206E1
1.258000E1	1.201799E2	1.412116E1
1.260000E1	1.199162E2	1.314899E1
1.262000E1	1.195622E2	1.245018E1
1.264000E1	1.193996E2	1.193712E1
1.266000E1	1.195619E2	1.178495E1
1.268000E1	1.197692E2	1.147699E1
1.270000E1	1.198370E2	1.127993E1
1.272000E1	1.200067E2	1.098859E1
1.274000E1	1.200134E2	1.109155E1
1.276000E1	1.198895E2	1.124659E1
1.278000E1	1.196704E2	1.103418E1
1.280000E1	1.197419E2	1.084099E1
1.282000E1	1.199074E2	1.010734E1
1.284000E1	1.198752E2	9.742144E0
1.286000E1	1.200372E2	9.234441E0
1.288000E1	1.205158E2	8.305045E0
1.290000E1	1.208588E2	6.806476E0
1.292000E1	1.210382E2	5.919175E0
1.294000E1	1.208518E2	5.522751E0
1.296000E1	1.209522E2	5.338521E0
1.298000E1	1.210183E2	5.124360E0
1.300000E1	1.210974E2	4.953648E0
1.302000E1	1.211086E2	4.915968E0
1.304000E1	1.212331E2	4.364251E0
1.306000E1	1.214472E2	3.661394E0
1.308000E1	1.216302E2	2.718508E0
1.310000E1	1.216826E2	1.320327E0
1.312000E1	1.214996E2	2.221449E-1
1.314000E1	1.213437E2	-6.958327E-1
1.316000E1	1.216952E2	-9.109870E-1
1.318000E1	1.220892E2	-7.324347E-1
1.320000E1	1.221825E2	-6.586958E-1
1.322000E1	1.221095E2	-7.943501E-1
1.324000E1	1.218741E2	-1.444483E0
1.326000E1	1.215293E2	-1.626876E0
1.328000E1	1.214711E2	-2.208570E0
1.330000E1	1.212302E2	-3.024779E0
1.332000E1	1.213036E2	-3.760397E0
1.334000E1	1.213463E2	-3.775645E0
1.336000E1	1.213822E2	-3.790603E0
1.338000E1	1.214011E2	-3.796457E0
1.340000E1	1.214210E2	-3.884572E0
1.342000E1	1.215957E2	-4.990122E0
1.344000E1	1.220336E2	-6.243427E0
1.346000E1	1.219627E2	-7.104759E0
1.348000E1	1.218223E2	-7.269250E0
1.350000E1	1.215584E2	-7.578405E0
1.352000E1	1.214823E2	-7.644217E0
1.354000E1	1.212761E2	-8.195803E0
1.356000E1	1.208599E2	-9.297676E0
1.358000E1	1.203495E2	-1.007832E1
1.360000E1	1.202449E2	-1.012242E1
1.362000E1	1.203420E2	-1.040922E1
1.364000E1	1.203646E2	-1.064972E1
1.366000E1	1.203399E2	-1.098245E1
1.368000E1	1.204467E2	-1.135762E1
1.370000E1	1.205507E2	-1.136268E1
1.372000E1	1.204754E2	-1.123835E1
1.374000E1	1.200952E2	-1.132222E1
1.376000E1	1.201469E2	-1.151536E1
1.378000E1	1.202109E2	-1.169751E1
1.380000E1	1.202221E2	-1.212230E1
1.382000E1	1.201678E2	-1.234240E1
1.384000E1	1.201885E2	-1.352951E1
1.386000E1	1.205134E2	-1.513801E1
1.388000E1	1.205263E2	-1.656093E1
1.390000E1	1.204137E2	-1.676105E1
1.392000E1	1.203002E2	-1.705762E1
1.394000E1	1.203301E2	-1.734656E1
1.396000E1	1.202702E2	-1.748633E1
1.398000E1	1.202172E2	-1.753923E1
1.400000E1	1.202367E2	-1.800085E1
1.402000E1	1.203073E2	-1.859298E1
1.404000E1	1.202074E2	-1.958803E1
1.406000E1	1.202006E2	-2.103276E1
1.408000E1	1.198563E2	-2.201881E1
1.410000E1	1.195239E2	-2.280286E1
1.412000E1	1.196405E2	-2.315437E1
1.414000E1	1.201220E2	-2.306185E1
1.416000E1	1.204831E2	-2.303751E1
1.418000E1	1.203599E2	-2.326931E1
1.420000E1	1.198618E2	-2.367964E1
1.422000E1	1.197077E2	-2.382478E1
1.424000E1	1.193918E2	-2.417803E1
1.426000E1	1.190694E2	-2.510809E1
1.428000E1	1.188316E2	-2.595868E1
1.430000E1	1.188555E2	-2.608133E1
1.432000E1	1.189280E2	-2.616688E1
1.434000E1	1.189342E2	-2.618075E1
1.436000E1	1.189449E2	-2.622000E1
1.438000E1	1.187576E2	-2.687753E1
1.440000E1	1.188954E2	-2.809895E1
1.442000E1	1.188608E2	-2.950173E1
1.444000E1	1.186042E2	-3.018165E1
1.446000E1	1.185354E2	-3.018960E1
1.448000E1	1.183112E2	-3.029471E1
1.450000E1	1.180994E2	-3.042059E1
1.452000E1	1.176160E2	-3.124583E1
1.454000E1	1.168743E2	-3.222680E1
1.456000E1	1.165822E2	-3.232467E1
1.458000E1	1.169296E2	-3.227161E1
1.460000E1	1.167983E2	-3.260596E1
1.462000E1	1.165190E2	-3.295953E1
1.464000E1	1.166526E2	-3.334797E1
1.466000E1	1.169023E2	-3.341315E1
1.468000E1	1.168885E2	-3.333620E1
1.470000E1	1.165923E2	-3.341685E1
1.472000E1	1.165370E2	-3.363775E1
1.474000E1	1.165562E2	-3.371732E1
1.476000E1	1.166098E2	-3.375078E1
1.478000E1	1.164697E2	-3.411615E1
1.480000E1	1.161251E2	-3.490468E1
1.482000E1	1.160226E2	-3.642842E1
1.484000E1	1.160483E2	-3.768006E1
1.486000E1	1.158646E2	-3.853569E1
1.488000E1	1.158790E2	-3.890635E1
1.490000E1	1.158449E2	-3.895915E1
1.492000E1	1.158479E2	-3.896694E1
1.494000E1	1.158326E2	-3.901252E1
1.496000E1	1.155880E2	-3.961929E1
1.498000E1	1.155302E2	-3.996733E1
1.500000E1	1.152936E2	-4.089683E1
1.502000E1	1.150308E2	-4.217415E1
1.504000E1	1.145999E2	-4.323876E1
1.506000E1	1.140032E2	-4.423657E1
1.508000E1	1.140132E2	-4.418496E1
1.510000E1	1.146877E2	-4.415717E1
1.512000E1	1.148675E2	-4.451035E1
1.514000E1	1.146259E2	-4.490231E1
1.516000E1	1.143251E2	-4.498131E1
1.518000E1	1.142476E2	-4.495133E1
1.520000E1	1.139207E2	-4.524549E1
1.522000E1	1.132288E2	-4.613767E1
1.524000E1	1.129329E2	-4.702544E1
1.526000E1	1.129039E2	-4.725550E1
1.528000E1	1.129643E2	-4.714007E1
1.530000E1	1.129837E2	-4.714437E1
1.532000E1	1.129446E2	-4.725513E1
1.534000E1	1.127205E2	-4.778865E1
1.536000E1	1.124970E2	-4.845104E1
1.538000E1	1.120722E2	-4.965636E1
1.540000E1	1.117010E2	-5.144318E1
1.542000E1	1.116115E2	-5.218757E1
1.544000E1	1.115197E2	-5.194985E1
1.546000E1	1.112593E2	-5.212660E1
1.548000E1	1.104650E2	-5.261031E1
1.550000E1	1.097097E2	-5.301113E1
1.552000E1	1.094097E2	-5.365177E1
1.554000E1	1.093962E2	-5.379120E1
1.556000E1	1.093996E2	-5.381930E1
1.558000E1	1.092017E2	-5.396969E1
1.560000E1	1.092635E2	-5.414946E1
1.562000E1	1.093508E2	-5.439149E1
1.564000E1	1.092941E2	-5.470698E1
1.566000E1	1.089726E2	-5.500882E1
1.568000E1	1.090448E2	-5.509645E1
1.570000E1	1.092374E2	-5.483153E1
1.572000E1	1.094236E2	-5.447867E1
1.574000E1	1.092777E2	-5.459867E1
1.576000E1	1.086171E2	-5.552818E1
1.578000E1	1.079610E2	-5.653426E1
1.580000E1	1.076619E2	-5.738397E1
1.582000E1	1.076399E2	-5.836992E1
1.584000E1	1.076225E2	-5.963069E1
1.586000E1	1.075158E2	-5.985692E1
1.588000E1	1.073828E2	-6.003297E1
1.590000E1	1.070481E2	-6.014888E1
1.592000E1	1.068524E2	-6.030975E1
1.594000E1	1.067324E2	-6.081258E1
1.596000E1	1.064365E2	-6.153288E1
1.598000E1	1.060523E2	-6.243036E1
1.600000E1	1.053437E2	-6.336303E1
1.602000E1	1.049366E2	-6.402353E1
1.604000E1	1.051306E2	-6.420988E1
1.606000E1	1.055072E2	-6.408860E1
1.608000E1	1.055187E2	-6.407441E1
1.610000E1	1.052139E2	-6.460598E1
1.612000E1	1.049843E2	-6.465937E1
1.614000E1	1.049183E2	-6.467809E1
1.616000E1	1.044412E2	-6.483014E1
1.618000E1	1.038861E2	-6.551369E1
1.620000E1	1.033020E2	-6.620112E1
1.622000E1	1.032708E2	-6.609617E1
1.624000E1	1.032113E2	-6.617018E1
1.626000E1	1.031702E2	-6.619162E1
1.628000E1	1.029225E2	-6.650385E1
1.630000E1	1.026276E2	-6.707518E1
1.632000E1	1.023343E2	-6.780750E1
1.634000E1	1.016111E2	-6.860164E1
1.636000E1	1.009856E2	-6.985499E1
1.638000E1	1.007272E2	-7.097829E1
1.640000E1	1.006377E2	-7.155344E1
1.642000E1	1.001820E2	-7.170917E1
1.644000E1	9.933475E1	-7.231154E1
1.646000E1	9.882442E1	-7.240489E1
1.648000E1	9.871704E1	-7.237895E1
1.650000E1	9.851875E1	-7.277761E1
1.652000E1	9.846699E1	-7.278231E1
1.654000E1	9.828676E1	-7.285326E1
1.656000E1	9.833092E1	-7.297856E1
1.658000E1	9.828201E1	-7.324030E1
1.660000E1	9.803749E1	-7.355735E1
1.662000E1	9.780912E1	-7.394960E1
1.664000E1	9.783772E1	-7.395244E1
1.666000E1	9.814747E1	-7.377660E1
1.668000E1	9.835619E1	-7.343997E1
1.670000E1	9.802313E1	-7.347250E1
1.672000E1	9.767171E1	-7.394979E1
1.674000E1	9.689478E1	-7.497102E1
1.676000E1	9.610786E1	-7.541190E1
1.678000E1	9.587764E1	-7.618150E1
1.680000E1	9.563708E1	-7.721597E1
1.682000E1	9.554536E1	-7.802733E1
1.684000E1	9.537930E1	-7.851507E1
1.686000E1	9.506728E1	-7.854179E1
1.688000E1	9.460621E1	-7.868508E1
1.690000E1	9.411136E1	-7.920113E1
1.692000E1	9.376919E1	-8.010034E1
1.694000E1	9.321362E1	-8.094357E1
1.696000E1	9.265339E1	-8.129762E1
1.698000E1	9.237293E1	-8.178599E1
1.700000E1	9.256439E1	-8.192769E1
1.702000E1	9.272406E1	-8.208892E1
1.704000E1	9.263538E1	-8.216969E1
1.706000E1	9.204196E1	-8.246964E1
1.708000E1	9.200871E1	-8.253088E1
1.710000E1	9.201485E1	-8.249133E1
1.712000E1	9.159975E1	-8.262220E1
1.714000E1	9.108500E1	-8.310358E1
1.716000E1	9.073955E1	-8.333902E1
1.718000E1	9.075377E1	-8.332314E1
1.720000E1	9.076307E1	-8.329799E1
1.722000E1	9.037147E1	-8.359024E1
1.724000E1	9.003736E1	-8.386663E1
1.726000E1	8.990795E1	-8.434959E1
1.728000E1	8.959565E1	-8.486419E1
1.730000E1	8.895585E1	-8.559844E1
1.732000E1	8.821246E1	-8.648661E1
1.734000E1	8.748383E1	-8.751867E1
1.736000E1	8.690409E1	-8.858216E1
1.738000E1	8.628593E1	-8.927365E1
1.740000E1	8.543308E1	-8.953037E1
1.742000E1	8.507216E1	-8.963329E1
1.744000E1	8.507654E1	-8.962498E1
1.746000E1	8.507127E1	-8.963244E1
1.748000E1	8.466032E1	-8.978629E1
1.750000E1	8.435236E1	-8.999691E1
1.752000E1	8.453437E1	-8.993434E1
1.754000E1	8.452724E1	-8.996696E1
1.756000E1	8.401181E1	-9.022934E1
1.758000E1	8.373471E1	-9.090268E1
1.760000E1	8.383953E1	-9.097056E1
1.762000E1	8.425362E1	-9.082756E1
1.764000E1	8.432304E1	-9.069881E1
1.766000E1	8.416756E1	-9.056689E1
1.768000E1	8.373033E1	-9.076544E1
1.770000E1	8.332598E1	-9.116418E1
1.772000E1	8.274300E1	-9.155166E1
1.774000E1	8.222660E1	-9.196243E1
1.776000E1	8.180307E1	-9.282218E1
1.778000E1	8.155756E1	-9.353302E1
1.780000E1	8.128506E1	-9.407424E1
1.782000E1	8.065628E1	-9.477482E1
1.784000E1	7.974755E1	-9.511627E1
1.786000E1	7.895726E1	-9.559099E1
1.788000E1	7.824542E1	-9.612192E1
1.790000E1	7.752080E1	-9.675432E1
1.792000E1	7.693544E1	-9.716323E1
1.794000E1	7.681384E1	-9.741648E1
1.796000E1	7.694154E1	-9.765283E1
1.798000E1	7.689521E1	-9.793374E1
1.800000E1	7.675526E1	-9.791749E1
1.802000E1	7.628342E1	-9.798135E1
1.804000E1	7.585350E1	-9.805167E1
1.806000E1	7.592683E1	-9.806295E1
1.808000E1	7.584446E1	-9.809445E1
1.810000E1	7.519325E1	-9.848640E1
1.812000E1	7.472023E1	-9.880494E1
1.814000E1	7.455446E1	-9.886661E1
1.816000E1	7.456203E1	-9.891532E1
1.818000E1	7.451366E1	-9.887712E1
1.820000E1	7.408119E1	-9.904164E1
1.822000E1	7.348739E1	-9.966332E1
1.824000E1	7.299488E1	-9.984137E1
1.826000E1	7.242873E1	-1.003288E2
1.828000E1	7.181338E1	-1.009775E2
1.830000E1	7.118983E1	-1.015422E2
1.832000E1	7.040440E1	-1.024348E2
1.834000E1	6.917899E1	-1.034621E2
1.836000E1	6.804005E1	-1.041317E2
1.838000E1	6.789022E1	-1.040087E2
1.840000E1	6.778290E1	-1.040367E2
1.842000E1	6.761935E1	-1.041040E2
1.844000E1	6.757463E1	-1.038926E2
1.846000E1	6.714670E1	-1.041403E2
1.848000E1	6.677283E1	-1.043196E2
1.850000E1	6.699228E1	-1.042794E2
1.852000E1	6.661260E1	-1.043371E2
1.854000E1	6.612361E1	-1.045826E2
1.856000E1	6.596188E1	-1.050971E2
1.858000E1	6.626129E1	-1.050270E2
1.860000E1	6.636654E1	-1.049674E2
1.862000E1	6.633046E1	-1.049564E2
1.864000E1	6.585352E1	-1.050783E2
1.866000E1	6.538544E1	-1.052102E2
1.868000E1	6.526671E1	-1.051964E2
1.870000E1	6.483950E1	-1.053954E2
1.872000E1	6.434165E1	-1.060205E2
1.874000E1	6.415950E1	-1.061516E2
1.876000E1	6.385918E1	-1.064131E2
1.878000E1	6.326958E1	-1.070467E2
1.880000E1	6.211446E1	-1.080173E2
1.882000E1	6.086261E1	-1.087760E2
1.884000E1	5.976999E1	-1.092471E2
1.886000E1	5.887783E1	-1.094819E2
1.888000E1	5.815965E1	-1.096662E2
1.890000E1	5.800442E1	-1.099024E2
1.892000E1	5.828304E1	-1.102849E2
1.894000E1	5.819447E1	-1.104829E2
1.896000E1	5.789448E1	-1.105242E2
1.898000E1	5.746642E1	-1.106377E2
1.900000E1	5.729217E1	-1.104902E2
1.902000E1	5.709567E1	-1.104949E2
1.904000E1	5.661752E1	-1.105275E2
1.906000E1	5.628759E1	-1.106619E2
1.908000E1	5.602427E1	-1.109140E2
1.910000E1	5.596098E1	-1.109518E2
1.912000E1	5.592003E1	-1.110559E2
1.914000E1	5.576662E1	-1.112093E2
1.916000E1	5.533460E1	-1.112303E2
1.918000E1	5.487464E1	-1.114198E2
1.920000E1	5.404220E1	-1.116965E2
1.922000E1	5.330687E1	-1.120861E2
1.924000E1	5.279516E1	-1.124579E2
1.926000E1	5.238554E1	-1.126940E2
1.928000E1	5.154536E1	-1.130358E2
1.930000E1	4.988270E1	-1.137547E2
1.932000E1	4.841067E1	-1.146472E2
1.934000E1	4.804722E1	-1.148165E2
1.936000E1	4.809658E1	-1.148654E2
1.938000E1	4.798710E1	-1.148156E2
1.940000E1	4.778443E1	-1.147833E2
1.942000E1	4.775097E1	-1.147730E2
1.944000E1	4.737931E1	-1.148622E2
1.946000E1	4.700247E1	-1.148961E2
1.948000E1	4.693909E1	-1.148212E2
1.950000E1	4.654493E1	-1.150366E2
1.952000E1	4.639532E1	-1.153411E2
1.954000E1	4.636516E1	-1.153486E2
1.956000E1	4.636212E1	-1.153299E2
1.958000E1	4.613184E1	-1.154031E2
1.960000E1	4.565018E1	-1.154745E2
1.962000E1	4.533383E1	-1.153559E2
1.964000E1	4.521927E1	-1.152304E2
1.966000E1	4.506099E1	-1.154657E2
1.968000E1	4.476554E1	-1.155923E2
1.970000E1	4.470018E1	-1.156530E2
1.972000E1	4.440632E1	-1.157920E2
1.974000E1	4.393248E1	-1.159817E2
1.976000E1	4.276120E1	-1.165932E2
1.978000E1	4.118524E1	-1.174817E2
1.980000E1	3.953846E1	-1.181072E2
1.982000E1	3.824440E1	-1.182783E2
1.984000E1	3.744383E1	-1.181746E2
1.986000E1	3.731929E1	-1.181948E2
1.988000E1	3.747821E1	-1.185212E2
1.990000E1	3.750367E1	-1.186781E2
1.992000E1	3.709699E1	-1.188105E2
1.994000E1	3.648943E1	-1.189386E2
1.996000E1	3.623566E1	-1.188882E2
1.998000E1	3.623019E1	-1.188268E2
2.000000E1	3.552006E1	-1.184857E2
2.002000E1	3.475048E1	-1.187056E2
2.004000E1	3.471225E1	-1.189306E2
2.006000E1	3.469477E1	-1.189650E2
2.008000E1	3.470080E1	-1.190542E2
2.010000E1	3.467196E1	-1.191217E2
2.012000E1	3.424678E1	-1.192737E2
2.014000E1	3.380461E1	-1.193518E2
2.016000E1	3.294553E1	-1.193799E2
2.018000E1	3.182617E1	-1.195784E2
2.020000E1	3.138427E1	-1.197762E2
2.022000E1	3.111719E1	-1.198761E2
2.024000E1	3.054498E1	-1.199214E2
2.026000E1	2.901109E1	-1.201609E2
2.028000E1	2.757160E1	-1.205152E2
2.030000E1	2.671870E1	-1.208438E2
2.032000E1	2.623197E1	-1.215221E2
2.034000E1	2.609967E1	-1.214717E2
2.036000E1	2.584995E1	-1.213951E2
2.038000E1	2.548248E1	-1.214690E2
2.040000E1	2.591622E1	-1.213965E2
2.042000E1	2.585699E1	-1.213243E2
2.044000E1	2.507815E1	-1.213658E2
2.046000E1	2.459715E1	-1.214152E2
2.048000E1	2.467860E1	-1.214461E2
2.050000E1	2.472114E1	-1.215465E2
2.052000E1	2.459304E1	-1.215252E2
2.054000E1	2.412946E1	-1.216123E2
2.056000E1	2.355750E1	-1.217701E2
2.058000E1	2.318357E1	-1.216898E2
2.060000E1	2.322050E1	-1.216247E2
2.062000E1	2.326326E1	-1.216548E2
2.064000E1	2.324310E1	-1.217231E2
2.066000E1	2.320860E1	-1.217173E2
2.068000E1	2.303238E1	-1.217585E2
2.070000E1	2.253667E1	-1.218813E2
2.072000E1	2.164162E1	-1.221350E2
2.074000E1	2.030630E1	-1.225385E2
2.076000E1	1.856220E1	-1.230313E2
2.078000E1	1.674002E1	-1.234168E2
2.080000E1	1.543880E1	-1.231636E2
2.082000E1	1.542354E1	-1.231371E2
2.084000E1	1.572187E1	-1.232813E2
2.086000E1	1.568384E1	-1.233975E2
2.088000E1	1.520374E1	-1.234515E2
2.090000E1	1.462718E1	-1.235197E2
2.092000E1	1.419021E1	-1.235080E2
2.094000E1	1.393298E1	-1.235133E2
2.096000E1	1.359380E1	-1.233821E2
2.098000E1	1.263278E1	-1.230699E2
2.100000E1	1.218155E1	-1.232308E2
2.102000E1	1.255737E1	-1.234288E2
2.104000E1	1.247871E1	-1.235395E2
2.106000E1	1.238910E1	-1.235862E2
2.108000E1	1.188778E1	-1.236295E2
2.110000E1	1.144776E1	-1.237328E2
2.112000E1	1.066903E1	-1.235425E2
2.114000E1	9.484196E0	-1.235064E2
2.116000E1	8.658152E0	-1.235851E2
2.118000E1	8.285701E0	-1.236215E2
2.120000E1	7.704964E0	-1.235321E2
2.122000E1	6.429188E0	-1.233571E2
2.124000E1	5.417100E0	-1.233394E2
2.126000E1	4.932709E0	-1.233615E2
2.128000E1	4.088392E0	-1.237431E2
2.130000E1	3.016357E0	-1.242549E2
2.132000E1	2.527021E0	-1.243300E2
2.134000E1	2.521609E0	-1.243033E2
2.136000E1	2.507780E0	-1.242636E2
2.138000E1	2.271390E0	-1.240781E2
2.140000E1	2.194948E0	-1.238903E2
2.142000E1	1.709708E0	-1.239791E2
2.144000E1	1.585472E0	-1.239593E2
2.146000E1	1.843454E0	-1.239342E2
2.148000E1	1.773367E0	-1.239665E2
2.150000E1	1.154899E0	-1.240098E2
2.152000E1	5.558735E-1	-1.240643E2
2.154000E1	2.852567E-1	-1.239792E2
2.156000E1	2.581174E-1	-1.238819E2
2.158000E1	2.135286E-1	-1.238688E2
2.160000E1	2.777728E-1	-1.238383E2
2.162000E1	4.262524E-1	-1.237931E2
2.164000E1	4.125896E-1	-1.236865E2
2.166000E1	-2.074750E-2	-1.236405E2
2.168000E1	-5.599182E-1	-1.237304E2
2.170000E1	-1.734960E0	-1.237663E2
2.172000E1	-3.238213E0	-1.236869E2
2.174000E1	-5.228832E0	-1.237020E2
2.176000E1	-7.090964E0	-1.234520E2
2.178000E1	-7.408781E0	-1.234609E2
2.180000E1	-7.004749E0	-1.233877E2
2.182000E1	-6.678808E0	-1.232880E2
2.184000E1	-7.196425E0	-1.233906E2
2.186000E1	-7.900519E0	-1.234363E2
2.188000E1	-8.039004E0	-1.233937E2
2.190000E1	-8.549510E0	-1.232831E2
2.192000E1	-9.293053E0	-1.230448E2
2.194000E1	-9.780211E0	-1.230114E2
2.196000E1	-1.008029E1	-1.229491E2
2.198000E1	-9.896690E0	-1.229956E2
2.200000E1	-9.985185E0	-1.230320E2
2.202000E1	-1.024482E1	-1.230385E2
2.204000E1	-1.074380E1	-1.231247E2
2.206000E1	-1.084988E1	-1.230829E2
2.208000E1	-1.129347E1	-1.230622E2
2.210000E1	-1.224381E1	-1.226882E2
2.212000E1	-1.304501E1	-1.226322E2
2.214000E1	-1.407728E1	-1.223041E2
2.216000E1	-1.503461E1	-1.219145E2
2.218000E1	-1.561946E1	-1.218037E2
2.220000E1	-1.570091E1	-1.217222E2
2.222000E1	-1.601749E1	-1.217157E2
2.224000E1	-1.660425E1	-1.217732E2
2.226000E1	-1.759398E1	-1.218734E2
2.228000E1	-1.860540E1	-1.222479E2
2.230000E1	-1.911558E1	-1.224055E2
2.232000E1	-1.914082E1	-1.223860E2
2.234000E1	-1.934029E1	-1.221081E2
2.236000E1	-1.972844E1	-1.219325E2
2.238000E1	-1.976572E1	-1.219449E2
2.240000E1	-1.987235E1	-1.220282E2
2.242000E1	-1.989943E1	-1.219555E2
2.244000E1	-1.996585E1	-1.218896E2
2.246000E1	-2.060055E1	-1.217877E2
2.248000E1	-2.131946E1	-1.216411E2
2.250000E1	-2.136071E1	-1.215793E2
2.252000E1	-2.141018E1	-1.215465E2
2.254000E1	-2.180124E1	-1.216590E2
2.256000E1	-2.171645E1	-1.216385E2
2.258000E1	-2.124872E1	-1.215270E2
2.260000E1	-2.131091E1	-1.215079E2
2.262000E1	-2.147105E1	-1.214647E2
2.264000E1	-2.198977E1	-1.214329E2
2.266000E1	-2.312910E1	-1.210491E2
2.268000E1	-2.478112E1	-1.206716E2
2.270000E1	-2.650763E1	-1.202110E2
2.272000E1	-2.788932E1	-1.199362E2
2.274000E1	-2.824986E1	-1.200315E2
2.276000E1	-2.806562E1	-1.201931E2
2.278000E1	-2.795443E1	-1.200275E2
2.280000E1	-2.827806E1	-1.195455E2
2.282000E1	-2.881928E1	-1.195600E2
2.284000E1	-2.892817E1	-1.195654E2
2.286000E1	-2.938564E1	-1.194463E2
2.288000E1	-3.018340E1	-1.190885E2
2.290000E1	-3.062364E1	-1.190127E2
2.292000E1	-3.060785E1	-1.190225E2
2.294000E1	-3.061657E1	-1.190167E2
2.296000E1	-3.060305E1	-1.190079E2
2.298000E1	-3.105330E1	-1.189706E2
2.300000E1	-3.152305E1	-1.191041E2
2.302000E1	-3.206312E1	-1.190955E2
2.304000E1	-3.257555E1	-1.190470E2
2.306000E1	-3.308318E1	-1.187734E2
2.308000E1	-3.394095E1	-1.184085E2
2.310000E1	-3.466654E1	-1.178276E2
2.312000E1	-3.585818E1	-1.172063E2
2.314000E1	-3.671865E1	-1.170131E2
2.316000E1	-3.665189E1	-1.170614E2
2.318000E1	-3.672566E1	-1.170974E2
2.320000E1	-3.712032E1	-1.170262E2
2.322000E1	-3.759781E1	-1.170320E2
2.324000E1	-3.840260E1	-1.170482E2
2.326000E1	-3.973451E1	-1.172922E2
2.328000E1	-4.036193E1	-1.172066E2
2.330000E1	-4.043350E1	-1.169804E2
2.332000E1	-4.088976E1	-1.169752E2
2.334000E1	-4.095142E1	-1.169344E2
2.336000E1	-4.048546E1	-1.169018E2
2.338000E1	-4.088845E1	-1.169125E2
2.340000E1	-4.148974E1	-1.164614E2
2.342000E1	-4.167585E1	-1.163253E2
2.344000E1	-4.201988E1	-1.161472E2
2.346000E1	-4.214491E1	-1.160017E2
2.348000E1	-4.258515E1	-1.160898E2
2.350000E1	-4.276119E1	-1.162076E2
2.352000E1	-4.264794E1	-1.161816E2
2.354000E1	-4.229972E1	-1.161211E2
2.356000E1	-4.239331E1	-1.160923E2
2.358000E1	-4.271628E1	-1.159705E2
2.360000E1	-4.304871E1	-1.157724E2
2.362000E1	-4.378390E1	-1.152211E2
2.364000E1	-4.507342E1	-1.145153E2
2.366000E1	-4.652385E1	-1.137136E2
2.368000E1	-4.703061E1	-1.136311E2
2.370000E1	-4.694393E1	-1.137729E2
2.372000E1	-4.712895E1	-1.139681E2
2.374000E1	-4.769222E1	-1.138687E2
2.376000E1	-4.785549E1	-1.133816E2
2.378000E1	-4.801768E1	-1.128427E2
2.380000E1	-4.819890E1	-1.126136E2
2.382000E1	-4.862948E1	-1.125151E2
2.384000E1	-4.926830E1	-1.122824E2
2.386000E1	-4.934865E1	-1.122350E2
2.388000E1	-4.933803E1	-1.121894E2
2.390000E1	-4.954880E1	-1.121590E2
2.392000E1	-4.965875E1	-1.121115E2
2.394000E1	-5.014697E1	-1.117904E2
2.396000E1	-5.082351E1	-1.116136E2
2.398000E1	-5.135005E1	-1.115990E2
2.400000E1	-5.229558E1	-1.114932E2
2.402000E1	-5.292081E1	-1.111330E2
2.404000E1	-5.339885E1	-1.108553E2
2.406000E1	-5.408441E1	-1.102470E2
2.408000E1	-5.492313E1	-1.094348E2
2.410000E1	-5.577556E1	-1.089641E2
2.412000E1	-5.585979E1	-1.089312E2
2.414000E1	-5.597493E1	-1.089517E2
2.416000E1	-5.611802E1	-1.089004E2
2.418000E1	-5.652409E1	-1.088518E2
2.420000E1	-5.684266E1	-1.087608E2
2.422000E1	-5.750291E1	-1.086209E2
2.424000E1	-5.858667E1	-1.082777E2
2.426000E1	-5.971295E1	-1.079894E2
2.428000E1	-6.029895E1	-1.080929E2
2.430000E1	-6.015354E1	-1.083427E2
2.432000E1	-6.002380E1	-1.082897E2
2.434000E1	-6.013662E1	-1.080086E2
2.436000E1	-6.032356E1	-1.075736E2
2.438000E1	-6.094940E1	-1.072124E2
2.440000E1	-6.100125E1	-1.069716E2
2.442000E1	-6.100291E1	-1.069611E2
2.444000E1	-6.109991E1	-1.070017E2
2.446000E1	-6.120803E1	-1.070478E2
2.448000E1	-6.130295E1	-1.070704E2
2.450000E1	-6.172933E1	-1.070332E2
2.452000E1	-6.195902E1	-1.067915E2
2.454000E1	-6.202524E1	-1.065885E2
2.456000E1	-6.226433E1	-1.063116E2
2.458000E1	-6.252199E1	-1.059715E2
2.460000E1	-6.302585E1	-1.053925E2
2.462000E1	-6.354179E1	-1.048821E2
2.464000E1	-6.363277E1	-1.049004E2
2.466000E1	-6.358799E1	-1.049705E2
2.468000E1	-6.390197E1	-1.049818E2
2.470000E1	-6.451913E1	-1.045449E2
2.472000E1	-6.527277E1	-1.042247E2
2.474000E1	-6.535399E1	-1.041468E2
2.476000E1	-6.543091E1	-1.034315E2
2.478000E1	-6.568760E1	-1.028137E2
2.480000E1	-6.619331E1	-1.027664E2
2.482000E1	-6.627791E1	-1.027459E2
2.484000E1	-6.627607E1	-1.026989E2
2.486000E1	-6.629435E1	-1.026682E2
2.488000E1	-6.664623E1	-1.024551E2
2.490000E1	-6.729155E1	-1.021013E2
2.492000E1	-6.767962E1	-1.016342E2
2.494000E1	-6.840957E1	-1.010368E2
2.496000E1	-6.934967E1	-1.007700E2
2.498000E1	-7.033412E1	-1.007349E2
2.500000E1	-7.114263E1	-1.003215E2
2.502000E1	-7.157404E1	-9.979281E1
2.504000E1	-7.187893E1	-9.913288E1
2.506000E1	-7.252574E1	-9.856722E1
2.508000E1	-7.304970E1	-9.844879E1
2.510000E1	-7.306450E1	-9.839693E1
2.512000E1	-7.311279E1	-9.833541E1
2.514000E1	-7.360343E1	-9.836286E1
2.516000E1	-7.375752E1	-9.819426E1
2.518000E1	-7.416751E1	-9.805987E1
2.520000E1	-7.447909E1	-9.761390E1
2.522000E1	-7.522254E1	-9.724814E1
2.524000E1	-7.662994E1	-9.694286E1
2.526000E1	-7.725065E1	-9.697222E1
2.528000E1	-7.733144E1	-9.705771E1
2.530000E1	-7.730366E1	-9.689922E1
2.532000E1	-7.761514E1	-9.631766E1
2.534000E1	-7.775437E1	-9.592488E1
2.536000E1	-7.771186E1	-9.570336E1
2.538000E1	-7.804338E1	-9.545789E1
2.540000E1	-7.808878E1	-9.536579E1
2.542000E1	-7.806722E1	-9.533314E1
2.544000E1	-7.809605E1	-9.526476E1
2.546000E1	-7.850665E1	-9.510251E1
2.548000E1	-7.865251E1	-9.490378E1
2.550000E1	-7.891137E1	-9.463847E1
2.552000E1	-7.926477E1	-9.417332E1
2.554000E1	-7.932622E1	-9.374676E1
2.556000E1	-7.948468E1	-9.321181E1
2.558000E1	-7.948913E1	-9.315414E1
2.560000E1	-7.950139E1	-9.324478E1
2.562000E1	-7.982763E1	-9.321105E1
2.564000E1	-7.986696E1	-9.320044E1
2.566000E1	-8.016908E1	-9.289537E1
2.568000E1	-8.076468E1	-9.224660E1
2.570000E1	-8.135683E1	-9.177659E1
2.572000E1	-8.192677E1	-9.118229E1
2.574000E1	-8.227292E1	-9.053367E1
2.576000E1	-8.228779E1	-9.015700E1
2.578000E1	-8.225848E1	-9.001653E1
2.580000E1	-8.228782E1	-8.997988E1
2.582000E1	-8.241588E1	-8.996461E1
2.584000E1	-8.279902E1	-8.970962E1
2.586000E1	-8.340605E1	-8.913618E1
2.588000E1	-8.399500E1	-8.873374E1
2.590000E1	-8.431242E1	-8.846454E1
2.592000E1	-8.492281E1	-8.781972E1
2.594000E1	-8.549083E1	-8.729558E1
2.596000E1	-8.627998E1	-8.670036E1
2.598000E1	-8.703843E1	-8.592980E1
2.600000E1	-8.755158E1	-8.533695E1
2.602000E1	-8.758626E1	-8.511912E1
2.604000E1	-8.779244E1	-8.472047E1
2.606000E1	-8.787948E1	-8.445475E1
2.608000E1	-8.802360E1	-8.401855E1
2.610000E1	-8.834386E1	-8.405895E1
2.612000E1	-8.855064E1	-8.404040E1
2.614000E1	-8.885379E1	-8.382117E1
2.616000E1	-8.908722E1	-8.340754E1
2.618000E1	-8.950503E1	-8.305134E1
2.620000E1	-9.010516E1	-8.279369E1
2.622000E1	-9.074057E1	-8.262228E1
2.624000E1	-9.173319E1	-8.232170E1
2.626000E1	-9.239151E1	-8.179988E1
2.628000E1	-9.264085E1	-8.136496E1
2.630000E1	-9.260033E1	-8.116696E1
2.632000E1	-9.239075E1	-8.092280E1
2.634000E1	-9.219325E1	-8.089138E1
2.636000E1	-9.256927E1	-8.069948E1
2.638000E1	-9.264047E1	-8.066985E1
2.640000E1	-9.259295E1	-8.063369E1
2.642000E1	-9.271221E1	-8.024108E1
2.644000E1	-9.298518E1	-7.978419E1
2.646000E1	-9.350367E1	-7.934008E1
2.648000E1	-9.368771E1	-7.906660E1
2.650000E1	-9.376114E1	-7.854157E1
2.652000E1	-9.378414E1	-7.815177E1
2.654000E1	-9.374109E1	-7.812486E1
2.656000E1	-9.352815E1	-7.836959E1
2.658000E1	-9.357914E1	-7.840478E1
2.660000E1	-9.397844E1	-7.828683E1
2.662000E1	-9.413865E1	-7.784710E1
2.664000E1	-9.416060E1	-7.748886E1
2.666000E1	-9.435019E1	-7.684911E1
2.668000E1	-9.494992E1	-7.604635E1
2.670000E1	-9.565371E1	-7.521916E1
2.672000E1	-9.640326E1	-7.452322E1
2.674000E1	-9.634868E1	-7.442638E1
2.676000E1	-9.605705E1	-7.436055E1
2.678000E1	-9.587067E1	-7.429833E1
2.680000E1	-9.619834E1	-7.405136E1
2.682000E1	-9.687175E1	-7.348279E1
2.684000E1	-9.736915E1	-7.302187E1
2.686000E1	-9.765305E1	-7.220377E1
2.688000E1	-9.825426E1	-7.165613E1
2.690000E1	-9.888274E1	-7.117944E1
2.692000E1	-9.939784E1	-7.041533E1
2.694000E1	-9.984178E1	-6.932171E1
2.696000E1	-1.004244E2	-6.859494E1
2.698000E1	-1.005627E2	-6.835653E1
2.700000E1	-1.007297E2	-6.808509E1
2.702000E1	-1.008644E2	-6.788802E1
2.704000E1	-1.008376E2	-6.766154E1
2.706000E1	-1.011197E2	-6.736933E1
2.708000E1	-1.013224E2	-6.711268E1
2.710000E1	-1.014369E2	-6.677598E1
2.712000E1	-1.015297E2	-6.623823E1
2.714000E1	-1.019333E2	-6.598426E1
2.716000E1	-1.024704E2	-6.581171E1
2.718000E1	-1.028434E2	-6.583775E1
2.720000E1	-1.030308E2	-6.552427E1
2.722000E1	-1.037397E2	-6.482101E1
2.724000E1	-1.050428E2	-6.356095E1
2.726000E1	-1.056798E2	-6.289051E1
2.728000E1	-1.053326E2	-6.275423E1
2.730000E1	-1.053715E2	-6.269740E1
2.732000E1	-1.053527E2	-6.266833E1
2.734000E1	-1.051326E2	-6.289723E1
2.736000E1	-1.051246E2	-6.288049E1
2.738000E1	-1.052429E2	-6.259141E1
2.740000E1	-1.054068E2	-6.231183E1
2.742000E1	-1.056206E2	-6.172735E1
2.744000E1	-1.057965E2	-6.103527E1
2.746000E1	-1.061109E2	-6.018113E1
2.748000E1	-1.061425E2	-5.950807E1
2.750000E1	-1.061175E2	-5.952368E1
2.752000E1	-1.060169E2	-5.970853E1
2.754000E1	-1.059158E2	-5.992115E1
2.756000E1	-1.060674E2	-5.978724E1
2.758000E1	-1.062836E2	-5.936713E1
2.760000E1	-1.063068E2	-5.913569E1
2.762000E1	-1.063651E2	-5.853592E1
2.764000E1	-1.061871E2	-5.763078E1
2.766000E1	-1.067151E2	-5.652121E1
2.768000E1	-1.073982E2	-5.602736E1
2.770000E1	-1.075055E2	-5.600382E1
2.772000E1	-1.077614E2	-5.582893E1
2.774000E1	-1.076789E2	-5.576361E1
2.776000E1	-1.075543E2	-5.532873E1
2.778000E1	-1.076044E2	-5.498085E1
2.780000E1	-1.080799E2	-5.428332E1
2.782000E1	-1.087477E2	-5.351788E1
2.784000E1	-1.089799E2	-5.269697E1
2.786000E1	-1.092455E2	-5.200205E1
2.788000E1	-1.098212E2	-5.082774E1
2.790000E1	-1.100974E2	-4.995347E1
2.792000E1	-1.101671E2	-4.915494E1
2.794000E1	-1.103835E2	-4.900375E1
2.796000E1	-1.105341E2	-4.889996E1
2.798000E1	-1.105880E2	-4.858812E1
2.800000E1	-1.107636E2	-4.823026E1
2.802000E1	-1.108162E2	-4.801947E1
2.804000E1	-1.110374E2	-4.756756E1
2.806000E1	-1.110996E2	-4.706591E1
2.808000E1	-1.110245E2	-4.649806E1
2.810000E1	-1.111224E2	-4.637762E1
2.812000E1	-1.116530E2	-4.632024E1
2.814000E1	-1.118433E2	-4.616897E1
2.816000E1	-1.119030E2	-4.589552E1
2.818000E1	-1.120235E2	-4.535764E1
2.820000E1	-1.124964E2	-4.446814E1
2.822000E1	-1.132292E2	-4.333680E1
2.824000E1	-1.139384E2	-4.251288E1
2.826000E1	-1.146181E2	-4.178155E1
2.828000E1	-1.146335E2	-4.186972E1
2.830000E1	-1.143828E2	-4.229222E1
2.832000E1	-1.142290E2	-4.238372E1
2.834000E1	-1.142091E2	-4.193143E1
2.836000E1	-1.144209E2	-4.116549E1
2.838000E1	-1.145930E2	-4.053448E1
2.840000E1	-1.145193E2	-4.041108E1
2.842000E1	-1.143377E2	-3.956920E1
2.844000E1	-1.145029E2	-3.880485E1
2.846000E1	-1.146569E2	-3.874920E1
2.848000E1	-1.145413E2	-3.898248E1
2.850000E1	-1.145622E2	-3.897023E1
2.852000E1	-1.145585E2	-3.892780E1
2.854000E1	-1.145172E2	-3.880978E1
2.856000E1	-1.145461E2	-3.838502E1
2.858000E1	-1.143985E2	-3.778600E1
2.860000E1	-1.142641E2	-3.706970E1
2.862000E1	-1.144787E2	-3.630915E1
2.864000E1	-1.145009E2	-3.617745E1
2.866000E1	-1.146704E2	-3.611092E1
2.868000E1	-1.148340E2	-3.593452E1
2.870000E1	-1.150803E2	-3.537113E1
2.872000E1	-1.155074E2	-3.467323E1
2.874000E1	-1.154298E2	-3.415688E1
2.876000E1	-1.151440E2	-3.341816E1
2.878000E1	-1.152638E2	-3.261962E1
2.880000E1	-1.156855E2	-3.199638E1
2.882000E1	-1.159357E2	-3.127151E1
2.884000E1	-1.162050E2	-3.007224E1
2.886000E1	-1.163993E2	-2.913072E1
2.888000E1	-1.165219E2	-2.843903E1
2.890000E1	-1.166062E2	-2.819864E1
2.892000E1	-1.167672E2	-2.780469E1
2.894000E1	-1.168012E2	-2.777989E1
2.896000E1	-1.169028E2	-2.769609E1
2.898000E1	-1.171937E2	-2.716955E1
2.900000E1	-1.173115E2	-2.668124E1
2.902000E1	-1.172531E2	-2.641498E1
2.904000E1	-1.172161E2	-2.583650E1
2.906000E1	-1.175039E2	-2.520708E1
2.908000E1	-1.176116E2	-2.525736E1
2.910000E1	-1.176778E2	-2.530812E1
2.912000E1	-1.177964E2	-2.494204E1
2.914000E1	-1.177915E2	-2.444944E1
2.916000E1	-1.179863E2	-2.375198E1
2.918000E1	-1.181228E2	-2.310044E1
2.920000E1	-1.183749E2	-2.240334E1
2.922000E1	-1.192387E2	-2.110224E1
2.924000E1	-1.198960E2	-2.034896E1
2.926000E1	-1.198446E2	-2.042209E1
2.928000E1	-1.194872E2	-2.036642E1
2.930000E1	-1.194598E2	-2.004600E1
2.932000E1	-1.191676E2	-1.953830E1
2.934000E1	-1.192807E2	-1.873282E1
2.936000E1	-1.191616E2	-1.813255E1
2.938000E1	-1.189885E2	-1.782854E1
2.940000E1	-1.187264E2	-1.757480E1
2.942000E1	-1.189960E2	-1.761430E1
2.944000E1	-1.191155E2	-1.744845E1
2.946000E1	-1.192068E2	-1.734570E1
2.948000E1	-1.192347E2	-1.707938E1
2.950000E1	-1.191089E2	-1.685275E1
2.952000E1	-1.190229E2	-1.662092E1
2.954000E1	-1.186832E2	-1.589278E1
2.956000E1	-1.186573E2	-1.523454E1
2.958000E1	-1.187262E2	-1.474104E1
2.960000E1	-1.187289E2	-1.467035E1
2.962000E1	-1.187664E2	-1.465687E1
2.964000E1	-1.187909E2	-1.467721E1
2.966000E1	-1.188929E2	-1.414413E1
2.968000E1	-1.192056E2	-1.323887E1
2.970000E1	-1.195103E2	-1.194014E1
2.972000E1	-1.195778E2	-1.090631E1
2.974000E1	-1.193860E2	-1.036965E1
2.976000E1	-1.192063E2	-1.005119E1
2.978000E1	-1.190003E2	-9.169864E0
2.980000E1	-1.190382E2	-7.967330E0
2.982000E1	-1.189031E2	-7.070677E0
2.984000E1	-1.190581E2	-6.445976E0
2.986000E1	-1.193020E2	-5.943804E0
2.988000E1	-1.193922E2	-5.663963E0
2.990000E1	-1.192921E2	-5.320955E0
2.992000E1	-1.193920E2	-5.267892E0
2.994000E1	-1.194722E2	-5.162389E0
2.996000E1	-1.195675E2	-4.582146E0
2.998000E1	-1.196165E2	-3.943618E0
3.000000E1	-1.195373E2	-3.703032E0
3.002000E1	-1.196938E2	-3.378259E0
3.004000E1	-1.199538E2	-2.908965E0
3.006000E1	-1.199985E2	-2.733059E0
3.008000E1	-1.197265E2	-2.335623E0
3.010000E1	-1.197760E2	-1.583280E0
3.012000E1	-1.197960E2	-1.103032E0
3.014000E1	-1.197504E2	-8.987162E-1
3.016000E1	-1.198656E2	-1.692600E-1
3.018000E1	-1.202100E2	8.927229E-1
3.020000E1	-1.206235E2	2.010663E0
3.022000E1	-1.209777E2	2.838319E0
3.024000E1	-1.209787E2	3.005801E0
3.026000E1	-1.207271E2	3.253819E0
3.028000E1	-1.206650E2	3.854857E0
3.030000E1	-1.204410E2	4.408517E0
3.032000E1	-1.200668E2	4.886253E0
3.034000E1	-1.197535E2	5.660850E0
3.036000E1	-1.197213E2	5.692517E0
3.038000E1	-1.198120E2	5.563699E0
3.040000E1	-1.198374E2	5.646661E0
3.042000E1	-1.198722E2	6.021052E0
3.044000E1	-1.198634E2	6.285335E0
3.046000E1	-1.198695E2	6.477453E0
3.048000E1	-1.196656E2	6.845451E0
3.050000E1	-1.192675E2	7.230031E0
3.052000E1	-1.190402E2	7.791868E0
3.054000E1	-1.189540E2	7.997840E0
3.056000E1	-1.189211E2	7.966191E0
3.058000E1	-1.189038E2	8.072789E0
3.060000E1	-1.189338E2	8.412580E0
3.062000E1	-1.188490E2	8.551545E0
3.064000E1	-1.189190E2	9.176770E0
3.066000E1	-1.188554E2	1.033584E1
3.068000E1	-1.187951E2	1.188430E1
3.070000E1	-1.189881E2	1.318157E1
3.072000E1	-1.187674E2	1.352259E1
3.074000E1	-1.183842E2	1.394430E1
3.076000E1	-1.177930E2	1.495178E1
3.078000E1	-1.176656E2	1.596693E1
3.080000E1	-1.176730E2	1.651058E1
3.082000E1	-1.176674E2	1.685435E1
3.084000E1	-1.178804E2	1.745410E1
3.086000E1	-1.179308E2	1.806059E1
3.088000E1	-1.180427E2	1.842275E1
3.090000E1	-1.180341E2	1.857520E1
3.092000E1	-1.179247E2	1.861992E1
3.094000E1	-1.177783E2	1.903761E1
3.096000E1	-1.180225E2	1.986606E1
3.098000E1	-1.180993E2	2.034034E1
3.100000E1	-1.181795E2	2.052651E1
3.102000E1	-1.183143E2	2.073817E1
3.104000E1	-1.179444E2	2.147870E1
3.106000E1	-1.176149E2	2.225056E1
3.108000E1	-1.173561E2	2.238529E1
3.110000E1	-1.173831E2	2.247746E1
3.112000E1	-1.174890E2	2.315801E1
3.114000E1	-1.176234E2	2.407506E1
3.116000E1	-1.177402E2	2.453464E1
3.118000E1	-1.178783E2	2.510989E1
3.120000E1	-1.178079E2	2.609647E1
3.122000E1	-1.178962E2	2.738137E1
3.124000E1	-1.177879E2	2.790827E1
3.126000E1	-1.173159E2	2.807131E1
3.128000E1	-1.168579E2	2.861480E1
3.130000E1	-1.160785E2	2.893687E1
3.132000E1	-1.160915E2	2.914973E1
3.134000E1	-1.160975E2	2.897956E1
3.136000E1	-1.161303E2	2.902526E1
3.138000E1	-1.160328E2	2.906589E1
3.140000E1	-1.156983E2	2.959159E1
3.142000E1	-1.156043E2	3.007523E1
3.144000E1	-1.153799E2	3.035474E1
3.146000E1	-1.150941E2	3.086025E1
3.148000E1	-1.149135E2	3.118205E1
3.150000E1	-1.149327E2	3.108924E1
3.152000E1	-1.150010E2	3.104863E1
3.154000E1	-1.150239E2	3.115733E1
3.156000E1	-1.148301E2	3.142542E1
3.158000E1	-1.145870E2	3.199739E1
3.160000E1	-1.144117E2	3.221967E1
3.162000E1	-1.140251E2	3.306263E1
3.164000E1	-1.137262E2	3.443702E1
3.166000E1	-1.137113E2	3.565098E1
3.168000E1	-1.135545E2	3.668501E1
3.170000E1	-1.131977E2	3.736792E1
3.172000E1	-1.124215E2	3.801987E1
3.174000E1	-1.118893E2	3.848697E1
3.176000E1	-1.118845E2	3.859567E1
3.178000E1	-1.120399E2	3.914524E1
3.180000E1	-1.118581E2	3.957117E1
3.182000E1	-1.117964E2	4.023238E1
3.184000E1	-1.119137E2	4.081312E1
3.186000E1	-1.118859E2	4.110667E1
3.188000E1	-1.115009E2	4.132201E1
3.190000E1	-1.112278E2	4.176485E1
3.192000E1	-1.114237E2	4.226872E1
3.194000E1	-1.116306E2	4.286914E1
3.196000E1	-1.118352E2	4.341454E1
3.198000E1	-1.115730E2	4.348534E1
3.200000E1	-1.110870E2	4.408692E1
3.202000E1	-1.107847E2	4.502352E1
3.204000E1	-1.104250E2	4.530280E1
3.206000E1	-1.102886E2	4.551692E1
3.208000E1	-1.102660E2	4.622566E1
3.210000E1	-1.102295E2	4.644324E1
3.212000E1	-1.102421E2	4.646656E1
3.214000E1	-1.102389E2	4.661981E1
3.216000E1	-1.099369E2	4.730375E1
3.218000E1	-1.096217E2	4.863860E1
3.220000E1	-1.092956E2	5.042974E1
3.222000E1	-1.090192E2	5.153164E1
3.224000E1	-1.085363E2	5.164064E1
3.226000E1	-1.081046E2	5.169184E1
3.228000E1	-1.082445E2	5.135913E1
3.230000E1	-1.083684E2	5.140465E1
3.232000E1	-1.083156E2	5.170118E1
3.234000E1	-1.079000E2	5.198733E1
3.236000E1	-1.077981E2	5.198414E1
3.238000E1	-1.074563E2	5.220900E1
3.240000E1	-1.067332E2	5.304287E1
3.242000E1	-1.064332E2	5.370176E1
3.244000E1	-1.065000E2	5.381425E1
3.246000E1	-1.065211E2	5.373877E1
3.248000E1	-1.066009E2	5.359636E1
3.250000E1	-1.065899E2	5.360699E1
3.252000E1	-1.062524E2	5.393317E1
3.254000E1	-1.062152E2	5.422331E1
3.256000E1	-1.058942E2	5.482989E1
3.258000E1	-1.051139E2	5.563000E1
3.260000E1	-1.045226E2	5.627543E1
3.262000E1	-1.042122E2	5.708562E1
3.264000E1	-1.038860E2	5.787931E1
3.266000E1	-1.031252E2	5.945007E1
3.268000E1	-1.023580E2	6.114816E1
3.270000E1	-1.018140E2	6.166487E1
3.272000E1	-1.016842E2	6.166924E1
3.274000E1	-1.016366E2	6.164098E1
3.276000E1	-1.015049E2	6.165343E1
3.278000E1	-1.013486E2	6.232897E1
3.280000E1	-1.011275E2	6.287409E1
3.282000E1	-1.008935E2	6.328110E1
3.284000E1	-1.005465E2	6.379292E1
3.286000E1	-1.002241E2	6.427532E1
3.288000E1	-1.001281E2	6.490645E1
3.290000E1	-1.002764E2	6.527380E1
3.292000E1	-1.003326E2	6.554380E1
3.294000E1	-9.995259E1	6.615967E1
3.296000E1	-9.947072E1	6.699445E1
3.298000E1	-9.911402E1	6.726132E1
3.300000E1	-9.904673E1	6.743050E1
3.302000E1	-9.875227E1	6.780072E1
3.304000E1	-9.866035E1	6.792400E1
3.306000E1	-9.856413E1	6.816464E1
3.308000E1	-9.850687E1	6.825755E1
3.310000E1	-9.825114E1	6.857416E1
3.312000E1	-9.784179E1	6.903253E1
3.314000E1	-9.735533E1	6.997475E1
3.316000E1	-9.677662E1	7.130571E1
3.318000E1	-9.585036E1	7.315406E1
3.320000E1	-9.503195E1	7.432279E1
3.322000E1	-9.503592E1	7.424185E1
3.324000E1	-9.520640E1	7.398785E1
3.326000E1	-9.517305E1	7.404151E1
3.328000E1	-9.508548E1	7.415576E1
3.330000E1	-9.469068E1	7.429333E1
3.332000E1	-9.439812E1	7.437211E1
3.334000E1	-9.394501E1	7.459479E1
3.336000E1	-9.340045E1	7.474149E1
3.338000E1	-9.265271E1	7.549828E1
3.340000E1	-9.259952E1	7.561799E1
3.342000E1	-9.262263E1	7.561144E1
3.344000E1	-9.262436E1	7.567301E1
3.346000E1	-9.258309E1	7.571008E1
3.348000E1	-9.247325E1	7.587773E1
3.350000E1	-9.211465E1	7.609406E1
3.352000E1	-9.150048E1	7.644142E1
3.354000E1	-9.096471E1	7.706160E1
3.356000E1	-9.036381E1	7.776029E1
3.358000E1	-8.977748E1	7.833602E1
3.360000E1	-8.906406E1	7.903466E1
3.362000E1	-8.803181E1	7.992593E1
3.364000E1	-8.719293E1	8.103393E1
3.366000E1	-8.686716E1	8.187553E1
3.368000E1	-8.675028E1	8.257981E1
3.370000E1	-8.648966E1	8.260426E1
3.372000E1	-8.615670E1	8.267356E1
3.374000E1	-8.611847E1	8.275302E1
3.376000E1	-8.607830E1	8.296603E1
3.378000E1	-8.557610E1	8.343347E1
3.380000E1	-8.496769E1	8.394665E1
3.382000E1	-8.467849E1	8.462265E1
3.384000E1	-8.471765E1	8.533587E1
3.386000E1	-8.468994E1	8.591019E1
3.388000E1	-8.427240E1	8.594799E1
3.390000E1	-8.387703E1	8.622912E1
3.392000E1	-8.341384E1	8.691334E1
3.394000E1	-8.302553E1	8.736048E1
3.396000E1	-8.285335E1	8.771654E1
3.398000E1	-8.255701E1	8.800888E1
3.400000E1	-8.239064E1	8.820174E1
