	mass A		
t	x	y	
0.000000E0	-9.354912E1	-6.776672E1
2.000000E-2	-9.354912E1	-6.776672E1
4.000000E-2	-9.341971E1	-6.819081E1
6.000000E-2	-9.346498E1	-6.843761E1
8.000000E-2	-9.329147E1	-6.906639E1
1.000000E-1	-9.289968E1	-6.969159E1
1.200000E-1	-9.261368E1	-7.051451E1
1.400000E-1	-9.259792E1	-7.140242E1
1.600000E-1	-9.260300E1	-7.208631E1
1.800000E-1	-9.259293E1	-7.221415E1
2.000000E-1	-9.253492E1	-7.210609E1
2.200000E-1	-9.220299E1	-7.220105E1
2.400000E-1	-9.202391E1	-7.224446E1
2.600000E-1	-9.195436E1	-7.223826E1
2.800000E-1	-9.169345E1	-7.245546E1
3.000000E-1	-9.128424E1	-7.275319E1
3.200000E-1	-9.075300E1	-7.280182E1
3.400000E-1	-9.032629E1	-7.350475E1
3.600000E-1	-9.025128E1	-7.360218E1
3.800000E-1	-9.014199E1	-7.371422E1
4.000000E-1	-8.995733E1	-7.401976E1
4.200000E-1	-8.982952E1	-7.410026E1
4.400000E-1	-8.962813E1	-7.420538E1
4.600000E-1	-8.914473E1	-7.440648E1
4.800000E-1	-8.868657E1	-7.454073E1
5.000000E-1	-8.815153E1	-7.466736E1
5.200000E-1	-8.773546E1	-7.525961E1
5.400000E-1	-8.734850E1	-7.525259E1
5.600000E-1	-8.683132E1	-7.598138E1
5.800000E-1	-8.590156E1	-7.683879E1
6.000000E-1	-8.495318E1	-7.771770E1
6.200000E-1	-8.437349E1	-7.859986E1
6.400000E-1	-8.414375E1	-7.927382E1
6.600000E-1	-8.422589E1	-7.943244E1
6.800000E-1	-8.423101E1	-7.967407E1
7.000000E-1	-8.427710E1	-7.995539E1
7.200000E-1	-8.417871E1	-7.989897E1
7.400000E-1	-8.380026E1	-7.992434E1
7.600000E-1	-8.371192E1	-7.999845E1
7.800000E-1	-8.371558E1	-8.000478E1
8.000000E-1	-8.377279E1	-8.001897E1
8.200000E-1	-8.376367E1	-8.000934E1
8.400000E-1	-8.380035E1	-8.012066E1
8.600000E-1	-8.380618E1	-8.039836E1
8.800000E-1	-8.374353E1	-8.117183E1
9.000000E-1	-8.346881E1	-8.169544E1
9.200000E-1	-8.316579E1	-8.213967E1
9.400000E-1	-8.308734E1	-8.244754E1
9.600000E-1	-8.294780E1	-8.265825E1
9.800000E-1	-8.288441E1	-8.276679E1
1.000000E0	-8.284484E1	-8.280096E1
1.020000E0	-8.276616E1	-8.288811E1
1.040000E0	-8.245562E1	-8.334065E1
1.060000E0	-8.243169E1	-8.349425E1
1.080000E0	-8.242389E1	-8.371680E1
1.100000E0	-8.257356E1	-8.396980E1
1.120000E0	-8.254797E1	-8.395682E1
1.140000E0	-8.239266E1	-8.402648E1
1.160000E0	-8.211002E1	-8.421139E1
1.180000E0	-8.168666E1	-8.467885E1
1.200000E0	-8.125384E1	-8.523180E1
1.220000E0	-8.080028E1	-8.599796E1
1.240000E0	-8.047671E1	-8.710608E1
1.260000E0	-8.001870E1	-8.780477E1
1.280000E0	-7.971383E1	-8.759627E1
1.300000E0	-7.958284E1	-8.752892E1
1.320000E0	-7.945980E1	-8.764763E1
1.340000E0	-7.902892E1	-8.776360E1
1.360000E0	-7.847106E1	-8.800055E1
1.380000E0	-7.807846E1	-8.804016E1
1.400000E0	-7.793982E1	-8.805791E1
1.420000E0	-7.751349E1	-8.810101E1
1.440000E0	-7.710941E1	-8.844881E1
1.460000E0	-7.668976E1	-8.919634E1
1.480000E0	-7.616833E1	-8.948589E1
1.500000E0	-7.573528E1	-8.968142E1
1.520000E0	-7.531857E1	-8.968050E1
1.540000E0	-7.523656E1	-8.959397E1
1.560000E0	-7.536379E1	-8.954610E1
1.580000E0	-7.541202E1	-8.957118E1
1.600000E0	-7.544577E1	-8.959918E1
1.620000E0	-7.529284E1	-8.965122E1
1.640000E0	-7.521895E1	-8.963391E1
1.660000E0	-7.514415E1	-8.971589E1
1.680000E0	-7.502405E1	-8.979690E1
1.700000E0	-7.466800E1	-9.008034E1
1.720000E0	-7.455348E1	-9.059747E1
1.740000E0	-7.439014E1	-9.110877E1
1.760000E0	-7.406590E1	-9.167147E1
1.780000E0	-7.400504E1	-9.183309E1
1.800000E0	-7.405820E1	-9.191969E1
1.820000E0	-7.403978E1	-9.194394E1
1.840000E0	-7.362779E1	-9.204928E1
1.860000E0	-7.336890E1	-9.215621E1
1.880000E0	-7.313900E1	-9.214986E1
1.900000E0	-7.306616E1	-9.222950E1
1.920000E0	-7.291953E1	-9.259640E1
1.940000E0	-7.249879E1	-9.300518E1
1.960000E0	-7.203160E1	-9.374531E1
1.980000E0	-7.201653E1	-9.443320E1
2.000000E0	-7.210138E1	-9.443601E1
2.020000E0	-7.215857E1	-9.443757E1
2.040000E0	-7.215985E1	-9.444148E1
2.060000E0	-7.178746E1	-9.449409E1
2.080000E0	-7.168874E1	-9.453305E1
2.100000E0	-7.118226E1	-9.474805E1
2.120000E0	-7.081909E1	-9.506504E1
2.140000E0	-7.042218E1	-9.551034E1
2.160000E0	-7.030668E1	-9.549742E1
2.180000E0	-6.980524E1	-9.546786E1
2.200000E0	-6.980443E1	-9.552239E1
2.220000E0	-6.978592E1	-9.555166E1
2.240000E0	-6.936411E1	-9.567570E1
2.260000E0	-6.880956E1	-9.640910E1
2.280000E0	-6.776964E1	-9.724633E1
2.300000E0	-6.693430E1	-9.789467E1
2.320000E0	-6.653681E1	-9.834318E1
2.340000E0	-6.643041E1	-9.876126E1
2.360000E0	-6.598877E1	-9.957659E1
2.380000E0	-6.542789E1	-9.985354E1
2.400000E0	-6.482749E1	-9.976123E1
2.420000E0	-6.436114E1	-9.979761E1
2.440000E0	-6.427737E1	-9.985949E1
2.460000E0	-6.431737E1	-9.983072E1
2.480000E0	-6.436301E1	-9.982657E1
2.500000E0	-6.435601E1	-9.981597E1
2.520000E0	-6.431150E1	-9.980538E1
2.540000E0	-6.396421E1	-9.987651E1
2.560000E0	-6.384988E1	-1.001264E2
2.580000E0	-6.342672E1	-1.007458E2
2.600000E0	-6.336060E1	-1.007861E2
2.620000E0	-6.337008E1	-1.007135E2
2.640000E0	-6.341441E1	-1.004645E2
2.660000E0	-6.345791E1	-1.004373E2
2.680000E0	-6.360433E1	-1.004709E2
2.700000E0	-6.353562E1	-1.004112E2
2.720000E0	-6.313334E1	-1.007173E2
2.740000E0	-6.281372E1	-1.008508E2
2.760000E0	-6.285991E1	-1.008623E2
2.780000E0	-6.283272E1	-1.009530E2
2.800000E0	-6.254294E1	-1.011918E2
2.820000E0	-6.203157E1	-1.017680E2
2.840000E0	-6.136217E1	-1.020091E2
2.860000E0	-6.056760E1	-1.028005E2
2.880000E0	-6.003551E1	-1.034902E2
2.900000E0	-6.006205E1	-1.037173E2
2.920000E0	-6.002898E1	-1.036610E2
2.940000E0	-5.962059E1	-1.035974E2
2.960000E0	-5.920953E1	-1.035683E2
2.980000E0	-5.907376E1	-1.035682E2
3.000000E0	-5.882669E1	-1.037343E2
3.020000E0	-5.852288E1	-1.039435E2
3.040000E0	-5.800402E1	-1.046153E2
3.060000E0	-5.728641E1	-1.049243E2
3.080000E0	-5.709994E1	-1.051313E2
3.100000E0	-5.696877E1	-1.051379E2
3.120000E0	-5.696088E1	-1.051361E2
3.140000E0	-5.665846E1	-1.051350E2
3.160000E0	-5.632021E1	-1.057002E2
3.180000E0	-5.528158E1	-1.064222E2
3.200000E0	-5.434187E1	-1.067283E2
3.220000E0	-5.388959E1	-1.068880E2
3.240000E0	-5.391273E1	-1.070173E2
3.260000E0	-5.382271E1	-1.070279E2
3.280000E0	-5.299553E1	-1.072294E2
3.300000E0	-5.218897E1	-1.073658E2
3.320000E0	-5.137513E1	-1.077039E2
3.340000E0	-5.091351E1	-1.080886E2
3.360000E0	-5.092388E1	-1.081225E2
3.380000E0	-5.087864E1	-1.082330E2
3.400000E0	-5.065935E1	-1.083902E2
3.420000E0	-5.037295E1	-1.090763E2
3.440000E0	-4.983591E1	-1.098362E2
3.460000E0	-4.931570E1	-1.105998E2
3.480000E0	-4.898515E1	-1.107312E2
3.500000E0	-4.902101E1	-1.106789E2
3.520000E0	-4.885256E1	-1.105094E2
3.540000E0	-4.855518E1	-1.106755E2
3.560000E0	-4.857957E1	-1.106170E2
3.580000E0	-4.853353E1	-1.105695E2
3.600000E0	-4.856947E1	-1.105504E2
3.620000E0	-4.845502E1	-1.107244E2
3.640000E0	-4.839505E1	-1.107416E2
3.660000E0	-4.831112E1	-1.108471E2
3.680000E0	-4.826159E1	-1.110118E2
3.700000E0	-4.803425E1	-1.115005E2
3.720000E0	-4.796805E1	-1.115041E2
3.740000E0	-4.794887E1	-1.114465E2
3.760000E0	-4.787293E1	-1.113495E2
3.780000E0	-4.793294E1	-1.114505E2
3.800000E0	-4.797468E1	-1.114759E2
3.820000E0	-4.796389E1	-1.114870E2
3.840000E0	-4.793766E1	-1.115141E2
3.860000E0	-4.751330E1	-1.114971E2
3.880000E0	-4.706344E1	-1.115126E2
3.900000E0	-4.654218E1	-1.117538E2
3.920000E0	-4.564592E1	-1.121101E2
3.940000E0	-4.466723E1	-1.125295E2
3.960000E0	-4.408122E1	-1.132345E2
3.980000E0	-4.383870E1	-1.132897E2
4.000000E0	-4.386787E1	-1.133023E2
4.020000E0	-4.347675E1	-1.130902E2
4.040000E0	-4.298505E1	-1.128838E2
4.060000E0	-4.254465E1	-1.129155E2
4.080000E0	-4.208900E1	-1.131178E2
4.100000E0	-4.107491E1	-1.132853E2
4.120000E0	-4.022238E1	-1.134831E2
4.140000E0	-3.980302E1	-1.137351E2
4.160000E0	-3.959704E1	-1.140878E2
4.180000E0	-3.900155E1	-1.142245E2
4.200000E0	-3.809581E1	-1.144551E2
4.220000E0	-3.715971E1	-1.145783E2
4.240000E0	-3.700494E1	-1.149000E2
4.260000E0	-3.691314E1	-1.150206E2
4.280000E0	-3.675053E1	-1.151384E2
4.300000E0	-3.674049E1	-1.152478E2
4.320000E0	-3.668020E1	-1.153035E2
4.340000E0	-3.660055E1	-1.153907E2
4.360000E0	-3.624504E1	-1.155445E2
4.380000E0	-3.581527E1	-1.156542E2
4.400000E0	-3.567110E1	-1.157097E2
4.420000E0	-3.570600E1	-1.158142E2
4.440000E0	-3.569713E1	-1.159917E2
4.460000E0	-3.545785E1	-1.161857E2
4.480000E0	-3.507798E1	-1.168145E2
4.500000E0	-3.456773E1	-1.171308E2
4.520000E0	-3.413754E1	-1.178123E2
4.540000E0	-3.350716E1	-1.186096E2
4.560000E0	-3.300660E1	-1.192729E2
4.580000E0	-3.275213E1	-1.191916E2
4.600000E0	-3.254157E1	-1.191441E2
4.620000E0	-3.198553E1	-1.190478E2
4.640000E0	-3.141423E1	-1.191645E2
4.660000E0	-3.140717E1	-1.191686E2
4.680000E0	-3.141997E1	-1.191765E2
4.700000E0	-3.153277E1	-1.192492E2
4.720000E0	-3.152413E1	-1.192831E2
4.740000E0	-3.140024E1	-1.192194E2
4.760000E0	-3.097539E1	-1.192284E2
4.780000E0	-3.045057E1	-1.195151E2
4.800000E0	-2.956643E1	-1.197862E2
4.820000E0	-2.917435E1	-1.197210E2
4.840000E0	-2.918695E1	-1.196099E2
4.860000E0	-2.906276E1	-1.196550E2
4.880000E0	-2.863412E1	-1.196531E2
4.900000E0	-2.856420E1	-1.196064E2
4.920000E0	-2.808429E1	-1.195748E2
4.940000E0	-2.794891E1	-1.195153E2
4.960000E0	-2.745999E1	-1.195440E2
4.980000E0	-2.651036E1	-1.199767E2
5.000000E0	-2.539704E1	-1.200892E2
5.020000E0	-2.454119E1	-1.201476E2
5.040000E0	-2.386084E1	-1.202620E2
5.060000E0	-2.287308E1	-1.203824E2
5.080000E0	-2.183991E1	-1.207319E2
5.100000E0	-2.070476E1	-1.209358E2
5.120000E0	-1.976553E1	-1.209911E2
5.140000E0	-1.893813E1	-1.208954E2
5.160000E0	-1.869259E1	-1.209523E2
5.180000E0	-1.868969E1	-1.209955E2
5.200000E0	-1.868326E1	-1.210150E2
5.220000E0	-1.864059E1	-1.210400E2
5.240000E0	-1.854325E1	-1.212316E2
5.260000E0	-1.800477E1	-1.213508E2
5.280000E0	-1.747438E1	-1.214446E2
5.300000E0	-1.657740E1	-1.216872E2
5.320000E0	-1.630813E1	-1.217453E2
5.340000E0	-1.634775E1	-1.217464E2
5.360000E0	-1.631728E1	-1.218886E2
5.380000E0	-1.615162E1	-1.220121E2
5.400000E0	-1.606317E1	-1.222214E2
5.420000E0	-1.584200E1	-1.223562E2
5.440000E0	-1.547505E1	-1.225549E2
5.460000E0	-1.510201E1	-1.226991E2
5.480000E0	-1.504144E1	-1.227062E2
5.500000E0	-1.497921E1	-1.227258E2
5.520000E0	-1.490077E1	-1.227757E2
5.540000E0	-1.444867E1	-1.228107E2
5.560000E0	-1.437263E1	-1.229146E2
5.580000E0	-1.421596E1	-1.233570E2
5.600000E0	-1.381314E1	-1.237366E2
5.620000E0	-1.349225E1	-1.242306E2
5.640000E0	-1.311267E1	-1.246832E2
5.660000E0	-1.239287E1	-1.247220E2
5.680000E0	-1.144398E1	-1.247743E2
5.700000E0	-1.140700E1	-1.248269E2
5.720000E0	-1.142015E1	-1.246911E2
5.740000E0	-1.086155E1	-1.245915E2
5.760000E0	-1.053280E1	-1.247014E2
5.780000E0	-1.057210E1	-1.245253E2
5.800000E0	-1.055787E1	-1.242239E2
5.820000E0	-1.014610E1	-1.242744E2
5.840000E0	-1.007142E1	-1.240659E2
5.860000E0	-9.198413E0	-1.239936E2
5.880000E0	-8.290358E0	-1.241177E2
5.900000E0	-8.024353E0	-1.242091E2
5.920000E0	-8.070678E0	-1.241377E2
5.940000E0	-8.260954E0	-1.239985E2
5.960000E0	-8.134999E0	-1.239085E2
5.980000E0	-7.589795E0	-1.239286E2
6.000000E0	-7.020423E0	-1.237992E2
6.020000E0	-5.920962E0	-1.236126E2
6.040000E0	-4.964162E0	-1.234455E2
6.060000E0	-4.584000E0	-1.234620E2
6.080000E0	-4.538652E0	-1.235205E2
6.100000E0	-4.454692E0	-1.236499E2
6.120000E0	-4.155875E0	-1.238121E2
6.140000E0	-3.761858E0	-1.239644E2
6.160000E0	-3.352295E0	-1.240882E2
6.180000E0	-3.011517E0	-1.241851E2
6.200000E0	-2.481153E0	-1.242169E2
6.220000E0	-2.415044E0	-1.241644E2
6.240000E0	-2.208176E0	-1.240441E2
6.260000E0	-1.938109E0	-1.240486E2
6.280000E0	-1.926856E0	-1.240469E2
6.300000E0	-1.906000E0	-1.240488E2
6.320000E0	-1.802152E0	-1.241181E2
6.340000E0	-1.355307E0	-1.241313E2
6.360000E0	-8.383264E-1	-1.243568E2
6.380000E0	-4.567005E-1	-1.245036E2
6.400000E0	6.372574E-4	-1.245738E2
6.420000E0	6.216210E-1	-1.246924E2
6.440000E0	1.099769E0	-1.247602E2
6.460000E0	1.549227E0	-1.248282E2
6.480000E0	1.998001E0	-1.250245E2
6.500000E0	2.127429E0	-1.254002E2
6.520000E0	2.415845E0	-1.255622E2
6.540000E0	2.489674E0	-1.256086E2
6.560000E0	2.550360E0	-1.256160E2
6.580000E0	2.584763E0	-1.254367E2
6.600000E0	3.069742E0	-1.254142E2
6.620000E0	3.695968E0	-1.253757E2
6.640000E0	4.372096E0	-1.253409E2
6.660000E0	4.884029E0	-1.254205E2
6.680000E0	5.104679E0	-1.254549E2
6.700000E0	5.065786E0	-1.254388E2
6.720000E0	5.185463E0	-1.254178E2
6.740000E0	5.769952E0	-1.255069E2
6.760000E0	6.865035E0	-1.260191E2
6.780000E0	8.356818E0	-1.262374E2
6.800000E0	9.327988E0	-1.261394E2
6.820000E0	9.531736E0	-1.258180E2
6.840000E0	9.286774E0	-1.257036E2
6.860000E0	9.258511E0	-1.256092E2
6.880000E0	9.705013E0	-1.254096E2
6.900000E0	1.033512E1	-1.249984E2
6.920000E0	1.084710E1	-1.249085E2
6.940000E0	1.138320E1	-1.247023E2
6.960000E0	1.146274E1	-1.244039E2
6.980000E0	1.155470E1	-1.245394E2
7.000000E0	1.204124E1	-1.248731E2
7.020000E0	1.210922E1	-1.249830E2
7.040000E0	1.209741E1	-1.250321E2
7.060000E0	1.256000E1	-1.248633E2
7.080000E0	1.261329E1	-1.248626E2
7.100000E0	1.267543E1	-1.248269E2
7.120000E0	1.268105E1	-1.248554E2
7.140000E0	1.272676E1	-1.248291E2
7.160000E0	1.283212E1	-1.248983E2
7.180000E0	1.286532E1	-1.249271E2
7.200000E0	1.282835E1	-1.249575E2
7.220000E0	1.322394E1	-1.251157E2
7.240000E0	1.381299E1	-1.252084E2
7.260000E0	1.462385E1	-1.252673E2
7.280000E0	1.522799E1	-1.254094E2
7.300000E0	1.619145E1	-1.254805E2
7.320000E0	1.702781E1	-1.254590E2
7.340000E0	1.754576E1	-1.251825E2
7.360000E0	1.812855E1	-1.248959E2
7.380000E0	1.857773E1	-1.247070E2
7.400000E0	1.877662E1	-1.247637E2
7.420000E0	1.922126E1	-1.248873E2
7.440000E0	1.945485E1	-1.252050E2
7.460000E0	1.952263E1	-1.250997E2
7.480000E0	1.989200E1	-1.248286E2
7.500000E0	2.033566E1	-1.248660E2
7.520000E0	2.089245E1	-1.248382E2
7.540000E0	2.131717E1	-1.247395E2
7.560000E0	2.180071E1	-1.246529E2
7.580000E0	2.229369E1	-1.246692E2
7.600000E0	2.232748E1	-1.245451E2
7.620000E0	2.236995E1	-1.244760E2
7.640000E0	2.248976E1	-1.244630E2
7.660000E0	2.311459E1	-1.244139E2
7.680000E0	2.412976E1	-1.243345E2
7.700000E0	2.494376E1	-1.238047E2
7.720000E0	2.505499E1	-1.238288E2
7.740000E0	2.529895E1	-1.237290E2
7.760000E0	2.555726E1	-1.237840E2
7.780000E0	2.631674E1	-1.236005E2
7.800000E0	2.748610E1	-1.235256E2
7.820000E0	2.892332E1	-1.233120E2
7.840000E0	2.981561E1	-1.232874E2
7.860000E0	3.042481E1	-1.234108E2
7.880000E0	3.103517E1	-1.237080E2
7.900000E0	3.145053E1	-1.241442E2
7.920000E0	3.151465E1	-1.241568E2
7.940000E0	3.174735E1	-1.241171E2
7.960000E0	3.177772E1	-1.239933E2
7.980000E0	3.200342E1	-1.238641E2
8.000000E0	3.215937E1	-1.236804E2
8.020000E0	3.217416E1	-1.235767E2
8.040000E0	3.218121E1	-1.235448E2
8.060000E0	3.216725E1	-1.235237E2
8.080000E0	3.242786E1	-1.235070E2
8.100000E0	3.288753E1	-1.235802E2
8.120000E0	3.323285E1	-1.239516E2
8.140000E0	3.337623E1	-1.239915E2
8.160000E0	3.341651E1	-1.239168E2
8.180000E0	3.314945E1	-1.239051E2
8.200000E0	3.310635E1	-1.239196E2
8.220000E0	3.310328E1	-1.239745E2
8.240000E0	3.319867E1	-1.238546E2
8.260000E0	3.341131E1	-1.239511E2
8.280000E0	3.356147E1	-1.240110E2
8.300000E0	3.359733E1	-1.240772E2
8.320000E0	3.389582E1	-1.242532E2
8.340000E0	3.438918E1	-1.241919E2
8.360000E0	3.488858E1	-1.240655E2
8.380000E0	3.551497E1	-1.238143E2
8.400000E0	3.607221E1	-1.237281E2
8.420000E0	3.653335E1	-1.234429E2
8.440000E0	3.695002E1	-1.230874E2
8.460000E0	3.724881E1	-1.228961E2
8.480000E0	3.746461E1	-1.225302E2
8.500000E0	3.755761E1	-1.223317E2
8.520000E0	3.756886E1	-1.221639E2
8.540000E0	3.779947E1	-1.221247E2
8.560000E0	3.849901E1	-1.221051E2
8.580000E0	3.984208E1	-1.218763E2
8.600000E0	4.082571E1	-1.213005E2
8.620000E0	4.134679E1	-1.212822E2
8.640000E0	4.133653E1	-1.212462E2
8.660000E0	4.163189E1	-1.211838E2
8.680000E0	4.222342E1	-1.210840E2
8.700000E0	4.327960E1	-1.208092E2
8.720000E0	4.429378E1	-1.203800E2
8.740000E0	4.480606E1	-1.201931E2
8.760000E0	4.480832E1	-1.202037E2
8.780000E0	4.485511E1	-1.201647E2
8.800000E0	4.488720E1	-1.201794E2
8.820000E0	4.509350E1	-1.201760E2
8.840000E0	4.559910E1	-1.201542E2
8.860000E0	4.594933E1	-1.201416E2
8.880000E0	4.636006E1	-1.201404E2
8.900000E0	4.666845E1	-1.200881E2
8.920000E0	4.711637E1	-1.200481E2
8.940000E0	4.762862E1	-1.201500E2
8.960000E0	4.862893E1	-1.201672E2
8.980000E0	4.959501E1	-1.202712E2
9.000000E0	5.014529E1	-1.207595E2
9.020000E0	5.012678E1	-1.207364E2
9.040000E0	5.022251E1	-1.206351E2
9.060000E0	5.055664E1	-1.204980E2
9.080000E0	5.074190E1	-1.203310E2
9.100000E0	5.075592E1	-1.201984E2
9.120000E0	5.072227E1	-1.201234E2
9.140000E0	5.069577E1	-1.201361E2
9.160000E0	5.075766E1	-1.200679E2
9.180000E0	5.085919E1	-1.199478E2
9.200000E0	5.136753E1	-1.200374E2
9.220000E0	5.160594E1	-1.202451E2
9.240000E0	5.162679E1	-1.202416E2
9.260000E0	5.162604E1	-1.202062E2
9.280000E0	5.208618E1	-1.198033E2
9.300000E0	5.232813E1	-1.196578E2
9.320000E0	5.243988E1	-1.193242E2
9.340000E0	5.286764E1	-1.187923E2
9.360000E0	5.374939E1	-1.186623E2
9.380000E0	5.399851E1	-1.185400E2
9.400000E0	5.398512E1	-1.184918E2
9.420000E0	5.398096E1	-1.183815E2
9.440000E0	5.429677E1	-1.180914E2
9.460000E0	5.495521E1	-1.175781E2
9.480000E0	5.613707E1	-1.173662E2
9.500000E0	5.739193E1	-1.169076E2
9.520000E0	5.809469E1	-1.167235E2
9.540000E0	5.863655E1	-1.162713E2
9.560000E0	5.882735E1	-1.157985E2
9.580000E0	5.906423E1	-1.154385E2
9.600000E0	5.979156E1	-1.146772E2
9.620000E0	6.055468E1	-1.140050E2
9.640000E0	6.118211E1	-1.139147E2
9.660000E0	6.155562E1	-1.138908E2
9.680000E0	6.188824E1	-1.138748E2
9.700000E0	6.188391E1	-1.138955E2
9.720000E0	6.233470E1	-1.138811E2
9.740000E0	6.283430E1	-1.137955E2
9.760000E0	6.285284E1	-1.137969E2
9.780000E0	6.284406E1	-1.137157E2
9.800000E0	6.327146E1	-1.137372E2
9.820000E0	6.371504E1	-1.135805E2
9.840000E0	6.401053E1	-1.134164E2
9.860000E0	6.406934E1	-1.134334E2
9.880000E0	6.430549E1	-1.134210E2
9.900000E0	6.433337E1	-1.133866E2
9.920000E0	6.464139E1	-1.134135E2
9.940000E0	6.508067E1	-1.133625E2
9.960000E0	6.549771E1	-1.133367E2
9.980000E0	6.556819E1	-1.132968E2
1.000000E1	6.574826E1	-1.132802E2
1.002000E1	6.626174E1	-1.132818E2
1.004000E1	6.673596E1	-1.131744E2
1.006000E1	6.750546E1	-1.130339E2
1.008000E1	6.808645E1	-1.130268E2
1.010000E1	6.856352E1	-1.136371E2
1.012000E1	6.915097E1	-1.135965E2
1.014000E1	6.929454E1	-1.133054E2
1.016000E1	6.937803E1	-1.131166E2
1.018000E1	6.947165E1	-1.125644E2
1.020000E1	6.995527E1	-1.125194E2
1.022000E1	7.005397E1	-1.123000E2
1.024000E1	7.004572E1	-1.120798E2
1.026000E1	7.014885E1	-1.120418E2
1.028000E1	7.026213E1	-1.119317E2
1.030000E1	7.052220E1	-1.111362E2
1.032000E1	7.089748E1	-1.110688E2
1.034000E1	7.138101E1	-1.110453E2
1.036000E1	7.184000E1	-1.108916E2
1.038000E1	7.185385E1	-1.104549E2
1.040000E1	7.184351E1	-1.099782E2
1.042000E1	7.188917E1	-1.095674E2
1.044000E1	7.193786E1	-1.094692E2
1.046000E1	7.207219E1	-1.093141E2
1.048000E1	7.247757E1	-1.089475E2
1.050000E1	7.331892E1	-1.081555E2
1.052000E1	7.426325E1	-1.072947E2
1.054000E1	7.517812E1	-1.065386E2
1.056000E1	7.584972E1	-1.063332E2
1.058000E1	7.639372E1	-1.062966E2
1.060000E1	7.642610E1	-1.062107E2
1.062000E1	7.653469E1	-1.061558E2
1.064000E1	7.698887E1	-1.061126E2
1.066000E1	7.754037E1	-1.060872E2
1.068000E1	7.769961E1	-1.059356E2
1.070000E1	7.781007E1	-1.052844E2
1.072000E1	7.813781E1	-1.052010E2
1.074000E1	7.816916E1	-1.052247E2
1.076000E1	7.819708E1	-1.051256E2
1.078000E1	7.821927E1	-1.051500E2
1.080000E1	7.860108E1	-1.051216E2
1.082000E1	7.899391E1	-1.052066E2
1.084000E1	7.963307E1	-1.050330E2
1.086000E1	8.058824E1	-1.044430E2
1.088000E1	8.096346E1	-1.041980E2
1.090000E1	8.131934E1	-1.041128E2
1.092000E1	8.162418E1	-1.041075E2
1.094000E1	8.172268E1	-1.040076E2
1.096000E1	8.195508E1	-1.037634E2
1.098000E1	8.225342E1	-1.035497E2
1.100000E1	8.273772E1	-1.036970E2
1.102000E1	8.316236E1	-1.036489E2
1.104000E1	8.295148E1	-1.038070E2
1.106000E1	8.289837E1	-1.036983E2
1.108000E1	8.297763E1	-1.036413E2
1.110000E1	8.336883E1	-1.032957E2
1.112000E1	8.349218E1	-1.029957E2
1.114000E1	8.390863E1	-1.027350E2
1.116000E1	8.461661E1	-1.023687E2
1.118000E1	8.533450E1	-1.022054E2
1.120000E1	8.560786E1	-1.020922E2
1.122000E1	8.601300E1	-1.018192E2
1.124000E1	8.656034E1	-1.012464E2
1.126000E1	8.693607E1	-1.011026E2
1.128000E1	8.694634E1	-1.010407E2
1.130000E1	8.722522E1	-1.002626E2
1.132000E1	8.727423E1	-1.002118E2
1.134000E1	8.722765E1	-1.001284E2
1.136000E1	8.727785E1	-1.002133E2
1.138000E1	8.748513E1	-1.000800E2
1.140000E1	8.761394E1	-9.938164E1
1.142000E1	8.799818E1	-9.862741E1
1.144000E1	8.861413E1	-9.835637E1
1.146000E1	8.911550E1	-9.832088E1
1.148000E1	8.912416E1	-9.831151E1
1.150000E1	8.888803E1	-9.835497E1
1.152000E1	8.886731E1	-9.843584E1
1.154000E1	8.887656E1	-9.853816E1
1.156000E1	8.890673E1	-9.851888E1
1.158000E1	8.888651E1	-9.832925E1
1.160000E1	8.923968E1	-9.768115E1
1.162000E1	8.933974E1	-9.762369E1
1.164000E1	8.971325E1	-9.776027E1
1.166000E1	8.984020E1	-9.777078E1
1.168000E1	9.021062E1	-9.775746E1
1.170000E1	9.045582E1	-9.753710E1
1.172000E1	9.053901E1	-9.750742E1
1.174000E1	9.104077E1	-9.730537E1
1.176000E1	9.186587E1	-9.703049E1
1.178000E1	9.234002E1	-9.670457E1
1.180000E1	9.262419E1	-9.611742E1
1.182000E1	9.277924E1	-9.588628E1
1.184000E1	9.299305E1	-9.520285E1
1.186000E1	9.323148E1	-9.515652E1
1.188000E1	9.351388E1	-9.442881E1
1.190000E1	9.410668E1	-9.441668E1
1.192000E1	9.468549E1	-9.446463E1
1.194000E1	9.509775E1	-9.442911E1
1.196000E1	9.509451E1	-9.437271E1
1.198000E1	9.517079E1	-9.386396E1
1.200000E1	9.525783E1	-9.390577E1
1.202000E1	9.524046E1	-9.378518E1
1.204000E1	9.556554E1	-9.360362E1
1.206000E1	9.602541E1	-9.306756E1
1.208000E1	9.652079E1	-9.279565E1
1.210000E1	9.678605E1	-9.261094E1
1.212000E1	9.670094E1	-9.255255E1
1.214000E1	9.660384E1	-9.246945E1
1.216000E1	9.675353E1	-9.225496E1
1.218000E1	9.717862E1	-9.175056E1
1.220000E1	9.784385E1	-9.093307E1
1.222000E1	9.852980E1	-9.029327E1
1.224000E1	9.878663E1	-9.012701E1
1.226000E1	9.873794E1	-9.005988E1
1.228000E1	9.900746E1	-9.004409E1
1.230000E1	9.947535E1	-8.941259E1
1.232000E1	1.004472E2	-8.847894E1
1.234000E1	1.013812E2	-8.771470E1
1.236000E1	1.021551E2	-8.705816E1
1.238000E1	1.021452E2	-8.714436E1
1.240000E1	1.018216E2	-8.780116E1
1.242000E1	1.018279E2	-8.764735E1
1.244000E1	1.023249E2	-8.743990E1
1.246000E1	1.024528E2	-8.735405E1
1.248000E1	1.024071E2	-8.717070E1
1.250000E1	1.024341E2	-8.706891E1
1.252000E1	1.024846E2	-8.651477E1
1.254000E1	1.029222E2	-8.635949E1
1.256000E1	1.029618E2	-8.633802E1
1.258000E1	1.030219E2	-8.635768E1
1.260000E1	1.034343E2	-8.627615E1
1.262000E1	1.034392E2	-8.624722E1
1.264000E1	1.034104E2	-8.624030E1
1.266000E1	1.034031E2	-8.623956E1
1.268000E1	1.033827E2	-8.622658E1
1.270000E1	1.033512E2	-8.622194E1
1.272000E1	1.033637E2	-8.612142E1
1.274000E1	1.034225E2	-8.609751E1
1.276000E1	1.034563E2	-8.611751E1
1.278000E1	1.035144E2	-8.606931E1
1.280000E1	1.037551E2	-8.592205E1
1.282000E1	1.042515E2	-8.586275E1
1.284000E1	1.047346E2	-8.571613E1
1.286000E1	1.051998E2	-8.554053E1
1.288000E1	1.057372E2	-8.482321E1
1.290000E1	1.058077E2	-8.430000E1
1.292000E1	1.059414E2	-8.418845E1
1.294000E1	1.058679E2	-8.361229E1
1.296000E1	1.058518E2	-8.317190E1
1.298000E1	1.061238E2	-8.269659E1
1.300000E1	1.064668E2	-8.238442E1
1.302000E1	1.064298E2	-8.226340E1
1.304000E1	1.064908E2	-8.227472E1
1.306000E1	1.064452E2	-8.214631E1
1.308000E1	1.069784E2	-8.150680E1
1.310000E1	1.079432E2	-8.060076E1
1.312000E1	1.083989E2	-7.967138E1
1.314000E1	1.084409E2	-7.954048E1
1.316000E1	1.084179E2	-7.949896E1
1.318000E1	1.088064E2	-7.943511E1
1.320000E1	1.090493E2	-7.875908E1
1.322000E1	1.094760E2	-7.805749E1
1.324000E1	1.096966E2	-7.769273E1
1.326000E1	1.099911E2	-7.704817E1
1.328000E1	1.100982E2	-7.694858E1
1.330000E1	1.102838E2	-7.686581E1
1.332000E1	1.102743E2	-7.688668E1
1.334000E1	1.103579E2	-7.686506E1
1.336000E1	1.108613E2	-7.673648E1
1.338000E1	1.113101E2	-7.608985E1
1.340000E1	1.116656E2	-7.592610E1
1.342000E1	1.118566E2	-7.540022E1
1.344000E1	1.122702E2	-7.516275E1
1.346000E1	1.131634E2	-7.489807E1
1.348000E1	1.136541E2	-7.486220E1
1.350000E1	1.136883E2	-7.498294E1
1.352000E1	1.137961E2	-7.524141E1
1.354000E1	1.139823E2	-7.498682E1
1.356000E1	1.141733E2	-7.469396E1
1.358000E1	1.141649E2	-7.461298E1
1.360000E1	1.141118E2	-7.454565E1
1.362000E1	1.141268E2	-7.455234E1
1.364000E1	1.141250E2	-7.446810E1
1.366000E1	1.141707E2	-7.403804E1
1.368000E1	1.141762E2	-7.383650E1
1.370000E1	1.146588E2	-7.386161E1
1.372000E1	1.151082E2	-7.393132E1
1.374000E1	1.151038E2	-7.402490E1
1.376000E1	1.146900E2	-7.412107E1
1.378000E1	1.148059E2	-7.396001E1
1.380000E1	1.149937E2	-7.365766E1
1.382000E1	1.149685E2	-7.346371E1
1.384000E1	1.150419E2	-7.266185E1
1.386000E1	1.151486E2	-7.203932E1
1.388000E1	1.155184E2	-7.166907E1
1.390000E1	1.159928E2	-7.102830E1
1.392000E1	1.159356E2	-7.099828E1
1.394000E1	1.159527E2	-7.100509E1
1.396000E1	1.160196E2	-7.070003E1
1.398000E1	1.164386E2	-7.005590E1
1.400000E1	1.169788E2	-6.932953E1
1.402000E1	1.178953E2	-6.833913E1
1.404000E1	1.183291E2	-6.760974E1
1.406000E1	1.180574E2	-6.737748E1
1.408000E1	1.180066E2	-6.682258E1
1.410000E1	1.180141E2	-6.656548E1
1.412000E1	1.180662E2	-6.577247E1
1.414000E1	1.185146E2	-6.499769E1
1.416000E1	1.189480E2	-6.433667E1
1.418000E1	1.193451E2	-6.402686E1
1.420000E1	1.194571E2	-6.376735E1
1.422000E1	1.199360E2	-6.359885E1
1.424000E1	1.202104E2	-6.325415E1
1.426000E1	1.203368E2	-6.322138E1
1.428000E1	1.204459E2	-6.322724E1
1.430000E1	1.205674E2	-6.309924E1
1.432000E1	1.208533E2	-6.243222E1
1.434000E1	1.209971E2	-6.222579E1
1.436000E1	1.210746E2	-6.216157E1
1.438000E1	1.210334E2	-6.206606E1
1.440000E1	1.210187E2	-6.191252E1
1.442000E1	1.212505E2	-6.173961E1
1.444000E1	1.215544E2	-6.174781E1
1.446000E1	1.221129E2	-6.116133E1
1.448000E1	1.225479E2	-6.085984E1
1.450000E1	1.228267E2	-6.041041E1
1.452000E1	1.231959E2	-6.031710E1
1.454000E1	1.234931E2	-6.005572E1
1.456000E1	1.237951E2	-5.940045E1
1.458000E1	1.242300E2	-5.889788E1
1.460000E1	1.248128E2	-5.861832E1
1.462000E1	1.257078E2	-5.829711E1
1.464000E1	1.257777E2	-5.811213E1
1.466000E1	1.254778E2	-5.799521E1
1.468000E1	1.255477E2	-5.751862E1
1.470000E1	1.255991E2	-5.750037E1
1.472000E1	1.256404E2	-5.743152E1
1.474000E1	1.256180E2	-5.722079E1
1.476000E1	1.255877E2	-5.657323E1
1.478000E1	1.257142E2	-5.635178E1
1.480000E1	1.260477E2	-5.567987E1
1.482000E1	1.260461E2	-5.542851E1
1.484000E1	1.263021E2	-5.529127E1
1.486000E1	1.265672E2	-5.471116E1
1.488000E1	1.264869E2	-5.462386E1
1.490000E1	1.264256E2	-5.467506E1
1.492000E1	1.262783E2	-5.392141E1
1.494000E1	1.260660E2	-5.359607E1
1.496000E1	1.261083E2	-5.303429E1
1.498000E1	1.261428E2	-5.279534E1
1.500000E1	1.262327E2	-5.242996E1
1.502000E1	1.262687E2	-5.165772E1
1.504000E1	1.266542E2	-5.058857E1
1.506000E1	1.270160E2	-4.900938E1
1.508000E1	1.275442E2	-4.798357E1
1.510000E1	1.279700E2	-4.721722E1
1.512000E1	1.281992E2	-4.721503E1
1.514000E1	1.282621E2	-4.727173E1
1.516000E1	1.285798E2	-4.708168E1
1.518000E1	1.286323E2	-4.681495E1
1.520000E1	1.285344E2	-4.663878E1
1.522000E1	1.285234E2	-4.599271E1
1.524000E1	1.285490E2	-4.597976E1
1.526000E1	1.286078E2	-4.592574E1
1.528000E1	1.286070E2	-4.592161E1
1.530000E1	1.286491E2	-4.588532E1
1.532000E1	1.289030E2	-4.574896E1
1.534000E1	1.293837E2	-4.545980E1
1.536000E1	1.298714E2	-4.478664E1
1.538000E1	1.301848E2	-4.420615E1
1.540000E1	1.302482E2	-4.400786E1
1.542000E1	1.305359E2	-4.346726E1
1.544000E1	1.306593E2	-4.346844E1
1.546000E1	1.305933E2	-4.335477E1
1.548000E1	1.306647E2	-4.308518E1
1.550000E1	1.306615E2	-4.295321E1
1.552000E1	1.311216E2	-4.281435E1
1.554000E1	1.311117E2	-4.285781E1
1.556000E1	1.311726E2	-4.287461E1
1.558000E1	1.312661E2	-4.280715E1
1.560000E1	1.312151E2	-4.278591E1
1.562000E1	1.312472E2	-4.262470E1
1.564000E1	1.312398E2	-4.203237E1
1.566000E1	1.312608E2	-4.135048E1
1.568000E1	1.313869E2	-4.077142E1
1.570000E1	1.321743E2	-4.005241E1
1.572000E1	1.327276E2	-3.985505E1
1.574000E1	1.327478E2	-3.898343E1
1.576000E1	1.329562E2	-3.845761E1
1.578000E1	1.329650E2	-3.856289E1
1.580000E1	1.329686E2	-3.851788E1
1.582000E1	1.329013E2	-3.771322E1
1.584000E1	1.328508E2	-3.750120E1
1.586000E1	1.326787E2	-3.745320E1
1.588000E1	1.326540E2	-3.750117E1
1.590000E1	1.326098E2	-3.744907E1
1.592000E1	1.325823E2	-3.672521E1
1.594000E1	1.326262E2	-3.587485E1
1.596000E1	1.329712E2	-3.527704E1
1.598000E1	1.330900E2	-3.509355E1
1.600000E1	1.330063E2	-3.512268E1
1.602000E1	1.328628E2	-3.521653E1
1.604000E1	1.329223E2	-3.525866E1
1.606000E1	1.329776E2	-3.530550E1
1.608000E1	1.329725E2	-3.525846E1
1.610000E1	1.329563E2	-3.520864E1
1.612000E1	1.328822E2	-3.518022E1
1.614000E1	1.329835E2	-3.473983E1
1.616000E1	1.330058E2	-3.459596E1
1.618000E1	1.333045E2	-3.437951E1
1.620000E1	1.334873E2	-3.389330E1
1.622000E1	1.337531E2	-3.365414E1
1.624000E1	1.340781E2	-3.331098E1
1.626000E1	1.342057E2	-3.314783E1
1.628000E1	1.346687E2	-3.256586E1
1.630000E1	1.346052E2	-3.219299E1
1.632000E1	1.345262E2	-3.186342E1
1.634000E1	1.344210E2	-3.160203E1
1.636000E1	1.343800E2	-3.102082E1
1.638000E1	1.344172E2	-3.054058E1
1.640000E1	1.345157E2	-3.005317E1
1.642000E1	1.348576E2	-2.929952E1
1.644000E1	1.351983E2	-2.901113E1
1.646000E1	1.356918E2	-2.888995E1
1.648000E1	1.359011E2	-2.864127E1
1.650000E1	1.358198E2	-2.855647E1
1.652000E1	1.357510E2	-2.843494E1
1.654000E1	1.358380E2	-2.832999E1
1.656000E1	1.358453E2	-2.794801E1
1.658000E1	1.357954E2	-2.734776E1
1.660000E1	1.359741E2	-2.699824E1
1.662000E1	1.361988E2	-2.675254E1
1.664000E1	1.361863E2	-2.656117E1
1.666000E1	1.359461E2	-2.646572E1
1.668000E1	1.359597E2	-2.617562E1
1.670000E1	1.360318E2	-2.590353E1
1.672000E1	1.360510E2	-2.521920E1
1.674000E1	1.364062E2	-2.431488E1
1.676000E1	1.364074E2	-2.335750E1
1.678000E1	1.365414E2	-2.275223E1
1.680000E1	1.365846E2	-2.274185E1
1.682000E1	1.368930E2	-2.232147E1
1.684000E1	1.371038E2	-2.139130E1
1.686000E1	1.372896E2	-2.010575E1
1.688000E1	1.372727E2	-1.943115E1
1.690000E1	1.371790E2	-1.917571E1
1.692000E1	1.372903E2	-1.948591E1
1.694000E1	1.373300E2	-1.949826E1
1.696000E1	1.373286E2	-1.942679E1
1.698000E1	1.373562E2	-1.945975E1
1.700000E1	1.373344E2	-1.932252E1
1.702000E1	1.373477E2	-1.905782E1
1.704000E1	1.373095E2	-1.865857E1
1.706000E1	1.373044E2	-1.841354E1
1.708000E1	1.374696E2	-1.822975E1
1.710000E1	1.378081E2	-1.811573E1
1.712000E1	1.377507E2	-1.815381E1
1.714000E1	1.373638E2	-1.818444E1
1.716000E1	1.373817E2	-1.822673E1
1.718000E1	1.378183E2	-1.834929E1
1.720000E1	1.377808E2	-1.827698E1
1.722000E1	1.377439E2	-1.812276E1
1.724000E1	1.377405E2	-1.814549E1
1.726000E1	1.378095E2	-1.813282E1
1.728000E1	1.378455E2	-1.808365E1
1.730000E1	1.379362E2	-1.794811E1
1.732000E1	1.378616E2	-1.739264E1
1.734000E1	1.380357E2	-1.697591E1
1.736000E1	1.385201E2	-1.654316E1
1.738000E1	1.388605E2	-1.595777E1
1.740000E1	1.389084E2	-1.529183E1
1.742000E1	1.388934E2	-1.504439E1
1.744000E1	1.385202E2	-1.471318E1
1.746000E1	1.383619E2	-1.448416E1
1.748000E1	1.380858E2	-1.427229E1
1.750000E1	1.378660E2	-1.373662E1
1.752000E1	1.380133E2	-1.296990E1
1.754000E1	1.383052E2	-1.226547E1
1.756000E1	1.382989E2	-1.230502E1
1.758000E1	1.382095E2	-1.233513E1
1.760000E1	1.382491E2	-1.211344E1
1.762000E1	1.382574E2	-1.140448E1
1.764000E1	1.384376E2	-1.059746E1
1.766000E1	1.383978E2	-9.667594E0
1.768000E1	1.384514E2	-8.863036E0
1.770000E1	1.384504E2	-8.786626E0
1.772000E1	1.385211E2	-8.694816E0
1.774000E1	1.385955E2	-8.379550E0
1.776000E1	1.384790E2	-7.819210E0
1.778000E1	1.381036E2	-7.056739E0
1.780000E1	1.381274E2	-6.216329E0
1.782000E1	1.382841E2	-5.774001E0
1.784000E1	1.383417E2	-5.762925E0
1.786000E1	1.383684E2	-5.661987E0
1.788000E1	1.387313E2	-5.541515E0
1.790000E1	1.390157E2	-4.909351E0
1.792000E1	1.389769E2	-4.390502E0
1.794000E1	1.389292E2	-3.720163E0
1.796000E1	1.389244E2	-2.875194E0
1.798000E1	1.394169E2	-2.138654E0
1.800000E1	1.399049E2	-2.024059E0
1.802000E1	1.398707E2	-1.990926E0
1.804000E1	1.398375E2	-1.965128E0
1.806000E1	1.398220E2	-1.794105E0
1.808000E1	1.398690E2	-1.630231E0
1.810000E1	1.398720E2	-1.575931E0
1.812000E1	1.398436E2	-1.614116E0
1.814000E1	1.398151E2	-1.626176E0
1.816000E1	1.397838E2	-1.657988E0
1.818000E1	1.397930E2	-1.667389E0
1.820000E1	1.398211E2	-1.218951E0
1.822000E1	1.399110E2	-8.987709E-1
1.824000E1	1.401474E2	-6.853736E-1
1.826000E1	1.402413E2	-7.722619E-1
1.828000E1	1.403242E2	-9.842789E-1
1.830000E1	1.403065E2	-1.039844E0
1.832000E1	1.402950E2	-8.955702E-1
1.834000E1	1.400303E2	-5.823259E-1
1.836000E1	1.399923E2	1.255241E-1
1.838000E1	1.397242E2	3.588715E-1
1.840000E1	1.394088E2	9.651205E-1
1.842000E1	1.394448E2	1.829789E0
1.844000E1	1.394393E2	2.573363E0
1.846000E1	1.394248E2	2.671562E0
1.848000E1	1.393886E2	2.772827E0
1.850000E1	1.392705E2	2.886364E0
1.852000E1	1.390927E2	3.655700E0
1.854000E1	1.391183E2	4.485865E0
1.856000E1	1.387652E2	5.416023E0
1.858000E1	1.382491E2	6.145519E0
1.860000E1	1.378020E2	6.385820E0
1.862000E1	1.377017E2	6.555875E0
1.864000E1	1.378021E2	6.772938E0
1.866000E1	1.377641E2	7.450635E0
1.868000E1	1.377470E2	8.246473E0
1.870000E1	1.374774E2	9.251883E0
1.872000E1	1.374491E2	1.005871E1
1.874000E1	1.375877E2	1.066900E1
1.876000E1	1.375703E2	1.072845E1
1.878000E1	1.375244E2	1.076013E1
1.880000E1	1.376309E2	1.105186E1
1.882000E1	1.378883E2	1.127823E1
1.884000E1	1.377557E2	1.130778E1
1.886000E1	1.378232E2	1.148971E1
1.888000E1	1.376939E2	1.197923E1
1.890000E1	1.377290E2	1.207260E1
1.892000E1	1.377596E2	1.226773E1
1.894000E1	1.378375E2	1.239916E1
1.896000E1	1.379017E2	1.266884E1
1.898000E1	1.382860E2	1.284101E1
1.900000E1	1.386569E2	1.357151E1
1.902000E1	1.387056E2	1.422414E1
1.904000E1	1.388619E2	1.483998E1
1.906000E1	1.388576E2	1.531488E1
1.908000E1	1.389589E2	1.590959E1
1.910000E1	1.391249E2	1.663803E1
1.912000E1	1.393168E2	1.737387E1
1.914000E1	1.392293E2	1.747093E1
1.916000E1	1.392984E2	1.745087E1
1.918000E1	1.393608E2	1.757735E1
1.920000E1	1.393438E2	1.767395E1
1.922000E1	1.393163E2	1.769068E1
1.924000E1	1.393146E2	1.770955E1
1.926000E1	1.392948E2	1.779301E1
1.928000E1	1.390314E2	1.794556E1
1.930000E1	1.383480E2	1.864983E1
1.932000E1	1.382289E2	1.957263E1
1.934000E1	1.386218E2	2.019453E1
1.936000E1	1.386141E2	2.008331E1
1.938000E1	1.383267E2	1.999189E1
1.940000E1	1.382618E2	2.020219E1
1.942000E1	1.379947E2	2.022266E1
1.944000E1	1.379253E2	2.041875E1
1.946000E1	1.374236E2	2.128660E1
1.948000E1	1.368583E2	2.211491E1
1.950000E1	1.364339E2	2.239599E1
1.952000E1	1.364264E2	2.259250E1
1.954000E1	1.364310E2	2.323074E1
1.956000E1	1.359455E2	2.413878E1
1.958000E1	1.354818E2	2.542910E1
1.960000E1	1.350491E2	2.654525E1
1.962000E1	1.348048E2	2.759726E1
1.964000E1	1.348460E2	2.847635E1
1.966000E1	1.350019E2	2.887985E1
1.968000E1	1.349765E2	2.886035E1
1.970000E1	1.349031E2	2.888660E1
1.972000E1	1.346238E2	2.889733E1
1.974000E1	1.345999E2	2.887518E1
1.976000E1	1.345523E2	2.902760E1
1.978000E1	1.344226E2	2.935883E1
1.980000E1	1.344273E2	2.965415E1
1.982000E1	1.344188E2	3.021345E1
1.984000E1	1.344469E2	3.035681E1
1.986000E1	1.345748E2	3.074308E1
1.988000E1	1.344798E2	3.114811E1
1.990000E1	1.347340E2	3.129210E1
1.992000E1	1.348204E2	3.205414E1
1.994000E1	1.347879E2	3.276310E1
1.996000E1	1.345362E2	3.309943E1
1.998000E1	1.345256E2	3.314212E1
2.000000E1	1.345471E2	3.317948E1
2.002000E1	1.344913E2	3.335971E1
2.004000E1	1.343658E2	3.352631E1
2.006000E1	1.343721E2	3.402711E1
2.008000E1	1.348406E2	3.415196E1
2.010000E1	1.349221E2	3.428928E1
2.012000E1	1.350117E2	3.445047E1
2.014000E1	1.349875E2	3.455713E1
2.016000E1	1.348847E2	3.471105E1
2.018000E1	1.348225E2	3.539022E1
2.020000E1	1.344051E2	3.624652E1
2.022000E1	1.341581E2	3.720927E1
2.024000E1	1.339256E2	3.800544E1
2.026000E1	1.339361E2	3.805712E1
2.028000E1	1.335777E2	3.801144E1
2.030000E1	1.334969E2	3.806074E1
2.032000E1	1.334934E2	3.809797E1
2.034000E1	1.333033E2	3.818816E1
2.036000E1	1.331562E2	3.862634E1
2.038000E1	1.329049E2	3.865374E1
2.040000E1	1.323911E2	3.869470E1
2.042000E1	1.319903E2	3.935990E1
2.044000E1	1.321121E2	3.973612E1
2.046000E1	1.320941E2	4.039929E1
2.048000E1	1.319446E2	4.055336E1
2.050000E1	1.314509E2	4.054393E1
2.052000E1	1.309959E2	4.062903E1
2.054000E1	1.308223E2	4.086009E1
2.056000E1	1.309201E2	4.089735E1
2.058000E1	1.308223E2	4.098553E1
2.060000E1	1.308153E2	4.101056E1
2.062000E1	1.308883E2	4.110604E1
2.064000E1	1.307975E2	4.132440E1
2.066000E1	1.307262E2	4.194707E1
2.068000E1	1.302850E2	4.238558E1
2.070000E1	1.301389E2	4.269584E1
2.072000E1	1.301964E2	4.328281E1
2.074000E1	1.302227E2	4.348454E1
2.076000E1	1.301667E2	4.386372E1
2.078000E1	1.300347E2	4.386230E1
2.080000E1	1.300520E2	4.385807E1
2.082000E1	1.300680E2	4.401346E1
2.084000E1	1.297594E2	4.428538E1
2.086000E1	1.295041E2	4.462781E1
2.088000E1	1.294729E2	4.478962E1
2.090000E1	1.295095E2	4.502759E1
2.092000E1	1.295381E2	4.535649E1
2.094000E1	1.292346E2	4.605825E1
2.096000E1	1.290840E2	4.699632E1
2.098000E1	1.291139E2	4.762701E1
2.100000E1	1.294934E2	4.760247E1
2.102000E1	1.295189E2	4.763443E1
2.104000E1	1.295343E2	4.782052E1
2.106000E1	1.290822E2	4.794502E1
2.108000E1	1.290718E2	4.806943E1
2.110000E1	1.290324E2	4.826053E1
2.112000E1	1.286689E2	4.873728E1
2.114000E1	1.281877E2	4.913172E1
2.116000E1	1.281580E2	4.988529E1
2.118000E1	1.279253E2	4.999853E1
2.120000E1	1.280155E2	5.000001E1
2.122000E1	1.279736E2	5.007383E1
2.124000E1	1.279400E2	5.010561E1
2.126000E1	1.277089E2	5.069050E1
2.128000E1	1.272143E2	5.181356E1
2.130000E1	1.266328E2	5.272206E1
2.132000E1	1.264653E2	5.339592E1
2.134000E1	1.265907E2	5.370185E1
2.136000E1	1.265898E2	5.433936E1
2.138000E1	1.261164E2	5.455581E1
2.140000E1	1.254429E2	5.504015E1
2.142000E1	1.248896E2	5.515440E1
2.144000E1	1.247920E2	5.556076E1
2.146000E1	1.247650E2	5.545669E1
2.148000E1	1.247502E2	5.541427E1
2.150000E1	1.247665E2	5.543554E1
2.152000E1	1.248208E2	5.531455E1
2.154000E1	1.247752E2	5.542953E1
2.156000E1	1.245116E2	5.607590E1
2.158000E1	1.243769E2	5.640969E1
2.160000E1	1.241610E2	5.676446E1
2.162000E1	1.241759E2	5.672270E1
2.164000E1	1.241853E2	5.656831E1
2.166000E1	1.242277E2	5.643746E1
2.168000E1	1.242006E2	5.642909E1
2.170000E1	1.241721E2	5.640740E1
2.172000E1	1.241748E2	5.651302E1
2.174000E1	1.239793E2	5.699193E1
2.176000E1	1.238703E2	5.697912E1
2.178000E1	1.237752E2	5.740535E1
2.180000E1	1.236865E2	5.778192E1
2.182000E1	1.233143E2	5.840875E1
2.184000E1	1.228488E2	5.916090E1
2.186000E1	1.223958E2	6.007218E1
2.188000E1	1.219549E2	6.081544E1
2.190000E1	1.219069E2	6.112587E1
2.192000E1	1.218427E2	6.114283E1
2.194000E1	1.216773E2	6.117581E1
2.196000E1	1.215710E2	6.121478E1
2.198000E1	1.210567E2	6.124370E1
2.200000E1	1.210207E2	6.150889E1
2.202000E1	1.209634E2	6.190881E1
2.204000E1	1.205263E2	6.242423E1
2.206000E1	1.200091E2	6.303128E1
2.208000E1	1.199372E2	6.361283E1
2.210000E1	1.198802E2	6.365244E1
2.212000E1	1.197954E2	6.364582E1
2.214000E1	1.195962E2	6.367856E1
2.216000E1	1.193737E2	6.401139E1
2.218000E1	1.192876E2	6.474036E1
2.220000E1	1.184149E2	6.540171E1
2.222000E1	1.179412E2	6.602936E1
2.224000E1	1.178708E2	6.620442E1
2.226000E1	1.178876E2	6.618824E1
2.228000E1	1.176533E2	6.639645E1
2.230000E1	1.171717E2	6.701179E1
2.232000E1	1.165652E2	6.719949E1
2.234000E1	1.160292E2	6.794154E1
2.236000E1	1.156897E2	6.852271E1
2.238000E1	1.156222E2	6.898928E1
2.240000E1	1.155124E2	6.915025E1
2.242000E1	1.155410E2	6.969015E1
2.244000E1	1.155111E2	6.996483E1
2.246000E1	1.154648E2	7.080206E1
2.248000E1	1.153165E2	7.115533E1
2.250000E1	1.153661E2	7.109669E1
2.252000E1	1.151182E2	7.116526E1
2.254000E1	1.150405E2	7.139291E1
2.256000E1	1.150371E2	7.141027E1
2.258000E1	1.150306E2	7.144303E1
2.260000E1	1.150061E2	7.139264E1
2.262000E1	1.150249E2	7.147668E1
2.264000E1	1.149390E2	7.165903E1
2.266000E1	1.149639E2	7.161570E1
2.268000E1	1.148291E2	7.176010E1
2.270000E1	1.148697E2	7.202331E1
2.272000E1	1.149241E2	7.227898E1
2.274000E1	1.149155E2	7.239796E1
2.276000E1	1.148216E2	7.233230E1
2.278000E1	1.147325E2	7.233729E1
2.280000E1	1.148311E2	7.235874E1
2.282000E1	1.149420E2	7.242372E1
2.284000E1	1.149064E2	7.247453E1
2.286000E1	1.149151E2	7.255133E1
2.288000E1	1.145702E2	7.255859E1
2.290000E1	1.141867E2	7.304867E1
2.292000E1	1.136731E2	7.377454E1
2.294000E1	1.127916E2	7.441618E1
2.296000E1	1.122055E2	7.515343E1
2.298000E1	1.120904E2	7.592935E1
2.300000E1	1.117586E2	7.592809E1
2.302000E1	1.116042E2	7.589978E1
2.304000E1	1.111160E2	7.585950E1
2.306000E1	1.107106E2	7.586772E1
2.308000E1	1.104277E2	7.603807E1
2.310000E1	1.098232E2	7.667279E1
2.312000E1	1.090848E2	7.731604E1
2.314000E1	1.088677E2	7.752182E1
2.316000E1	1.086139E2	7.777655E1
2.318000E1	1.086221E2	7.807542E1
2.320000E1	1.081417E2	7.886801E1
2.322000E1	1.072077E2	7.930137E1
2.324000E1	1.066736E2	7.958230E1
2.326000E1	1.065072E2	8.013624E1
2.328000E1	1.064540E2	8.022446E1
2.330000E1	1.063787E2	8.031564E1
2.332000E1	1.063355E2	8.040630E1
2.334000E1	1.063046E2	8.050165E1
2.336000E1	1.062974E2	8.083190E1
2.338000E1	1.059263E2	8.086834E1
2.340000E1	1.058133E2	8.110511E1
2.342000E1	1.057869E2	8.125387E1
2.344000E1	1.058229E2	8.135826E1
2.346000E1	1.058005E2	8.154788E1
2.348000E1	1.057658E2	8.179423E1
2.350000E1	1.054173E2	8.249561E1
2.352000E1	1.052746E2	8.322154E1
2.354000E1	1.051621E2	8.393878E1
2.356000E1	1.051683E2	8.467342E1
2.358000E1	1.049818E2	8.500743E1
2.360000E1	1.048306E2	8.498073E1
2.362000E1	1.044355E2	8.502558E1
2.364000E1	1.042207E2	8.521968E1
2.366000E1	1.039447E2	8.537292E1
2.368000E1	1.037142E2	8.538652E1
2.370000E1	1.038371E2	8.538449E1
2.372000E1	1.043031E2	8.550331E1
2.374000E1	1.043187E2	8.558449E1
2.376000E1	1.040161E2	8.560481E1
2.378000E1	1.035373E2	8.576360E1
2.380000E1	1.030890E2	8.652536E1
2.382000E1	1.027254E2	8.687522E1
2.384000E1	1.023167E2	8.687047E1
2.386000E1	1.021515E2	8.681450E1
2.388000E1	1.018753E2	8.693776E1
2.390000E1	1.018583E2	8.702418E1
2.392000E1	1.015602E2	8.704127E1
2.394000E1	1.010483E2	8.706174E1
2.396000E1	1.007508E2	8.707680E1
2.398000E1	1.006742E2	8.717634E1
2.400000E1	9.975277E1	8.792833E1
2.402000E1	9.873066E1	8.862033E1
2.404000E1	9.790583E1	8.905656E1
2.406000E1	9.751490E1	8.923838E1
2.408000E1	9.705778E1	8.982221E1
2.410000E1	9.623031E1	9.047771E1
2.412000E1	9.543608E1	9.095293E1
2.414000E1	9.444647E1	9.111692E1
2.416000E1	9.387403E1	9.126573E1
2.418000E1	9.339128E1	9.139746E1
2.420000E1	9.337486E1	9.139079E1
2.422000E1	9.331759E1	9.147684E1
2.424000E1	9.322910E1	9.157717E1
2.426000E1	9.310453E1	9.196248E1
2.428000E1	9.299524E1	9.213005E1
2.430000E1	9.268811E1	9.261623E1
2.432000E1	9.217610E1	9.272175E1
2.434000E1	9.210827E1	9.282760E1
2.436000E1	9.218653E1	9.284769E1
2.438000E1	9.219412E1	9.289304E1
2.440000E1	9.214815E1	9.305694E1
2.442000E1	9.211933E1	9.335220E1
2.444000E1	9.214009E1	9.353568E1
2.446000E1	9.196206E1	9.412121E1
2.448000E1	9.156633E1	9.426919E1
2.450000E1	9.143315E1	9.445097E1
2.452000E1	9.147012E1	9.442156E1
2.454000E1	9.141425E1	9.448381E1
2.456000E1	9.131973E1	9.453515E1
2.458000E1	9.093395E1	9.487014E1
2.460000E1	9.076681E1	9.530772E1
2.462000E1	9.059968E1	9.586925E1
2.464000E1	9.070945E1	9.645013E1
2.466000E1	9.071830E1	9.702099E1
2.468000E1	9.027039E1	9.744295E1
2.470000E1	8.971988E1	9.769535E1
2.472000E1	8.973811E1	9.767004E1
2.474000E1	8.945603E1	9.767159E1
2.476000E1	8.894648E1	9.774247E1
2.478000E1	8.854293E1	9.776821E1
2.480000E1	8.862121E1	9.768474E1
2.482000E1	8.866178E1	9.764106E1
2.484000E1	8.826090E1	9.767167E1
2.486000E1	8.787633E1	9.772577E1
2.488000E1	8.736250E1	9.789553E1
2.490000E1	8.688955E1	9.865836E1
2.492000E1	8.650081E1	9.885982E1
2.494000E1	8.649921E1	9.871365E1
2.496000E1	8.646776E1	9.820487E1
2.498000E1	8.637934E1	9.818104E1
2.500000E1	8.604753E1	9.831324E1
2.502000E1	8.558925E1	9.829413E1
2.504000E1	8.481920E1	9.841491E1
2.506000E1	8.393343E1	9.856420E1
2.508000E1	8.344689E1	9.879250E1
2.510000E1	8.313599E1	9.921503E1
2.512000E1	8.303842E1	9.939478E1
2.514000E1	8.301513E1	9.947845E1
2.516000E1	8.291672E1	9.961799E1
2.518000E1	8.267957E1	1.000586E2
2.520000E1	8.229919E1	1.003265E2
2.522000E1	8.195608E1	1.006517E2
2.524000E1	8.164080E1	1.006207E2
2.526000E1	8.164225E1	1.006165E2
2.528000E1	8.148027E1	1.006238E2
2.530000E1	8.140186E1	1.006513E2
2.532000E1	8.139413E1	1.006544E2
2.534000E1	8.142006E1	1.006639E2
2.536000E1	8.136280E1	1.008672E2
2.538000E1	8.095512E1	1.014770E2
2.540000E1	8.062625E1	1.016792E2
2.542000E1	8.024728E1	1.019368E2
2.544000E1	7.980050E1	1.022573E2
2.546000E1	7.954395E1	1.024747E2
2.548000E1	7.928471E1	1.026969E2
2.550000E1	7.879397E1	1.027919E2
2.552000E1	7.867008E1	1.034486E2
2.554000E1	7.857703E1	1.035255E2
2.556000E1	7.854263E1	1.038333E2
2.558000E1	7.832355E1	1.042140E2
2.560000E1	7.807650E1	1.040651E2
2.562000E1	7.807099E1	1.040101E2
2.564000E1	7.772326E1	1.040068E2
2.566000E1	7.715160E1	1.040850E2
2.568000E1	7.666706E1	1.041891E2
2.570000E1	7.616441E1	1.047996E2
2.572000E1	7.566384E1	1.049736E2
2.574000E1	7.568084E1	1.049614E2
2.576000E1	7.557663E1	1.050384E2
2.578000E1	7.515329E1	1.054536E2
2.580000E1	7.418784E1	1.062653E2
2.582000E1	7.324255E1	1.064263E2
2.584000E1	7.276983E1	1.064192E2
2.586000E1	7.277331E1	1.063028E2
2.588000E1	7.294659E1	1.062765E2
2.590000E1	7.292111E1	1.062710E2
2.592000E1	7.236458E1	1.062581E2
2.594000E1	7.183299E1	1.063499E2
2.596000E1	7.129049E1	1.063166E2
2.598000E1	7.068082E1	1.062826E2
2.600000E1	7.029924E1	1.064106E2
2.602000E1	7.031938E1	1.068746E2
2.604000E1	7.037766E1	1.069863E2
2.606000E1	7.042664E1	1.069666E2
2.608000E1	7.046759E1	1.069360E2
2.610000E1	7.044249E1	1.069194E2
2.612000E1	7.038234E1	1.068930E2
2.614000E1	7.000229E1	1.068346E2
2.616000E1	6.990834E1	1.068423E2
2.618000E1	6.984007E1	1.069016E2
2.620000E1	6.981732E1	1.068988E2
2.622000E1	6.973205E1	1.070223E2
2.624000E1	6.943171E1	1.071751E2
2.626000E1	6.945683E1	1.073905E2
2.628000E1	6.901595E1	1.079826E2
2.630000E1	6.837904E1	1.082998E2
2.632000E1	6.764531E1	1.088655E2
2.634000E1	6.700890E1	1.091347E2
2.636000E1	6.655086E1	1.091272E2
2.638000E1	6.610510E1	1.090679E2
2.640000E1	6.552131E1	1.091038E2
2.642000E1	6.494271E1	1.092053E2
2.644000E1	6.467912E1	1.094175E2
2.646000E1	6.441203E1	1.099401E2
2.648000E1	6.418801E1	1.102918E2
2.650000E1	6.414179E1	1.102457E2
2.652000E1	6.376486E1	1.102155E2
2.654000E1	6.361045E1	1.101943E2
2.656000E1	6.330036E1	1.102596E2
2.658000E1	6.279127E1	1.102325E2
2.660000E1	6.241150E1	1.104433E2
2.662000E1	6.181124E1	1.107191E2
2.664000E1	6.143673E1	1.107869E2
2.666000E1	6.145888E1	1.107672E2
2.668000E1	6.148985E1	1.107657E2
2.670000E1	6.145704E1	1.107679E2
2.672000E1	6.062234E1	1.108353E2
2.674000E1	5.963436E1	1.112534E2
2.676000E1	5.872169E1	1.112633E2
2.678000E1	5.871575E1	1.112965E2
2.680000E1	5.872622E1	1.112883E2
2.682000E1	5.862349E1	1.113197E2
2.684000E1	5.782077E1	1.115160E2
2.686000E1	5.684283E1	1.117222E2
2.688000E1	5.582878E1	1.121927E2
2.690000E1	5.492613E1	1.125714E2
2.692000E1	5.453685E1	1.132871E2
2.694000E1	5.488600E1	1.132549E2
2.696000E1	5.494708E1	1.131773E2
2.698000E1	5.487279E1	1.132608E2
2.700000E1	5.441046E1	1.132743E2
2.702000E1	5.397073E1	1.131724E2
2.704000E1	5.403085E1	1.131648E2
2.706000E1	5.389457E1	1.130483E2
2.708000E1	5.348097E1	1.131492E2
2.710000E1	5.342690E1	1.131884E2
2.712000E1	5.343552E1	1.131972E2
2.714000E1	5.325499E1	1.136632E2
2.716000E1	5.293341E1	1.138898E2
2.718000E1	5.293946E1	1.138440E2
2.720000E1	5.302810E1	1.137467E2
2.722000E1	5.301866E1	1.137343E2
2.724000E1	5.309181E1	1.136742E2
2.726000E1	5.298038E1	1.136560E2
2.728000E1	5.291335E1	1.136634E2
2.730000E1	5.258665E1	1.136901E2
2.732000E1	5.257184E1	1.136906E2
2.734000E1	5.220142E1	1.138439E2
2.736000E1	5.201492E1	1.142591E2
2.738000E1	5.156724E1	1.145928E2
2.740000E1	5.103397E1	1.148588E2
2.742000E1	5.057095E1	1.148384E2
2.744000E1	5.007284E1	1.147440E2
2.746000E1	4.965933E1	1.146839E2
2.748000E1	4.953772E1	1.144460E2
2.750000E1	4.888250E1	1.143507E2
2.752000E1	4.842127E1	1.142983E2
2.754000E1	4.793430E1	1.141872E2
2.756000E1	4.779873E1	1.141726E2
2.758000E1	4.778780E1	1.142140E2
2.760000E1	4.753228E1	1.142077E2
2.762000E1	4.702780E1	1.143090E2
2.764000E1	4.563642E1	1.146748E2
2.766000E1	4.464027E1	1.146668E2
2.768000E1	4.445543E1	1.147528E2
2.770000E1	4.440443E1	1.147282E2
2.772000E1	4.432204E1	1.147499E2
2.774000E1	4.382041E1	1.149027E2
2.776000E1	4.326392E1	1.149434E2
2.778000E1	4.283699E1	1.149360E2
2.780000E1	4.237920E1	1.149010E2
2.782000E1	4.215754E1	1.149632E2
2.784000E1	4.210517E1	1.150475E2
2.786000E1	4.214174E1	1.151377E2
2.788000E1	4.196105E1	1.152570E2
2.790000E1	4.161849E1	1.154471E2
2.792000E1	4.112620E1	1.157033E2
2.794000E1	4.093156E1	1.158992E2
2.796000E1	4.036443E1	1.159412E2
2.798000E1	3.971565E1	1.161344E2
2.800000E1	3.916475E1	1.167989E2
2.802000E1	3.876293E1	1.173403E2
2.804000E1	3.909719E1	1.175230E2
2.806000E1	3.906249E1	1.175907E2
2.808000E1	3.870838E1	1.176199E2
2.810000E1	3.831449E1	1.176881E2
2.812000E1	3.829373E1	1.176076E2
2.814000E1	3.827231E1	1.175325E2
2.816000E1	3.829665E1	1.175352E2
2.818000E1	3.825655E1	1.175063E2
2.820000E1	3.793877E1	1.173735E2
2.822000E1	3.749060E1	1.174179E2
2.824000E1	3.740842E1	1.176542E2
2.826000E1	3.731171E1	1.181570E2
2.828000E1	3.737176E1	1.180950E2
2.830000E1	3.761846E1	1.179820E2
2.832000E1	3.741610E1	1.179700E2
2.834000E1	3.695683E1	1.179082E2
2.836000E1	3.676275E1	1.178524E2
2.838000E1	3.626008E1	1.177016E2
2.840000E1	3.565889E1	1.173518E2
2.842000E1	3.505680E1	1.173988E2
2.844000E1	3.418147E1	1.175825E2
2.846000E1	3.406310E1	1.175519E2
2.848000E1	3.401801E1	1.175276E2
2.850000E1	3.361805E1	1.174870E2
2.852000E1	3.301480E1	1.174201E2
2.854000E1	3.201982E1	1.175119E2
2.856000E1	3.095128E1	1.176045E2
2.858000E1	3.031176E1	1.174893E2
2.860000E1	3.000763E1	1.170593E2
2.862000E1	2.964716E1	1.169962E2
2.864000E1	2.946510E1	1.169893E2
2.866000E1	2.915068E1	1.168964E2
2.868000E1	2.863072E1	1.168590E2
2.870000E1	2.770683E1	1.168294E2
2.872000E1	2.697595E1	1.169233E2
2.874000E1	2.634960E1	1.171435E2
2.876000E1	2.588391E1	1.173745E2
2.878000E1	2.581223E1	1.174904E2
2.880000E1	2.562782E1	1.175803E2
2.882000E1	2.553762E1	1.176236E2
2.884000E1	2.541050E1	1.176234E2
2.886000E1	2.507212E1	1.176343E2
2.888000E1	2.482301E1	1.175860E2
2.890000E1	2.461016E1	1.175941E2
2.892000E1	2.462905E1	1.175693E2
2.894000E1	2.457626E1	1.175696E2
2.896000E1	2.450039E1	1.176085E2
2.898000E1	2.412299E1	1.179092E2
2.900000E1	2.360400E1	1.181903E2
2.902000E1	2.319715E1	1.182734E2
2.904000E1	2.273058E1	1.185616E2
2.906000E1	2.220684E1	1.186945E2
2.908000E1	2.150285E1	1.187834E2
2.910000E1	2.082710E1	1.190018E2
2.912000E1	2.013496E1	1.192684E2
2.914000E1	1.959028E1	1.195003E2
2.916000E1	1.957487E1	1.195397E2
2.918000E1	1.951838E1	1.195379E2
2.920000E1	1.904776E1	1.195184E2
2.922000E1	1.901564E1	1.195063E2
2.924000E1	1.905758E1	1.195267E2
2.926000E1	1.896743E1	1.195005E2
2.928000E1	1.848900E1	1.194100E2
2.930000E1	1.807219E1	1.187550E2
2.932000E1	1.707871E1	1.187001E2
2.934000E1	1.663593E1	1.188068E2
2.936000E1	1.653670E1	1.189210E2
2.938000E1	1.629454E1	1.189032E2
2.940000E1	1.626907E1	1.188354E2
2.942000E1	1.614632E1	1.187610E2
2.944000E1	1.558475E1	1.186045E2
2.946000E1	1.524442E1	1.184303E2
2.948000E1	1.481264E1	1.180040E2
2.950000E1	1.430512E1	1.178867E2
2.952000E1	1.417100E1	1.177348E2
2.954000E1	1.367371E1	1.176592E2
2.956000E1	1.281804E1	1.175279E2
2.958000E1	1.167305E1	1.171238E2
2.960000E1	1.040039E1	1.169015E2
2.962000E1	9.332971E0	1.168180E2
2.964000E1	8.645056E0	1.169207E2
2.966000E1	8.289989E0	1.170727E2
2.968000E1	8.275751E0	1.171728E2
2.970000E1	8.218778E0	1.170338E2
2.972000E1	8.112121E0	1.169465E2
2.974000E1	8.144639E0	1.168907E2
2.976000E1	8.137245E0	1.169303E2
2.978000E1	8.011424E0	1.168266E2
2.980000E1	7.757963E0	1.168404E2
2.982000E1	7.681125E0	1.169443E2
2.984000E1	7.281105E0	1.170287E2
2.986000E1	6.895509E0	1.171215E2
2.988000E1	6.462112E0	1.172383E2
2.990000E1	6.284782E0	1.173824E2
2.992000E1	5.818303E0	1.174660E2
2.994000E1	5.330333E0	1.174935E2
2.996000E1	5.029915E0	1.175827E2
2.998000E1	5.013509E0	1.175406E2
3.000000E1	4.994258E0	1.175386E2
3.002000E1	4.582692E0	1.175127E2
3.004000E1	4.430476E0	1.175113E2
3.006000E1	4.029871E0	1.175317E2
3.008000E1	3.893199E0	1.176833E2
3.010000E1	3.680638E0	1.179171E2
3.012000E1	3.678925E0	1.179992E2
3.014000E1	3.612871E0	1.179248E2
3.016000E1	3.452610E0	1.178396E2
3.018000E1	2.925364E0	1.178456E2
3.020000E1	2.011548E0	1.177300E2
3.022000E1	1.090473E0	1.176057E2
3.024000E1	6.256849E-2	1.176284E2
3.026000E1	-2.569615E-1	1.175509E2
3.028000E1	-2.714068E-2	1.172763E2
3.030000E1	-2.717311E-1	1.171646E2
3.032000E1	-3.570423E-1	1.171355E2
3.034000E1	-7.764490E-1	1.169233E2
3.036000E1	-1.006023E0	1.166551E2
3.038000E1	-1.248251E0	1.164901E2
3.040000E1	-1.381325E0	1.160648E2
3.042000E1	-1.971131E0	1.157546E2
3.044000E1	-2.335372E0	1.158376E2
3.046000E1	-2.859003E0	1.157402E2
3.048000E1	-3.232659E0	1.156078E2
3.050000E1	-3.429453E0	1.150956E2
3.052000E1	-3.412581E0	1.147609E2
3.054000E1	-3.450808E0	1.146376E2
3.056000E1	-3.461876E0	1.146229E2
3.058000E1	-3.468113E0	1.146173E2
3.060000E1	-3.578072E0	1.146122E2
3.062000E1	-3.642370E0	1.146010E2
3.064000E1	-3.702389E0	1.144947E2
3.066000E1	-4.198886E0	1.145057E2
3.068000E1	-4.728660E0	1.144581E2
3.070000E1	-5.058345E0	1.144490E2
3.072000E1	-5.538873E0	1.145722E2
3.074000E1	-5.949466E0	1.146064E2
3.076000E1	-6.306826E0	1.146761E2
3.078000E1	-6.322561E0	1.146480E2
3.080000E1	-6.297545E0	1.146239E2
3.082000E1	-6.379058E0	1.145582E2
3.084000E1	-6.618630E0	1.144710E2
3.086000E1	-6.764336E0	1.143468E2
3.088000E1	-6.947036E0	1.142076E2
3.090000E1	-6.994276E0	1.141905E2
3.092000E1	-7.395283E0	1.141610E2
3.094000E1	-7.825679E0	1.141571E2
3.096000E1	-8.728091E0	1.141419E2
3.098000E1	-9.230945E0	1.142028E2
3.100000E1	-9.132182E0	1.144775E2
3.102000E1	-9.146382E0	1.145451E2
3.104000E1	-9.176474E0	1.145814E2
3.106000E1	-9.280768E0	1.144108E2
3.108000E1	-9.559622E0	1.142709E2
3.110000E1	-9.878820E0	1.141390E2
3.112000E1	-1.043128E1	1.140323E2
3.114000E1	-1.089447E1	1.137759E2
3.116000E1	-1.135367E1	1.137044E2
3.118000E1	-1.146671E1	1.135130E2
3.120000E1	-1.145840E1	1.134104E2
3.122000E1	-1.151444E1	1.133236E2
3.124000E1	-1.191861E1	1.131543E2
3.126000E1	-1.249368E1	1.130458E2
3.128000E1	-1.395422E1	1.128238E2
3.130000E1	-1.496002E1	1.125048E2
3.132000E1	-1.541511E1	1.124137E2
3.134000E1	-1.590537E1	1.123641E2
3.136000E1	-1.649439E1	1.123333E2
3.138000E1	-1.697126E1	1.121138E2
3.140000E1	-1.723601E1	1.115607E2
3.142000E1	-1.751201E1	1.110225E2
3.144000E1	-1.795431E1	1.110740E2
3.146000E1	-1.787123E1	1.111146E2
3.148000E1	-1.785882E1	1.111460E2
3.150000E1	-1.782058E1	1.111902E2
3.152000E1	-1.779086E1	1.111533E2
3.154000E1	-1.789490E1	1.110862E2
3.156000E1	-1.836548E1	1.110766E2
3.158000E1	-1.884412E1	1.111146E2
3.160000E1	-1.931540E1	1.110181E2
3.162000E1	-1.906439E1	1.109444E2
3.164000E1	-1.885123E1	1.108449E2
3.166000E1	-1.878125E1	1.108318E2
3.168000E1	-1.869613E1	1.108257E2
3.170000E1	-1.876381E1	1.107932E2
3.172000E1	-1.905772E1	1.108051E2
3.174000E1	-1.913475E1	1.107438E2
3.176000E1	-1.918144E1	1.107255E2
3.178000E1	-1.953271E1	1.107476E2
3.180000E1	-1.965998E1	1.107165E2
3.182000E1	-2.016413E1	1.105971E2
3.184000E1	-2.070193E1	1.103470E2
3.186000E1	-2.134276E1	1.101513E2
3.188000E1	-2.194453E1	1.100736E2
3.190000E1	-2.228444E1	1.101990E2
3.192000E1	-2.225151E1	1.101274E2
3.194000E1	-2.223196E1	1.100503E2
3.196000E1	-2.234030E1	1.097692E2
3.198000E1	-2.246753E1	1.094487E2
3.200000E1	-2.257429E1	1.092932E2
3.202000E1	-2.315647E1	1.092091E2
3.204000E1	-2.369499E1	1.090643E2
3.206000E1	-2.449034E1	1.086846E2
3.208000E1	-2.499409E1	1.086181E2
3.210000E1	-2.501861E1	1.086582E2
3.212000E1	-2.508812E1	1.086091E2
3.214000E1	-2.513320E1	1.084651E2
3.216000E1	-2.555904E1	1.082919E2
3.218000E1	-2.649506E1	1.080705E2
3.220000E1	-2.742052E1	1.073330E2
3.222000E1	-2.776831E1	1.072178E2
3.224000E1	-2.766261E1	1.072355E2
3.226000E1	-2.768869E1	1.072412E2
3.228000E1	-2.803248E1	1.070136E2
3.230000E1	-2.853896E1	1.063093E2
3.232000E1	-2.935407E1	1.057753E2
3.234000E1	-2.995721E1	1.055616E2
3.236000E1	-3.008568E1	1.055088E2
3.238000E1	-3.012651E1	1.054717E2
3.240000E1	-3.049239E1	1.054674E2
3.242000E1	-3.099439E1	1.054339E2
3.244000E1	-3.172969E1	1.054381E2
3.246000E1	-3.273238E1	1.053515E2
3.248000E1	-3.326395E1	1.053159E2
3.250000E1	-3.319548E1	1.051865E2
3.252000E1	-3.334396E1	1.051119E2
3.254000E1	-3.358620E1	1.048977E2
3.256000E1	-3.350218E1	1.049263E2
3.258000E1	-3.345488E1	1.049116E2
3.260000E1	-3.346312E1	1.048718E2
3.262000E1	-3.347737E1	1.049403E2
3.264000E1	-3.373373E1	1.048340E2
3.266000E1	-3.376598E1	1.048560E2
3.268000E1	-3.379757E1	1.048645E2
3.270000E1	-3.429377E1	1.048844E2
3.272000E1	-3.466823E1	1.048786E2
3.274000E1	-3.469034E1	1.048407E2
3.276000E1	-3.462454E1	1.047702E2
3.278000E1	-3.455939E1	1.048109E2
3.280000E1	-3.449953E1	1.049406E2
3.282000E1	-3.447079E1	1.049337E2
3.284000E1	-3.445854E1	1.049299E2
3.286000E1	-3.442840E1	1.049243E2
3.288000E1	-3.462886E1	1.045188E2
3.290000E1	-3.517735E1	1.043542E2
3.292000E1	-3.595282E1	1.037951E2
3.294000E1	-3.661302E1	1.031658E2
3.296000E1	-3.742980E1	1.027935E2
3.298000E1	-3.819505E1	1.027527E2
3.300000E1	-3.818868E1	1.025784E2
3.302000E1	-3.817574E1	1.022454E2
3.304000E1	-3.818307E1	1.016444E2
3.306000E1	-3.836254E1	1.014679E2
3.308000E1	-3.878414E1	1.012234E2
3.310000E1	-3.933205E1	1.006160E2
3.312000E1	-3.998412E1	1.000081E2
3.314000E1	-4.054755E1	9.975290E1
3.316000E1	-4.099433E1	9.958151E1
3.318000E1	-4.135333E1	9.952249E1
3.320000E1	-4.181649E1	9.903397E1
3.322000E1	-4.234046E1	9.825699E1
3.324000E1	-4.288382E1	9.777746E1
3.326000E1	-4.326696E1	9.769541E1
3.328000E1	-4.322620E1	9.766711E1
3.330000E1	-4.318058E1	9.765788E1
3.332000E1	-4.339444E1	9.768222E1
3.334000E1	-4.366653E1	9.768454E1
3.336000E1	-4.377173E1	9.756938E1
3.338000E1	-4.401906E1	9.737671E1
3.340000E1	-4.412682E1	9.722588E1
3.342000E1	-4.433722E1	9.710700E1
3.344000E1	-4.444123E1	9.717475E1
3.346000E1	-4.445488E1	9.716122E1
3.348000E1	-4.457727E1	9.717054E1
3.350000E1	-4.534572E1	9.706368E1
3.352000E1	-4.635211E1	9.696219E1
3.354000E1	-4.725516E1	9.689089E1
3.356000E1	-4.792118E1	9.687433E1
3.358000E1	-4.823404E1	9.665803E1
3.360000E1	-4.800360E1	9.643659E1
3.362000E1	-4.827145E1	9.623074E1
3.364000E1	-4.872119E1	9.574385E1
3.366000E1	-4.873889E1	9.561925E1
3.368000E1	-4.878830E1	9.563091E1
3.370000E1	-4.883446E1	9.578341E1
3.372000E1	-4.888785E1	9.591957E1
3.374000E1	-4.878793E1	9.587120E1
3.376000E1	-4.884642E1	9.569153E1
3.378000E1	-4.928377E1	9.547517E1
3.380000E1	-5.005050E1	9.514730E1
3.382000E1	-5.022635E1	9.467621E1
3.384000E1	-5.008001E1	9.456791E1
3.386000E1	-5.005539E1	9.416190E1
3.388000E1	-5.045068E1	9.404610E1
3.390000E1	-5.047296E1	9.388006E1
3.392000E1	-5.046545E1	9.337948E1
3.394000E1	-5.037858E1	9.326940E1
3.396000E1	-5.042463E1	9.308226E1
3.398000E1	-5.094870E1	9.261855E1
3.400000E1	-5.181035E1	9.200956E1
3.402000E1	-5.253858E1	9.126667E1
3.404000E1	-5.307475E1	9.048137E1
3.406000E1	-5.356395E1	8.993940E1
3.408000E1	-5.417528E1	8.948027E1
3.410000E1	-5.468137E1	8.887082E1
3.412000E1	-5.498294E1	8.815843E1
3.414000E1	-5.511705E1	8.736261E1
3.416000E1	-5.545842E1	8.685553E1
3.418000E1	-5.555735E1	8.671777E1
3.420000E1	-5.559233E1	8.665895E1
3.422000E1	-5.562972E1	8.661335E1
3.424000E1	-5.608756E1	8.655000E1
3.426000E1	-5.654706E1	8.634253E1
3.428000E1	-5.705957E1	8.610897E1
3.430000E1	-5.707625E1	8.597442E1
3.432000E1	-5.712744E1	8.574550E1
3.434000E1	-5.718823E1	8.568059E1
3.436000E1	-5.724466E1	8.562650E1
3.438000E1	-5.722411E1	8.560231E1
3.440000E1	-5.724975E1	8.556616E1
3.442000E1	-5.763353E1	8.554299E1
3.444000E1	-5.808064E1	8.552346E1
3.446000E1	-5.821202E1	8.548086E1
3.448000E1	-5.829663E1	8.539737E1
3.450000E1	-5.857764E1	8.522939E1
3.452000E1	-5.875527E1	8.516108E1
3.454000E1	-5.890067E1	8.503921E1
3.456000E1	-5.906198E1	8.500653E1
3.458000E1	-5.955667E1	8.472158E1
3.460000E1	-6.006524E1	8.458535E1
3.462000E1	-6.061298E1	8.457444E1
3.464000E1	-6.126257E1	8.477067E1
3.466000E1	-6.160672E1	8.459954E1
3.468000E1	-6.179668E1	8.401324E1
3.470000E1	-6.182532E1	8.391329E1
3.472000E1	-6.193674E1	8.381470E1
3.474000E1	-6.224359E1	8.328333E1
3.476000E1	-6.219958E1	8.306799E1
3.478000E1	-6.213659E1	8.298006E1
3.480000E1	-6.210828E1	8.301081E1
3.482000E1	-6.210328E1	8.280008E1
3.484000E1	-6.213199E1	8.202752E1
3.486000E1	-6.255856E1	8.181650E1
3.488000E1	-6.310529E1	8.169061E1
3.490000E1	-6.351759E1	8.122148E1
3.492000E1	-6.329068E1	8.095277E1
3.494000E1	-6.296853E1	8.070964E1
3.496000E1	-6.292672E1	8.042148E1
3.498000E1	-6.295671E1	7.992742E1
3.500000E1	-6.300778E1	7.973343E1
3.502000E1	-6.344850E1	7.903734E1
3.504000E1	-6.389641E1	7.828180E1
3.506000E1	-6.438644E1	7.738541E1
3.508000E1	-6.499886E1	7.655153E1
3.510000E1	-6.538775E1	7.637564E1
3.512000E1	-6.540177E1	7.630919E1
3.514000E1	-6.545464E1	7.630993E1
3.516000E1	-6.575355E1	7.621383E1
3.518000E1	-6.622064E1	7.607568E1
3.520000E1	-6.662860E1	7.568824E1
3.522000E1	-6.663238E1	7.560278E1
3.524000E1	-6.669723E1	7.511525E1
3.526000E1	-6.678877E1	7.512929E1
3.528000E1	-6.686746E1	7.525126E1
3.530000E1	-6.691005E1	7.521406E1
3.532000E1	-6.688754E1	7.521565E1
3.534000E1	-6.699795E1	7.521523E1
3.536000E1	-6.754627E1	7.522224E1
3.538000E1	-6.807752E1	7.481886E1
3.540000E1	-6.846754E1	7.416314E1
3.542000E1	-6.863438E1	7.389276E1
3.544000E1	-6.901314E1	7.391000E1
3.546000E1	-6.895528E1	7.389907E1
3.548000E1	-6.895388E1	7.385157E1
3.550000E1	-6.913647E1	7.350071E1
3.552000E1	-6.953631E1	7.340820E1
3.554000E1	-6.991471E1	7.329206E1
3.556000E1	-7.003107E1	7.323988E1
3.558000E1	-6.998707E1	7.343527E1
3.560000E1	-6.993635E1	7.341848E1
3.562000E1	-6.989520E1	7.331389E1
3.564000E1	-7.019138E1	7.270551E1
3.566000E1	-7.026291E1	7.256302E1
3.568000E1	-7.042926E1	7.199465E1
3.570000E1	-7.085864E1	7.167794E1
3.572000E1	-7.165419E1	7.102820E1
3.574000E1	-7.175164E1	7.093880E1
3.576000E1	-7.229891E1	7.017953E1
3.578000E1	-7.267531E1	6.959038E1
3.580000E1	-7.269450E1	6.954278E1
3.582000E1	-7.264222E1	6.932883E1
3.584000E1	-7.280143E1	6.861145E1
3.586000E1	-7.272909E1	6.842115E1
3.588000E1	-7.265860E1	6.844120E1
3.590000E1	-7.266652E1	6.848220E1
3.592000E1	-7.281112E1	6.828076E1
3.594000E1	-7.301873E1	6.717828E1
3.596000E1	-7.335505E1	6.647536E1
3.598000E1	-7.354914E1	6.617203E1
3.600000E1	-7.401957E1	6.604385E1
3.602000E1	-7.400721E1	6.603661E1
3.604000E1	-7.363494E1	6.614322E1
3.606000E1	-7.360119E1	6.636817E1
3.608000E1	-7.367440E1	6.646720E1
3.610000E1	-7.369313E1	6.648365E1
3.612000E1	-7.367505E1	6.642170E1
3.614000E1	-7.371738E1	6.635391E1
3.616000E1	-7.371638E1	6.605544E1
3.618000E1	-7.388190E1	6.604322E1
3.620000E1	-7.403820E1	6.585744E1
3.622000E1	-7.410723E1	6.575820E1
3.624000E1	-7.426073E1	6.563024E1
3.626000E1	-7.433925E1	6.555417E1
3.628000E1	-7.460213E1	6.562184E1
3.630000E1	-7.520000E1	6.536309E1
3.632000E1	-7.527369E1	6.501030E1
3.634000E1	-7.520826E1	6.469816E1
3.636000E1	-7.516688E1	6.447141E1
3.638000E1	-7.534809E1	6.408457E1
3.640000E1	-7.527412E1	6.377399E1
3.642000E1	-7.560222E1	6.326774E1
3.644000E1	-7.606659E1	6.281150E1
3.646000E1	-7.655091E1	6.251557E1
3.648000E1	-7.703952E1	6.258365E1
3.650000E1	-7.704432E1	6.252563E1
3.652000E1	-7.703410E1	6.248470E1
3.654000E1	-7.708204E1	6.234200E1
3.656000E1	-7.709152E1	6.220952E1
3.658000E1	-7.712680E1	6.217471E1
3.660000E1	-7.748120E1	6.147167E1
3.662000E1	-7.780926E1	6.079866E1
3.664000E1	-7.798334E1	6.074901E1
3.666000E1	-7.795903E1	6.059546E1
3.668000E1	-7.765441E1	6.051643E1
3.670000E1	-7.771897E1	6.031086E1
3.672000E1	-7.808969E1	6.004155E1
3.674000E1	-7.832263E1	5.940099E1
3.676000E1	-7.882397E1	5.865821E1
3.678000E1	-7.937313E1	5.785288E1
3.680000E1	-7.970051E1	5.724863E1
3.682000E1	-7.996878E1	5.702538E1
3.684000E1	-8.030910E1	5.673358E1
3.686000E1	-8.093365E1	5.606452E1
3.688000E1	-8.140819E1	5.516401E1
3.690000E1	-8.139288E1	5.441143E1
3.692000E1	-8.133870E1	5.423614E1
3.694000E1	-8.133237E1	5.424146E1
3.696000E1	-8.136018E1	5.430591E1
3.698000E1	-8.138584E1	5.436140E1
3.700000E1	-8.148077E1	5.451830E1
3.702000E1	-8.148983E1	5.436535E1
3.704000E1	-8.149251E1	5.413619E1
3.706000E1	-8.156199E1	5.396654E1
3.708000E1	-8.187768E1	5.342177E1
3.710000E1	-8.225638E1	5.322526E1
3.712000E1	-8.226917E1	5.314490E1
3.714000E1	-8.201715E1	5.320801E1
3.716000E1	-8.188542E1	5.313034E1
3.718000E1	-8.200544E1	5.318206E1
3.720000E1	-8.199801E1	5.320932E1
3.722000E1	-8.205729E1	5.302845E1
3.724000E1	-8.209436E1	5.285702E1
3.726000E1	-8.205609E1	5.285362E1
3.728000E1	-8.222493E1	5.273985E1
3.730000E1	-8.234793E1	5.261701E1
3.732000E1	-8.250732E1	5.214345E1
3.734000E1	-8.266278E1	5.166360E1
3.736000E1	-8.297410E1	5.133070E1
3.738000E1	-8.358213E1	5.104415E1
3.740000E1	-8.394087E1	5.096657E1
3.742000E1	-8.397907E1	5.060357E1
3.744000E1	-8.377715E1	5.032605E1
3.746000E1	-8.362358E1	4.988001E1
3.748000E1	-8.372835E1	4.976784E1
3.750000E1	-8.365842E1	4.952900E1
3.752000E1	-8.384905E1	4.892921E1
3.754000E1	-8.443583E1	4.821620E1
3.756000E1	-8.476984E1	4.767350E1
3.758000E1	-8.474236E1	4.761563E1
3.760000E1	-8.474563E1	4.749347E1
3.762000E1	-8.479793E1	4.727698E1
3.764000E1	-8.494831E1	4.698717E1
3.766000E1	-8.536482E1	4.638722E1
3.768000E1	-8.579787E1	4.548878E1
3.770000E1	-8.582629E1	4.453176E1
3.772000E1	-8.594390E1	4.436112E1
3.774000E1	-8.597416E1	4.433720E1
3.776000E1	-8.614843E1	4.407571E1
3.778000E1	-8.621086E1	4.335618E1
3.780000E1	-8.620976E1	4.238112E1
3.782000E1	-8.631799E1	4.146462E1
3.784000E1	-8.654948E1	4.094961E1
3.786000E1	-8.662375E1	4.097423E1
3.788000E1	-8.667964E1	4.095158E1
3.790000E1	-8.716000E1	4.052456E1
3.792000E1	-8.764136E1	4.013526E1
3.794000E1	-8.790355E1	3.957340E1
3.796000E1	-8.830372E1	3.897803E1
3.798000E1	-8.862646E1	3.863107E1
3.800000E1	-8.871642E1	3.853894E1
3.802000E1	-8.873583E1	3.844470E1
3.804000E1	-8.873026E1	3.833819E1
3.806000E1	-8.871801E1	3.834932E1
3.808000E1	-8.870834E1	3.837950E1
3.810000E1	-8.870143E1	3.840298E1
3.812000E1	-8.887142E1	3.836526E1
3.814000E1	-8.895406E1	3.805789E1
3.816000E1	-8.887852E1	3.803768E1
3.818000E1	-8.887564E1	3.792695E1
3.820000E1	-8.923894E1	3.780080E1
3.822000E1	-8.952311E1	3.737971E1
3.824000E1	-8.946106E1	3.733942E1
3.826000E1	-8.926946E1	3.737464E1
3.828000E1	-8.924834E1	3.750720E1
3.830000E1	-8.936176E1	3.764608E1
3.832000E1	-8.933757E1	3.764749E1
3.834000E1	-8.929129E1	3.747773E1
3.836000E1	-8.920112E1	3.743391E1
3.838000E1	-8.917660E1	3.683482E1
3.840000E1	-8.941641E1	3.644971E1
3.842000E1	-8.942333E1	3.564953E1
3.844000E1	-8.942742E1	3.469987E1
3.846000E1	-9.006029E1	3.384027E1
3.848000E1	-9.047726E1	3.321861E1
3.850000E1	-9.040017E1	3.308650E1
3.852000E1	-8.999546E1	3.300511E1
3.854000E1	-8.985147E1	3.250897E1
3.856000E1	-8.978306E1	3.224766E1
3.858000E1	-8.987504E1	3.163261E1
3.860000E1	-8.984481E1	3.078189E1
3.862000E1	-8.982530E1	2.997393E1
3.864000E1	-9.004979E1	2.928584E1
3.866000E1	-9.023967E1	2.912769E1
3.868000E1	-9.051510E1	2.839544E1
3.870000E1	-9.054981E1	2.751907E1
3.872000E1	-9.051978E1	2.666964E1
3.874000E1	-9.057931E1	2.617665E1
3.876000E1	-9.067008E1	2.627203E1
3.878000E1	-9.067718E1	2.623979E1
3.880000E1	-9.065933E1	2.628955E1
3.882000E1	-9.077522E1	2.614927E1
3.884000E1	-9.102291E1	2.605578E1
3.886000E1	-9.109849E1	2.572911E1
3.888000E1	-9.099312E1	2.549421E1
3.890000E1	-9.108263E1	2.529654E1
3.892000E1	-9.109530E1	2.525906E1
3.894000E1	-9.128605E1	2.537167E1
3.896000E1	-9.124091E1	2.534801E1
3.898000E1	-9.142042E1	2.494785E1
3.900000E1	-9.191301E1	2.426675E1
3.902000E1	-9.250862E1	2.365758E1
3.904000E1	-9.303626E1	2.309849E1
3.906000E1	-9.344678E1	2.271582E1
3.908000E1	-9.356569E1	2.235604E1
3.910000E1	-9.348728E1	2.228273E1
3.912000E1	-9.346945E1	2.196194E1
3.914000E1	-9.340014E1	2.128213E1
3.916000E1	-9.339457E1	2.132916E1
3.918000E1	-9.332224E1	2.136536E1
3.920000E1	-9.348251E1	2.149012E1
3.922000E1	-9.376242E1	2.160045E1
3.924000E1	-9.365896E1	2.157473E1
3.926000E1	-9.329920E1	2.132752E1
3.928000E1	-9.358506E1	2.071206E1
3.930000E1	-9.369292E1	1.998063E1
3.932000E1	-9.364482E1	1.932165E1
3.934000E1	-9.322356E1	1.934342E1
3.936000E1	-9.306268E1	1.922771E1
3.938000E1	-9.312571E1	1.899271E1
3.940000E1	-9.310734E1	1.892535E1
3.942000E1	-9.275839E1	1.871878E1
3.944000E1	-9.257677E1	1.820832E1
3.946000E1	-9.253092E1	1.802218E1
3.948000E1	-9.273224E1	1.725914E1
3.950000E1	-9.284802E1	1.611467E1
3.952000E1	-9.281069E1	1.485858E1
3.954000E1	-9.269134E1	1.410636E1
3.956000E1	-9.270936E1	1.336214E1
3.958000E1	-9.267633E1	1.261859E1
3.960000E1	-9.267720E1	1.186747E1
3.962000E1	-9.259696E1	1.098879E1
3.964000E1	-9.212615E1	1.021587E1
3.966000E1	-9.190334E1	9.527011E0
3.968000E1	-9.195646E1	9.420790E0
3.970000E1	-9.197123E1	9.363025E0
3.972000E1	-9.200891E1	9.343093E0
3.974000E1	-9.221772E1	9.079554E0
3.976000E1	-9.228281E1	8.853633E0
3.978000E1	-9.239412E1	8.542627E0
3.980000E1	-9.241576E1	7.895084E0
3.982000E1	-9.236700E1	7.299745E0
3.984000E1	-9.249075E1	7.361655E0
3.986000E1	-9.259071E1	7.348676E0
3.988000E1	-9.263545E1	7.358855E0
3.990000E1	-9.263242E1	7.343886E0
3.992000E1	-9.273992E1	7.293341E0
3.994000E1	-9.318272E1	7.166904E0
3.996000E1	-9.331046E1	6.487728E0
3.998000E1	-9.333639E1	6.228373E0
4.000000E1	-9.333547E1	6.116660E0
4.002000E1	-9.348863E1	6.026949E0
4.004000E1	-9.354566E1	5.979568E0
4.006000E1	-9.352176E1	5.860334E0
4.008000E1	-9.354280E1	5.248365E0
4.010000E1	-9.387909E1	4.891082E0
4.012000E1	-9.445142E1	4.561097E0
4.014000E1	-9.499690E1	4.404557E0
4.016000E1	-9.510423E1	4.100348E0
4.018000E1	-9.506517E1	3.379480E0
4.020000E1	-9.493983E1	3.056842E0
4.022000E1	-9.488232E1	3.041982E0
4.024000E1	-9.478398E1	2.505974E0
4.026000E1	-9.466509E1	2.273628E0
4.028000E1	-9.459510E1	2.167099E0
4.030000E1	-9.454945E1	2.231463E0
4.032000E1	-9.438594E1	2.029814E0
4.034000E1	-9.412695E1	1.529890E0
4.036000E1	-9.397498E1	1.074337E0
4.038000E1	-9.424129E1	3.698673E-1
4.040000E1	-9.444317E1	-2.674770E-1
4.042000E1	-9.418736E1	-3.223155E-1
4.044000E1	-9.367813E1	-3.453113E-1
4.046000E1	-9.319492E1	-3.347170E-1
4.048000E1	-9.314934E1	-8.485247E-1
4.050000E1	-9.310180E1	-9.549844E-1
4.052000E1	-9.279405E1	-1.681643E0
4.054000E1	-9.238089E1	-2.467787E0
4.056000E1	-9.223337E1	-3.299315E0
4.058000E1	-9.215322E1	-4.092680E0
4.060000E1	-9.217986E1	-4.396394E0
4.062000E1	-9.216777E1	-4.506598E0
4.064000E1	-9.217442E1	-4.563724E0
4.066000E1	-9.227776E1	-4.828881E0
4.068000E1	-9.243064E1	-5.424473E0
4.070000E1	-9.255728E1	-5.793398E0
4.072000E1	-9.246718E1	-5.983840E0
4.074000E1	-9.226992E1	-6.258228E0
4.076000E1	-9.221924E1	-6.378702E0
4.078000E1	-9.217152E1	-6.464653E0
4.080000E1	-9.215448E1	-6.513582E0
4.082000E1	-9.214112E1	-6.645345E0
4.084000E1	-9.217902E1	-6.760074E0
4.086000E1	-9.242845E1	-6.987110E0
4.088000E1	-9.254369E1	-7.682646E0
4.090000E1	-9.256913E1	-8.373599E0
4.092000E1	-9.254601E1	-9.071959E0
4.094000E1	-9.260557E1	-9.137339E0
4.096000E1	-9.265293E1	-9.336224E0
4.098000E1	-9.264455E1	-9.639674E0
4.100000E1	-9.262091E1	-9.894124E0
4.102000E1	-9.269669E1	-1.058164E1
4.104000E1	-9.295843E1	-1.058593E1
4.106000E1	-9.334974E1	-1.103437E1
4.108000E1	-9.332382E1	-1.101080E1
4.110000E1	-9.307862E1	-1.091387E1
4.112000E1	-9.300818E1	-1.102449E1
4.114000E1	-9.296469E1	-1.152848E1
4.116000E1	-9.289985E1	-1.175906E1
4.118000E1	-9.282319E1	-1.230108E1
4.120000E1	-9.284202E1	-1.303837E1
4.122000E1	-9.298515E1	-1.372971E1
4.124000E1	-9.294917E1	-1.375710E1
4.126000E1	-9.292696E1	-1.384435E1
4.128000E1	-9.299134E1	-1.472936E1
4.130000E1	-9.297985E1	-1.562902E1
4.132000E1	-9.257281E1	-1.627822E1
4.134000E1	-9.218476E1	-1.649663E1
4.136000E1	-9.208428E1	-1.660547E1
4.138000E1	-9.203247E1	-1.668249E1
4.140000E1	-9.191799E1	-1.653156E1
4.142000E1	-9.183909E1	-1.674495E1
4.144000E1	-9.142907E1	-1.748542E1
4.146000E1	-9.098939E1	-1.812459E1
4.148000E1	-9.073200E1	-1.883309E1
4.150000E1	-9.068076E1	-1.926710E1
4.152000E1	-9.092028E1	-1.937902E1
4.154000E1	-9.098520E1	-1.928963E1
4.156000E1	-9.102314E1	-1.916208E1
4.158000E1	-9.101557E1	-1.864393E1
4.160000E1	-9.114760E1	-1.873446E1
4.162000E1	-9.103458E1	-1.878045E1
4.164000E1	-9.072436E1	-1.902857E1
4.166000E1	-9.062766E1	-1.950432E1
4.168000E1	-9.057964E1	-1.964039E1
4.170000E1	-9.073119E1	-1.974895E1
4.172000E1	-9.070423E1	-1.984446E1
4.174000E1	-9.067890E1	-1.991796E1
4.176000E1	-9.068125E1	-2.002156E1
4.178000E1	-9.100211E1	-2.031315E1
4.180000E1	-9.126295E1	-2.082743E1
4.182000E1	-9.124677E1	-2.156835E1
4.184000E1	-9.117453E1	-2.197492E1
4.186000E1	-9.077911E1	-2.210063E1
4.188000E1	-9.047049E1	-2.270174E1
4.190000E1	-9.010787E1	-2.312348E1
4.192000E1	-8.972771E1	-2.386836E1
4.194000E1	-8.964915E1	-2.464107E1
4.196000E1	-8.983740E1	-2.520960E1
4.198000E1	-9.023031E1	-2.522535E1
4.200000E1	-9.026113E1	-2.541050E1
4.202000E1	-9.011334E1	-2.566300E1
4.204000E1	-8.968468E1	-2.572790E1
4.206000E1	-8.968438E1	-2.580914E1
4.208000E1	-8.964831E1	-2.603191E1
4.210000E1	-8.966026E1	-2.662529E1
4.212000E1	-8.951742E1	-2.708231E1
4.214000E1	-8.928824E1	-2.765246E1
4.216000E1	-8.925090E1	-2.761490E1
4.218000E1	-8.922371E1	-2.759557E1
4.220000E1	-8.911777E1	-2.761245E1
4.222000E1	-8.891154E1	-2.808791E1
4.224000E1	-8.874295E1	-2.881741E1
4.226000E1	-8.846327E1	-2.972409E1
4.228000E1	-8.825654E1	-3.058545E1
4.230000E1	-8.818603E1	-3.061664E1
4.232000E1	-8.816197E1	-3.067012E1
4.234000E1	-8.817038E1	-3.116424E1
4.236000E1	-8.792797E1	-3.208806E1
4.238000E1	-8.752890E1	-3.339029E1
4.240000E1	-8.713755E1	-3.440724E1
4.242000E1	-8.712096E1	-3.521892E1
4.244000E1	-8.720672E1	-3.497651E1
4.246000E1	-8.726791E1	-3.470161E1
4.248000E1	-8.726220E1	-3.481720E1
4.250000E1	-8.720297E1	-3.513367E1
4.252000E1	-8.718297E1	-3.507692E1
4.254000E1	-8.713898E1	-3.519876E1
4.256000E1	-8.685618E1	-3.546498E1
4.258000E1	-8.660230E1	-3.583322E1
4.260000E1	-8.664669E1	-3.592669E1
4.262000E1	-8.678198E1	-3.609771E1
4.264000E1	-8.699380E1	-3.632204E1
4.266000E1	-8.693961E1	-3.636902E1
4.268000E1	-8.666628E1	-3.634813E1
4.270000E1	-8.695540E1	-3.621875E1
4.272000E1	-8.690347E1	-3.625360E1
4.274000E1	-8.681149E1	-3.628897E1
4.276000E1	-8.678630E1	-3.628713E1
4.278000E1	-8.673515E1	-3.630737E1
4.280000E1	-8.674216E1	-3.631335E1
4.282000E1	-8.672610E1	-3.643776E1
4.284000E1	-8.663281E1	-3.682071E1
4.286000E1	-8.661516E1	-3.714011E1
4.288000E1	-8.669948E1	-3.767464E1
4.290000E1	-8.692405E1	-3.799022E1
4.292000E1	-8.681146E1	-3.871474E1
4.294000E1	-8.642600E1	-3.892619E1
4.296000E1	-8.606429E1	-3.919294E1
4.298000E1	-8.598017E1	-3.930946E1
4.300000E1	-8.552933E1	-3.950245E1
4.302000E1	-8.498658E1	-3.995119E1
4.304000E1	-8.473601E1	-4.064330E1
4.306000E1	-8.468157E1	-4.137882E1
4.308000E1	-8.462719E1	-4.142172E1
4.310000E1	-8.465537E1	-4.145462E1
4.312000E1	-8.431655E1	-4.159368E1
4.314000E1	-8.423224E1	-4.243796E1
4.316000E1	-8.377794E1	-4.343800E1
4.318000E1	-8.331944E1	-4.438877E1
4.320000E1	-8.323499E1	-4.490761E1
4.322000E1	-8.323812E1	-4.497057E1
4.324000E1	-8.329109E1	-4.512733E1
4.326000E1	-8.317445E1	-4.572942E1
4.328000E1	-8.266953E1	-4.632021E1
4.330000E1	-8.218239E1	-4.661831E1
4.332000E1	-8.179399E1	-4.711144E1
4.334000E1	-8.187294E1	-4.733518E1
4.336000E1	-8.189622E1	-4.743747E1
4.338000E1	-8.190520E1	-4.742175E1
4.340000E1	-8.191719E1	-4.758901E1
4.342000E1	-8.189714E1	-4.819504E1
4.344000E1	-8.189910E1	-4.849344E1
4.346000E1	-8.180049E1	-4.907419E1
4.348000E1	-8.140592E1	-4.936832E1
4.350000E1	-8.141088E1	-5.023121E1
4.352000E1	-8.177710E1	-5.093225E1
4.354000E1	-8.206297E1	-5.101468E1
4.356000E1	-8.204465E1	-5.084853E1
4.358000E1	-8.200604E1	-5.087279E1
4.360000E1	-8.192454E1	-5.115716E1
4.362000E1	-8.188996E1	-5.138531E1
4.364000E1	-8.184506E1	-5.135826E1
4.366000E1	-8.181772E1	-5.132502E1
4.368000E1	-8.181692E1	-5.135019E1
4.370000E1	-8.171101E1	-5.138761E1
4.372000E1	-8.132997E1	-5.170275E1
4.374000E1	-8.128883E1	-5.218274E1
4.376000E1	-8.131444E1	-5.255383E1
4.378000E1	-8.167926E1	-5.258234E1
4.380000E1	-8.175774E1	-5.237784E1
4.382000E1	-8.177022E1	-5.223176E1
4.384000E1	-8.174661E1	-5.223880E1
4.386000E1	-8.168813E1	-5.226798E1
4.388000E1	-8.126453E1	-5.278967E1
4.390000E1	-8.077631E1	-5.303739E1
4.392000E1	-8.036812E1	-5.327571E1
4.394000E1	-8.007764E1	-5.410631E1
4.396000E1	-7.984231E1	-5.486495E1
4.398000E1	-7.956831E1	-5.493078E1
4.400000E1	-7.944089E1	-5.502177E1
4.402000E1	-7.931475E1	-5.507567E1
4.404000E1	-7.897615E1	-5.561425E1
4.406000E1	-7.853064E1	-5.643641E1
4.408000E1	-7.806073E1	-5.732384E1
4.410000E1	-7.730490E1	-5.745206E1
4.412000E1	-7.675518E1	-5.769184E1
4.414000E1	-7.627356E1	-5.793533E1
4.416000E1	-7.614196E1	-5.802044E1
4.418000E1	-7.581051E1	-5.860773E1
4.420000E1	-7.538144E1	-5.888641E1
4.422000E1	-7.496824E1	-5.969784E1
4.424000E1	-7.451160E1	-6.044935E1
4.426000E1	-7.450188E1	-6.123680E1
4.428000E1	-7.443045E1	-6.172478E1
4.430000E1	-7.445604E1	-6.176962E1
4.432000E1	-7.447373E1	-6.187672E1
4.434000E1	-7.452884E1	-6.198657E1
4.436000E1	-7.451294E1	-6.212527E1
4.438000E1	-7.409759E1	-6.237753E1
4.440000E1	-7.406966E1	-6.260728E1
4.442000E1	-7.390951E1	-6.272167E1
4.444000E1	-7.386419E1	-6.289591E1
4.446000E1	-7.381400E1	-6.307521E1
4.448000E1	-7.373976E1	-6.330979E1
4.450000E1	-7.386591E1	-6.357004E1
