	mass D		
t	x	y	
0.000000E0	1.158350E2	-4.829566E1
2.000000E-2	1.158350E2	-4.829566E1
4.000000E-2	1.159161E2	-4.819717E1
6.000000E-2	1.159188E2	-4.819015E1
8.000000E-2	1.159023E2	-4.809759E1
1.000000E-1	1.160183E2	-4.767052E1
1.200000E-1	1.160967E2	-4.684212E1
1.400000E-1	1.161324E2	-4.545255E1
1.600000E-1	1.157662E2	-4.416355E1
1.800000E-1	1.157777E2	-4.353289E1
2.000000E-1	1.158846E2	-4.346438E1
2.200000E-1	1.163479E2	-4.333758E1
2.400000E-1	1.165559E2	-4.312865E1
2.600000E-1	1.164903E2	-4.305667E1
2.800000E-1	1.165147E2	-4.298292E1
3.000000E-1	1.167336E2	-4.249616E1
3.200000E-1	1.171574E2	-4.168008E1
3.400000E-1	1.175589E2	-4.152361E1
3.600000E-1	1.176125E2	-4.117770E1
3.800000E-1	1.176885E2	-4.062371E1
4.000000E-1	1.177596E2	-4.042555E1
4.200000E-1	1.177748E2	-4.022673E1
4.400000E-1	1.178226E2	-4.004463E1
4.600000E-1	1.182160E2	-3.964889E1
4.800000E-1	1.184821E2	-3.920690E1
5.000000E-1	1.189315E2	-3.854801E1
5.200000E-1	1.192396E2	-3.822155E1
5.400000E-1	1.194104E2	-3.779501E1
5.600000E-1	1.197610E2	-3.720575E1
5.800000E-1	1.202321E2	-3.633499E1
6.000000E-1	1.207234E2	-3.520576E1
6.200000E-1	1.211115E2	-3.436206E1
6.400000E-1	1.210813E2	-3.385762E1
6.600000E-1	1.210610E2	-3.384887E1
6.800000E-1	1.208681E2	-3.369900E1
7.000000E-1	1.207359E2	-3.313611E1
7.200000E-1	1.210111E2	-3.292161E1
7.400000E-1	1.212730E2	-3.281839E1
7.600000E-1	1.213996E2	-3.263976E1
7.800000E-1	1.213350E2	-3.267076E1
8.000000E-1	1.212196E2	-3.260901E1
8.200000E-1	1.212102E2	-3.260625E1
8.400000E-1	1.211940E2	-3.266156E1
8.600000E-1	1.210051E2	-3.245364E1
8.800000E-1	1.207078E2	-3.215505E1
9.000000E-1	1.207642E2	-3.186196E1
9.200000E-1	1.208570E2	-3.170754E1
9.400000E-1	1.209576E2	-3.163274E1
9.600000E-1	1.210272E2	-3.161383E1
9.800000E-1	1.210858E2	-3.145746E1
1.000000E0	1.211209E2	-3.132193E1
1.020000E0	1.211071E2	-3.128291E1
1.040000E0	1.211422E2	-3.114554E1
1.060000E0	1.211305E2	-3.068751E1
1.080000E0	1.211019E2	-3.063572E1
1.100000E0	1.210382E2	-3.048018E1
1.120000E0	1.210601E2	-3.018540E1
1.140000E0	1.211149E2	-2.971355E1
1.160000E0	1.211659E2	-2.936148E1
1.180000E0	1.212459E2	-2.928836E1
1.200000E0	1.213363E2	-2.880937E1
1.220000E0	1.211577E2	-2.762757E1
1.240000E0	1.208215E2	-2.640114E1
1.260000E0	1.207372E2	-2.518038E1
1.280000E0	1.211140E2	-2.439714E1
1.300000E0	1.211342E2	-2.432167E1
1.320000E0	1.211435E2	-2.437027E1
1.340000E0	1.212294E2	-2.447603E1
1.360000E0	1.217183E2	-2.465118E1
1.380000E0	1.221038E2	-2.457832E1
1.400000E0	1.222344E2	-2.409635E1
1.420000E0	1.222535E2	-2.340315E1
1.440000E0	1.224745E2	-2.314594E1
1.460000E0	1.225691E2	-2.281737E1
1.480000E0	1.226770E2	-2.202879E1
1.500000E0	1.228531E2	-2.129868E1
1.520000E0	1.231310E2	-2.105183E1
1.540000E0	1.232168E2	-2.099473E1
1.560000E0	1.231037E2	-2.094076E1
1.580000E0	1.230772E2	-2.097131E1
1.600000E0	1.230359E2	-2.101704E1
1.620000E0	1.231386E2	-2.084905E1
1.640000E0	1.231696E2	-2.017147E1
1.660000E0	1.232284E2	-2.010859E1
1.680000E0	1.232769E2	-1.980903E1
1.700000E0	1.232476E2	-1.974921E1
1.720000E0	1.231807E2	-1.966185E1
1.740000E0	1.230933E2	-1.945910E1
1.760000E0	1.230084E2	-1.877942E1
1.780000E0	1.228571E2	-1.843815E1
1.800000E0	1.227010E2	-1.836069E1
1.820000E0	1.226945E2	-1.831159E1
1.840000E0	1.229953E2	-1.795082E1
1.860000E0	1.230858E2	-1.736682E1
1.880000E0	1.231372E2	-1.701037E1
1.900000E0	1.231708E2	-1.672109E1
1.920000E0	1.231554E2	-1.670963E1
1.940000E0	1.231877E2	-1.669485E1
1.960000E0	1.232325E2	-1.643839E1
1.980000E0	1.231129E2	-1.623306E1
2.000000E0	1.230006E2	-1.580407E1
2.020000E0	1.229748E2	-1.549872E1
2.040000E0	1.231174E2	-1.523536E1
2.060000E0	1.231400E2	-1.486917E1
2.080000E0	1.231663E2	-1.481406E1
2.100000E0	1.232163E2	-1.467414E1
2.120000E0	1.232467E2	-1.439099E1
2.140000E0	1.234710E2	-1.406160E1
2.160000E0	1.234954E2	-1.335776E1
2.180000E0	1.237056E2	-1.265936E1
2.200000E0	1.237250E2	-1.251049E1
2.220000E0	1.235755E2	-1.219610E1
2.240000E0	1.235712E2	-1.226796E1
2.260000E0	1.236743E2	-1.228180E1
2.280000E0	1.241536E2	-1.199523E1
2.300000E0	1.242548E2	-1.104706E1
2.320000E0	1.241576E2	-1.018431E1
2.340000E0	1.235764E2	-9.112413E0
2.360000E0	1.229188E2	-7.878752E0
2.380000E0	1.231903E2	-7.289512E0
2.400000E0	1.236369E2	-6.581306E0
2.420000E0	1.237982E2	-6.308455E0
2.440000E0	1.241115E2	-6.656477E0
2.460000E0	1.242394E2	-6.932049E0
2.480000E0	1.241885E2	-6.997773E0
2.500000E0	1.241100E2	-6.983632E0
2.520000E0	1.240167E2	-6.310197E0
2.540000E0	1.241036E2	-6.211915E0
2.560000E0	1.242156E2	-6.154180E0
2.580000E0	1.241798E2	-5.602107E0
2.600000E0	1.241611E2	-5.337832E0
2.620000E0	1.241150E2	-5.182277E0
2.640000E0	1.241581E2	-5.266713E0
2.660000E0	1.241446E2	-5.186416E0
2.680000E0	1.240020E2	-5.135643E0
2.700000E0	1.239772E2	-5.163063E0
2.720000E0	1.240560E2	-5.172504E0
2.740000E0	1.241701E2	-4.928207E0
2.760000E0	1.241571E2	-4.836879E0
2.780000E0	1.241171E2	-4.682492E0
2.800000E0	1.239994E2	-4.065407E0
2.820000E0	1.239340E2	-3.411574E0
2.840000E0	1.238838E2	-2.653720E0
2.860000E0	1.238990E2	-1.808759E0
2.880000E0	1.236764E2	-9.865208E-1
2.900000E0	1.232304E2	-2.428906E-1
2.920000E0	1.231444E2	1.241918E-1
2.940000E0	1.232977E2	6.386602E-1
2.960000E0	1.234011E2	1.479754E0
2.980000E0	1.234703E2	1.950362E0
3.000000E0	1.235113E2	1.995554E0
3.020000E0	1.234889E2	2.063087E0
3.040000E0	1.235487E2	2.152163E0
3.060000E0	1.237152E2	2.622631E0
3.080000E0	1.235898E2	3.159723E0
3.100000E0	1.236823E2	3.351456E0
3.120000E0	1.236541E2	3.597650E0
3.140000E0	1.235570E2	4.024361E0
3.160000E0	1.236514E2	3.738411E0
3.180000E0	1.240069E2	3.728237E0
3.200000E0	1.241375E2	4.663880E0
3.220000E0	1.241585E2	5.167751E0
3.240000E0	1.241334E2	5.138121E0
3.260000E0	1.240312E2	5.344493E0
3.280000E0	1.241120E2	6.129489E0
3.300000E0	1.242164E2	6.966440E0
3.320000E0	1.243063E2	7.943720E0
3.340000E0	1.244103E2	8.330789E0
3.360000E0	1.244537E2	8.241142E0
3.380000E0	1.244916E2	8.021922E0
3.400000E0	1.245075E2	8.030058E0
3.420000E0	1.242176E2	8.444666E0
3.440000E0	1.237344E2	9.357168E0
3.460000E0	1.232375E2	1.030469E1
3.480000E0	1.227815E2	1.105139E1
3.500000E0	1.229104E2	1.099250E1
3.520000E0	1.230639E2	1.095405E1
3.540000E0	1.231859E2	1.094622E1
3.560000E0	1.231540E2	1.086166E1
3.580000E0	1.231412E2	1.083083E1
3.600000E0	1.231167E2	1.082018E1
3.620000E0	1.230345E2	1.081450E1
3.640000E0	1.231096E2	1.086031E1
3.660000E0	1.231257E2	1.087813E1
3.680000E0	1.231024E2	1.090354E1
3.700000E0	1.227321E2	1.117458E1
3.720000E0	1.226327E2	1.141140E1
3.740000E0	1.226258E2	1.144436E1
3.760000E0	1.226390E2	1.160798E1
3.780000E0	1.226229E2	1.167518E1
3.800000E0	1.224384E2	1.176711E1
3.820000E0	1.224946E2	1.194692E1
3.840000E0	1.226950E2	1.216736E1
3.860000E0	1.226518E2	1.284065E1
3.880000E0	1.223030E2	1.352105E1
3.900000E0	1.221634E2	1.407932E1
3.920000E0	1.218105E2	1.487941E1
3.940000E0	1.217044E2	1.577064E1
3.960000E0	1.216467E2	1.626833E1
3.980000E0	1.214417E2	1.677726E1
4.000000E0	1.211494E2	1.759828E1
4.020000E0	1.211770E2	1.821736E1
4.040000E0	1.212358E2	1.875977E1
4.060000E0	1.212282E2	1.886498E1
4.080000E0	1.215666E2	1.889025E1
4.100000E0	1.218398E2	1.961002E1
4.120000E0	1.217454E2	2.050317E1
4.140000E0	1.216400E2	2.106507E1
4.160000E0	1.216554E2	2.107826E1
4.180000E0	1.216762E2	2.118168E1
4.200000E0	1.216825E2	2.207277E1
4.220000E0	1.216871E2	2.294835E1
4.240000E0	1.220682E2	2.304094E1
4.260000E0	1.220808E2	2.291495E1
4.280000E0	1.220920E2	2.288057E1
4.300000E0	1.219320E2	2.301397E1
4.320000E0	1.216971E2	2.318654E1
4.340000E0	1.217045E2	2.315113E1
4.360000E0	1.216853E2	2.344655E1
4.380000E0	1.216960E2	2.395007E1
4.400000E0	1.215597E2	2.434789E1
4.420000E0	1.215571E2	2.435419E1
4.440000E0	1.215818E2	2.423436E1
4.460000E0	1.215352E2	2.433193E1
4.480000E0	1.215152E2	2.428434E1
4.500000E0	1.214218E2	2.433906E1
4.520000E0	1.211241E2	2.443363E1
4.540000E0	1.205855E2	2.509185E1
4.560000E0	1.196255E2	2.593753E1
4.580000E0	1.189515E2	2.680573E1
4.600000E0	1.188282E2	2.712606E1
4.620000E0	1.191119E2	2.740035E1
4.640000E0	1.192541E2	2.758110E1
4.660000E0	1.193508E2	2.757930E1
4.680000E0	1.193265E2	2.752788E1
4.700000E0	1.192463E2	2.742485E1
4.720000E0	1.192443E2	2.745881E1
4.740000E0	1.193002E2	2.771027E1
4.760000E0	1.192021E2	2.834051E1
4.780000E0	1.186929E2	2.894489E1
4.800000E0	1.184890E2	2.951677E1
4.820000E0	1.183359E2	3.002968E1
4.840000E0	1.181452E2	3.029562E1
4.860000E0	1.181972E2	3.054870E1
4.880000E0	1.182637E2	3.091089E1
4.900000E0	1.182518E2	3.145459E1
4.920000E0	1.181909E2	3.173073E1
4.940000E0	1.180941E2	3.211372E1
4.960000E0	1.180472E2	3.223425E1
4.980000E0	1.183267E2	3.260872E1
5.000000E0	1.182278E2	3.359332E1
5.020000E0	1.177232E2	3.477382E1
5.040000E0	1.172561E2	3.590063E1
5.060000E0	1.167662E2	3.676147E1
5.080000E0	1.166684E2	3.754104E1
5.100000E0	1.166426E2	3.834939E1
5.120000E0	1.165881E2	3.924114E1
5.140000E0	1.168727E2	3.986473E1
5.160000E0	1.170399E2	4.004878E1
5.180000E0	1.170607E2	4.000765E1
5.200000E0	1.169723E2	4.003573E1
5.220000E0	1.164594E2	4.066214E1
5.240000E0	1.163924E2	4.065813E1
5.260000E0	1.163807E2	4.068999E1
5.280000E0	1.163686E2	4.093870E1
5.300000E0	1.163098E2	4.160613E1
5.320000E0	1.160153E2	4.192028E1
5.340000E0	1.160208E2	4.190846E1
5.360000E0	1.162469E2	4.176965E1
5.380000E0	1.162162E2	4.174465E1
5.400000E0	1.158010E2	4.186482E1
5.420000E0	1.156645E2	4.193741E1
5.440000E0	1.157453E2	4.198559E1
5.460000E0	1.157629E2	4.199117E1
5.480000E0	1.157224E2	4.211715E1
5.500000E0	1.154758E2	4.225963E1
5.520000E0	1.154127E2	4.240275E1
5.540000E0	1.153962E2	4.245401E1
5.560000E0	1.153944E2	4.254284E1
5.580000E0	1.153476E2	4.251580E1
5.600000E0	1.149467E2	4.252669E1
5.620000E0	1.146941E2	4.274158E1
5.640000E0	1.140183E2	4.326685E1
5.660000E0	1.127250E2	4.448672E1
5.680000E0	1.118780E2	4.580614E1
5.700000E0	1.117363E2	4.630173E1
5.720000E0	1.117988E2	4.626982E1
5.740000E0	1.119631E2	4.628495E1
5.760000E0	1.120469E2	4.630010E1
5.780000E0	1.122881E2	4.651991E1
5.800000E0	1.123024E2	4.697939E1
5.820000E0	1.123113E2	4.706082E1
5.840000E0	1.119507E2	4.752347E1
5.860000E0	1.118704E2	4.794342E1
5.880000E0	1.119786E2	4.817517E1
5.900000E0	1.119439E2	4.844479E1
5.920000E0	1.116639E2	4.860941E1
5.940000E0	1.114327E2	4.899670E1
5.960000E0	1.110725E2	4.929666E1
5.980000E0	1.110468E2	4.980735E1
6.000000E0	1.109975E2	5.028812E1
6.020000E0	1.110154E2	5.111434E1
6.040000E0	1.110671E2	5.189254E1
6.060000E0	1.110578E2	5.218053E1
6.080000E0	1.110423E2	5.217567E1
6.100000E0	1.109334E2	5.217607E1
6.120000E0	1.104877E2	5.243810E1
6.140000E0	1.100413E2	5.298667E1
6.160000E0	1.097858E2	5.335476E1
6.180000E0	1.098455E2	5.351037E1
6.200000E0	1.097287E2	5.395338E1
6.220000E0	1.097115E2	5.397739E1
6.240000E0	1.098067E2	5.404842E1
6.260000E0	1.098389E2	5.435058E1
6.280000E0	1.098892E2	5.433034E1
6.300000E0	1.098862E2	5.434379E1
6.320000E0	1.095164E2	5.449876E1
6.340000E0	1.094430E2	5.503392E1
6.360000E0	1.093855E2	5.508926E1
6.380000E0	1.092719E2	5.517993E1
6.400000E0	1.089910E2	5.525610E1
6.420000E0	1.089693E2	5.550211E1
6.440000E0	1.086518E2	5.588770E1
6.460000E0	1.086420E2	5.602838E1
6.480000E0	1.086323E2	5.611029E1
6.500000E0	1.082782E2	5.612838E1
6.520000E0	1.081209E2	5.621373E1
6.540000E0	1.082935E2	5.636082E1
6.560000E0	1.080026E2	5.667959E1
6.580000E0	1.076439E2	5.706804E1
6.600000E0	1.071354E2	5.752806E1
6.620000E0	1.067520E2	5.798680E1
6.640000E0	1.065791E2	5.836739E1
6.660000E0	1.066079E2	5.852998E1
6.680000E0	1.065460E2	5.895807E1
6.700000E0	1.065123E2	5.913840E1
6.720000E0	1.063051E2	5.937782E1
6.740000E0	1.061461E2	5.942530E1
6.760000E0	1.050516E2	5.989351E1
6.780000E0	1.040128E2	6.071023E1
6.800000E0	1.032636E2	6.180173E1
6.820000E0	1.033061E2	6.227812E1
6.840000E0	1.033287E2	6.237307E1
6.860000E0	1.032693E2	6.234954E1
6.880000E0	1.033365E2	6.259383E1
6.900000E0	1.036339E2	6.318461E1
6.920000E0	1.036502E2	6.378443E1
6.940000E0	1.035394E2	6.432506E1
6.960000E0	1.032045E2	6.476183E1
6.980000E0	1.032905E2	6.471714E1
7.000000E0	1.032493E2	6.465907E1
7.020000E0	1.027599E2	6.469155E1
7.040000E0	1.023080E2	6.481217E1
7.060000E0	1.023372E2	6.531462E1
7.080000E0	1.024096E2	6.538888E1
7.100000E0	1.022298E2	6.558218E1
7.120000E0	1.022086E2	6.574970E1
7.140000E0	1.022404E2	6.570836E1
7.160000E0	1.022455E2	6.569189E1
7.180000E0	1.022474E2	6.567547E1
7.200000E0	1.021890E2	6.566653E1
7.220000E0	1.018633E2	6.560478E1
7.240000E0	1.017462E2	6.577169E1
7.260000E0	1.011601E2	6.632248E1
7.280000E0	1.004312E2	6.689347E1
7.300000E0	9.947477E1	6.752805E1
7.320000E0	9.892768E1	6.820676E1
7.340000E0	9.872203E1	6.878258E1
7.360000E0	9.878079E1	6.923552E1
7.380000E0	9.879982E1	6.962613E1
7.400000E0	9.851950E1	6.980926E1
7.420000E0	9.801628E1	6.994961E1
7.440000E0	9.794913E1	7.009078E1
7.460000E0	9.771361E1	7.042625E1
7.480000E0	9.737049E1	7.100730E1
7.500000E0	9.729314E1	7.102025E1
7.520000E0	9.706908E1	7.124714E1
7.540000E0	9.675136E1	7.146952E1
7.560000E0	9.704762E1	7.155433E1
7.580000E0	9.701274E1	7.175712E1
7.600000E0	9.662130E1	7.221655E1
7.620000E0	9.649797E1	7.234847E1
7.640000E0	9.637919E1	7.244761E1
7.660000E0	9.626811E1	7.244251E1
7.680000E0	9.625557E1	7.295232E1
7.700000E0	9.584458E1	7.382237E1
7.720000E0	9.534740E1	7.434350E1
7.740000E0	9.490352E1	7.472780E1
7.760000E0	9.477641E1	7.490734E1
7.780000E0	9.478792E1	7.503732E1
7.800000E0	9.478433E1	7.562572E1
7.820000E0	9.454815E1	7.630847E1
7.840000E0	9.432256E1	7.705091E1
7.860000E0	9.380628E1	7.717370E1
7.880000E0	9.292731E1	7.730949E1
7.900000E0	9.226887E1	7.733776E1
7.920000E0	9.142838E1	7.735041E1
7.940000E0	9.137764E1	7.740299E1
7.960000E0	9.166387E1	7.763415E1
7.980000E0	9.169220E1	7.784565E1
8.000000E0	9.157331E1	7.824210E1
8.020000E0	9.154927E1	7.842849E1
8.040000E0	9.144969E1	7.845350E1
8.060000E0	9.135993E1	7.841083E1
8.080000E0	9.129690E1	7.840377E1
8.100000E0	9.118518E1	7.839882E1
8.120000E0	9.096441E1	7.831971E1
8.140000E0	9.049986E1	7.836188E1
8.160000E0	9.049844E1	7.841230E1
8.180000E0	9.048069E1	7.841325E1
8.200000E0	9.047162E1	7.840546E1
8.220000E0	9.044530E1	7.839726E1
8.240000E0	9.046535E1	7.844662E1
8.260000E0	9.049221E1	7.849888E1
8.280000E0	9.051414E1	7.846850E1
8.300000E0	9.047615E1	7.840330E1
8.320000E0	9.018133E1	7.851081E1
8.340000E0	8.959059E1	7.874062E1
8.360000E0	8.856656E1	7.955047E1
8.380000E0	8.751422E1	8.027678E1
8.400000E0	8.705937E1	8.061611E1
8.420000E0	8.666789E1	8.078034E1
8.440000E0	8.634437E1	8.117252E1
8.460000E0	8.641749E1	8.150148E1
8.480000E0	8.618498E1	8.220148E1
8.500000E0	8.551098E1	8.279391E1
8.520000E0	8.519381E1	8.304270E1
8.540000E0	8.510223E1	8.321057E1
8.560000E0	8.513577E1	8.305840E1
8.580000E0	8.545120E1	8.326293E1
8.600000E0	8.481606E1	8.409939E1
8.620000E0	8.424140E1	8.460204E1
8.640000E0	8.385960E1	8.471391E1
8.660000E0	8.366339E1	8.488580E1
8.680000E0	8.410084E1	8.496340E1
8.700000E0	8.384798E1	8.562611E1
8.720000E0	8.363882E1	8.633391E1
8.740000E0	8.332983E1	8.688619E1
8.760000E0	8.335518E1	8.686018E1
8.780000E0	8.325358E1	8.690526E1
8.800000E0	8.287194E1	8.691975E1
8.820000E0	8.276397E1	8.694962E1
8.840000E0	8.249954E1	8.716482E1
8.860000E0	8.221576E1	8.730264E1
8.880000E0	8.214975E1	8.757348E1
8.900000E0	8.201584E1	8.780208E1
8.920000E0	8.199877E1	8.785736E1
8.940000E0	8.204302E1	8.789803E1
8.960000E0	8.169767E1	8.799913E1
8.980000E0	8.055818E1	8.813029E1
9.000000E0	7.912943E1	8.807006E1
9.020000E0	7.856983E1	8.800354E1
9.040000E0	7.858914E1	8.804218E1
9.060000E0	7.875241E1	8.829024E1
9.080000E0	7.888304E1	8.846624E1
9.100000E0	7.903581E1	8.856148E1
9.120000E0	7.901927E1	8.862123E1
9.140000E0	7.900691E1	8.856398E1
9.160000E0	7.887613E1	8.873001E1
9.180000E0	7.880497E1	8.882506E1
9.200000E0	7.878927E1	8.884029E1
9.220000E0	7.834130E1	8.885355E1
9.240000E0	7.780933E1	8.890854E1
9.260000E0	7.730970E1	8.920301E1
9.280000E0	7.696743E1	8.956040E1
9.300000E0	7.692018E1	8.972627E1
9.320000E0	7.660693E1	8.997614E1
9.340000E0	7.589379E1	9.049194E1
9.360000E0	7.586561E1	9.084914E1
9.380000E0	7.586471E1	9.117956E1
9.400000E0	7.547472E1	9.149674E1
9.420000E0	7.504520E1	9.166659E1
9.440000E0	7.454839E1	9.193868E1
9.460000E0	7.414221E1	9.213741E1
9.480000E0	7.372861E1	9.258535E1
9.500000E0	7.321657E1	9.306428E1
9.520000E0	7.224713E1	9.352680E1
9.540000E0	7.118143E1	9.381806E1
9.560000E0	7.057787E1	9.431812E1
9.580000E0	7.028043E1	9.474184E1
9.600000E0	7.019664E1	9.547436E1
9.620000E0	7.010154E1	9.610313E1
9.640000E0	6.979765E1	9.648148E1
9.660000E0	6.945795E1	9.654836E1
9.680000E0	6.941666E1	9.658458E1
9.700000E0	6.934511E1	9.651908E1
9.720000E0	6.886877E1	9.655667E1
9.740000E0	6.859850E1	9.675465E1
9.760000E0	6.831170E1	9.690466E1
9.780000E0	6.833583E1	9.696405E1
9.800000E0	6.831682E1	9.690577E1
9.820000E0	6.817231E1	9.716588E1
9.840000E0	6.795434E1	9.726121E1
9.860000E0	6.795193E1	9.723982E1
9.880000E0	6.792820E1	9.718432E1
9.900000E0	6.768767E1	9.711154E1
9.920000E0	6.768643E1	9.703282E1
9.940000E0	6.769304E1	9.707840E1
9.960000E0	6.744655E1	9.720453E1
9.980000E0	6.734347E1	9.724969E1
1.000000E1	6.731511E1	9.723539E1
1.002000E1	6.724889E1	9.728110E1
1.004000E1	6.722930E1	9.737832E1
1.006000E1	6.681786E1	9.752117E1
1.008000E1	6.633625E1	9.756662E1
1.010000E1	6.532850E1	9.729476E1
1.012000E1	6.395625E1	9.704977E1
1.014000E1	6.316707E1	9.736712E1
1.016000E1	6.279851E1	9.772414E1
1.018000E1	6.262232E1	9.788822E1
1.020000E1	6.258747E1	9.789278E1
1.022000E1	6.258999E1	9.798696E1
1.024000E1	6.251090E1	9.819964E1
1.026000E1	6.246641E1	9.824399E1
1.028000E1	6.224247E1	9.846788E1
1.030000E1	6.186907E1	9.918311E1
1.032000E1	6.156341E1	9.928974E1
1.034000E1	6.119923E1	9.917014E1
1.036000E1	6.077852E1	9.915574E1
1.038000E1	6.058679E1	9.935029E1
1.040000E1	6.015822E1	9.986946E1
1.042000E1	5.966793E1	1.001935E2
1.044000E1	5.916923E1	1.003167E2
1.046000E1	5.910402E1	1.004373E2
1.048000E1	5.897370E1	1.007329E2
1.050000E1	5.851545E1	1.012239E2
1.052000E1	5.773523E1	1.019837E2
1.054000E1	5.674652E1	1.026527E2
1.056000E1	5.598761E1	1.029796E2
1.058000E1	5.571519E1	1.029720E2
1.060000E1	5.569325E1	1.029748E2
1.062000E1	5.556911E1	1.029920E2
1.064000E1	5.479003E1	1.029542E2
1.066000E1	5.419729E1	1.030061E2
1.068000E1	5.405231E1	1.032018E2
1.070000E1	5.404052E1	1.035544E2
1.072000E1	5.398736E1	1.038292E2
1.074000E1	5.417219E1	1.038573E2
1.076000E1	5.416510E1	1.039006E2
1.078000E1	5.379769E1	1.039227E2
1.080000E1	5.369446E1	1.039191E2
1.082000E1	5.365604E1	1.036757E2
1.084000E1	5.327485E1	1.036223E2
1.086000E1	5.298919E1	1.038545E2
1.088000E1	5.232576E1	1.041408E2
1.090000E1	5.216326E1	1.042883E2
1.092000E1	5.223295E1	1.043470E2
1.094000E1	5.215921E1	1.044526E2
1.096000E1	5.181237E1	1.045282E2
1.098000E1	5.171831E1	1.045888E2
1.100000E1	5.166785E1	1.045380E2
1.102000E1	5.158197E1	1.044933E2
1.104000E1	5.115771E1	1.044926E2
1.106000E1	5.102749E1	1.044950E2
1.108000E1	5.048750E1	1.045725E2
1.110000E1	5.008359E1	1.046527E2
1.112000E1	4.993134E1	1.047569E2
1.114000E1	4.951811E1	1.048613E2
1.116000E1	4.938371E1	1.051216E2
1.118000E1	4.933084E1	1.051671E2
1.120000E1	4.841748E1	1.051494E2
1.122000E1	4.684547E1	1.051141E2
1.124000E1	4.568668E1	1.051707E2
1.126000E1	4.521217E1	1.051577E2
1.128000E1	4.534170E1	1.051081E2
1.130000E1	4.559906E1	1.056025E2
1.132000E1	4.559652E1	1.057736E2
1.134000E1	4.555701E1	1.059568E2
1.136000E1	4.553323E1	1.059332E2
1.138000E1	4.505702E1	1.059055E2
1.140000E1	4.455049E1	1.063850E2
1.142000E1	4.406254E1	1.069460E2
1.144000E1	4.363249E1	1.071693E2
1.146000E1	4.352864E1	1.070276E2
1.148000E1	4.317767E1	1.069191E2
1.150000E1	4.309107E1	1.069063E2
1.152000E1	4.305144E1	1.068884E2
1.154000E1	4.287326E1	1.067181E2
1.156000E1	4.288672E1	1.067458E2
1.158000E1	4.259495E1	1.069927E2
1.160000E1	4.222153E1	1.072288E2
1.162000E1	4.190245E1	1.075814E2
1.164000E1	4.199582E1	1.074693E2
1.166000E1	4.206425E1	1.074305E2
1.168000E1	4.201959E1	1.073680E2
1.170000E1	4.155584E1	1.072731E2
1.172000E1	4.138857E1	1.072365E2
1.174000E1	4.118054E1	1.069587E2
1.176000E1	4.063530E1	1.069379E2
1.178000E1	3.968037E1	1.069304E2
1.180000E1	3.917657E1	1.072211E2
1.182000E1	3.904767E1	1.075077E2
1.184000E1	3.884963E1	1.077610E2
1.186000E1	3.836212E1	1.079919E2
1.188000E1	3.782119E1	1.081128E2
1.190000E1	3.740026E1	1.081146E2
1.192000E1	3.737349E1	1.079466E2
1.194000E1	3.734523E1	1.079322E2
1.196000E1	3.691828E1	1.079131E2
1.198000E1	3.634125E1	1.080687E2
1.200000E1	3.573456E1	1.081310E2
1.202000E1	3.568071E1	1.081264E2
1.204000E1	3.566851E1	1.080290E2
1.206000E1	3.567489E1	1.080193E2
1.208000E1	3.551532E1	1.082958E2
1.210000E1	3.513403E1	1.085709E2
1.212000E1	3.495371E1	1.086048E2
1.214000E1	3.450248E1	1.086074E2
1.216000E1	3.388827E1	1.085283E2
1.218000E1	3.354758E1	1.084452E2
1.220000E1	3.342754E1	1.086688E2
1.222000E1	3.304289E1	1.091255E2
1.224000E1	3.246274E1	1.092393E2
1.226000E1	3.233282E1	1.092967E2
1.228000E1	3.234408E1	1.093094E2
1.230000E1	3.221245E1	1.093978E2
1.232000E1	3.120691E1	1.096527E2
1.234000E1	2.940346E1	1.096239E2
1.236000E1	2.799089E1	1.096715E2
1.238000E1	2.772024E1	1.097029E2
1.240000E1	2.790514E1	1.094093E2
1.242000E1	2.811716E1	1.093144E2
1.244000E1	2.808216E1	1.093945E2
1.246000E1	2.802726E1	1.094166E2
1.248000E1	2.786196E1	1.096225E2
1.250000E1	2.750531E1	1.096898E2
1.252000E1	2.699688E1	1.098853E2
1.254000E1	2.671215E1	1.101378E2
1.256000E1	2.683576E1	1.101683E2
1.258000E1	2.696682E1	1.099663E2
1.260000E1	2.686461E1	1.097469E2
1.262000E1	2.659124E1	1.096269E2
1.264000E1	2.657019E1	1.096617E2
1.266000E1	2.655811E1	1.095921E2
1.268000E1	2.652188E1	1.095065E2
1.270000E1	2.645220E1	1.095126E2
1.272000E1	2.642409E1	1.094988E2
1.274000E1	2.646218E1	1.094797E2
1.276000E1	2.648752E1	1.094623E2
1.278000E1	2.647980E1	1.094239E2
1.280000E1	2.635450E1	1.094097E2
1.282000E1	2.613828E1	1.092804E2
1.284000E1	2.567667E1	1.090906E2
1.286000E1	2.473390E1	1.088911E2
1.288000E1	2.347935E1	1.087720E2
1.290000E1	2.220677E1	1.087346E2
1.292000E1	2.168144E1	1.087635E2
1.294000E1	2.142709E1	1.089024E2
1.296000E1	2.095618E1	1.090096E2
1.298000E1	2.071309E1	1.092094E2
1.300000E1	2.023192E1	1.094802E2
1.302000E1	1.948337E1	1.095872E2
1.304000E1	1.935215E1	1.095271E2
1.306000E1	1.930319E1	1.094113E2
1.308000E1	1.885269E1	1.093671E2
1.310000E1	1.881720E1	1.095540E2
1.312000E1	1.805407E1	1.098880E2
1.314000E1	1.725303E1	1.098223E2
1.316000E1	1.735204E1	1.098512E2
1.318000E1	1.747992E1	1.098829E2
1.320000E1	1.743008E1	1.099535E2
1.322000E1	1.674177E1	1.102270E2
1.324000E1	1.623852E1	1.105260E2
1.326000E1	1.580509E1	1.105707E2
1.328000E1	1.551283E1	1.107671E2
1.330000E1	1.522146E1	1.106852E2
1.332000E1	1.525903E1	1.106891E2
1.334000E1	1.529483E1	1.106788E2
1.336000E1	1.515535E1	1.105581E2
1.338000E1	1.457925E1	1.104506E2
1.340000E1	1.425935E1	1.105123E2
1.342000E1	1.396328E1	1.105817E2
1.344000E1	1.357236E1	1.106197E2
1.346000E1	1.331244E1	1.104640E2
1.348000E1	1.266996E1	1.098260E2
1.350000E1	1.259138E1	1.094785E2
1.352000E1	1.270475E1	1.090302E2
1.354000E1	1.262361E1	1.090679E2
1.356000E1	1.253942E1	1.091483E2
1.358000E1	1.252043E1	1.093332E2
1.360000E1	1.250099E1	1.094223E2
1.362000E1	1.250489E1	1.094068E2
1.364000E1	1.244169E1	1.093921E2
1.366000E1	1.212510E1	1.094784E2
1.368000E1	1.188598E1	1.095976E2
1.370000E1	1.189335E1	1.094045E2
1.372000E1	1.169469E1	1.092053E2
1.374000E1	1.138419E1	1.089829E2
1.376000E1	1.101453E1	1.088923E2
1.378000E1	1.058606E1	1.088984E2
1.380000E1	1.040768E1	1.090169E2
1.382000E1	9.936982E0	1.088813E2
1.384000E1	9.386018E0	1.089699E2
1.386000E1	8.874301E0	1.089370E2
1.388000E1	8.540078E0	1.090314E2
1.390000E1	8.211105E0	1.092324E2
1.392000E1	7.569458E0	1.092309E2
1.394000E1	6.736748E0	1.091131E2
1.396000E1	6.261555E0	1.090418E2
1.398000E1	5.988507E0	1.087899E2
1.400000E1	5.629901E0	1.088149E2
1.402000E1	5.281174E0	1.089358E2
1.404000E1	4.424308E0	1.089273E2
1.406000E1	3.854987E0	1.089317E2
1.408000E1	3.311547E0	1.090760E2
1.410000E1	2.892555E0	1.091626E2
1.412000E1	2.422876E0	1.095265E2
1.414000E1	1.789833E0	1.097510E2
1.416000E1	1.319295E0	1.098384E2
1.418000E1	1.188354E0	1.098562E2
1.420000E1	1.230290E0	1.098990E2
1.422000E1	1.013488E0	1.097679E2
1.424000E1	6.905376E-1	1.096450E2
1.426000E1	4.403238E-1	1.094884E2
1.428000E1	4.920187E-1	1.095064E2
1.430000E1	4.390631E-1	1.095111E2
1.432000E1	5.912775E-2	1.095518E2
1.434000E1	-4.101587E-1	1.095809E2
1.436000E1	-4.505349E-1	1.095147E2
1.438000E1	-4.567484E-1	1.094801E2
1.440000E1	-6.472639E-1	1.093998E2
1.442000E1	-9.956527E-1	1.092469E2
1.444000E1	-9.290954E-1	1.091400E2
1.446000E1	-9.370808E-1	1.091793E2
1.448000E1	-1.124556E0	1.092183E2
1.450000E1	-1.462258E0	1.092400E2
1.452000E1	-1.482397E0	1.092668E2
1.454000E1	-1.511646E0	1.092364E2
1.456000E1	-1.860422E0	1.091999E2
1.458000E1	-2.553950E0	1.089926E2
1.460000E1	-3.586191E0	1.081680E2
1.462000E1	-4.599412E0	1.073036E2
1.464000E1	-5.106231E0	1.068918E2
1.466000E1	-5.514357E0	1.069932E2
1.468000E1	-5.885266E0	1.072552E2
1.470000E1	-5.905966E0	1.073912E2
1.472000E1	-5.899958E0	1.073714E2
1.474000E1	-5.958668E0	1.074081E2
1.476000E1	-6.468267E0	1.074324E2
1.478000E1	-7.007993E0	1.074013E2
1.480000E1	-7.423367E0	1.074805E2
1.482000E1	-7.879441E0	1.075187E2
1.484000E1	-8.330412E0	1.073283E2
1.486000E1	-8.487395E0	1.072007E2
1.488000E1	-8.518053E0	1.072090E2
1.490000E1	-8.537752E0	1.072133E2
1.492000E1	-9.130434E0	1.073347E2
1.494000E1	-9.837816E0	1.073774E2
1.496000E1	-1.034977E1	1.074062E2
1.498000E1	-1.069027E1	1.074846E2
1.500000E1	-1.089119E1	1.074931E2
1.502000E1	-1.144906E1	1.074758E2
1.504000E1	-1.241550E1	1.074851E2
1.506000E1	-1.378277E1	1.074083E2
1.508000E1	-1.490909E1	1.073027E2
1.510000E1	-1.546743E1	1.071396E2
1.512000E1	-1.549456E1	1.070015E2
1.514000E1	-1.555959E1	1.067978E2
1.516000E1	-1.597929E1	1.064606E2
1.518000E1	-1.649136E1	1.062307E2
1.520000E1	-1.666220E1	1.063543E2
1.522000E1	-1.694890E1	1.065960E2
1.524000E1	-1.717274E1	1.065472E2
1.526000E1	-1.706195E1	1.066095E2
1.528000E1	-1.718266E1	1.064661E2
1.530000E1	-1.720432E1	1.064178E2
1.532000E1	-1.717222E1	1.063352E2
1.534000E1	-1.725528E1	1.060796E2
1.536000E1	-1.748262E1	1.057669E2
1.538000E1	-1.796086E1	1.058029E2
1.540000E1	-1.835795E1	1.057967E2
1.542000E1	-1.840540E1	1.058809E2
1.544000E1	-1.844750E1	1.058824E2
1.546000E1	-1.855669E1	1.058300E2
1.548000E1	-1.894036E1	1.058228E2
1.550000E1	-1.896243E1	1.058032E2
1.552000E1	-1.903469E1	1.057664E2
1.554000E1	-1.922326E1	1.053723E2
1.556000E1	-1.921874E1	1.053324E2
1.558000E1	-1.941577E1	1.054293E2
1.560000E1	-1.987158E1	1.052375E2
1.562000E1	-2.031128E1	1.050880E2
1.564000E1	-2.045811E1	1.049932E2
1.566000E1	-2.082433E1	1.049903E2
1.568000E1	-2.118797E1	1.047089E2
1.570000E1	-2.163548E1	1.045081E2
1.572000E1	-2.238800E1	1.035779E2
1.574000E1	-2.371783E1	1.026467E2
1.576000E1	-2.439694E1	1.025361E2
1.578000E1	-2.438298E1	1.025403E2
1.580000E1	-2.426825E1	1.025417E2
1.582000E1	-2.428673E1	1.029399E2
1.584000E1	-2.440475E1	1.033056E2
1.586000E1	-2.449910E1	1.033830E2
1.588000E1	-2.460391E1	1.033358E2
1.590000E1	-2.499150E1	1.030475E2
1.592000E1	-2.549528E1	1.030560E2
1.594000E1	-2.601385E1	1.030729E2
1.596000E1	-2.641171E1	1.029225E2
1.598000E1	-2.674661E1	1.027193E2
1.600000E1	-2.688159E1	1.026632E2
1.602000E1	-2.701125E1	1.025945E2
1.604000E1	-2.695283E1	1.025267E2
1.606000E1	-2.688467E1	1.024115E2
1.608000E1	-2.687984E1	1.024312E2
1.610000E1	-2.715162E1	1.024265E2
1.612000E1	-2.757312E1	1.023499E2
1.614000E1	-2.776232E1	1.023461E2
1.616000E1	-2.804186E1	1.022880E2
1.618000E1	-2.809416E1	1.021667E2
1.620000E1	-2.812978E1	1.021271E2
1.622000E1	-2.825648E1	1.019166E2
1.624000E1	-2.867746E1	1.013970E2
1.626000E1	-2.879786E1	1.011381E2
1.628000E1	-2.912285E1	1.008342E2
1.630000E1	-2.945270E1	1.007057E2
1.632000E1	-2.982559E1	1.007229E2
1.634000E1	-3.021117E1	1.006927E2
1.636000E1	-3.062289E1	1.005709E2
1.638000E1	-3.108458E1	1.005597E2
1.640000E1	-3.144208E1	1.004972E2
1.642000E1	-3.168460E1	1.003707E2
1.644000E1	-3.167300E1	1.002484E2
1.646000E1	-3.163739E1	1.000504E2
1.648000E1	-3.178818E1	9.986219E1
1.650000E1	-3.231775E1	9.966716E1
1.652000E1	-3.276327E1	9.923200E1
1.654000E1	-3.274291E1	9.920250E1
1.656000E1	-3.262878E1	9.930545E1
1.658000E1	-3.296643E1	9.920735E1
1.660000E1	-3.308504E1	9.922156E1
1.662000E1	-3.317586E1	9.919294E1
1.664000E1	-3.367260E1	9.915100E1
1.666000E1	-3.438518E1	9.875354E1
1.668000E1	-3.493395E1	9.856723E1
1.670000E1	-3.491630E1	9.835703E1
1.672000E1	-3.493059E1	9.828951E1
1.674000E1	-3.508969E1	9.837771E1
1.676000E1	-3.581136E1	9.822991E1
1.678000E1	-3.614098E1	9.801391E1
1.680000E1	-3.610872E1	9.795485E1
1.682000E1	-3.638507E1	9.756291E1
1.684000E1	-3.734354E1	9.672684E1
1.686000E1	-3.861265E1	9.572184E1
1.688000E1	-3.949839E1	9.532737E1
1.690000E1	-3.966201E1	9.543773E1
1.692000E1	-3.928480E1	9.542477E1
1.694000E1	-3.913208E1	9.562211E1
1.696000E1	-3.900597E1	9.571713E1
1.698000E1	-3.900480E1	9.562193E1
1.700000E1	-3.922199E1	9.547943E1
1.702000E1	-3.970569E1	9.532622E1
1.704000E1	-4.005000E1	9.532010E1
1.706000E1	-4.022387E1	9.531303E1
1.708000E1	-4.027875E1	9.512929E1
1.710000E1	-4.022461E1	9.505836E1
1.712000E1	-4.024819E1	9.507494E1
1.714000E1	-4.048307E1	9.500109E1
1.716000E1	-4.058660E1	9.483631E1
1.718000E1	-4.025297E1	9.457767E1
1.720000E1	-4.026158E1	9.458241E1
1.722000E1	-4.051535E1	9.467401E1
1.724000E1	-4.048969E1	9.469349E1
1.726000E1	-4.042269E1	9.470487E1
1.728000E1	-4.039173E1	9.472231E1
1.730000E1	-4.043713E1	9.470824E1
1.732000E1	-4.089763E1	9.459616E1
1.734000E1	-4.118281E1	9.432158E1
1.736000E1	-4.143072E1	9.361988E1
1.738000E1	-4.192751E1	9.284724E1
1.740000E1	-4.283264E1	9.198852E1
1.742000E1	-4.370206E1	9.126465E1
1.744000E1	-4.421133E1	9.112332E1
1.746000E1	-4.431492E1	9.104424E1
1.748000E1	-4.464417E1	9.085440E1
1.750000E1	-4.519382E1	9.074306E1
1.752000E1	-4.552281E1	9.084576E1
1.754000E1	-4.585749E1	9.073084E1
1.756000E1	-4.620709E1	9.058742E1
1.758000E1	-4.632313E1	9.046131E1
1.760000E1	-4.658205E1	9.013765E1
1.762000E1	-4.671552E1	8.985935E1
1.764000E1	-4.680573E1	8.991561E1
1.766000E1	-4.731347E1	8.993318E1
1.768000E1	-4.775140E1	8.982479E1
1.770000E1	-4.782815E1	8.965373E1
1.772000E1	-4.768615E1	8.967206E1
1.774000E1	-4.773398E1	8.960830E1
1.776000E1	-4.826571E1	8.943825E1
1.778000E1	-4.908755E1	8.911774E1
1.780000E1	-4.970893E1	8.884674E1
1.782000E1	-4.993047E1	8.870558E1
1.784000E1	-4.994217E1	8.862303E1
1.786000E1	-4.997763E1	8.852957E1
1.788000E1	-4.996402E1	8.839325E1
1.790000E1	-5.005330E1	8.815328E1
1.792000E1	-5.049629E1	8.785460E1
1.794000E1	-5.079027E1	8.782349E1
1.796000E1	-5.121820E1	8.736603E1
1.798000E1	-5.162310E1	8.660618E1
1.800000E1	-5.160237E1	8.588214E1
1.802000E1	-5.147711E1	8.594546E1
1.804000E1	-5.137608E1	8.604291E1
1.806000E1	-5.141928E1	8.602073E1
1.808000E1	-5.145945E1	8.606829E1
1.810000E1	-5.147397E1	8.606273E1
1.812000E1	-5.149881E1	8.606288E1
1.814000E1	-5.156662E1	8.606502E1
1.816000E1	-5.158380E1	8.605526E1
1.818000E1	-5.156991E1	8.606691E1
1.820000E1	-5.160859E1	8.601938E1
1.822000E1	-5.189611E1	8.569874E1
1.824000E1	-5.199337E1	8.550268E1
1.826000E1	-5.198420E1	8.540792E1
1.828000E1	-5.198496E1	8.522588E1
1.830000E1	-5.209978E1	8.508457E1
1.832000E1	-5.246547E1	8.484141E1
1.834000E1	-5.294844E1	8.427870E1
1.836000E1	-5.344911E1	8.418115E1
1.838000E1	-5.381585E1	8.377172E1
1.840000E1	-5.436355E1	8.349022E1
1.842000E1	-5.483785E1	8.317364E1
1.844000E1	-5.537220E1	8.281198E1
1.846000E1	-5.590863E1	8.218655E1
1.848000E1	-5.638311E1	8.161120E1
1.850000E1	-5.675178E1	8.131222E1
1.852000E1	-5.693549E1	8.093113E1
1.854000E1	-5.715317E1	8.084139E1
1.856000E1	-5.770541E1	8.083906E1
1.858000E1	-5.874365E1	8.071496E1
1.860000E1	-5.945400E1	8.024648E1
1.862000E1	-5.976922E1	7.988283E1
1.864000E1	-5.984533E1	7.985529E1
1.866000E1	-6.021063E1	7.983180E1
1.868000E1	-6.070205E1	7.975505E1
1.870000E1	-6.125308E1	7.956091E1
1.872000E1	-6.159528E1	7.933602E1
1.874000E1	-6.168633E1	7.916172E1
1.876000E1	-6.172597E1	7.899658E1
1.878000E1	-6.170950E1	7.889250E1
1.880000E1	-6.172079E1	7.884973E1
1.882000E1	-6.182962E1	7.868488E1
1.884000E1	-6.196203E1	7.862475E1
1.886000E1	-6.217245E1	7.863986E1
1.888000E1	-6.240012E1	7.846952E1
1.890000E1	-6.262179E1	7.823496E1
1.892000E1	-6.267502E1	7.816980E1
1.894000E1	-6.261538E1	7.799603E1
1.896000E1	-6.259369E1	7.787937E1
1.898000E1	-6.237403E1	7.771417E1
1.900000E1	-6.226631E1	7.768617E1
1.902000E1	-6.223679E1	7.754511E1
1.904000E1	-6.236814E1	7.737100E1
1.906000E1	-6.256013E1	7.721322E1
1.908000E1	-6.283358E1	7.654129E1
1.910000E1	-6.315355E1	7.530637E1
1.912000E1	-6.356801E1	7.408624E1
1.914000E1	-6.398079E1	7.364999E1
1.916000E1	-6.400218E1	7.355757E1
1.918000E1	-6.405281E1	7.352964E1
1.920000E1	-6.409925E1	7.350431E1
1.922000E1	-6.421299E1	7.345959E1
1.924000E1	-6.427254E1	7.344378E1
1.926000E1	-6.435243E1	7.339626E1
1.928000E1	-6.470353E1	7.280340E1
1.930000E1	-6.553159E1	7.228916E1
1.932000E1	-6.596147E1	7.222970E1
1.934000E1	-6.595824E1	7.200767E1
1.936000E1	-6.608628E1	7.183104E1
1.938000E1	-6.649081E1	7.142429E1
1.940000E1	-6.669031E1	7.137468E1
1.942000E1	-6.673167E1	7.114265E1
1.944000E1	-6.690260E1	7.066799E1
1.946000E1	-6.747249E1	7.065762E1
1.948000E1	-6.834214E1	7.042838E1
1.950000E1	-6.892612E1	7.001107E1
1.952000E1	-6.910064E1	6.960979E1
1.954000E1	-6.943111E1	6.904107E1
1.956000E1	-7.005053E1	6.855822E1
1.958000E1	-7.094342E1	6.783578E1
1.960000E1	-7.190515E1	6.698274E1
1.962000E1	-7.239055E1	6.625278E1
1.964000E1	-7.260012E1	6.583341E1
1.966000E1	-7.250221E1	6.567244E1
1.968000E1	-7.238407E1	6.565594E1
1.970000E1	-7.251647E1	6.556998E1
1.972000E1	-7.282620E1	6.530882E1
1.974000E1	-7.287198E1	6.519856E1
1.976000E1	-7.305885E1	6.503841E1
1.978000E1	-7.333001E1	6.498684E1
1.980000E1	-7.332115E1	6.487638E1
1.982000E1	-7.335072E1	6.481556E1
1.984000E1	-7.341087E1	6.466146E1
1.986000E1	-7.335063E1	6.438429E1
1.988000E1	-7.339583E1	6.410284E1
1.990000E1	-7.330273E1	6.408754E1
1.992000E1	-7.331533E1	6.415212E1
1.994000E1	-7.364361E1	6.407474E1
1.996000E1	-7.402368E1	6.372737E1
1.998000E1	-7.399454E1	6.369454E1
2.000000E1	-7.391475E1	6.365738E1
2.002000E1	-7.394647E1	6.355664E1
2.004000E1	-7.419813E1	6.325814E1
2.006000E1	-7.424445E1	6.320520E1
2.008000E1	-7.399550E1	6.282332E1
2.010000E1	-7.394369E1	6.268395E1
2.012000E1	-7.397871E1	6.241175E1
2.014000E1	-7.424465E1	6.218858E1
2.016000E1	-7.444821E1	6.183426E1
2.018000E1	-7.462424E1	6.141431E1
2.020000E1	-7.502475E1	6.027765E1
2.022000E1	-7.533270E1	5.846057E1
2.024000E1	-7.572025E1	5.762430E1
2.026000E1	-7.581172E1	5.766599E1
2.028000E1	-7.629104E1	5.750042E1
2.030000E1	-7.635239E1	5.743107E1
2.032000E1	-7.629340E1	5.745101E1
2.034000E1	-7.629082E1	5.746569E1
2.036000E1	-7.646541E1	5.744267E1
2.038000E1	-7.667332E1	5.727851E1
2.040000E1	-7.728189E1	5.677663E1
2.042000E1	-7.770444E1	5.645921E1
2.044000E1	-7.767170E1	5.600201E1
2.046000E1	-7.773052E1	5.547789E1
2.048000E1	-7.807728E1	5.535247E1
2.050000E1	-7.854302E1	5.511642E1
2.052000E1	-7.909486E1	5.463518E1
2.054000E1	-7.948888E1	5.451765E1
2.056000E1	-7.948509E1	5.451129E1
2.058000E1	-7.953575E1	5.451350E1
2.060000E1	-7.956935E1	5.451940E1
2.062000E1	-7.965659E1	5.432485E1
2.064000E1	-7.970245E1	5.381191E1
2.066000E1	-8.003068E1	5.359725E1
2.068000E1	-8.033215E1	5.315012E1
2.070000E1	-8.052906E1	5.287346E1
2.072000E1	-8.047870E1	5.299691E1
2.074000E1	-8.038653E1	5.282823E1
2.076000E1	-8.047991E1	5.256768E1
2.078000E1	-8.057565E1	5.229363E1
2.080000E1	-8.056967E1	5.221084E1
2.082000E1	-8.056690E1	5.220024E1
2.084000E1	-8.100393E1	5.196731E1
2.086000E1	-8.128840E1	5.146083E1
2.088000E1	-8.137331E1	5.128866E1
2.090000E1	-8.142067E1	5.115757E1
2.092000E1	-8.144806E1	5.113761E1
2.094000E1	-8.160695E1	5.097664E1
2.096000E1	-8.187201E1	5.081856E1
2.098000E1	-8.185288E1	5.027973E1
2.100000E1	-8.164129E1	4.996487E1
2.102000E1	-8.162597E1	5.012267E1
2.104000E1	-8.201473E1	5.010980E1
2.106000E1	-8.239999E1	4.951832E1
2.108000E1	-8.249998E1	4.932323E1
2.110000E1	-8.247810E1	4.928151E1
2.112000E1	-8.258688E1	4.901368E1
2.114000E1	-8.292842E1	4.835870E1
2.116000E1	-8.320816E1	4.802940E1
2.118000E1	-8.349642E1	4.776580E1
2.120000E1	-8.357315E1	4.722983E1
2.122000E1	-8.360139E1	4.707085E1
2.124000E1	-8.357343E1	4.712338E1
2.126000E1	-8.352913E1	4.724608E1
2.128000E1	-8.401668E1	4.727099E1
2.130000E1	-8.446762E1	4.653610E1
2.132000E1	-8.453221E1	4.540310E1
2.134000E1	-8.446418E1	4.396628E1
2.136000E1	-8.440238E1	4.280302E1
2.138000E1	-8.491784E1	4.238472E1
2.140000E1	-8.548639E1	4.224974E1
2.142000E1	-8.595916E1	4.224622E1
2.144000E1	-8.602635E1	4.280148E1
2.146000E1	-8.595555E1	4.304723E1
2.148000E1	-8.597886E1	4.291021E1
2.150000E1	-8.588046E1	4.263696E1
2.152000E1	-8.583130E1	4.243994E1
2.154000E1	-8.591970E1	4.233021E1
2.156000E1	-8.611690E1	4.199305E1
2.158000E1	-8.622114E1	4.157656E1
2.160000E1	-8.639963E1	4.116584E1
2.162000E1	-8.645797E1	4.105753E1
2.164000E1	-8.649270E1	4.107057E1
2.166000E1	-8.647260E1	4.104567E1
2.168000E1	-8.652158E1	4.080601E1
2.170000E1	-8.647533E1	4.083771E1
2.172000E1	-8.644482E1	4.091116E1
2.174000E1	-8.652677E1	4.077721E1
2.176000E1	-8.652134E1	4.055504E1
2.178000E1	-8.648753E1	4.020230E1
2.180000E1	-8.652534E1	3.953362E1
2.182000E1	-8.682472E1	3.890522E1
2.184000E1	-8.697030E1	3.808494E1
2.186000E1	-8.728595E1	3.731596E1
2.188000E1	-8.762424E1	3.643284E1
2.190000E1	-8.750795E1	3.599368E1
2.192000E1	-8.750160E1	3.580047E1
2.194000E1	-8.784403E1	3.554539E1
2.196000E1	-8.800010E1	3.483802E1
2.198000E1	-8.836233E1	3.415778E1
2.200000E1	-8.832992E1	3.418139E1
2.202000E1	-8.824570E1	3.422178E1
2.204000E1	-8.829753E1	3.412528E1
2.206000E1	-8.858350E1	3.381418E1
2.208000E1	-8.872763E1	3.362435E1
2.210000E1	-8.892771E1	3.302199E1
2.212000E1	-8.894407E1	3.274635E1
2.214000E1	-8.900241E1	3.261877E1
2.216000E1	-8.892255E1	3.274611E1
2.218000E1	-8.890301E1	3.288640E1
2.220000E1	-8.945810E1	3.231411E1
2.222000E1	-8.979732E1	3.167361E1
2.224000E1	-8.987039E1	3.158682E1
2.226000E1	-8.980114E1	3.114457E1
2.228000E1	-8.990575E1	3.090063E1
2.230000E1	-9.022508E1	3.047163E1
2.232000E1	-9.073118E1	2.973722E1
2.234000E1	-9.107896E1	2.938376E1
2.236000E1	-9.119818E1	2.922067E1
2.238000E1	-9.120192E1	2.932208E1
2.240000E1	-9.122417E1	2.931679E1
2.242000E1	-9.121018E1	2.913061E1
2.244000E1	-9.083451E1	2.801891E1
2.246000E1	-9.072171E1	2.699854E1
2.248000E1	-9.062943E1	2.654758E1
2.250000E1	-9.078743E1	2.639377E1
2.252000E1	-9.100493E1	2.634442E1
2.254000E1	-9.098127E1	2.633464E1
2.256000E1	-9.092190E1	2.636332E1
2.258000E1	-9.089722E1	2.638075E1
2.260000E1	-9.087930E1	2.631338E1
2.262000E1	-9.077691E1	2.626973E1
2.264000E1	-9.077534E1	2.633056E1
2.266000E1	-9.081945E1	2.629663E1
2.268000E1	-9.084896E1	2.630564E1
2.270000E1	-9.068396E1	2.610630E1
2.272000E1	-9.056813E1	2.571189E1
2.274000E1	-9.055400E1	2.569124E1
2.276000E1	-9.060004E1	2.556198E1
2.278000E1	-9.073593E1	2.542062E1
2.280000E1	-9.056459E1	2.534141E1
2.282000E1	-9.048275E1	2.531047E1
2.284000E1	-9.066134E1	2.532007E1
2.286000E1	-9.081339E1	2.491227E1
2.288000E1	-9.081269E1	2.407231E1
2.290000E1	-9.083836E1	2.324245E1
2.292000E1	-9.100437E1	2.244466E1
2.294000E1	-9.120823E1	2.149676E1
2.296000E1	-9.122689E1	2.071182E1
2.298000E1	-9.124364E1	2.025007E1
2.300000E1	-9.133732E1	1.943905E1
2.302000E1	-9.148107E1	1.872066E1
2.304000E1	-9.179674E1	1.822597E1
2.306000E1	-9.182878E1	1.798454E1
2.308000E1	-9.184608E1	1.800317E1
2.310000E1	-9.230655E1	1.805827E1
2.312000E1	-9.259474E1	1.741777E1
2.314000E1	-9.266840E1	1.660827E1
2.316000E1	-9.269647E1	1.660623E1
2.318000E1	-9.270811E1	1.663203E1
2.320000E1	-9.294576E1	1.612628E1
2.322000E1	-9.331701E1	1.519340E1
2.324000E1	-9.367752E1	1.500157E1
2.326000E1	-9.369630E1	1.497538E1
2.328000E1	-9.375418E1	1.507470E1
2.330000E1	-9.374838E1	1.508113E1
2.332000E1	-9.351141E1	1.493735E1
2.334000E1	-9.347328E1	1.468131E1
2.336000E1	-9.342749E1	1.452728E1
2.338000E1	-9.350466E1	1.409827E1
2.340000E1	-9.361295E1	1.392951E1
2.342000E1	-9.366451E1	1.365868E1
2.344000E1	-9.363956E1	1.375811E1
2.346000E1	-9.353070E1	1.385089E1
2.348000E1	-9.355826E1	1.386854E1
2.350000E1	-9.350671E1	1.387072E1
2.352000E1	-9.336391E1	1.351490E1
2.354000E1	-9.289608E1	1.276610E1
2.356000E1	-9.234372E1	1.169020E1
2.358000E1	-9.190194E1	1.082707E1
2.360000E1	-9.214060E1	1.060169E1
2.362000E1	-9.231780E1	1.046068E1
2.364000E1	-9.252511E1	1.046750E1
2.366000E1	-9.266302E1	1.043188E1
2.368000E1	-9.280959E1	1.037094E1
2.370000E1	-9.275572E1	1.039286E1
2.372000E1	-9.240332E1	1.037879E1
2.374000E1	-9.239568E1	1.026623E1
2.376000E1	-9.271118E1	9.827194E0
2.378000E1	-9.269626E1	9.164768E0
2.380000E1	-9.262270E1	8.369712E0
2.382000E1	-9.254032E1	7.674937E0
2.384000E1	-9.271429E1	7.128831E0
2.386000E1	-9.286737E1	6.826406E0
2.388000E1	-9.288336E1	6.636178E0
2.390000E1	-9.297285E1	6.385871E0
2.392000E1	-9.309620E1	5.786743E0
2.394000E1	-9.328858E1	5.288306E0
2.396000E1	-9.324782E1	4.962261E0
2.398000E1	-9.321985E1	4.862082E0
2.400000E1	-9.345279E1	4.463048E0
2.402000E1	-9.379651E1	3.610229E0
2.404000E1	-9.376323E1	2.509902E0
2.406000E1	-9.350843E1	1.298163E0
2.408000E1	-9.343172E1	3.301658E-1
2.410000E1	-9.350159E1	-4.301189E-1
2.412000E1	-9.385640E1	-1.142718E0
2.414000E1	-9.433793E1	-1.819654E0
2.416000E1	-9.475462E1	-2.111249E0
2.418000E1	-9.495222E1	-2.218719E0
2.420000E1	-9.501800E1	-2.213518E0
2.422000E1	-9.480427E1	-2.540644E0
2.424000E1	-9.457925E1	-3.012483E0
2.426000E1	-9.461147E1	-3.062390E0
2.428000E1	-9.463391E1	-3.318366E0
2.430000E1	-9.466605E1	-3.500762E0
2.432000E1	-9.476283E1	-4.263528E0
2.434000E1	-9.477453E1	-4.305400E0
2.436000E1	-9.472795E1	-4.171569E0
2.438000E1	-9.472633E1	-3.966484E0
2.440000E1	-9.467136E1	-4.162535E0
2.442000E1	-9.455604E1	-4.203688E0
2.444000E1	-9.420825E1	-4.198239E0
2.446000E1	-9.423146E1	-4.198060E0
2.448000E1	-9.434652E1	-4.347372E0
2.450000E1	-9.434954E1	-4.479077E0
2.452000E1	-9.423235E1	-4.649986E0
2.454000E1	-9.418801E1	-4.762712E0
2.456000E1	-9.421455E1	-4.811942E0
2.458000E1	-9.421881E1	-4.806825E0
2.460000E1	-9.416069E1	-4.893822E0
2.462000E1	-9.381032E1	-5.103964E0
2.464000E1	-9.324097E1	-5.610258E0
2.466000E1	-9.244192E1	-6.660087E0
2.468000E1	-9.206952E1	-8.107227E0
2.470000E1	-9.211461E1	-9.006203E0
2.472000E1	-9.218126E1	-9.041411E0
2.474000E1	-9.221879E1	-9.042708E0
2.476000E1	-9.242749E1	-9.072002E0
2.478000E1	-9.254577E1	-9.031518E0
2.480000E1	-9.267459E1	-9.219915E0
2.482000E1	-9.273512E1	-9.740540E0
2.484000E1	-9.277098E1	-1.048707E1
2.486000E1	-9.268781E1	-1.094097E1
2.488000E1	-9.276251E1	-1.099520E1
2.490000E1	-9.272628E1	-1.106106E1
2.492000E1	-9.271033E1	-1.127237E1
2.494000E1	-9.276232E1	-1.152921E1
2.496000E1	-9.276420E1	-1.203160E1
2.498000E1	-9.263259E1	-1.251853E1
2.500000E1	-9.264910E1	-1.268558E1
2.502000E1	-9.292378E1	-1.304745E1
2.504000E1	-9.325603E1	-1.369294E1
2.506000E1	-9.344581E1	-1.450577E1
2.508000E1	-9.349395E1	-1.494518E1
2.510000E1	-9.340743E1	-1.511507E1
2.512000E1	-9.332915E1	-1.516762E1
2.514000E1	-9.323285E1	-1.530228E1
2.516000E1	-9.285336E1	-1.584227E1
2.518000E1	-9.267564E1	-1.640923E1
2.520000E1	-9.265496E1	-1.669893E1
2.522000E1	-9.271309E1	-1.697420E1
2.524000E1	-9.271592E1	-1.721381E1
2.526000E1	-9.282071E1	-1.718000E1
2.528000E1	-9.288624E1	-1.727481E1
2.530000E1	-9.289420E1	-1.723387E1
2.532000E1	-9.283161E1	-1.740434E1
2.534000E1	-9.248070E1	-1.764155E1
2.536000E1	-9.238061E1	-1.780890E1
2.538000E1	-9.236800E1	-1.790246E1
2.540000E1	-9.228387E1	-1.817636E1
2.542000E1	-9.228454E1	-1.835482E1
2.544000E1	-9.221058E1	-1.878459E1
2.546000E1	-9.214474E1	-1.900842E1
2.548000E1	-9.229992E1	-1.912235E1
2.550000E1	-9.229384E1	-1.924112E1
2.552000E1	-9.221624E1	-1.928832E1
2.554000E1	-9.186437E1	-1.956592E1
2.556000E1	-9.187991E1	-1.959735E1
2.558000E1	-9.193613E1	-1.969626E1
2.560000E1	-9.179672E1	-2.064016E1
2.562000E1	-9.130343E1	-2.151701E1
2.564000E1	-9.125832E1	-2.189588E1
2.566000E1	-9.126010E1	-2.238816E1
2.568000E1	-9.129196E1	-2.262452E1
2.570000E1	-9.137578E1	-2.282856E1
2.572000E1	-9.145244E1	-2.326618E1
2.574000E1	-9.126116E1	-2.367808E1
2.576000E1	-9.084649E1	-2.435723E1
2.578000E1	-8.997563E1	-2.527679E1
2.580000E1	-8.927930E1	-2.643089E1
2.582000E1	-8.958898E1	-2.696672E1
2.584000E1	-9.001770E1	-2.702026E1
2.586000E1	-8.997974E1	-2.701847E1
2.588000E1	-8.989154E1	-2.701192E1
2.590000E1	-8.989470E1	-2.709328E1
2.592000E1	-9.023299E1	-2.738110E1
2.594000E1	-9.026688E1	-2.796778E1
2.596000E1	-9.020178E1	-2.880594E1
2.598000E1	-9.029349E1	-2.949580E1
2.600000E1	-9.030528E1	-2.946732E1
2.602000E1	-9.018521E1	-2.939411E1
2.604000E1	-8.982961E1	-2.938733E1
2.606000E1	-8.967674E1	-2.950332E1
2.608000E1	-8.957715E1	-2.975228E1
2.610000E1	-8.962187E1	-2.994166E1
2.612000E1	-8.967559E1	-3.007954E1
2.614000E1	-8.982216E1	-3.058532E1
2.616000E1	-8.983735E1	-3.055592E1
2.618000E1	-8.986430E1	-3.042918E1
2.620000E1	-8.979161E1	-3.042246E1
2.622000E1	-8.976323E1	-3.041788E1
2.624000E1	-8.956033E1	-3.065091E1
2.626000E1	-8.916793E1	-3.074715E1
2.628000E1	-8.899595E1	-3.120819E1
2.630000E1	-8.853589E1	-3.203782E1
2.632000E1	-8.805937E1	-3.277777E1
2.634000E1	-8.764606E1	-3.364397E1
2.636000E1	-8.768002E1	-3.415990E1
2.638000E1	-8.795699E1	-3.452540E1
2.640000E1	-8.828530E1	-3.491913E1
2.642000E1	-8.826050E1	-3.523845E1
2.644000E1	-8.779875E1	-3.575202E1
2.646000E1	-8.776325E1	-3.576602E1
2.648000E1	-8.783065E1	-3.573428E1
2.650000E1	-8.771893E1	-3.618457E1
2.652000E1	-8.740505E1	-3.685924E1
2.654000E1	-8.734815E1	-3.710530E1
2.656000E1	-8.732967E1	-3.715691E1
2.658000E1	-8.737960E1	-3.729965E1
2.660000E1	-8.766465E1	-3.713243E1
2.662000E1	-8.760343E1	-3.771523E1
2.664000E1	-8.747553E1	-3.825796E1
2.666000E1	-8.749135E1	-3.837714E1
2.668000E1	-8.731845E1	-3.840929E1
2.670000E1	-8.704358E1	-3.888823E1
2.672000E1	-8.686096E1	-3.956897E1
2.674000E1	-8.712103E1	-4.011166E1
2.676000E1	-8.695354E1	-4.089476E1
2.678000E1	-8.657771E1	-4.107215E1
2.680000E1	-8.646301E1	-4.115190E1
2.682000E1	-8.647449E1	-4.120886E1
2.684000E1	-8.665464E1	-4.157962E1
2.686000E1	-8.655241E1	-4.246071E1
2.688000E1	-8.579288E1	-4.371885E1
2.690000E1	-8.490243E1	-4.473542E1
2.692000E1	-8.443707E1	-4.490649E1
2.694000E1	-8.439420E1	-4.465974E1
2.696000E1	-8.441765E1	-4.466435E1
2.698000E1	-8.441690E1	-4.477523E1
2.700000E1	-8.450372E1	-4.511885E1
2.702000E1	-8.475154E1	-4.537775E1
2.704000E1	-8.451187E1	-4.575209E1
2.706000E1	-8.436389E1	-4.619579E1
2.708000E1	-8.440565E1	-4.627150E1
2.710000E1	-8.455789E1	-4.621867E1
2.712000E1	-8.443041E1	-4.624938E1
2.714000E1	-8.393688E1	-4.631328E1
2.716000E1	-8.391102E1	-4.639123E1
2.718000E1	-8.386925E1	-4.643615E1
2.720000E1	-8.388351E1	-4.642466E1
2.722000E1	-8.378183E1	-4.650300E1
2.724000E1	-8.380683E1	-4.649312E1
2.726000E1	-8.391000E1	-4.652317E1
2.728000E1	-8.397640E1	-4.645401E1
2.730000E1	-8.398413E1	-4.655459E1
2.732000E1	-8.384929E1	-4.663494E1
2.734000E1	-8.369006E1	-4.687483E1
2.736000E1	-8.317370E1	-4.724971E1
2.738000E1	-8.260818E1	-4.798790E1
2.740000E1	-8.186915E1	-4.880862E1
2.742000E1	-8.112122E1	-4.988672E1
2.744000E1	-8.068472E1	-5.065759E1
2.746000E1	-8.070715E1	-5.080813E1
2.748000E1	-8.063562E1	-5.131234E1
2.750000E1	-8.066380E1	-5.157912E1
2.752000E1	-8.066314E1	-5.209718E1
2.754000E1	-8.054808E1	-5.293046E1
2.756000E1	-8.026610E1	-5.340107E1
2.758000E1	-8.021993E1	-5.331119E1
2.760000E1	-8.009550E1	-5.337098E1
2.762000E1	-8.010522E1	-5.334827E1
2.764000E1	-8.032826E1	-5.395188E1
2.766000E1	-7.976725E1	-5.492675E1
2.768000E1	-7.959002E1	-5.507328E1
2.770000E1	-7.968357E1	-5.501327E1
2.772000E1	-7.976565E1	-5.496555E1
2.774000E1	-7.980304E1	-5.529300E1
2.776000E1	-7.961155E1	-5.597206E1
2.778000E1	-7.950415E1	-5.641360E1
2.780000E1	-7.956844E1	-5.665106E1
2.782000E1	-7.952340E1	-5.671405E1
2.784000E1	-7.912787E1	-5.685328E1
2.786000E1	-7.914036E1	-5.687924E1
2.788000E1	-7.909744E1	-5.694798E1
2.790000E1	-7.877296E1	-5.727546E1
2.792000E1	-7.857822E1	-5.768436E1
2.794000E1	-7.856239E1	-5.783558E1
2.796000E1	-7.851311E1	-5.834764E1
2.798000E1	-7.833921E1	-5.848611E1
2.800000E1	-7.766909E1	-5.871445E1
2.802000E1	-7.696413E1	-5.879390E1
2.804000E1	-7.643757E1	-5.868715E1
2.806000E1	-7.644639E1	-5.854981E1
2.808000E1	-7.642203E1	-5.853213E1
2.810000E1	-7.656943E1	-5.858209E1
2.812000E1	-7.671246E1	-5.864299E1
2.814000E1	-7.676947E1	-5.864367E1
2.816000E1	-7.674396E1	-5.862405E1
2.818000E1	-7.658392E1	-5.888362E1
2.820000E1	-7.665062E1	-5.923181E1
2.822000E1	-7.665680E1	-5.936062E1
2.824000E1	-7.635492E1	-5.937879E1
2.826000E1	-7.591873E1	-5.946330E1
2.828000E1	-7.556651E1	-5.964662E1
2.830000E1	-7.536083E1	-5.999679E1
2.832000E1	-7.532486E1	-6.046188E1
2.834000E1	-7.495223E1	-6.089755E1
2.836000E1	-7.476478E1	-6.129301E1
2.838000E1	-7.451717E1	-6.190227E1
2.840000E1	-7.423447E1	-6.238316E1
2.842000E1	-7.429859E1	-6.268442E1
2.844000E1	-7.418895E1	-6.327433E1
2.846000E1	-7.359914E1	-6.395580E1
2.848000E1	-7.299651E1	-6.447203E1
2.850000E1	-7.263039E1	-6.479900E1
2.852000E1	-7.247199E1	-6.510966E1
2.854000E1	-7.253046E1	-6.534780E1
2.856000E1	-7.243708E1	-6.600380E1
2.858000E1	-7.210714E1	-6.667592E1
2.860000E1	-7.203347E1	-6.728760E1
2.862000E1	-7.189620E1	-6.755720E1
2.864000E1	-7.182523E1	-6.776669E1
2.866000E1	-7.175315E1	-6.840360E1
2.868000E1	-7.161933E1	-6.888500E1
2.870000E1	-7.159261E1	-6.917913E1
2.872000E1	-7.156154E1	-6.932589E1
2.874000E1	-7.141188E1	-6.934396E1
2.876000E1	-7.091234E1	-6.942297E1
2.878000E1	-7.080197E1	-6.960745E1
2.880000E1	-7.083177E1	-6.963358E1
2.882000E1	-7.086418E1	-6.969109E1
2.884000E1	-7.080241E1	-6.982296E1
2.886000E1	-7.066439E1	-7.011308E1
2.888000E1	-7.056942E1	-7.019725E1
2.890000E1	-7.052700E1	-7.023016E1
2.892000E1	-7.041157E1	-7.033628E1
2.894000E1	-6.996277E1	-7.053215E1
2.896000E1	-6.994216E1	-7.046051E1
2.898000E1	-6.993626E1	-7.037177E1
2.900000E1	-6.986049E1	-7.042421E1
2.902000E1	-6.954267E1	-7.058662E1
2.904000E1	-6.950472E1	-7.070843E1
2.906000E1	-6.946689E1	-7.084871E1
2.908000E1	-6.912930E1	-7.113129E1
2.910000E1	-6.814382E1	-7.181499E1
2.912000E1	-6.662965E1	-7.238829E1
2.914000E1	-6.565989E1	-7.289626E1
2.916000E1	-6.562141E1	-7.297412E1
2.918000E1	-6.564325E1	-7.307865E1
2.920000E1	-6.561050E1	-7.334565E1
2.922000E1	-6.559121E1	-7.341639E1
2.924000E1	-6.557480E1	-7.350790E1
2.926000E1	-6.557999E1	-7.368528E1
2.928000E1	-6.505269E1	-7.429779E1
2.930000E1	-6.448541E1	-7.517892E1
2.932000E1	-6.444987E1	-7.557745E1
2.934000E1	-6.437549E1	-7.555372E1
2.936000E1	-6.396651E1	-7.577941E1
2.938000E1	-6.387685E1	-7.613636E1
2.940000E1	-6.370576E1	-7.614078E1
2.942000E1	-6.364495E1	-7.625124E1
2.944000E1	-6.359603E1	-7.655015E1
2.946000E1	-6.347187E1	-7.697141E1
2.948000E1	-6.322973E1	-7.757752E1
2.950000E1	-6.294947E1	-7.799237E1
2.952000E1	-6.264434E1	-7.831215E1
2.954000E1	-6.235721E1	-7.868003E1
2.956000E1	-6.203482E1	-7.941615E1
2.958000E1	-6.154336E1	-8.029619E1
2.960000E1	-6.090923E1	-8.133811E1
2.962000E1	-6.033215E1	-8.200838E1
2.964000E1	-5.995842E1	-8.195889E1
2.966000E1	-5.986515E1	-8.189473E1
2.968000E1	-5.977413E1	-8.185658E1
2.970000E1	-5.957696E1	-8.211807E1
2.972000E1	-5.946907E1	-8.242614E1
2.974000E1	-5.942175E1	-8.244732E1
2.976000E1	-5.914843E1	-8.258470E1
2.978000E1	-5.911946E1	-8.279390E1
2.980000E1	-5.902312E1	-8.286305E1
2.982000E1	-5.906581E1	-8.275772E1
2.984000E1	-5.895906E1	-8.278953E1
2.986000E1	-5.850212E1	-8.279620E1
2.988000E1	-5.829398E1	-8.279596E1
2.990000E1	-5.829342E1	-8.278677E1
2.992000E1	-5.828680E1	-8.289208E1
2.994000E1	-5.815304E1	-8.310927E1
2.996000E1	-5.804781E1	-8.323543E1
2.998000E1	-5.792336E1	-8.326359E1
3.000000E1	-5.786509E1	-8.320423E1
3.002000E1	-5.777787E1	-8.334166E1
3.004000E1	-5.732726E1	-8.351361E1
3.006000E1	-5.721209E1	-8.360218E1
3.008000E1	-5.677865E1	-8.363179E1
3.010000E1	-5.671394E1	-8.376657E1
3.012000E1	-5.654262E1	-8.394747E1
3.014000E1	-5.618136E1	-8.415471E1
3.016000E1	-5.615349E1	-8.424690E1
3.018000E1	-5.602276E1	-8.447860E1
3.020000E1	-5.491356E1	-8.516755E1
3.022000E1	-5.326124E1	-8.567967E1
3.024000E1	-5.244415E1	-8.626719E1
3.026000E1	-5.241759E1	-8.651261E1
3.028000E1	-5.244832E1	-8.680638E1
3.030000E1	-5.245130E1	-8.673786E1
3.032000E1	-5.248508E1	-8.671652E1
3.034000E1	-5.262478E1	-8.686382E1
3.036000E1	-5.250418E1	-8.719186E1
3.038000E1	-5.209990E1	-8.762047E1
3.040000E1	-5.159965E1	-8.827982E1
3.042000E1	-5.126891E1	-8.858669E1
3.044000E1	-5.084126E1	-8.860516E1
3.046000E1	-5.056748E1	-8.884306E1
3.048000E1	-5.039748E1	-8.922587E1
3.050000E1	-5.002870E1	-8.980149E1
3.052000E1	-4.992408E1	-9.023680E1
3.054000E1	-4.983208E1	-9.026326E1
3.056000E1	-4.988360E1	-9.035560E1
3.058000E1	-4.992963E1	-9.037185E1
3.060000E1	-4.995772E1	-9.042642E1
3.062000E1	-4.962410E1	-9.066588E1
3.064000E1	-4.937394E1	-9.087435E1
3.066000E1	-4.936322E1	-9.097639E1
3.068000E1	-4.889401E1	-9.144063E1
3.070000E1	-4.885793E1	-9.143312E1
3.072000E1	-4.888222E1	-9.142064E1
3.074000E1	-4.866157E1	-9.150004E1
3.076000E1	-4.818828E1	-9.150543E1
3.078000E1	-4.812381E1	-9.149135E1
3.080000E1	-4.813633E1	-9.152274E1
3.082000E1	-4.822965E1	-9.169993E1
3.084000E1	-4.798518E1	-9.179801E1
3.086000E1	-4.756389E1	-9.219175E1
3.088000E1	-4.718088E1	-9.238874E1
3.090000E1	-4.715455E1	-9.238168E1
3.092000E1	-4.714941E1	-9.240173E1
3.094000E1	-4.706449E1	-9.249017E1
3.096000E1	-4.696319E1	-9.260214E1
3.098000E1	-4.648540E1	-9.252141E1
3.100000E1	-4.614339E1	-9.252707E1
3.102000E1	-4.618272E1	-9.260543E1
3.104000E1	-4.589871E1	-9.291685E1
3.106000E1	-4.542837E1	-9.325289E1
3.108000E1	-4.536923E1	-9.338667E1
3.110000E1	-4.525185E1	-9.347315E1
3.112000E1	-4.487465E1	-9.369300E1
3.114000E1	-4.456739E1	-9.399945E1
3.116000E1	-4.423117E1	-9.433659E1
3.118000E1	-4.382626E1	-9.485445E1
3.120000E1	-4.334593E1	-9.490591E1
3.122000E1	-4.321644E1	-9.488676E1
3.124000E1	-4.328086E1	-9.491382E1
3.126000E1	-4.339295E1	-9.505055E1
3.128000E1	-4.320055E1	-9.567619E1
3.130000E1	-4.244591E1	-9.608582E1
3.132000E1	-4.135170E1	-9.629865E1
3.134000E1	-3.989472E1	-9.640832E1
3.136000E1	-3.865755E1	-9.671282E1
3.138000E1	-3.841431E1	-9.735997E1
3.140000E1	-3.830316E1	-9.770754E1
3.142000E1	-3.845502E1	-9.820929E1
3.144000E1	-3.896673E1	-9.817573E1
3.146000E1	-3.931288E1	-9.816237E1
3.148000E1	-3.893023E1	-9.821488E1
3.150000E1	-3.863556E1	-9.815957E1
3.152000E1	-3.836766E1	-9.826827E1
3.154000E1	-3.839516E1	-9.838076E1
3.156000E1	-3.813240E1	-9.851576E1
3.158000E1	-3.760836E1	-9.878019E1
3.160000E1	-3.733269E1	-9.901210E1
3.162000E1	-3.736516E1	-9.908357E1
3.164000E1	-3.742815E1	-9.910819E1
3.166000E1	-3.734273E1	-9.913315E1
3.168000E1	-3.728475E1	-9.914895E1
3.170000E1	-3.732647E1	-9.910925E1
3.172000E1	-3.736205E1	-9.917080E1
3.174000E1	-3.734022E1	-9.920277E1
3.176000E1	-3.730181E1	-9.926004E1
3.178000E1	-3.710045E1	-9.928482E1
3.180000E1	-3.656613E1	-9.932755E1
3.182000E1	-3.596483E1	-9.956385E1
3.184000E1	-3.543845E1	-9.983372E1
3.186000E1	-3.492521E1	-1.001621E2
3.188000E1	-3.439101E1	-1.002026E2
3.190000E1	-3.382073E1	-1.002402E2
3.192000E1	-3.354209E1	-1.005345E2
3.194000E1	-3.316473E1	-1.008994E2
3.196000E1	-3.253332E1	-1.012637E2
3.198000E1	-3.211315E1	-1.014791E2
3.200000E1	-3.210944E1	-1.015545E2
3.202000E1	-3.209843E1	-1.015606E2
3.204000E1	-3.205340E1	-1.016604E2
3.206000E1	-3.169928E1	-1.020932E2
3.208000E1	-3.134517E1	-1.022857E2
3.210000E1	-3.089022E1	-1.025149E2
3.212000E1	-3.047733E1	-1.025704E2
3.214000E1	-3.044891E1	-1.026681E2
3.216000E1	-3.089161E1	-1.025947E2
3.218000E1	-3.090270E1	-1.029609E2
3.220000E1	-2.996998E1	-1.036042E2
3.222000E1	-2.968345E1	-1.036389E2
3.224000E1	-2.967099E1	-1.036173E2
3.226000E1	-2.932733E1	-1.037127E2
3.228000E1	-2.893884E1	-1.040628E2
3.230000E1	-2.821453E1	-1.045915E2
3.232000E1	-2.758017E1	-1.051278E2
3.234000E1	-2.743384E1	-1.052919E2
3.236000E1	-2.747241E1	-1.051723E2
3.238000E1	-2.758210E1	-1.050650E2
3.240000E1	-2.753116E1	-1.050378E2
3.242000E1	-2.709696E1	-1.050394E2
3.244000E1	-2.605007E1	-1.051237E2
3.246000E1	-2.483926E1	-1.051455E2
3.248000E1	-2.410981E1	-1.052030E2
3.250000E1	-2.420570E1	-1.054009E2
3.252000E1	-2.426675E1	-1.054487E2
3.254000E1	-2.434233E1	-1.054856E2
3.256000E1	-2.439012E1	-1.055018E2
3.258000E1	-2.440014E1	-1.055159E2
3.260000E1	-2.435340E1	-1.054925E2
3.262000E1	-2.435418E1	-1.054607E2
3.264000E1	-2.431641E1	-1.055035E2
3.266000E1	-2.432481E1	-1.055196E2
3.268000E1	-2.423229E1	-1.055235E2
3.270000E1	-2.378426E1	-1.054677E2
3.272000E1	-2.342467E1	-1.054839E2
3.274000E1	-2.338029E1	-1.055431E2
3.276000E1	-2.331776E1	-1.055888E2
3.278000E1	-2.323485E1	-1.055263E2
3.280000E1	-2.320293E1	-1.054800E2
3.282000E1	-2.317326E1	-1.055258E2
3.284000E1	-2.294075E1	-1.056819E2
3.286000E1	-2.242368E1	-1.058760E2
3.288000E1	-2.174840E1	-1.061729E2
3.290000E1	-2.108866E1	-1.063117E2
3.292000E1	-2.019204E1	-1.065831E2
3.294000E1	-1.932953E1	-1.069095E2
3.296000E1	-1.896136E1	-1.070379E2
3.298000E1	-1.851234E1	-1.072100E2
3.300000E1	-1.761228E1	-1.074968E2
3.302000E1	-1.698853E1	-1.078638E2
3.304000E1	-1.657862E1	-1.081118E2
3.306000E1	-1.653551E1	-1.080615E2
3.308000E1	-1.662816E1	-1.081315E2
3.310000E1	-1.642260E1	-1.087471E2
3.312000E1	-1.557477E1	-1.089984E2
3.314000E1	-1.518056E1	-1.092176E2
3.316000E1	-1.515729E1	-1.093634E2
3.318000E1	-1.506511E1	-1.094701E2
3.320000E1	-1.417790E1	-1.098071E2
3.322000E1	-1.359885E1	-1.105092E2
3.324000E1	-1.360855E1	-1.107434E2
3.326000E1	-1.369693E1	-1.107761E2
3.328000E1	-1.374534E1	-1.108045E2
3.330000E1	-1.344352E1	-1.107127E2
3.332000E1	-1.341624E1	-1.107034E2
3.334000E1	-1.327932E1	-1.107061E2
3.336000E1	-1.274204E1	-1.108366E2
3.338000E1	-1.241203E1	-1.109767E2
3.340000E1	-1.214887E1	-1.110987E2
3.342000E1	-1.215936E1	-1.110374E2
3.344000E1	-1.224356E1	-1.108962E2
3.346000E1	-1.224065E1	-1.108960E2
3.348000E1	-1.225469E1	-1.108514E2
3.350000E1	-1.215652E1	-1.107948E2
3.352000E1	-1.144757E1	-1.106540E2
3.354000E1	-1.027459E1	-1.101915E2
3.356000E1	-8.917728E0	-1.099798E2
3.358000E1	-8.537966E0	-1.100428E2
3.360000E1	-8.488964E0	-1.102955E2
3.362000E1	-8.468296E0	-1.104861E2
3.364000E1	-8.436699E0	-1.106292E2
3.366000E1	-8.411202E0	-1.107966E2
3.368000E1	-8.401447E0	-1.108208E2
3.370000E1	-8.339091E0	-1.106758E2
3.372000E1	-8.297266E0	-1.106366E2
3.374000E1	-8.045795E0	-1.108248E2
3.376000E1	-7.524747E0	-1.109081E2
3.378000E1	-6.808154E0	-1.109060E2
3.380000E1	-5.966521E0	-1.110041E2
3.382000E1	-5.495219E0	-1.110995E2
3.384000E1	-5.026828E0	-1.112134E2
3.386000E1	-4.572532E0	-1.114508E2
3.388000E1	-4.462185E0	-1.115369E2
3.390000E1	-4.050980E0	-1.120591E2
3.392000E1	-3.449270E0	-1.120592E2
3.394000E1	-3.053104E0	-1.121263E2
3.396000E1	-2.956668E0	-1.121728E2
3.398000E1	-2.604664E0	-1.122479E2
3.400000E1	-2.150113E0	-1.127397E2
3.402000E1	-1.032140E0	-1.131738E2
3.404000E1	9.591510E-2	-1.132814E2
3.406000E1	1.218428E0	-1.133583E2
3.408000E1	2.213063E0	-1.133933E2
3.410000E1	2.782661E0	-1.136773E2
3.412000E1	3.258703E0	-1.143489E2
3.414000E1	3.580446E0	-1.148652E2
3.416000E1	3.858953E0	-1.152427E2
3.418000E1	3.875891E0	-1.152112E2
3.420000E1	3.940054E0	-1.152159E2
3.422000E1	4.349816E0	-1.150531E2
3.424000E1	4.415999E0	-1.150680E2
3.426000E1	4.808948E0	-1.150886E2
3.428000E1	4.925460E0	-1.151622E2
3.430000E1	5.360429E0	-1.153672E2
3.432000E1	5.538394E0	-1.153693E2
3.434000E1	5.440879E0	-1.153415E2
3.436000E1	5.319336E0	-1.152824E2
3.438000E1	5.345858E0	-1.152408E2
3.440000E1	5.554565E0	-1.151284E2
3.442000E1	5.490651E0	-1.149176E2
3.444000E1	5.509038E0	-1.148353E2
3.446000E1	5.618785E0	-1.148191E2
3.448000E1	5.810003E0	-1.148147E2
3.450000E1	5.888166E0	-1.148069E2
3.452000E1	5.938104E0	-1.147635E2
3.454000E1	5.969288E0	-1.147710E2
3.456000E1	6.142413E0	-1.147736E2
3.458000E1	6.521481E0	-1.147811E2
3.460000E1	6.551870E0	-1.147258E2
3.462000E1	7.117538E0	-1.141839E2
3.464000E1	8.338189E0	-1.134625E2
3.466000E1	9.752265E0	-1.133085E2
3.468000E1	1.037738E1	-1.135144E2
3.470000E1	1.060220E1	-1.136038E2
3.472000E1	1.057255E1	-1.137446E2
3.474000E1	1.060991E1	-1.138434E2
3.476000E1	1.068632E1	-1.140115E2
3.478000E1	1.071791E1	-1.140129E2
3.480000E1	1.094606E1	-1.140568E2
3.482000E1	1.155026E1	-1.143124E2
3.484000E1	1.221509E1	-1.144990E2
3.486000E1	1.248198E1	-1.143600E2
3.488000E1	1.255705E1	-1.142053E2
3.490000E1	1.300169E1	-1.142408E2
3.492000E1	1.343916E1	-1.144478E2
3.494000E1	1.400043E1	-1.146313E2
3.496000E1	1.474953E1	-1.147413E2
3.498000E1	1.522087E1	-1.147829E2
3.500000E1	1.540555E1	-1.149727E2
3.502000E1	1.590634E1	-1.153411E2
3.504000E1	1.678370E1	-1.157126E2
3.506000E1	1.769573E1	-1.160340E2
3.508000E1	1.860001E1	-1.161203E2
3.510000E1	1.881281E1	-1.161229E2
3.512000E1	1.878916E1	-1.161406E2
3.514000E1	1.880396E1	-1.160930E2
3.516000E1	1.939854E1	-1.159001E2
3.518000E1	2.000389E1	-1.156505E2
3.520000E1	2.032475E1	-1.156909E2
3.522000E1	2.043349E1	-1.158802E2
3.524000E1	2.068607E1	-1.161819E2
3.526000E1	2.061170E1	-1.161923E2
3.528000E1	2.063547E1	-1.161927E2
3.530000E1	2.075234E1	-1.161971E2
3.532000E1	2.108840E1	-1.160776E2
3.534000E1	2.105030E1	-1.158928E2
3.536000E1	2.118281E1	-1.156867E2
3.538000E1	2.160889E1	-1.156283E2
3.540000E1	2.210246E1	-1.157587E2
3.542000E1	2.249295E1	-1.157955E2
3.544000E1	2.240707E1	-1.158368E2
3.546000E1	2.234383E1	-1.158071E2
3.548000E1	2.242036E1	-1.157453E2
3.550000E1	2.270011E1	-1.157042E2
3.552000E1	2.270581E1	-1.156937E2
3.554000E1	2.276961E1	-1.155971E2
3.556000E1	2.318817E1	-1.154887E2
3.558000E1	2.354359E1	-1.155375E2
3.560000E1	2.386410E1	-1.155328E2
3.562000E1	2.432174E1	-1.154707E2
3.564000E1	2.470375E1	-1.154321E2
3.566000E1	2.485640E1	-1.153814E2
3.568000E1	2.507364E1	-1.154179E2
3.570000E1	2.512321E1	-1.154581E2
3.572000E1	2.567461E1	-1.153253E2
3.574000E1	2.718875E1	-1.146840E2
3.576000E1	2.859661E1	-1.146723E2
3.578000E1	2.907776E1	-1.146209E2
3.580000E1	2.904238E1	-1.146004E2
3.582000E1	2.892627E1	-1.147803E2
3.584000E1	2.890631E1	-1.153022E2
3.586000E1	2.899251E1	-1.154023E2
3.588000E1	2.907260E1	-1.153575E2
3.590000E1	2.953056E1	-1.151407E2
3.592000E1	3.028105E1	-1.151545E2
3.594000E1	3.088042E1	-1.156369E2
3.596000E1	3.137445E1	-1.157345E2
3.598000E1	3.178017E1	-1.156480E2
3.600000E1	3.182001E1	-1.155953E2
3.602000E1	3.189572E1	-1.156037E2
3.604000E1	3.195728E1	-1.155917E2
3.606000E1	3.193623E1	-1.154371E2
3.608000E1	3.212876E1	-1.151667E2
3.610000E1	3.230210E1	-1.153016E2
3.612000E1	3.254199E1	-1.153275E2
3.614000E1	3.283731E1	-1.153207E2
3.616000E1	3.311519E1	-1.153384E2
3.618000E1	3.300664E1	-1.152879E2
3.620000E1	3.296613E1	-1.152587E2
3.622000E1	3.297673E1	-1.152142E2
3.624000E1	3.311792E1	-1.150694E2
3.626000E1	3.326367E1	-1.149000E2
3.628000E1	3.335205E1	-1.145984E2
3.630000E1	3.372099E1	-1.144875E2
3.632000E1	3.410196E1	-1.144521E2
3.634000E1	3.435230E1	-1.146800E2
3.636000E1	3.472410E1	-1.147022E2
3.638000E1	3.523579E1	-1.147361E2
3.640000E1	3.571216E1	-1.147698E2
3.642000E1	3.588322E1	-1.147926E2
3.644000E1	3.594454E1	-1.147632E2
3.646000E1	3.595633E1	-1.146888E2
3.648000E1	3.601005E1	-1.145492E2
3.650000E1	3.647088E1	-1.145816E2
3.652000E1	3.713514E1	-1.143770E2
3.654000E1	3.762788E1	-1.143589E2
3.656000E1	3.749633E1	-1.143110E2
3.658000E1	3.751868E1	-1.143038E2
3.660000E1	3.789992E1	-1.143171E2
3.662000E1	3.800947E1	-1.144233E2
3.664000E1	3.832201E1	-1.144479E2
3.666000E1	3.889037E1	-1.144111E2
3.668000E1	3.978769E1	-1.142946E2
3.670000E1	4.004446E1	-1.141202E2
3.672000E1	3.987613E1	-1.140776E2
3.674000E1	3.983931E1	-1.141894E2
3.676000E1	4.010638E1	-1.144465E2
3.678000E1	4.102162E1	-1.143972E2
3.680000E1	4.153257E1	-1.143167E2
3.682000E1	4.196584E1	-1.141037E2
3.684000E1	4.292802E1	-1.133929E2
3.686000E1	4.428728E1	-1.127319E2
3.688000E1	4.525800E1	-1.127823E2
3.690000E1	4.579291E1	-1.129759E2
3.692000E1	4.572871E1	-1.131930E2
3.694000E1	4.542023E1	-1.133341E2
3.696000E1	4.538789E1	-1.133328E2
3.698000E1	4.533977E1	-1.132734E2
3.700000E1	4.557501E1	-1.130609E2
3.702000E1	4.606344E1	-1.130634E2
3.704000E1	4.614399E1	-1.132739E2
3.706000E1	4.618817E1	-1.132821E2
3.708000E1	4.666480E1	-1.132270E2
3.710000E1	4.670066E1	-1.131440E2
3.712000E1	4.663451E1	-1.131793E2
3.714000E1	4.660191E1	-1.132088E2
3.716000E1	4.691928E1	-1.131855E2
3.718000E1	4.678992E1	-1.129040E2
3.720000E1	4.680977E1	-1.128595E2
3.722000E1	4.690829E1	-1.129006E2
3.724000E1	4.701447E1	-1.129307E2
3.726000E1	4.700255E1	-1.128948E2
3.728000E1	4.704958E1	-1.128197E2
3.730000E1	4.737285E1	-1.126327E2
3.732000E1	4.786954E1	-1.126211E2
3.734000E1	4.835473E1	-1.125643E2
3.736000E1	4.881887E1	-1.122783E2
3.738000E1	4.930988E1	-1.116445E2
3.740000E1	5.004500E1	-1.111418E2
3.742000E1	5.079551E1	-1.110675E2
3.744000E1	5.135714E1	-1.110059E2
3.746000E1	5.200885E1	-1.109858E2
3.748000E1	5.219040E1	-1.108248E2
3.750000E1	5.245630E1	-1.108289E2
3.752000E1	5.254094E1	-1.108291E2
3.754000E1	5.277256E1	-1.110279E2
3.756000E1	5.317459E1	-1.109432E2
3.758000E1	5.378063E1	-1.107899E2
3.760000E1	5.403102E1	-1.108018E2
3.762000E1	5.455183E1	-1.105473E2
3.764000E1	5.461098E1	-1.104609E2
3.766000E1	5.424420E1	-1.107278E2
3.768000E1	5.473292E1	-1.110929E2
3.770000E1	5.567703E1	-1.108677E2
3.772000E1	5.581610E1	-1.108251E2
3.774000E1	5.565216E1	-1.108273E2
3.776000E1	5.587887E1	-1.107963E2
3.778000E1	5.699482E1	-1.106901E2
3.780000E1	5.818628E1	-1.106987E2
3.782000E1	5.900100E1	-1.105761E2
3.784000E1	5.909957E1	-1.104950E2
3.786000E1	5.900692E1	-1.104618E2
3.788000E1	5.901328E1	-1.104836E2
3.790000E1	5.903022E1	-1.103611E2
3.792000E1	5.941863E1	-1.100357E2
3.794000E1	6.024561E1	-1.095502E2
3.796000E1	6.098210E1	-1.088566E2
3.798000E1	6.154380E1	-1.084957E2
3.800000E1	6.152465E1	-1.085165E2
3.802000E1	6.149710E1	-1.084991E2
3.804000E1	6.149751E1	-1.085463E2
3.806000E1	6.146374E1	-1.084965E2
3.808000E1	6.147133E1	-1.084767E2
3.810000E1	6.142972E1	-1.084274E2
3.812000E1	6.144260E1	-1.084228E2
3.814000E1	6.155655E1	-1.084402E2
3.816000E1	6.172269E1	-1.084678E2
3.818000E1	6.168563E1	-1.084066E2
3.820000E1	6.178257E1	-1.081764E2
3.822000E1	6.209969E1	-1.079554E2
3.824000E1	6.224594E1	-1.079199E2
3.826000E1	6.241944E1	-1.079137E2
3.828000E1	6.243437E1	-1.078301E2
3.830000E1	6.244422E1	-1.077563E2
3.832000E1	6.253171E1	-1.078281E2
3.834000E1	6.294829E1	-1.078474E2
3.836000E1	6.343759E1	-1.077128E2
3.838000E1	6.404073E1	-1.072924E2
3.840000E1	6.460949E1	-1.070206E2
3.842000E1	6.543782E1	-1.065460E2
3.844000E1	6.617184E1	-1.063287E2
3.846000E1	6.657573E1	-1.062329E2
3.848000E1	6.706304E1	-1.058629E2
3.850000E1	6.787339E1	-1.054561E2
3.852000E1	6.847639E1	-1.053664E2
3.854000E1	6.895611E1	-1.053414E2
3.856000E1	6.893287E1	-1.053404E2
3.858000E1	6.897586E1	-1.055855E2
3.860000E1	6.980521E1	-1.056496E2
3.862000E1	7.054887E1	-1.054502E2
3.864000E1	7.101160E1	-1.053437E2
3.866000E1	7.107107E1	-1.054074E2
3.868000E1	7.150574E1	-1.054187E2
3.870000E1	7.249091E1	-1.052653E2
3.872000E1	7.327879E1	-1.050783E2
3.874000E1	7.341746E1	-1.051949E2
3.876000E1	7.323434E1	-1.052504E2
3.878000E1	7.320395E1	-1.052231E2
3.880000E1	7.327673E1	-1.050584E2
3.882000E1	7.330442E1	-1.049033E2
3.884000E1	7.330246E1	-1.048459E2
3.886000E1	7.364232E1	-1.048316E2
3.888000E1	7.410744E1	-1.047483E2
3.890000E1	7.435556E1	-1.045760E2
3.892000E1	7.425192E1	-1.045467E2
3.894000E1	7.382766E1	-1.045797E2
3.896000E1	7.392348E1	-1.044787E2
3.898000E1	7.399308E1	-1.045366E2
3.900000E1	7.408672E1	-1.043231E2
3.902000E1	7.421116E1	-1.039383E2
3.904000E1	7.466548E1	-1.031154E2
3.906000E1	7.549931E1	-1.018892E2
3.908000E1	7.603345E1	-1.014482E2
3.910000E1	7.615851E1	-1.015943E2
3.912000E1	7.640435E1	-1.017244E2
3.914000E1	7.656482E1	-1.018129E2
3.916000E1	7.670210E1	-1.018391E2
3.918000E1	7.669012E1	-1.017913E2
3.920000E1	7.655151E1	-1.016313E2
3.922000E1	7.654996E1	-1.015271E2
3.924000E1	7.692957E1	-1.015652E2
3.926000E1	7.742701E1	-1.014710E2
3.928000E1	7.791390E1	-1.009142E2
3.930000E1	7.848031E1	-1.003218E2
3.932000E1	7.919109E1	-1.000423E2
3.934000E1	7.962428E1	-9.999567E1
3.936000E1	7.997997E1	-9.998196E1
3.938000E1	8.004168E1	-1.000157E2
3.940000E1	8.043717E1	-9.999255E1
3.942000E1	8.111500E1	-9.979713E1
3.944000E1	8.150236E1	-9.971056E1
3.946000E1	8.154650E1	-9.947113E1
3.948000E1	8.170759E1	-9.929076E1
3.950000E1	8.248588E1	-9.921405E1
3.952000E1	8.366199E1	-9.867276E1
3.954000E1	8.465133E1	-9.809041E1
3.956000E1	8.549462E1	-9.736914E1
3.958000E1	8.614462E1	-9.691125E1
3.960000E1	8.675671E1	-9.670358E1
3.962000E1	8.750305E1	-9.671359E1
3.964000E1	8.827092E1	-9.686487E1
3.966000E1	8.872925E1	-9.696306E1
3.968000E1	8.875055E1	-9.695091E1
3.970000E1	8.883455E1	-9.690474E1
3.972000E1	8.908295E1	-9.645940E1
3.974000E1	8.914058E1	-9.631419E1
3.976000E1	8.924402E1	-9.623610E1
3.978000E1	8.950961E1	-9.609320E1
3.980000E1	8.999295E1	-9.600512E1
3.982000E1	9.053154E1	-9.577583E1
3.984000E1	9.052378E1	-9.578234E1
3.986000E1	9.033880E1	-9.583615E1
3.988000E1	9.024097E1	-9.588022E1
3.990000E1	9.027387E1	-9.573520E1
3.992000E1	9.017340E1	-9.552416E1
3.994000E1	8.974052E1	-9.538686E1
3.996000E1	9.010337E1	-9.529896E1
3.998000E1	9.034003E1	-9.528351E1
4.000000E1	9.034501E1	-9.521309E1
4.002000E1	9.029950E1	-9.513630E1
4.004000E1	9.025168E1	-9.515220E1
4.006000E1	9.029129E1	-9.510323E1
4.008000E1	9.065463E1	-9.500909E1
4.010000E1	9.062519E1	-9.485556E1
4.012000E1	9.049212E1	-9.438748E1
4.014000E1	9.064152E1	-9.338190E1
4.016000E1	9.157926E1	-9.209930E1
4.018000E1	9.251441E1	-9.128498E1
4.020000E1	9.295543E1	-9.126045E1
4.022000E1	9.296578E1	-9.130138E1
4.024000E1	9.300285E1	-9.135915E1
4.026000E1	9.321387E1	-9.150946E1
4.028000E1	9.332751E1	-9.147606E1
4.030000E1	9.357790E1	-9.138502E1
4.032000E1	9.407307E1	-9.127170E1
4.034000E1	9.473430E1	-9.077676E1
4.036000E1	9.505446E1	-9.064611E1
4.038000E1	9.497100E1	-9.055198E1
4.040000E1	9.506000E1	-9.032866E1
4.042000E1	9.549626E1	-9.020983E1
4.044000E1	9.603947E1	-9.004757E1
4.046000E1	9.667100E1	-8.956752E1
4.048000E1	9.699799E1	-8.919698E1
4.050000E1	9.716888E1	-8.915511E1
4.052000E1	9.790591E1	-8.914530E1
4.054000E1	9.879959E1	-8.903266E1
4.056000E1	9.955318E1	-8.868950E1
4.058000E1	1.000088E2	-8.828843E1
4.060000E1	1.000620E2	-8.812403E1
4.062000E1	1.000257E2	-8.810723E1
4.064000E1	1.000567E2	-8.797123E1
4.066000E1	1.002049E2	-8.734811E1
4.068000E1	1.006338E2	-8.688750E1
4.070000E1	1.010010E2	-8.672147E1
4.072000E1	1.012244E2	-8.666024E1
4.074000E1	1.015374E2	-8.666032E1
4.076000E1	1.016106E2	-8.675402E1
4.078000E1	1.016596E2	-8.678391E1
4.080000E1	1.017011E2	-8.675333E1
4.082000E1	1.017977E2	-8.652379E1
4.084000E1	1.017613E2	-8.643633E1
4.086000E1	1.017680E2	-8.624734E1
4.088000E1	1.019727E2	-8.608824E1
4.090000E1	1.022209E2	-8.575605E1
4.092000E1	1.026938E2	-8.565160E1
4.094000E1	1.027401E2	-8.534162E1
4.096000E1	1.027340E2	-8.532355E1
4.098000E1	1.028492E2	-8.525839E1
4.100000E1	1.030578E2	-8.511655E1
4.102000E1	1.031254E2	-8.503339E1
4.104000E1	1.030954E2	-8.486633E1
4.106000E1	1.031302E2	-8.477785E1
4.108000E1	1.035412E2	-8.455587E1
4.110000E1	1.041028E2	-8.392762E1
4.112000E1	1.045057E2	-8.324607E1
4.114000E1	1.048243E2	-8.311652E1
4.116000E1	1.048157E2	-8.308409E1
4.118000E1	1.048992E2	-8.304636E1
4.120000E1	1.050968E2	-8.311448E1
4.122000E1	1.055279E2	-8.303753E1
4.124000E1	1.059918E2	-8.247233E1
4.126000E1	1.065436E2	-8.132961E1
4.128000E1	1.071039E2	-7.992566E1
4.130000E1	1.075819E2	-7.925756E1
4.132000E1	1.076876E2	-7.943393E1
4.134000E1	1.080711E2	-8.002490E1
4.136000E1	1.081511E2	-7.998565E1
4.138000E1	1.081902E2	-7.993939E1
4.140000E1	1.084060E2	-7.962529E1
4.142000E1	1.088252E2	-7.952762E1
4.144000E1	1.093766E2	-7.912627E1
4.146000E1	1.101588E2	-7.891820E1
4.148000E1	1.106309E2	-7.870888E1
4.150000E1	1.108220E2	-7.838825E1
4.152000E1	1.106836E2	-7.821801E1
4.154000E1	1.106354E2	-7.819496E1
4.156000E1	1.105927E2	-7.814188E1
4.158000E1	1.106237E2	-7.789722E1
4.160000E1	1.105759E2	-7.780783E1
4.162000E1	1.108662E2	-7.767584E1
4.164000E1	1.113432E2	-7.761914E1
4.166000E1	1.116567E2	-7.742471E1
4.168000E1	1.115857E2	-7.737669E1
4.170000E1	1.114743E2	-7.744094E1
4.172000E1	1.114443E2	-7.738642E1
4.174000E1	1.114646E2	-7.718348E1
4.176000E1	1.114811E2	-7.690085E1
4.178000E1	1.113701E2	-7.668376E1
4.180000E1	1.113547E2	-7.618667E1
4.182000E1	1.116670E2	-7.550062E1
4.184000E1	1.119178E2	-7.526651E1
4.186000E1	1.123621E2	-7.516403E1
4.188000E1	1.128569E2	-7.509780E1
4.190000E1	1.134016E2	-7.483436E1
4.192000E1	1.139387E2	-7.443330E1
4.194000E1	1.144043E2	-7.414008E1
4.196000E1	1.142903E2	-7.393157E1
4.198000E1	1.141856E2	-7.388243E1
4.200000E1	1.142269E2	-7.389853E1
4.202000E1	1.147676E2	-7.330981E1
4.204000E1	1.154452E2	-7.268572E1
4.206000E1	1.154620E2	-7.260795E1
4.208000E1	1.153635E2	-7.254892E1
4.210000E1	1.152832E2	-7.268350E1
4.212000E1	1.155630E2	-7.263487E1
4.214000E1	1.160091E2	-7.244890E1
4.216000E1	1.161340E2	-7.222180E1
4.218000E1	1.164358E2	-7.200658E1
4.220000E1	1.167819E2	-7.129712E1
4.222000E1	1.169489E2	-7.090548E1
4.224000E1	1.169391E2	-7.083278E1
4.226000E1	1.174127E2	-7.075710E1
4.228000E1	1.179072E2	-7.034753E1
4.230000E1	1.180782E2	-6.996705E1
4.232000E1	1.181318E2	-6.996943E1
4.234000E1	1.182121E2	-6.987481E1
4.236000E1	1.187756E2	-6.923414E1
4.238000E1	1.197161E2	-6.766774E1
4.240000E1	1.204891E2	-6.618416E1
4.242000E1	1.210315E2	-6.569576E1
4.244000E1	1.208954E2	-6.563276E1
4.246000E1	1.205221E2	-6.584726E1
4.248000E1	1.205396E2	-6.595076E1
4.250000E1	1.205989E2	-6.594113E1
4.252000E1	1.207815E2	-6.576626E1
4.254000E1	1.210730E2	-6.544376E1
4.256000E1	1.214325E2	-6.510536E1
4.258000E1	1.218546E2	-6.494053E1
4.260000E1	1.218138E2	-6.493704E1
4.262000E1	1.216439E2	-6.482841E1
4.264000E1	1.213541E2	-6.457435E1
4.266000E1	1.212879E2	-6.459378E1
4.268000E1	1.214031E2	-6.447133E1
4.270000E1	1.212429E2	-6.428887E1
4.272000E1	1.212044E2	-6.426751E1
4.274000E1	1.212499E2	-6.429176E1
4.276000E1	1.213077E2	-6.426407E1
4.278000E1	1.213821E2	-6.429491E1
4.280000E1	1.212670E2	-6.427069E1
4.282000E1	1.212604E2	-6.423756E1
4.284000E1	1.215631E2	-6.407390E1
4.286000E1	1.216985E2	-6.371662E1
4.288000E1	1.216651E2	-6.308750E1
4.290000E1	1.217222E2	-6.220258E1
4.292000E1	1.221891E2	-6.137340E1
4.294000E1	1.227070E2	-6.038163E1
4.296000E1	1.231519E2	-5.955371E1
4.298000E1	1.231992E2	-5.942373E1
4.300000E1	1.234662E2	-5.927965E1
4.302000E1	1.240188E2	-5.894423E1
4.304000E1	1.244011E2	-5.883745E1
4.306000E1	1.247603E2	-5.850185E1
4.308000E1	1.250666E2	-5.798730E1
4.310000E1	1.250770E2	-5.799990E1
4.312000E1	1.253325E2	-5.757540E1
4.314000E1	1.253425E2	-5.738384E1
4.316000E1	1.258598E2	-5.729913E1
4.318000E1	1.264343E2	-5.659478E1
4.320000E1	1.268282E2	-5.654729E1
4.322000E1	1.267523E2	-5.657475E1
4.324000E1	1.267768E2	-5.661589E1
4.326000E1	1.271880E2	-5.647076E1
4.328000E1	1.276048E2	-5.591150E1
4.330000E1	1.280886E2	-5.543735E1
4.332000E1	1.285248E2	-5.520732E1
4.334000E1	1.284550E2	-5.482271E1
4.336000E1	1.284375E2	-5.467002E1
4.338000E1	1.283776E2	-5.462264E1
4.340000E1	1.283846E2	-5.458373E1
4.342000E1	1.283896E2	-5.410890E1
4.344000E1	1.285634E2	-5.386758E1
4.346000E1	1.289667E2	-5.369521E1
4.348000E1	1.292268E2	-5.315540E1
4.350000E1	1.292355E2	-5.258025E1
4.352000E1	1.290659E2	-5.190972E1
4.354000E1	1.287809E2	-5.171591E1
4.356000E1	1.284756E2	-5.190924E1
4.358000E1	1.284081E2	-5.189403E1
4.360000E1	1.284403E2	-5.190378E1
4.362000E1	1.284490E2	-5.186392E1
4.364000E1	1.285338E2	-5.179699E1
4.366000E1	1.286202E2	-5.176918E1
4.368000E1	1.285936E2	-5.167876E1
4.370000E1	1.287310E2	-5.156246E1
4.372000E1	1.290318E2	-5.142094E1
4.374000E1	1.290760E2	-5.109950E1
4.376000E1	1.290393E2	-5.063051E1
4.378000E1	1.288833E2	-5.053282E1
4.380000E1	1.288703E2	-5.042858E1
4.382000E1	1.289057E2	-5.027750E1
4.384000E1	1.292579E2	-4.994822E1
4.386000E1	1.293829E2	-4.932861E1
4.388000E1	1.297971E2	-4.914615E1
4.390000E1	1.301321E2	-4.862660E1
4.392000E1	1.302459E2	-4.813514E1
4.394000E1	1.305939E2	-4.792355E1
4.396000E1	1.309073E2	-4.740901E1
4.398000E1	1.311239E2	-4.667649E1
4.400000E1	1.314738E2	-4.595369E1
4.402000E1	1.314736E2	-4.575989E1
4.404000E1	1.314178E2	-4.538708E1
4.406000E1	1.315772E2	-4.532136E1
4.408000E1	1.320265E2	-4.518456E1
4.410000E1	1.328092E2	-4.450694E1
4.412000E1	1.333057E2	-4.393623E1
4.414000E1	1.336009E2	-4.355711E1
4.416000E1	1.337485E2	-4.338649E1
4.418000E1	1.342078E2	-4.333988E1
4.420000E1	1.346301E2	-4.274548E1
4.422000E1	1.350851E2	-4.262595E1
4.424000E1	1.352720E2	-4.217587E1
4.426000E1	1.352407E2	-4.208441E1
4.428000E1	1.352247E2	-4.179893E1
4.430000E1	1.352449E2	-4.162615E1
4.432000E1	1.352556E2	-4.148210E1
4.434000E1	1.352414E2	-4.145846E1
4.436000E1	1.353393E2	-4.135568E1
4.438000E1	1.356679E2	-4.099600E1
4.440000E1	1.357187E2	-4.089861E1
4.442000E1	1.357663E2	-4.075854E1
4.444000E1	1.357536E2	-4.049063E1
4.446000E1	1.357028E2	-4.039631E1
4.448000E1	1.356444E2	-4.035150E1
4.450000E1	1.352471E2	-4.038733E1
