	mass B		
t	x	y	
0.000000E0	-1.095613E2	3.634434E1
2.000000E-2	-1.095613E2	3.634434E1
4.000000E-2	-1.096399E2	3.606864E1
6.000000E-2	-1.098585E2	3.550312E1
8.000000E-2	-1.099125E2	3.513758E1
1.000000E-1	-1.103331E2	3.443577E1
1.200000E-1	-1.108670E2	3.348711E1
1.400000E-1	-1.118164E2	3.240267E1
1.600000E-1	-1.128602E2	3.154778E1
1.800000E-1	-1.133302E2	3.115621E1
2.000000E-1	-1.132163E2	3.129729E1
2.200000E-1	-1.130159E2	3.141433E1
2.400000E-1	-1.129207E2	3.120117E1
2.600000E-1	-1.128893E2	3.105104E1
2.800000E-1	-1.128673E2	3.087748E1
3.000000E-1	-1.128407E2	3.037444E1
3.200000E-1	-1.128457E2	3.037283E1
3.400000E-1	-1.128511E2	2.973341E1
3.600000E-1	-1.129628E2	2.957585E1
3.800000E-1	-1.131411E2	2.942563E1
4.000000E-1	-1.132960E2	2.886245E1
4.200000E-1	-1.133364E2	2.886782E1
4.400000E-1	-1.133182E2	2.863434E1
4.600000E-1	-1.131277E2	2.811852E1
4.800000E-1	-1.130197E2	2.806441E1
5.000000E-1	-1.127151E2	2.778550E1
5.200000E-1	-1.126910E2	2.733405E1
5.400000E-1	-1.125435E2	2.705872E1
5.600000E-1	-1.125468E2	2.631560E1
5.800000E-1	-1.125325E2	2.533135E1
6.000000E-1	-1.126461E2	2.398917E1
6.200000E-1	-1.127952E2	2.299282E1
6.400000E-1	-1.132113E2	2.211326E1
6.600000E-1	-1.132764E2	2.185278E1
6.800000E-1	-1.134589E2	2.158892E1
7.000000E-1	-1.138921E2	2.123344E1
7.200000E-1	-1.138705E2	2.125699E1
7.400000E-1	-1.135237E2	2.127086E1
7.600000E-1	-1.134608E2	2.114233E1
7.800000E-1	-1.135696E2	2.105201E1
8.000000E-1	-1.136196E2	2.098116E1
8.200000E-1	-1.135967E2	2.086008E1
8.400000E-1	-1.135601E2	2.082572E1
8.600000E-1	-1.138408E2	2.029929E1
8.800000E-1	-1.143017E2	1.957834E1
9.000000E-1	-1.144304E2	1.893568E1
9.200000E-1	-1.144690E2	1.851163E1
9.400000E-1	-1.144577E2	1.805710E1
9.600000E-1	-1.146005E2	1.766843E1
9.800000E-1	-1.146032E2	1.748864E1
1.000000E0	-1.145272E2	1.743677E1
1.020000E0	-1.145173E2	1.736574E1
1.040000E0	-1.145333E2	1.680345E1
1.060000E0	-1.146873E2	1.665471E1
1.080000E0	-1.148473E2	1.629823E1
1.100000E0	-1.152564E2	1.607943E1
1.120000E0	-1.153223E2	1.601711E1
1.140000E0	-1.154428E2	1.594325E1
1.160000E0	-1.154112E2	1.581983E1
1.180000E0	-1.154023E2	1.520709E1
1.200000E0	-1.154153E2	1.437871E1
1.220000E0	-1.160742E2	1.350018E1
1.240000E0	-1.169354E2	1.195654E1
1.260000E0	-1.174085E2	1.109213E1
1.280000E0	-1.172776E2	1.108166E1
1.300000E0	-1.171718E2	1.111938E1
1.320000E0	-1.171670E2	1.101632E1
1.340000E0	-1.171233E2	1.060917E1
1.360000E0	-1.165912E2	1.040157E1
1.380000E0	-1.161738E2	1.043271E1
1.400000E0	-1.162139E2	1.046587E1
1.420000E0	-1.162630E2	1.035404E1
1.440000E0	-1.162863E2	9.710642E0
1.460000E0	-1.163622E2	8.971562E0
1.480000E0	-1.163956E2	8.294070E0
1.500000E0	-1.164138E2	7.905882E0
1.520000E0	-1.160008E2	7.816108E0
1.540000E0	-1.159167E2	7.802895E0
1.560000E0	-1.159750E2	7.808135E0
1.580000E0	-1.159483E2	7.767484E0
1.600000E0	-1.159354E2	7.749684E0
1.620000E0	-1.159167E2	7.721239E0
1.640000E0	-1.159337E2	7.674300E0
1.660000E0	-1.159598E2	7.553574E0
1.680000E0	-1.160136E2	7.397388E0
1.700000E0	-1.159638E2	6.791721E0
1.720000E0	-1.161031E2	6.263062E0
1.740000E0	-1.161386E2	5.578296E0
1.760000E0	-1.165235E2	4.894233E0
1.780000E0	-1.166213E2	4.461396E0
1.800000E0	-1.166979E2	4.324108E0
1.820000E0	-1.167342E2	4.321357E0
1.840000E0	-1.166711E2	4.261128E0
1.860000E0	-1.166314E2	4.051082E0
1.880000E0	-1.167273E2	3.696025E0
1.900000E0	-1.167906E2	3.482341E0
1.920000E0	-1.168208E2	3.049865E0
1.940000E0	-1.167494E2	2.469775E0
1.960000E0	-1.168002E2	1.733408E0
1.980000E0	-1.169133E2	9.758247E-1
2.000000E0	-1.172274E2	6.063292E-1
2.020000E0	-1.173653E2	5.866168E-1
2.040000E0	-1.173529E2	5.453646E-1
2.060000E0	-1.173482E2	4.836469E-1
2.080000E0	-1.173006E2	1.604428E-1
2.100000E0	-1.172269E2	-4.404860E-1
2.120000E0	-1.172014E2	-6.022217E-1
2.140000E0	-1.171044E2	-1.142201E0
2.160000E0	-1.172502E2	-1.264512E0
2.180000E0	-1.171406E2	-1.318763E0
2.200000E0	-1.171462E2	-1.582820E0
2.220000E0	-1.172759E2	-1.626008E0
2.240000E0	-1.173016E2	-1.936341E0
2.260000E0	-1.169354E2	-2.584479E0
2.280000E0	-1.165618E2	-3.908749E0
2.300000E0	-1.165018E2	-4.780727E0
2.320000E0	-1.166019E2	-5.749701E0
2.340000E0	-1.174169E2	-6.605735E0
2.360000E0	-1.179919E2	-7.721244E0
2.380000E0	-1.178781E2	-8.516821E0
2.400000E0	-1.174321E2	-8.513590E0
2.420000E0	-1.172155E2	-8.490948E0
2.440000E0	-1.168127E2	-8.573200E0
2.460000E0	-1.166936E2	-8.521411E0
2.480000E0	-1.166807E2	-8.442801E0
2.500000E0	-1.167969E2	-8.466419E0
2.520000E0	-1.170694E2	-8.540270E0
2.540000E0	-1.167452E2	-8.729619E0
2.560000E0	-1.169058E2	-9.253920E0
2.580000E0	-1.169152E2	-9.885373E0
2.600000E0	-1.168900E2	-1.033593E1
2.620000E0	-1.168593E2	-1.010656E1
2.640000E0	-1.167592E2	-9.659580E0
2.660000E0	-1.167793E2	-9.707423E0
2.680000E0	-1.168146E2	-9.717019E0
2.700000E0	-1.168300E2	-9.740332E0
2.720000E0	-1.167511E2	-1.020675E1
2.740000E0	-1.166847E2	-1.032236E1
2.760000E0	-1.167178E2	-1.042390E1
2.780000E0	-1.168027E2	-1.064933E1
2.800000E0	-1.168690E2	-1.120842E1
2.820000E0	-1.168707E2	-1.193635E1
2.840000E0	-1.168682E2	-1.282949E1
2.860000E0	-1.168202E2	-1.370970E1
2.880000E0	-1.168377E2	-1.470207E1
2.900000E0	-1.172459E2	-1.547984E1
2.920000E0	-1.172872E2	-1.548419E1
2.940000E0	-1.172283E2	-1.543108E1
2.960000E0	-1.171087E2	-1.547175E1
2.980000E0	-1.171393E2	-1.559755E1
3.000000E0	-1.171213E2	-1.586524E1
3.020000E0	-1.171136E2	-1.655115E1
3.040000E0	-1.169162E2	-1.719254E1
3.060000E0	-1.165877E2	-1.787272E1
3.080000E0	-1.167099E2	-1.810543E1
3.100000E0	-1.166677E2	-1.809027E1
3.120000E0	-1.167168E2	-1.830218E1
3.140000E0	-1.167748E2	-1.866568E1
3.160000E0	-1.166146E2	-1.909381E1
3.180000E0	-1.161210E2	-1.992548E1
3.200000E0	-1.158453E2	-2.093315E1
3.220000E0	-1.156646E2	-2.136793E1
3.240000E0	-1.157274E2	-2.137463E1
3.260000E0	-1.158268E2	-2.144226E1
3.280000E0	-1.156065E2	-2.204013E1
3.300000E0	-1.153198E2	-2.262684E1
3.320000E0	-1.149393E2	-2.333562E1
3.340000E0	-1.147946E2	-2.386290E1
3.360000E0	-1.148371E2	-2.390081E1
3.380000E0	-1.147785E2	-2.390144E1
3.400000E0	-1.147319E2	-2.441160E1
3.420000E0	-1.148511E2	-2.518448E1
3.440000E0	-1.151583E2	-2.659576E1
3.460000E0	-1.154072E2	-2.807577E1
3.480000E0	-1.156921E2	-2.863852E1
3.500000E0	-1.155338E2	-2.841785E1
3.520000E0	-1.152787E2	-2.849565E1
3.540000E0	-1.151354E2	-2.862828E1
3.560000E0	-1.150186E2	-2.863725E1
3.580000E0	-1.149471E2	-2.860099E1
3.600000E0	-1.149218E2	-2.861388E1
3.620000E0	-1.149483E2	-2.874544E1
3.640000E0	-1.149423E2	-2.874784E1
3.660000E0	-1.149311E2	-2.880206E1
3.680000E0	-1.149505E2	-2.903424E1
3.700000E0	-1.152559E2	-2.976590E1
3.720000E0	-1.151758E2	-3.003533E1
3.740000E0	-1.150936E2	-3.003042E1
3.760000E0	-1.149714E2	-2.995488E1
3.780000E0	-1.149210E2	-2.997147E1
3.800000E0	-1.149320E2	-3.006654E1
3.820000E0	-1.149427E2	-3.007791E1
3.840000E0	-1.149019E2	-3.016263E1
3.860000E0	-1.148830E2	-3.020001E1
3.880000E0	-1.148382E2	-3.067631E1
3.900000E0	-1.148410E2	-3.144296E1
3.920000E0	-1.146539E2	-3.226882E1
3.940000E0	-1.142969E2	-3.314192E1
3.960000E0	-1.140754E2	-3.410548E1
3.980000E0	-1.140955E2	-3.472525E1
4.000000E0	-1.141485E2	-3.481089E1
4.020000E0	-1.140365E2	-3.480412E1
4.040000E0	-1.136331E2	-3.492263E1
4.060000E0	-1.134819E2	-3.507132E1
4.080000E0	-1.130321E2	-3.569545E1
4.100000E0	-1.125544E2	-3.638291E1
4.120000E0	-1.122018E2	-3.710245E1
4.140000E0	-1.120391E2	-3.755051E1
4.160000E0	-1.119655E2	-3.775455E1
4.180000E0	-1.115924E2	-3.843799E1
4.200000E0	-1.112361E2	-3.916045E1
4.220000E0	-1.108054E2	-3.969281E1
4.240000E0	-1.105643E2	-4.004201E1
4.260000E0	-1.105399E2	-4.010615E1
4.280000E0	-1.104096E2	-4.033127E1
4.300000E0	-1.105620E2	-4.057670E1
4.320000E0	-1.105899E2	-4.077228E1
4.340000E0	-1.105959E2	-4.091217E1
4.360000E0	-1.104815E2	-4.136548E1
4.380000E0	-1.103868E2	-4.162533E1
4.400000E0	-1.103813E2	-4.186713E1
4.420000E0	-1.104168E2	-4.198694E1
4.440000E0	-1.104297E2	-4.210404E1
4.460000E0	-1.103972E2	-4.249542E1
4.480000E0	-1.102207E2	-4.306384E1
4.500000E0	-1.100406E2	-4.384006E1
4.520000E0	-1.100613E2	-4.472915E1
4.540000E0	-1.100524E2	-4.621215E1
4.560000E0	-1.104043E2	-4.765676E1
4.580000E0	-1.104882E2	-4.820749E1
4.600000E0	-1.104699E2	-4.809053E1
4.620000E0	-1.099870E2	-4.806512E1
4.640000E0	-1.096175E2	-4.831984E1
4.660000E0	-1.094875E2	-4.843251E1
4.680000E0	-1.095172E2	-4.844148E1
4.700000E0	-1.095718E2	-4.847053E1
4.720000E0	-1.096129E2	-4.849208E1
4.740000E0	-1.096006E2	-4.850220E1
4.760000E0	-1.095697E2	-4.859154E1
4.780000E0	-1.094920E2	-4.945061E1
4.800000E0	-1.090945E2	-5.040908E1
4.820000E0	-1.089438E2	-5.077179E1
4.840000E0	-1.089930E2	-5.068558E1
4.860000E0	-1.089218E2	-5.062250E1
4.880000E0	-1.086380E2	-5.062174E1
4.900000E0	-1.085898E2	-5.064789E1
4.920000E0	-1.084893E2	-5.073172E1
4.940000E0	-1.083958E2	-5.096880E1
4.960000E0	-1.081966E2	-5.141946E1
4.980000E0	-1.075766E2	-5.210955E1
5.000000E0	-1.070709E2	-5.294002E1
5.020000E0	-1.067011E2	-5.375372E1
5.040000E0	-1.066092E2	-5.452180E1
5.060000E0	-1.061977E2	-5.536228E1
5.080000E0	-1.056639E2	-5.617536E1
5.100000E0	-1.050036E2	-5.719270E1
5.120000E0	-1.044224E2	-5.775218E1
5.140000E0	-1.037425E2	-5.773884E1
5.160000E0	-1.033591E2	-5.776516E1
5.180000E0	-1.033546E2	-5.785911E1
5.200000E0	-1.033942E2	-5.795729E1
5.220000E0	-1.034610E2	-5.834710E1
5.240000E0	-1.033613E2	-5.860400E1
5.260000E0	-1.031705E2	-5.892356E1
5.280000E0	-1.029229E2	-5.937680E1
5.300000E0	-1.024029E2	-6.011781E1
5.320000E0	-1.021788E2	-6.044283E1
5.340000E0	-1.021945E2	-6.049142E1
5.360000E0	-1.021825E2	-6.060835E1
5.380000E0	-1.021466E2	-6.079966E1
5.400000E0	-1.021925E2	-6.130925E1
5.420000E0	-1.021790E2	-6.152240E1
5.440000E0	-1.020314E2	-6.175501E1
5.460000E0	-1.017054E2	-6.210746E1
5.480000E0	-1.017279E2	-6.222274E1
5.500000E0	-1.017523E2	-6.236364E1
5.520000E0	-1.017131E2	-6.248977E1
5.540000E0	-1.014917E2	-6.274725E1
5.560000E0	-1.013220E2	-6.290695E1
5.580000E0	-1.012590E2	-6.349358E1
5.600000E0	-1.012170E2	-6.412608E1
5.620000E0	-1.011551E2	-6.493313E1
5.640000E0	-1.012574E2	-6.602063E1
5.660000E0	-1.012985E2	-6.737363E1
5.680000E0	-1.009341E2	-6.825914E1
5.700000E0	-1.008159E2	-6.838745E1
5.720000E0	-1.007924E2	-6.830932E1
5.740000E0	-1.003515E2	-6.843642E1
5.760000E0	-1.000053E2	-6.862088E1
5.780000E0	-1.000178E2	-6.834273E1
5.800000E0	-9.993716E1	-6.813515E1
5.820000E0	-9.977787E1	-6.832260E1
5.840000E0	-9.978851E1	-6.843936E1
5.860000E0	-9.931938E1	-6.886133E1
5.880000E0	-9.878348E1	-6.965381E1
5.900000E0	-9.862552E1	-7.019483E1
5.920000E0	-9.858654E1	-7.019204E1
5.940000E0	-9.868631E1	-6.995902E1
5.960000E0	-9.872139E1	-6.992766E1
5.980000E0	-9.828334E1	-7.039217E1
6.000000E0	-9.788351E1	-7.041207E1
6.020000E0	-9.731169E1	-7.054780E1
6.040000E0	-9.662783E1	-7.083391E1
6.060000E0	-9.632919E1	-7.104184E1
6.080000E0	-9.629940E1	-7.119023E1
6.100000E0	-9.622022E1	-7.158346E1
6.120000E0	-9.617800E1	-7.203593E1
6.140000E0	-9.600200E1	-7.264336E1
6.160000E0	-9.569553E1	-7.300202E1
6.180000E0	-9.551954E1	-7.350077E1
6.200000E0	-9.516953E1	-7.370083E1
6.220000E0	-9.505154E1	-7.372690E1
6.240000E0	-9.486183E1	-7.357906E1
6.260000E0	-9.480590E1	-7.366104E1
6.280000E0	-9.478631E1	-7.374904E1
6.300000E0	-9.483640E1	-7.375290E1
6.320000E0	-9.486806E1	-7.398100E1
6.340000E0	-9.457701E1	-7.455524E1
6.360000E0	-9.438415E1	-7.487037E1
6.380000E0	-9.407198E1	-7.532759E1
6.400000E0	-9.378719E1	-7.567227E1
6.420000E0	-9.326050E1	-7.622130E1
6.440000E0	-9.301666E1	-7.650651E1
6.460000E0	-9.262135E1	-7.697118E1
6.480000E0	-9.222517E1	-7.735260E1
6.500000E0	-9.215282E1	-7.797753E1
6.520000E0	-9.207948E1	-7.830751E1
6.540000E0	-9.188034E1	-7.826559E1
6.560000E0	-9.206889E1	-7.819623E1
6.580000E0	-9.209847E1	-7.825072E1
6.600000E0	-9.186597E1	-7.875005E1
6.620000E0	-9.145088E1	-7.937227E1
6.640000E0	-9.107683E1	-7.966178E1
6.660000E0	-9.066619E1	-7.998166E1
6.680000E0	-9.061083E1	-8.008132E1
6.700000E0	-9.060987E1	-8.009256E1
6.720000E0	-9.058034E1	-8.018451E1
6.740000E0	-9.021376E1	-8.092052E1
6.760000E0	-8.970203E1	-8.251931E1
6.780000E0	-8.887300E1	-8.432197E1
6.800000E0	-8.823721E1	-8.491790E1
6.820000E0	-8.804009E1	-8.470210E1
6.840000E0	-8.814007E1	-8.441291E1
6.860000E0	-8.824116E1	-8.441416E1
6.880000E0	-8.784034E1	-8.428835E1
6.900000E0	-8.727349E1	-8.434786E1
6.920000E0	-8.684896E1	-8.423288E1
6.940000E0	-8.641693E1	-8.444371E1
6.960000E0	-8.637894E1	-8.447636E1
6.980000E0	-8.628349E1	-8.461219E1
7.000000E0	-8.614847E1	-8.523124E1
7.020000E0	-8.612536E1	-8.567613E1
7.040000E0	-8.619226E1	-8.587014E1
7.060000E0	-8.596669E1	-8.567620E1
7.080000E0	-8.567883E1	-8.573210E1
7.100000E0	-8.571368E1	-8.579925E1
7.120000E0	-8.575074E1	-8.576358E1
7.140000E0	-8.574012E1	-8.579259E1
7.160000E0	-8.567144E1	-8.587573E1
7.180000E0	-8.561486E1	-8.596067E1
7.200000E0	-8.565678E1	-8.593836E1
7.220000E0	-8.545762E1	-8.650349E1
7.240000E0	-8.492091E1	-8.719486E1
7.260000E0	-8.442301E1	-8.788945E1
7.280000E0	-8.399074E1	-8.870492E1
7.300000E0	-8.344028E1	-8.961579E1
7.320000E0	-8.287949E1	-9.021522E1
7.340000E0	-8.241815E1	-9.019434E1
7.360000E0	-8.193384E1	-9.012249E1
7.380000E0	-8.146883E1	-9.024203E1
7.400000E0	-8.138229E1	-9.088056E1
7.420000E0	-8.106828E1	-9.144573E1
7.440000E0	-8.091570E1	-9.165845E1
7.460000E0	-8.091322E1	-9.169198E1
7.480000E0	-8.083144E1	-9.172855E1
7.500000E0	-8.051057E1	-9.196857E1
7.520000E0	-7.999573E1	-9.244397E1
7.540000E0	-7.974906E1	-9.276164E1
7.560000E0	-7.932930E1	-9.276030E1
7.580000E0	-7.899814E1	-9.302180E1
7.600000E0	-7.898679E1	-9.312119E1
7.620000E0	-7.899255E1	-9.315165E1
7.640000E0	-7.894932E1	-9.325718E1
7.660000E0	-7.841483E1	-9.360920E1
7.680000E0	-7.761633E1	-9.387686E1
7.700000E0	-7.712203E1	-9.408265E1
7.720000E0	-7.703927E1	-9.462078E1
7.740000E0	-7.695576E1	-9.466208E1
7.760000E0	-7.657818E1	-9.477680E1
7.780000E0	-7.612219E1	-9.499390E1
7.800000E0	-7.516129E1	-9.568883E1
7.820000E0	-7.408823E1	-9.630791E1
7.840000E0	-7.315623E1	-9.685070E1
7.860000E0	-7.275239E1	-9.770538E1
7.880000E0	-7.238636E1	-9.879778E1
7.900000E0	-7.220390E1	-9.972656E1
7.920000E0	-7.218286E1	-1.004254E2
7.940000E0	-7.210301E1	-1.004019E2
7.960000E0	-7.178542E1	-1.001416E2
7.980000E0	-7.172366E1	-1.000950E2
8.000000E0	-7.133927E1	-9.995659E1
8.020000E0	-7.135062E1	-9.992431E1
8.040000E0	-7.132117E1	-9.994954E1
8.060000E0	-7.131454E1	-1.000525E2
8.080000E0	-7.127812E1	-1.001091E2
8.100000E0	-7.082213E1	-1.003871E2
8.120000E0	-7.070192E1	-1.011970E2
8.140000E0	-7.048771E1	-1.014987E2
8.160000E0	-7.049992E1	-1.014666E2
8.180000E0	-7.064833E1	-1.013000E2
8.200000E0	-7.068124E1	-1.012360E2
8.220000E0	-7.067927E1	-1.012684E2
8.240000E0	-7.055797E1	-1.013164E2
8.260000E0	-7.052782E1	-1.013697E2
8.280000E0	-7.045296E1	-1.013771E2
8.300000E0	-7.035442E1	-1.015235E2
8.320000E0	-7.005243E1	-1.020320E2
8.340000E0	-6.983603E1	-1.024894E2
8.360000E0	-6.954251E1	-1.030048E2
8.380000E0	-6.914150E1	-1.035950E2
8.400000E0	-6.854623E1	-1.038462E2
8.420000E0	-6.815498E1	-1.042447E2
8.440000E0	-6.779220E1	-1.042805E2
8.460000E0	-6.744567E1	-1.040789E2
8.480000E0	-6.739271E1	-1.038927E2
8.500000E0	-6.732382E1	-1.039435E2
8.520000E0	-6.729581E1	-1.040107E2
8.540000E0	-6.704967E1	-1.042323E2
8.560000E0	-6.632795E1	-1.048579E2
8.580000E0	-6.524472E1	-1.049556E2
8.600000E0	-6.440572E1	-1.054632E2
8.620000E0	-6.391322E1	-1.057422E2
8.640000E0	-6.392571E1	-1.058997E2
8.660000E0	-6.358210E1	-1.060518E2
8.680000E0	-6.304417E1	-1.062037E2
8.700000E0	-6.209475E1	-1.066227E2
8.720000E0	-6.113938E1	-1.068713E2
8.740000E0	-6.067473E1	-1.071693E2
8.760000E0	-6.060708E1	-1.071764E2
8.780000E0	-6.059495E1	-1.071744E2
8.800000E0	-6.054176E1	-1.073649E2
8.820000E0	-6.040223E1	-1.076496E2
8.840000E0	-6.002041E1	-1.080623E2
8.860000E0	-5.962459E1	-1.082787E2
8.880000E0	-5.953036E1	-1.083827E2
8.900000E0	-5.910217E1	-1.085393E2
8.920000E0	-5.861746E1	-1.086950E2
8.940000E0	-5.809992E1	-1.093527E2
8.960000E0	-5.715600E1	-1.101309E2
8.980000E0	-5.643838E1	-1.115075E2
9.000000E0	-5.589784E1	-1.124925E2
9.020000E0	-5.579945E1	-1.127560E2
9.040000E0	-5.568899E1	-1.126535E2
9.060000E0	-5.534912E1	-1.125758E2
9.080000E0	-5.519610E1	-1.125837E2
9.100000E0	-5.510278E1	-1.124430E2
9.120000E0	-5.512728E1	-1.123902E2
9.140000E0	-5.507890E1	-1.124219E2
9.160000E0	-5.508060E1	-1.124046E2
9.180000E0	-5.508217E1	-1.124909E2
9.200000E0	-5.483192E1	-1.128519E2
9.220000E0	-5.465687E1	-1.135024E2
9.240000E0	-5.459611E1	-1.136271E2
9.260000E0	-5.449400E1	-1.136011E2
9.280000E0	-5.396852E1	-1.136468E2
9.300000E0	-5.380822E1	-1.136231E2
9.320000E0	-5.340785E1	-1.136804E2
9.340000E0	-5.326807E1	-1.136343E2
9.360000E0	-5.233818E1	-1.137447E2
9.380000E0	-5.217124E1	-1.138042E2
9.400000E0	-5.224890E1	-1.139185E2
9.420000E0	-5.227877E1	-1.139672E2
9.440000E0	-5.184170E1	-1.141431E2
9.460000E0	-5.126954E1	-1.145517E2
9.480000E0	-5.011927E1	-1.148848E2
9.500000E0	-4.891501E1	-1.155881E2
9.520000E0	-4.812699E1	-1.161486E2
9.540000E0	-4.768078E1	-1.164260E2
9.560000E0	-4.755797E1	-1.163090E2
9.580000E0	-4.717275E1	-1.161104E2
9.600000E0	-4.654263E1	-1.158448E2
9.620000E0	-4.562630E1	-1.158444E2
9.640000E0	-4.507680E1	-1.160036E2
9.660000E0	-4.462523E1	-1.162966E2
9.680000E0	-4.447144E1	-1.165562E2
9.700000E0	-4.421013E1	-1.167829E2
9.720000E0	-4.385254E1	-1.171715E2
9.740000E0	-4.334999E1	-1.174056E2
9.760000E0	-4.321714E1	-1.174678E2
9.780000E0	-4.319930E1	-1.174681E2
9.800000E0	-4.270227E1	-1.175398E2
9.820000E0	-4.224209E1	-1.176907E2
9.840000E0	-4.202187E1	-1.179576E2
9.860000E0	-4.197917E1	-1.179479E2
9.880000E0	-4.177025E1	-1.180664E2
9.900000E0	-4.161466E1	-1.181294E2
9.920000E0	-4.134510E1	-1.183486E2
9.940000E0	-4.089413E1	-1.185316E2
9.960000E0	-4.051647E1	-1.187488E2
9.980000E0	-4.044030E1	-1.189096E2
1.000000E1	-4.013730E1	-1.189263E2
1.002000E1	-3.965637E1	-1.190406E2
1.004000E1	-3.908389E1	-1.192783E2
1.006000E1	-3.825666E1	-1.198791E2
1.008000E1	-3.776138E1	-1.206143E2
1.010000E1	-3.723909E1	-1.220997E2
1.012000E1	-3.668591E1	-1.228693E2
1.014000E1	-3.641980E1	-1.228268E2
1.016000E1	-3.649637E1	-1.227146E2
1.018000E1	-3.629031E1	-1.227131E2
1.020000E1	-3.583790E1	-1.226883E2
1.022000E1	-3.553542E1	-1.226056E2
1.024000E1	-3.550018E1	-1.225103E2
1.026000E1	-3.540832E1	-1.224672E2
1.028000E1	-3.541793E1	-1.223947E2
1.030000E1	-3.533425E1	-1.220583E2
1.032000E1	-3.481045E1	-1.223230E2
1.034000E1	-3.425387E1	-1.229574E2
1.036000E1	-3.357439E1	-1.232298E2
1.038000E1	-3.351419E1	-1.231276E2
1.040000E1	-3.353169E1	-1.225856E2
1.042000E1	-3.343496E1	-1.225319E2
1.044000E1	-3.333157E1	-1.225882E2
1.046000E1	-3.315425E1	-1.225714E2
1.048000E1	-3.259205E1	-1.225708E2
1.050000E1	-3.191408E1	-1.224956E2
1.052000E1	-3.090337E1	-1.224369E2
1.054000E1	-2.959942E1	-1.226830E2
1.056000E1	-2.878262E1	-1.231356E2
1.058000E1	-2.825485E1	-1.232811E2
1.060000E1	-2.814045E1	-1.232957E2
1.062000E1	-2.795405E1	-1.234813E2
1.064000E1	-2.748741E1	-1.241448E2
1.066000E1	-2.696756E1	-1.243316E2
1.068000E1	-2.687949E1	-1.242189E2
1.070000E1	-2.669573E1	-1.239464E2
1.072000E1	-2.634210E1	-1.238602E2
1.074000E1	-2.632951E1	-1.238495E2
1.076000E1	-2.625942E1	-1.238303E2
1.078000E1	-2.602246E1	-1.239061E2
1.080000E1	-2.578162E1	-1.241219E2
1.082000E1	-2.528904E1	-1.244966E2
1.084000E1	-2.444519E1	-1.248377E2
1.086000E1	-2.355189E1	-1.249636E2
1.088000E1	-2.313109E1	-1.251176E2
1.090000E1	-2.277017E1	-1.252051E2
1.092000E1	-2.239283E1	-1.252633E2
1.094000E1	-2.208554E1	-1.252546E2
1.096000E1	-2.171893E1	-1.253089E2
1.098000E1	-2.167044E1	-1.253145E2
1.100000E1	-2.117235E1	-1.256249E2
1.102000E1	-2.071971E1	-1.258177E2
1.104000E1	-2.112047E1	-1.259907E2
1.106000E1	-2.116547E1	-1.260267E2
1.108000E1	-2.084475E1	-1.261369E2
1.110000E1	-2.039424E1	-1.261914E2
1.112000E1	-2.019775E1	-1.261999E2
1.114000E1	-1.976447E1	-1.262345E2
1.116000E1	-1.902111E1	-1.262083E2
1.118000E1	-1.823121E1	-1.265072E2
1.120000E1	-1.785797E1	-1.272956E2
1.122000E1	-1.717506E1	-1.279509E2
1.124000E1	-1.630849E1	-1.282171E2
1.126000E1	-1.592766E1	-1.282689E2
1.128000E1	-1.581595E1	-1.281829E2
1.130000E1	-1.547794E1	-1.276151E2
1.132000E1	-1.548012E1	-1.275770E2
1.134000E1	-1.546934E1	-1.273305E2
1.136000E1	-1.546025E1	-1.274700E2
1.138000E1	-1.508753E1	-1.275919E2
1.140000E1	-1.482159E1	-1.275024E2
1.142000E1	-1.438073E1	-1.272786E2
1.144000E1	-1.374503E1	-1.272872E2
1.146000E1	-1.308838E1	-1.276264E2
1.148000E1	-1.303100E1	-1.276461E2
1.150000E1	-1.330650E1	-1.276321E2
1.152000E1	-1.351415E1	-1.276391E2
1.154000E1	-1.343054E1	-1.278163E2
1.156000E1	-1.335122E1	-1.278404E2
1.158000E1	-1.333472E1	-1.276676E2
1.160000E1	-1.292779E1	-1.276243E2
1.162000E1	-1.269729E1	-1.275580E2
1.164000E1	-1.230607E1	-1.276334E2
1.166000E1	-1.218949E1	-1.277245E2
1.168000E1	-1.173540E1	-1.278575E2
1.170000E1	-1.135336E1	-1.280392E2
1.172000E1	-1.109112E1	-1.281185E2
1.174000E1	-1.047376E1	-1.286636E2
1.176000E1	-9.607995E0	-1.290269E2
1.178000E1	-8.853595E0	-1.292424E2
1.180000E1	-8.574305E0	-1.290852E2
1.182000E1	-8.323772E0	-1.288941E2
1.184000E1	-7.858391E0	-1.286720E2
1.186000E1	-7.616922E0	-1.286719E2
1.188000E1	-7.158937E0	-1.286544E2
1.190000E1	-6.305721E0	-1.288265E2
1.192000E1	-5.691037E0	-1.290396E2
1.194000E1	-5.369529E0	-1.293003E2
1.196000E1	-5.324908E0	-1.292252E2
1.198000E1	-5.209847E0	-1.291742E2
1.200000E1	-4.831886E0	-1.293225E2
1.202000E1	-4.778846E0	-1.293902E2
1.204000E1	-4.323130E0	-1.294391E2
1.206000E1	-3.827500E0	-1.294618E2
1.208000E1	-3.115190E0	-1.294031E2
1.210000E1	-2.940342E0	-1.293341E2
1.212000E1	-2.934912E0	-1.294295E2
1.214000E1	-3.000287E0	-1.295085E2
1.216000E1	-2.582071E0	-1.295627E2
1.218000E1	-1.908723E0	-1.296908E2
1.220000E1	-9.983678E-1	-1.295309E2
1.222000E1	-7.883250E-2	-1.294837E2
1.224000E1	2.915276E-1	-1.295748E2
1.226000E1	2.692154E-1	-1.295673E2
1.228000E1	4.544115E-1	-1.295848E2
1.230000E1	1.354639E0	-1.295204E2
1.232000E1	2.591196E0	-1.297536E2
1.234000E1	4.120775E0	-1.304063E2
1.236000E1	5.503068E0	-1.305467E2
1.238000E1	5.480760E0	-1.306781E2
1.240000E1	5.001253E0	-1.308885E2
1.242000E1	4.967015E0	-1.307965E2
1.244000E1	5.416693E0	-1.308385E2
1.246000E1	5.447730E0	-1.308880E2
1.248000E1	5.561221E0	-1.307506E2
1.250000E1	5.556814E0	-1.307587E2
1.252000E1	5.947519E0	-1.306384E2
1.254000E1	6.157896E0	-1.305483E2
1.256000E1	6.329825E0	-1.306375E2
1.258000E1	6.681821E0	-1.309473E2
1.260000E1	7.214266E0	-1.310657E2
1.262000E1	7.238431E0	-1.310341E2
1.264000E1	7.212279E0	-1.310452E2
1.266000E1	7.164020E0	-1.310372E2
1.268000E1	7.168528E0	-1.310714E2
1.270000E1	7.223372E0	-1.310146E2
1.272000E1	7.257581E0	-1.310219E2
1.274000E1	7.309990E0	-1.309792E2
1.276000E1	7.478945E0	-1.309507E2
1.278000E1	7.491931E0	-1.309576E2
1.280000E1	7.793314E0	-1.310234E2
1.282000E1	8.296487E0	-1.311079E2
1.284000E1	8.914473E0	-1.315929E2
1.286000E1	9.681978E0	-1.318309E2
1.288000E1	1.024732E1	-1.321151E2
1.290000E1	1.077260E1	-1.321598E2
1.292000E1	1.121920E1	-1.320810E2
1.294000E1	1.126095E1	-1.319533E2
1.296000E1	1.163050E1	-1.317727E2
1.298000E1	1.203534E1	-1.315777E2
1.300000E1	1.254660E1	-1.315329E2
1.302000E1	1.265044E1	-1.315226E2
1.304000E1	1.270433E1	-1.315671E2
1.306000E1	1.309235E1	-1.316318E2
1.308000E1	1.371462E1	-1.315943E2
1.310000E1	1.508287E1	-1.310098E2
1.312000E1	1.600676E1	-1.310084E2
1.314000E1	1.608575E1	-1.310345E2
1.316000E1	1.608962E1	-1.310377E2
1.318000E1	1.648254E1	-1.310322E2
1.320000E1	1.705384E1	-1.310050E2
1.322000E1	1.765514E1	-1.308224E2
1.324000E1	1.805427E1	-1.305888E2
1.326000E1	1.831505E1	-1.302072E2
1.328000E1	1.877307E1	-1.302277E2
1.330000E1	1.901853E1	-1.303429E2
1.332000E1	1.899310E1	-1.304020E2
1.334000E1	1.926780E1	-1.305501E2
1.336000E1	1.994610E1	-1.306421E2
1.338000E1	2.072585E1	-1.306288E2
1.340000E1	2.126056E1	-1.305513E2
1.342000E1	2.176287E1	-1.305257E2
1.344000E1	2.263426E1	-1.305205E2
1.346000E1	2.389571E1	-1.308441E2
1.348000E1	2.473329E1	-1.315526E2
1.350000E1	2.474281E1	-1.317040E2
1.352000E1	2.469572E1	-1.318189E2
1.354000E1	2.509791E1	-1.317207E2
1.356000E1	2.528933E1	-1.315561E2
1.358000E1	2.525764E1	-1.314252E2
1.360000E1	2.518639E1	-1.313545E2
1.362000E1	2.525026E1	-1.314103E2
1.364000E1	2.526466E1	-1.314132E2
1.366000E1	2.540350E1	-1.312771E2
1.368000E1	2.582734E1	-1.312940E2
1.370000E1	2.626935E1	-1.315110E2
1.372000E1	2.665819E1	-1.317459E2
1.374000E1	2.665440E1	-1.318743E2
1.376000E1	2.626300E1	-1.319373E2
1.378000E1	2.661904E1	-1.318407E2
1.380000E1	2.678337E1	-1.318368E2
1.382000E1	2.685413E1	-1.318036E2
1.384000E1	2.723952E1	-1.315776E2
1.386000E1	2.760960E1	-1.313789E2
1.388000E1	2.824986E1	-1.311648E2
1.390000E1	2.871077E1	-1.310822E2
1.392000E1	2.873725E1	-1.311002E2
1.394000E1	2.905534E1	-1.311661E2
1.396000E1	2.932101E1	-1.311049E2
1.398000E1	3.009421E1	-1.310620E2
1.400000E1	3.104963E1	-1.308569E2
1.402000E1	3.230610E1	-1.305373E2
1.404000E1	3.297840E1	-1.303243E2
1.406000E1	3.297747E1	-1.301799E2
1.408000E1	3.300380E1	-1.300087E2
1.410000E1	3.332368E1	-1.297405E2
1.412000E1	3.380974E1	-1.293020E2
1.414000E1	3.461074E1	-1.290944E2
1.416000E1	3.511239E1	-1.287309E2
1.418000E1	3.555854E1	-1.285848E2
1.420000E1	3.606015E1	-1.285321E2
1.422000E1	3.652451E1	-1.285538E2
1.424000E1	3.693603E1	-1.286328E2
1.426000E1	3.730375E1	-1.286649E2
1.428000E1	3.746927E1	-1.286125E2
1.430000E1	3.764780E1	-1.285912E2
1.432000E1	3.810515E1	-1.285071E2
1.434000E1	3.852910E1	-1.283488E2
1.436000E1	3.849833E1	-1.283347E2
1.438000E1	3.849211E1	-1.282304E2
1.440000E1	3.855538E1	-1.281847E2
1.442000E1	3.890490E1	-1.281532E2
1.444000E1	3.937226E1	-1.282097E2
1.446000E1	4.026005E1	-1.280970E2
1.448000E1	4.076425E1	-1.281009E2
1.450000E1	4.126214E1	-1.279484E2
1.452000E1	4.175981E1	-1.279372E2
1.454000E1	4.227949E1	-1.279396E2
1.456000E1	4.296377E1	-1.278172E2
1.458000E1	4.392172E1	-1.278003E2
1.460000E1	4.528473E1	-1.283381E2
1.462000E1	4.645707E1	-1.285795E2
1.464000E1	4.653891E1	-1.286407E2
1.466000E1	4.622409E1	-1.285405E2
1.468000E1	4.628397E1	-1.283594E2
1.470000E1	4.638497E1	-1.282197E2
1.472000E1	4.649783E1	-1.281766E2
1.474000E1	4.677564E1	-1.280609E2
1.476000E1	4.702137E1	-1.278645E2
1.478000E1	4.712909E1	-1.278065E2
1.480000E1	4.756718E1	-1.275612E2
1.482000E1	4.777302E1	-1.275379E2
1.484000E1	4.829509E1	-1.275656E2
1.486000E1	4.876086E1	-1.274963E2
1.488000E1	4.883099E1	-1.274370E2
1.490000E1	4.893559E1	-1.273394E2
1.492000E1	4.904303E1	-1.268281E2
1.494000E1	4.907735E1	-1.267521E2
1.496000E1	4.945605E1	-1.264925E2
1.498000E1	4.961937E1	-1.262930E2
1.500000E1	4.975443E1	-1.261235E2
1.502000E1	5.024876E1	-1.256192E2
1.504000E1	5.124708E1	-1.252418E2
1.506000E1	5.267097E1	-1.245734E2
1.508000E1	5.363753E1	-1.241697E2
1.510000E1	5.441110E1	-1.240681E2
1.512000E1	5.457239E1	-1.239550E2
1.514000E1	5.492867E1	-1.240062E2
1.516000E1	5.546837E1	-1.241554E2
1.518000E1	5.573909E1	-1.241058E2
1.520000E1	5.557115E1	-1.239121E2
1.522000E1	5.553871E1	-1.238010E2
1.524000E1	5.586663E1	-1.236506E2
1.526000E1	5.591630E1	-1.236596E2
1.528000E1	5.596471E1	-1.236930E2
1.530000E1	5.605796E1	-1.237123E2
1.532000E1	5.649907E1	-1.236865E2
1.534000E1	5.732784E1	-1.236689E2
1.536000E1	5.810646E1	-1.234848E2
1.538000E1	5.864549E1	-1.231761E2
1.540000E1	5.904279E1	-1.229903E2
1.542000E1	5.955664E1	-1.228268E2
1.544000E1	5.994791E1	-1.227750E2
1.546000E1	5.999240E1	-1.226283E2
1.548000E1	6.008377E1	-1.225813E2
1.550000E1	6.055152E1	-1.224810E2
1.552000E1	6.104459E1	-1.224198E2
1.554000E1	6.112023E1	-1.224933E2
1.556000E1	6.120034E1	-1.224380E2
1.558000E1	6.157157E1	-1.223771E2
1.560000E1	6.161073E1	-1.223962E2
1.562000E1	6.204609E1	-1.223438E2
1.564000E1	6.228010E1	-1.220817E2
1.566000E1	6.270880E1	-1.218807E2
1.568000E1	6.339978E1	-1.214930E2
1.570000E1	6.478921E1	-1.213972E2
1.572000E1	6.590346E1	-1.216825E2
1.574000E1	6.682116E1	-1.216293E2
1.576000E1	6.707717E1	-1.214142E2
1.578000E1	6.707408E1	-1.213891E2
1.580000E1	6.706683E1	-1.212695E2
1.582000E1	6.721021E1	-1.205257E2
1.584000E1	6.716595E1	-1.203704E2
1.586000E1	6.703056E1	-1.203588E2
1.588000E1	6.705957E1	-1.203597E2
1.590000E1	6.742833E1	-1.203721E2
1.592000E1	6.774129E1	-1.198969E2
1.594000E1	6.835104E1	-1.196728E2
1.596000E1	6.905073E1	-1.195505E2
1.598000E1	6.931273E1	-1.191904E2
1.600000E1	6.907105E1	-1.192356E2
1.602000E1	6.892542E1	-1.193053E2
1.604000E1	6.890000E1	-1.193509E2
1.606000E1	6.910148E1	-1.193815E2
1.608000E1	6.906746E1	-1.193799E2
1.610000E1	6.904441E1	-1.193806E2
1.612000E1	6.903231E1	-1.193834E2
1.614000E1	6.939373E1	-1.192725E2
1.616000E1	6.977913E1	-1.191734E2
1.618000E1	7.004818E1	-1.190795E2
1.620000E1	7.048641E1	-1.189170E2
1.622000E1	7.095983E1	-1.187938E2
1.624000E1	7.166175E1	-1.186781E2
1.626000E1	7.219912E1	-1.186692E2
1.628000E1	7.292393E1	-1.185533E2
1.630000E1	7.296176E1	-1.183290E2
1.632000E1	7.292559E1	-1.180682E2
1.634000E1	7.309872E1	-1.178454E2
1.636000E1	7.341898E1	-1.176711E2
1.638000E1	7.380000E1	-1.173780E2
1.640000E1	7.427914E1	-1.170685E2
1.642000E1	7.494193E1	-1.165054E2
1.644000E1	7.548804E1	-1.164583E2
1.646000E1	7.596140E1	-1.164340E2
1.648000E1	7.607284E1	-1.164217E2
1.650000E1	7.616815E1	-1.164693E2
1.652000E1	7.628209E1	-1.164394E2
1.654000E1	7.656944E1	-1.162934E2
1.656000E1	7.685401E1	-1.161054E2
1.658000E1	7.715207E1	-1.158426E2
1.660000E1	7.752342E1	-1.155501E2
1.662000E1	7.769455E1	-1.154467E2
1.664000E1	7.773533E1	-1.153870E2
1.666000E1	7.770955E1	-1.153751E2
1.668000E1	7.813997E1	-1.153457E2
1.670000E1	7.864163E1	-1.151971E2
1.672000E1	7.906159E1	-1.145241E2
1.674000E1	7.963383E1	-1.138338E2
1.676000E1	8.051832E1	-1.133873E2
1.678000E1	8.101633E1	-1.132613E2
1.680000E1	8.111924E1	-1.132167E2
1.682000E1	8.206071E1	-1.131583E2
1.684000E1	8.346997E1	-1.126813E2
1.686000E1	8.482873E1	-1.121211E2
1.688000E1	8.516507E1	-1.117218E2
1.690000E1	8.502649E1	-1.116638E2
1.692000E1	8.464214E1	-1.116888E2
1.694000E1	8.454859E1	-1.116644E2
1.696000E1	8.458652E1	-1.116487E2
1.698000E1	8.476780E1	-1.116232E2
1.700000E1	8.503515E1	-1.116578E2
1.702000E1	8.510595E1	-1.115426E2
1.704000E1	8.512003E1	-1.114347E2
1.706000E1	8.535678E1	-1.112075E2
1.708000E1	8.603152E1	-1.110681E2
1.710000E1	8.639485E1	-1.109832E2
1.712000E1	8.616665E1	-1.110364E2
1.714000E1	8.585269E1	-1.110657E2
1.716000E1	8.587374E1	-1.110895E2
1.718000E1	8.631561E1	-1.111180E2
1.720000E1	8.634173E1	-1.111478E2
1.722000E1	8.636548E1	-1.110206E2
1.724000E1	8.640499E1	-1.110139E2
1.726000E1	8.645402E1	-1.109811E2
1.728000E1	8.662922E1	-1.108548E2
1.730000E1	8.676335E1	-1.107116E2
1.732000E1	8.702962E1	-1.104580E2
1.734000E1	8.766743E1	-1.102838E2
1.736000E1	8.870373E1	-1.101665E2
1.738000E1	8.971236E1	-1.100565E2
1.740000E1	9.061644E1	-1.097960E2
1.742000E1	9.105472E1	-1.096164E2
1.744000E1	9.091728E1	-1.093602E2
1.746000E1	9.086992E1	-1.092929E2
1.748000E1	9.092146E1	-1.091557E2
1.750000E1	9.117017E1	-1.086873E2
1.752000E1	9.175372E1	-1.079378E2
1.754000E1	9.228725E1	-1.076982E2
1.756000E1	9.241338E1	-1.077433E2
1.758000E1	9.235621E1	-1.077391E2
1.760000E1	9.260267E1	-1.076143E2
1.762000E1	9.312803E1	-1.070085E2
1.764000E1	9.376211E1	-1.063528E2
1.766000E1	9.447319E1	-1.056399E2
1.768000E1	9.487817E1	-1.053594E2
1.770000E1	9.506979E1	-1.052336E2
1.772000E1	9.516822E1	-1.052230E2
1.774000E1	9.541178E1	-1.049520E2
1.776000E1	9.563547E1	-1.044718E2
1.778000E1	9.590822E1	-1.039061E2
1.780000E1	9.640060E1	-1.033099E2
1.782000E1	9.692451E1	-1.031996E2
1.784000E1	9.695650E1	-1.032308E2
1.786000E1	9.701567E1	-1.031810E2
1.788000E1	9.753779E1	-1.031409E2
1.790000E1	9.821324E1	-1.028457E2
1.792000E1	9.867442E1	-1.022824E2
1.794000E1	9.915471E1	-1.020275E2
1.796000E1	1.000728E2	-1.013496E2
1.798000E1	1.013887E2	-1.008145E2
1.800000E1	1.022559E2	-1.008587E2
1.802000E1	1.021041E2	-1.009703E2
1.804000E1	1.017714E2	-1.010480E2
1.806000E1	1.021210E2	-1.008619E2
1.808000E1	1.021264E2	-1.006680E2
1.810000E1	1.020810E2	-1.005647E2
1.812000E1	1.020445E2	-1.005373E2
1.814000E1	1.020294E2	-1.005074E2
1.816000E1	1.020228E2	-1.005582E2
1.818000E1	1.020480E2	-1.004628E2
1.820000E1	1.025171E2	-1.000033E2
1.822000E1	1.029598E2	-9.994556E1
1.824000E1	1.033159E2	-9.989035E1
1.826000E1	1.032590E2	-9.997247E1
1.828000E1	1.031445E2	-1.001440E2
1.830000E1	1.030782E2	-1.001019E2
1.832000E1	1.031230E2	-1.000095E2
1.834000E1	1.031799E2	-9.986134E1
1.836000E1	1.036189E2	-9.920343E1
1.838000E1	1.037230E2	-9.907188E1
1.840000E1	1.041430E2	-9.847601E1
1.842000E1	1.047502E2	-9.786359E1
1.844000E1	1.054003E2	-9.745196E1
1.846000E1	1.057820E2	-9.749229E1
1.848000E1	1.058447E2	-9.750175E1
1.850000E1	1.061656E2	-9.727440E1
1.852000E1	1.066216E2	-9.672397E1
1.854000E1	1.071343E2	-9.597707E1
1.856000E1	1.071887E2	-9.524377E1
1.858000E1	1.069404E2	-9.488876E1
1.860000E1	1.070253E2	-9.476298E1
1.862000E1	1.071113E2	-9.456689E1
1.864000E1	1.076552E2	-9.432642E1
1.866000E1	1.077044E2	-9.375909E1
1.868000E1	1.081578E2	-9.304074E1
1.870000E1	1.086496E2	-9.221726E1
1.872000E1	1.091098E2	-9.149697E1
1.874000E1	1.096475E2	-9.143396E1
1.876000E1	1.095948E2	-9.133976E1
1.878000E1	1.099202E2	-9.116629E1
1.880000E1	1.102505E2	-9.098553E1
1.882000E1	1.105372E2	-9.069645E1
1.884000E1	1.105891E2	-9.065941E1
1.886000E1	1.106783E2	-9.049474E1
1.888000E1	1.107263E2	-9.006699E1
1.890000E1	1.110738E2	-8.998327E1
1.892000E1	1.111868E2	-8.994712E1
1.894000E1	1.115470E2	-8.977365E1
1.896000E1	1.116336E2	-8.964566E1
1.898000E1	1.121307E2	-8.942501E1
1.900000E1	1.128404E2	-8.882639E1
1.902000E1	1.133155E2	-8.827343E1
1.904000E1	1.137476E2	-8.793169E1
1.906000E1	1.141768E2	-8.731677E1
1.908000E1	1.151525E2	-8.707707E1
1.910000E1	1.165329E2	-8.636858E1
1.912000E1	1.174010E2	-8.600437E1
1.914000E1	1.173442E2	-8.594286E1
1.916000E1	1.173851E2	-8.595133E1
1.918000E1	1.173878E2	-8.591881E1
1.920000E1	1.174147E2	-8.588513E1
1.922000E1	1.174222E2	-8.587081E1
1.924000E1	1.174181E2	-8.583082E1
1.926000E1	1.176230E2	-8.562350E1
1.928000E1	1.177446E2	-8.546715E1
1.930000E1	1.177635E2	-8.478454E1
1.932000E1	1.185171E2	-8.412395E1
1.934000E1	1.190526E2	-8.391651E1
1.936000E1	1.189424E2	-8.394627E1
1.938000E1	1.187292E2	-8.397616E1
1.940000E1	1.189071E2	-8.372042E1
1.942000E1	1.190145E2	-8.351964E1
1.944000E1	1.190458E2	-8.337457E1
1.946000E1	1.190248E2	-8.255691E1
1.948000E1	1.190348E2	-8.183426E1
1.950000E1	1.190544E2	-8.179922E1
1.952000E1	1.194871E2	-8.160551E1
1.954000E1	1.198856E2	-8.099737E1
1.956000E1	1.203199E2	-8.012460E1
1.958000E1	1.208197E2	-7.907354E1
1.960000E1	1.214339E2	-7.797486E1
1.962000E1	1.221743E2	-7.703018E1
1.964000E1	1.227290E2	-7.628618E1
1.966000E1	1.231463E2	-7.610242E1
1.968000E1	1.230793E2	-7.611089E1
1.970000E1	1.231281E2	-7.606081E1
1.972000E1	1.231501E2	-7.602069E1
1.974000E1	1.232897E2	-7.603333E1
1.976000E1	1.233806E2	-7.600055E1
1.978000E1	1.233772E2	-7.572999E1
1.980000E1	1.237037E2	-7.520182E1
1.982000E1	1.239319E2	-7.497431E1
1.984000E1	1.242509E2	-7.471530E1
1.986000E1	1.246161E2	-7.420930E1
1.988000E1	1.247559E2	-7.412333E1
1.990000E1	1.251668E2	-7.385396E1
1.992000E1	1.256248E2	-7.298551E1
1.994000E1	1.259637E2	-7.227941E1
1.996000E1	1.261249E2	-7.201120E1
1.998000E1	1.262152E2	-7.193750E1
2.000000E1	1.262284E2	-7.189670E1
2.002000E1	1.262504E2	-7.171944E1
2.004000E1	1.264243E2	-7.142211E1
2.006000E1	1.266529E2	-7.120849E1
2.008000E1	1.271506E2	-7.114800E1
2.010000E1	1.275705E2	-7.097427E1
2.012000E1	1.276310E2	-7.081897E1
2.014000E1	1.276529E2	-7.081306E1
2.016000E1	1.277395E2	-7.063182E1
2.018000E1	1.282427E2	-6.994653E1
2.020000E1	1.292656E2	-6.910694E1
2.022000E1	1.306619E2	-6.815023E1
2.024000E1	1.310843E2	-6.738980E1
2.026000E1	1.307743E2	-6.750655E1
2.028000E1	1.304777E2	-6.753667E1
2.030000E1	1.304714E2	-6.748982E1
2.032000E1	1.304850E2	-6.742455E1
2.034000E1	1.305042E2	-6.720264E1
2.036000E1	1.305077E2	-6.646472E1
2.038000E1	1.305423E2	-6.658839E1
2.040000E1	1.305120E2	-6.645771E1
2.042000E1	1.306909E2	-6.579533E1
2.044000E1	1.312640E2	-6.552904E1
2.046000E1	1.316303E2	-6.500410E1
2.048000E1	1.316023E2	-6.488323E1
2.050000E1	1.310812E2	-6.489920E1
2.052000E1	1.307229E2	-6.463479E1
2.054000E1	1.307536E2	-6.429857E1
2.056000E1	1.307362E2	-6.420763E1
2.058000E1	1.306520E2	-6.416587E1
2.060000E1	1.306301E2	-6.408888E1
2.062000E1	1.309193E2	-6.404750E1
2.064000E1	1.311440E2	-6.370368E1
2.066000E1	1.314425E2	-6.299007E1
2.068000E1	1.316141E2	-6.271879E1
2.070000E1	1.319253E2	-6.209766E1
2.072000E1	1.321926E2	-6.185208E1
2.074000E1	1.325524E2	-6.152655E1
2.076000E1	1.325910E2	-6.115004E1
2.078000E1	1.325434E2	-6.116077E1
2.080000E1	1.325317E2	-6.118388E1
2.082000E1	1.325680E2	-6.106099E1
2.084000E1	1.326450E2	-6.080773E1
2.086000E1	1.328699E2	-6.033550E1
2.088000E1	1.330957E2	-6.021068E1
2.090000E1	1.333502E2	-6.001712E1
2.092000E1	1.334426E2	-5.957665E1
2.094000E1	1.336779E2	-5.895262E1
2.096000E1	1.339197E2	-5.797805E1
2.098000E1	1.343936E2	-5.762986E1
2.100000E1	1.348475E2	-5.764272E1
2.102000E1	1.348663E2	-5.760245E1
2.104000E1	1.348881E2	-5.746931E1
2.106000E1	1.349182E2	-5.727469E1
2.108000E1	1.349311E2	-5.705176E1
2.110000E1	1.350159E2	-5.702656E1
2.112000E1	1.350880E2	-5.635477E1
2.114000E1	1.354336E2	-5.577513E1
2.116000E1	1.355242E2	-5.527345E1
2.118000E1	1.354934E2	-5.532860E1
2.120000E1	1.355462E2	-5.533293E1
2.122000E1	1.355716E2	-5.534591E1
2.124000E1	1.356319E2	-5.518233E1
2.126000E1	1.357257E2	-5.436746E1
2.128000E1	1.359173E2	-5.295913E1
2.130000E1	1.363162E2	-5.225645E1
2.132000E1	1.372769E2	-5.153104E1
2.134000E1	1.382793E2	-5.114022E1
2.136000E1	1.391598E2	-5.040972E1
2.138000E1	1.388713E2	-5.013919E1
2.140000E1	1.385423E2	-4.973910E1
2.142000E1	1.381538E2	-4.930093E1
2.144000E1	1.379687E2	-4.909550E1
2.146000E1	1.377407E2	-4.911853E1
2.148000E1	1.377787E2	-4.910795E1
2.150000E1	1.379817E2	-4.911011E1
2.152000E1	1.382374E2	-4.919898E1
2.154000E1	1.383120E2	-4.906243E1
2.156000E1	1.386894E2	-4.833021E1
2.158000E1	1.390705E2	-4.773892E1
2.160000E1	1.391270E2	-4.760484E1
2.162000E1	1.390337E2	-4.771024E1
2.164000E1	1.386111E2	-4.793290E1
2.166000E1	1.386677E2	-4.799762E1
2.168000E1	1.386964E2	-4.795755E1
2.170000E1	1.386718E2	-4.806657E1
2.172000E1	1.387412E2	-4.785896E1
2.174000E1	1.388089E2	-4.736332E1
2.176000E1	1.389006E2	-4.734466E1
2.178000E1	1.393356E2	-4.671890E1
2.180000E1	1.395015E2	-4.650515E1
2.182000E1	1.398825E2	-4.570428E1
2.184000E1	1.401043E2	-4.485829E1
2.186000E1	1.406097E2	-4.388566E1
2.188000E1	1.409971E2	-4.288642E1
2.190000E1	1.412888E2	-4.260401E1
2.192000E1	1.411843E2	-4.262261E1
2.194000E1	1.411257E2	-4.270630E1
2.196000E1	1.411327E2	-4.263975E1
2.198000E1	1.411518E2	-4.251499E1
2.200000E1	1.413479E2	-4.203477E1
2.202000E1	1.415506E2	-4.176602E1
2.204000E1	1.416962E2	-4.101156E1
2.206000E1	1.417006E2	-4.030592E1
2.208000E1	1.418115E2	-3.993461E1
2.210000E1	1.417891E2	-3.989590E1
2.212000E1	1.418629E2	-3.975100E1
2.214000E1	1.418531E2	-3.969886E1
2.216000E1	1.419117E2	-3.911544E1
2.218000E1	1.419217E2	-3.839852E1
2.220000E1	1.418617E2	-3.752714E1
2.222000E1	1.418354E2	-3.684647E1
2.224000E1	1.418519E2	-3.677912E1
2.226000E1	1.421994E2	-3.676691E1
2.228000E1	1.421254E2	-3.635052E1
2.230000E1	1.421488E2	-3.594434E1
2.232000E1	1.421191E2	-3.523382E1
2.234000E1	1.421182E2	-3.450119E1
2.236000E1	1.421744E2	-3.400085E1
2.238000E1	1.421966E2	-3.360926E1
2.240000E1	1.423088E2	-3.303827E1
2.242000E1	1.427138E2	-3.264529E1
2.244000E1	1.436456E2	-3.178678E1
2.246000E1	1.442247E2	-3.076323E1
2.248000E1	1.446238E2	-3.026551E1
2.250000E1	1.446005E2	-3.034749E1
2.252000E1	1.444890E2	-3.019971E1
2.254000E1	1.444529E2	-3.003733E1
2.256000E1	1.445186E2	-3.006678E1
2.258000E1	1.443777E2	-3.011270E1
2.260000E1	1.443036E2	-3.010175E1
2.262000E1	1.445397E2	-3.000940E1
2.264000E1	1.445967E2	-2.980992E1
2.266000E1	1.445848E2	-2.968125E1
2.268000E1	1.446455E2	-2.945829E1
2.270000E1	1.451323E2	-2.911183E1
2.272000E1	1.451549E2	-2.873904E1
2.274000E1	1.451462E2	-2.871551E1
2.276000E1	1.448915E2	-2.871592E1
2.278000E1	1.449258E2	-2.874356E1
2.280000E1	1.450252E2	-2.871514E1
2.282000E1	1.450362E2	-2.866957E1
2.284000E1	1.450305E2	-2.861667E1
2.286000E1	1.450483E2	-2.863032E1
2.288000E1	1.451508E2	-2.846485E1
2.290000E1	1.455292E2	-2.781128E1
2.292000E1	1.456572E2	-2.679147E1
2.294000E1	1.457860E2	-2.575219E1
2.296000E1	1.461087E2	-2.481240E1
2.298000E1	1.462182E2	-2.395554E1
2.300000E1	1.464478E2	-2.383135E1
2.302000E1	1.463750E2	-2.371269E1
2.304000E1	1.462718E2	-2.374174E1
2.306000E1	1.462226E2	-2.357991E1
2.308000E1	1.461509E2	-2.296745E1
2.310000E1	1.457077E2	-2.229530E1
2.312000E1	1.457497E2	-2.157300E1
2.314000E1	1.459237E2	-2.092580E1
2.316000E1	1.459575E2	-2.081881E1
2.318000E1	1.460674E2	-2.029528E1
2.320000E1	1.460917E2	-1.950532E1
2.322000E1	1.459958E2	-1.876538E1
2.324000E1	1.457071E2	-1.810179E1
2.326000E1	1.456604E2	-1.795812E1
2.328000E1	1.456377E2	-1.783273E1
2.330000E1	1.456993E2	-1.753697E1
2.332000E1	1.458261E2	-1.731075E1
2.334000E1	1.460111E2	-1.717181E1
2.336000E1	1.461116E2	-1.689959E1
2.338000E1	1.460769E2	-1.668837E1
2.340000E1	1.461167E2	-1.614070E1
2.342000E1	1.461535E2	-1.599793E1
2.344000E1	1.462066E2	-1.590201E1
2.346000E1	1.463175E2	-1.557900E1
2.348000E1	1.462660E2	-1.534000E1
2.350000E1	1.464238E2	-1.463342E1
2.352000E1	1.467206E2	-1.363320E1
2.354000E1	1.475135E2	-1.264562E1
2.356000E1	1.483842E2	-1.129352E1
2.358000E1	1.488268E2	-1.068286E1
2.360000E1	1.485951E2	-1.084767E1
2.362000E1	1.485396E2	-1.079263E1
2.364000E1	1.482463E2	-1.054342E1
2.366000E1	1.481164E2	-1.031960E1
2.368000E1	1.478280E2	-1.031051E1
2.370000E1	1.479173E2	-1.031269E1
2.372000E1	1.483903E2	-1.027731E1
2.374000E1	1.484395E2	-1.026625E1
2.376000E1	1.483178E2	-1.022713E1
2.378000E1	1.483983E2	-9.564351E0
2.380000E1	1.488439E2	-8.801558E0
2.382000E1	1.489050E2	-8.028536E0
2.384000E1	1.485978E2	-8.107913E0
2.386000E1	1.484717E2	-8.101650E0
2.388000E1	1.484067E2	-7.925532E0
2.390000E1	1.484064E2	-7.834009E0
2.392000E1	1.482283E2	-7.745177E0
2.394000E1	1.480831E2	-7.622453E0
2.396000E1	1.481069E2	-7.457095E0
2.398000E1	1.480842E2	-6.781188E0
2.400000E1	1.479414E2	-5.894580E0
2.402000E1	1.476185E2	-4.825691E0
2.404000E1	1.476574E2	-3.970318E0
2.406000E1	1.479461E2	-3.171385E0
2.408000E1	1.480233E2	-2.388022E0
2.410000E1	1.480531E2	-1.449703E0
2.412000E1	1.476674E2	-5.611702E-1
2.414000E1	1.471626E2	-3.242543E-2
2.416000E1	1.466259E2	4.442263E-2
2.418000E1	1.465166E2	1.659000E-1
2.420000E1	1.465255E2	2.385007E-1
2.422000E1	1.466543E2	4.893315E-1
2.424000E1	1.468779E2	8.123613E-1
2.426000E1	1.469548E2	1.470192E0
2.428000E1	1.469919E2	1.669523E0
2.430000E1	1.469882E2	2.366476E0
2.432000E1	1.469055E2	2.567316E0
2.434000E1	1.468999E2	2.661315E0
2.436000E1	1.469516E2	2.806858E0
2.438000E1	1.469617E2	2.905287E0
2.440000E1	1.470087E2	3.224698E0
2.442000E1	1.471065E2	3.737718E0
2.444000E1	1.472291E2	3.846339E0
2.446000E1	1.471667E2	4.424417E0
2.448000E1	1.471403E2	4.671576E0
2.450000E1	1.470574E2	4.888045E0
2.452000E1	1.471358E2	4.952734E0
2.454000E1	1.471341E2	5.107652E0
2.456000E1	1.470874E2	5.305843E0
2.458000E1	1.469696E2	5.818739E0
2.460000E1	1.470255E2	6.452531E0
2.462000E1	1.473821E2	7.149669E0
2.464000E1	1.478957E2	7.926378E0
2.466000E1	1.487363E2	8.797262E0
2.468000E1	1.488165E2	9.696489E0
2.470000E1	1.488980E2	1.028655E1
2.472000E1	1.489157E2	1.018364E1
2.474000E1	1.488710E2	1.019161E1
2.476000E1	1.485513E2	1.053921E1
2.478000E1	1.483670E2	1.066211E1
2.480000E1	1.483078E2	1.054418E1
2.482000E1	1.482288E2	1.051623E1
2.484000E1	1.481472E2	1.074332E1
2.486000E1	1.481430E2	1.111017E1
2.488000E1	1.479831E2	1.179467E1
2.490000E1	1.479892E2	1.261060E1
2.492000E1	1.479704E2	1.318892E1
2.494000E1	1.478545E2	1.290138E1
2.496000E1	1.478101E2	1.250629E1
2.498000E1	1.478288E2	1.262075E1
2.500000E1	1.478151E2	1.290980E1
2.502000E1	1.474297E2	1.304897E1
2.504000E1	1.470569E2	1.350278E1
2.506000E1	1.465680E2	1.408470E1
2.508000E1	1.464342E2	1.455839E1
2.510000E1	1.464612E2	1.491266E1
2.512000E1	1.464572E2	1.545940E1
2.514000E1	1.464957E2	1.544924E1
2.516000E1	1.467225E2	1.583950E1
2.518000E1	1.467549E2	1.656529E1
2.520000E1	1.467000E2	1.722414E1
2.522000E1	1.466036E2	1.747055E1
2.524000E1	1.465351E2	1.752268E1
2.526000E1	1.462236E2	1.748807E1
2.528000E1	1.461544E2	1.756610E1
2.530000E1	1.461023E2	1.763307E1
2.532000E1	1.461184E2	1.762945E1
2.534000E1	1.462719E2	1.781249E1
2.536000E1	1.463102E2	1.836855E1
2.538000E1	1.461150E2	1.899835E1
2.540000E1	1.460761E2	1.932116E1
2.542000E1	1.459656E2	1.986694E1
2.544000E1	1.458042E2	2.038753E1
2.546000E1	1.457474E2	2.080731E1
2.548000E1	1.455885E2	2.098311E1
2.550000E1	1.453960E2	2.141896E1
2.552000E1	1.454701E2	2.203620E1
2.554000E1	1.457109E2	2.242235E1
2.556000E1	1.456563E2	2.258601E1
2.558000E1	1.454824E2	2.304546E1
2.560000E1	1.455540E2	2.308743E1
2.562000E1	1.457355E2	2.323710E1
2.564000E1	1.456639E2	2.367265E1
2.566000E1	1.453956E2	2.417155E1
2.568000E1	1.452434E2	2.456887E1
2.570000E1	1.450687E2	2.536643E1
2.572000E1	1.448587E2	2.583665E1
2.574000E1	1.448359E2	2.579519E1
2.576000E1	1.449728E2	2.608824E1
2.578000E1	1.453525E2	2.748441E1
2.580000E1	1.455160E2	2.916269E1
2.582000E1	1.451093E2	2.979379E1
2.584000E1	1.446547E2	2.965101E1
2.586000E1	1.446068E2	2.939470E1
2.588000E1	1.446597E2	2.941925E1
2.590000E1	1.446247E2	2.931867E1
2.592000E1	1.441489E2	2.950971E1
2.594000E1	1.440283E2	2.997437E1
2.596000E1	1.439702E2	3.006711E1
2.598000E1	1.436383E2	3.036380E1
2.600000E1	1.436251E2	3.096793E1
2.602000E1	1.436444E2	3.127431E1
2.604000E1	1.438262E2	3.164149E1
2.606000E1	1.438294E2	3.161782E1
2.608000E1	1.439294E2	3.157985E1
2.610000E1	1.437952E2	3.156530E1
2.612000E1	1.437406E2	3.158734E1
2.614000E1	1.436350E2	3.157454E1
2.616000E1	1.434241E2	3.164209E1
2.618000E1	1.434915E2	3.161189E1
2.620000E1	1.435620E2	3.172142E1
2.622000E1	1.435397E2	3.198780E1
2.624000E1	1.435344E2	3.242749E1
2.626000E1	1.436074E2	3.287468E1
2.628000E1	1.436054E2	3.369548E1
2.630000E1	1.435806E2	3.466908E1
2.632000E1	1.434022E2	3.586237E1
2.634000E1	1.432852E2	3.670520E1
2.636000E1	1.429379E2	3.674638E1
2.638000E1	1.425860E2	3.682300E1
2.640000E1	1.421455E2	3.693248E1
2.642000E1	1.418865E2	3.752732E1
2.644000E1	1.420222E2	3.791455E1
2.646000E1	1.419840E2	3.870193E1
2.648000E1	1.418240E2	3.908439E1
2.650000E1	1.417674E2	3.918883E1
2.652000E1	1.417644E2	3.932104E1
2.654000E1	1.417321E2	3.945566E1
2.656000E1	1.416283E2	3.983951E1
2.658000E1	1.413549E2	4.004035E1
2.660000E1	1.409273E2	4.065029E1
2.662000E1	1.406250E2	4.116311E1
2.664000E1	1.406290E2	4.135676E1
2.666000E1	1.405716E2	4.119837E1
2.668000E1	1.406654E2	4.125412E1
2.670000E1	1.406852E2	4.136922E1
2.672000E1	1.402738E2	4.213939E1
2.674000E1	1.397030E2	4.305149E1
2.676000E1	1.392845E2	4.361515E1
2.678000E1	1.393451E2	4.372265E1
2.680000E1	1.393921E2	4.376258E1
2.682000E1	1.392371E2	4.395426E1
2.684000E1	1.387414E2	4.468252E1
2.686000E1	1.382111E2	4.542274E1
2.688000E1	1.379988E2	4.664318E1
2.690000E1	1.379199E2	4.814373E1
2.692000E1	1.378580E2	4.903494E1
2.694000E1	1.382286E2	4.892010E1
2.696000E1	1.382673E2	4.887042E1
2.698000E1	1.382107E2	4.904994E1
2.700000E1	1.378397E2	4.917619E1
2.702000E1	1.373868E2	4.911529E1
2.704000E1	1.374458E2	4.916333E1
2.706000E1	1.374878E2	4.934724E1
2.708000E1	1.374020E2	4.964928E1
2.710000E1	1.373296E2	4.958267E1
2.712000E1	1.374168E2	4.980289E1
2.714000E1	1.374185E2	5.057116E1
2.716000E1	1.372513E2	5.101088E1
2.718000E1	1.372821E2	5.098804E1
2.720000E1	1.373025E2	5.076764E1
2.722000E1	1.373306E2	5.079452E1
2.724000E1	1.373592E2	5.081272E1
2.726000E1	1.373282E2	5.083354E1
2.728000E1	1.371819E2	5.087341E1
2.730000E1	1.370803E2	5.096245E1
2.732000E1	1.370217E2	5.096871E1
2.734000E1	1.368366E2	5.140792E1
2.736000E1	1.367900E2	5.216685E1
2.738000E1	1.367489E2	5.310199E1
2.740000E1	1.367402E2	5.387742E1
2.742000E1	1.367425E2	5.462803E1
2.744000E1	1.366327E2	5.506174E1
2.746000E1	1.364570E2	5.516523E1
2.748000E1	1.360665E2	5.518275E1
2.750000E1	1.358709E2	5.531434E1
2.752000E1	1.354225E2	5.572438E1
2.754000E1	1.351584E2	5.588744E1
2.756000E1	1.350673E2	5.609311E1
2.758000E1	1.351032E2	5.627950E1
2.760000E1	1.350373E2	5.642413E1
2.762000E1	1.345472E2	5.711218E1
2.764000E1	1.335660E2	5.792278E1
2.766000E1	1.330437E2	5.864340E1
2.768000E1	1.330637E2	5.888683E1
2.770000E1	1.329976E2	5.883009E1
2.772000E1	1.329183E2	5.885474E1
2.774000E1	1.324618E2	5.940636E1
2.776000E1	1.323470E2	5.963851E1
2.778000E1	1.319958E2	5.975234E1
2.780000E1	1.316645E2	5.982979E1
2.782000E1	1.316044E2	5.996879E1
2.784000E1	1.315976E2	6.052396E1
2.786000E1	1.315656E2	6.053085E1
2.788000E1	1.315543E2	6.065355E1
2.790000E1	1.312662E2	6.138276E1
2.792000E1	1.310223E2	6.202468E1
2.794000E1	1.308079E2	6.223210E1
2.796000E1	1.305873E2	6.269800E1
2.798000E1	1.300992E2	6.338676E1
2.800000E1	1.298769E2	6.456187E1
2.802000E1	1.299601E2	6.563011E1
2.804000E1	1.303571E2	6.582539E1
2.806000E1	1.305109E2	6.587471E1
2.808000E1	1.303041E2	6.612971E1
2.810000E1	1.298370E2	6.621240E1
2.812000E1	1.297596E2	6.629025E1
2.814000E1	1.296989E2	6.620448E1
2.816000E1	1.296824E2	6.629463E1
2.818000E1	1.296609E2	6.639687E1
2.820000E1	1.294372E2	6.641074E1
2.822000E1	1.293061E2	6.680547E1
2.824000E1	1.292038E2	6.735674E1
2.826000E1	1.291786E2	6.784526E1
2.828000E1	1.292054E2	6.785584E1
2.830000E1	1.295059E2	6.765625E1
2.832000E1	1.291982E2	6.777538E1
2.834000E1	1.289413E2	6.795150E1
2.836000E1	1.288870E2	6.804514E1
2.838000E1	1.285080E2	6.823253E1
2.840000E1	1.282444E2	6.850660E1
2.842000E1	1.277676E2	6.900671E1
2.844000E1	1.272697E2	6.940724E1
2.846000E1	1.272462E2	6.963345E1
2.848000E1	1.273482E2	7.006549E1
2.850000E1	1.271743E2	7.041711E1
2.852000E1	1.267184E2	7.086413E1
2.854000E1	1.258670E2	7.158014E1
2.856000E1	1.251995E2	7.232009E1
2.858000E1	1.248550E2	7.231596E1
2.860000E1	1.245083E2	7.226318E1
2.862000E1	1.244157E2	7.229201E1
2.864000E1	1.242875E2	7.248198E1
2.866000E1	1.239605E2	7.260275E1
2.868000E1	1.235636E2	7.298360E1
2.870000E1	1.228910E2	7.333846E1
2.872000E1	1.223242E2	7.396784E1
2.874000E1	1.219011E2	7.459467E1
2.876000E1	1.217593E2	7.513052E1
2.878000E1	1.217135E2	7.530326E1
2.880000E1	1.216542E2	7.547355E1
2.882000E1	1.215601E2	7.562283E1
2.884000E1	1.214895E2	7.572358E1
2.886000E1	1.213260E2	7.596575E1
2.888000E1	1.211165E2	7.611650E1
2.890000E1	1.209100E2	7.620037E1
2.892000E1	1.208866E2	7.621880E1
2.894000E1	1.208693E2	7.646337E1
2.896000E1	1.208586E2	7.680075E1
2.898000E1	1.206266E2	7.714208E1
2.900000E1	1.202232E2	7.781432E1
2.902000E1	1.199239E2	7.842641E1
2.904000E1	1.195835E2	7.879590E1
2.906000E1	1.191483E2	7.942998E1
2.908000E1	1.185186E2	8.002146E1
2.910000E1	1.180629E2	8.091077E1
2.912000E1	1.178086E2	8.236790E1
2.914000E1	1.177021E2	8.334243E1
2.916000E1	1.176739E2	8.335160E1
2.918000E1	1.176134E2	8.337019E1
2.920000E1	1.175272E2	8.339679E1
2.922000E1	1.174551E2	8.340173E1
2.924000E1	1.174663E2	8.339949E1
2.926000E1	1.170357E2	8.340143E1
2.928000E1	1.169400E2	8.380927E1
2.930000E1	1.168639E2	8.387672E1
2.932000E1	1.161834E2	8.430703E1
2.934000E1	1.157590E2	8.482501E1
2.936000E1	1.157377E2	8.498395E1
2.938000E1	1.155641E2	8.509711E1
2.940000E1	1.155571E2	8.515938E1
2.942000E1	1.151357E2	8.523651E1
2.944000E1	1.147968E2	8.534643E1
2.946000E1	1.147278E2	8.535873E1
2.948000E1	1.142792E2	8.535084E1
2.950000E1	1.140511E2	8.540447E1
2.952000E1	1.138642E2	8.550020E1
2.954000E1	1.136421E2	8.591504E1
2.956000E1	1.129430E2	8.622843E1
2.958000E1	1.120603E2	8.701139E1
2.960000E1	1.111459E2	8.763241E1
2.962000E1	1.102668E2	8.830439E1
2.964000E1	1.097562E2	8.902985E1
2.966000E1	1.095226E2	8.929213E1
2.968000E1	1.095625E2	8.937426E1
2.970000E1	1.095979E2	8.927510E1
2.972000E1	1.095069E2	8.921908E1
2.974000E1	1.095499E2	8.929875E1
2.976000E1	1.094976E2	8.939283E1
2.978000E1	1.093730E2	8.950941E1
2.980000E1	1.092468E2	8.960802E1
2.982000E1	1.090911E2	8.975430E1
2.984000E1	1.088057E2	9.011419E1
2.986000E1	1.084043E2	9.073421E1
2.988000E1	1.081485E2	9.104961E1
2.990000E1	1.080438E2	9.122483E1
2.992000E1	1.075937E2	9.166899E1
2.994000E1	1.071398E2	9.197280E1
2.996000E1	1.070181E2	9.227441E1
2.998000E1	1.069473E2	9.230778E1
3.000000E1	1.069077E2	9.226684E1
3.002000E1	1.067096E2	9.226243E1
3.004000E1	1.064095E2	9.254484E1
3.006000E1	1.061729E2	9.292746E1
3.008000E1	1.060807E2	9.339096E1
3.010000E1	1.060130E2	9.377149E1
3.012000E1	1.059956E2	9.375429E1
3.014000E1	1.059559E2	9.371530E1
3.016000E1	1.057975E2	9.383588E1
3.018000E1	1.053155E2	9.407399E1
3.020000E1	1.047280E2	9.487276E1
3.022000E1	1.040723E2	9.650089E1
3.024000E1	1.032679E2	9.752011E1
3.026000E1	1.032753E2	9.751581E1
3.028000E1	1.034130E2	9.730468E1
3.030000E1	1.032932E2	9.736210E1
3.032000E1	1.030178E2	9.739703E1
3.034000E1	1.026245E2	9.739589E1
3.036000E1	1.022896E2	9.738224E1
3.038000E1	1.022632E2	9.740126E1
3.040000E1	1.022321E2	9.743426E1
3.042000E1	1.018393E2	9.757924E1
3.044000E1	1.014498E2	9.818146E1
3.046000E1	1.010885E2	9.856652E1
3.048000E1	1.006776E2	9.870734E1
3.050000E1	1.006103E2	9.862860E1
3.052000E1	1.004376E2	9.807247E1
3.054000E1	1.001633E2	9.806253E1
3.056000E1	1.001886E2	9.806844E1
3.058000E1	1.000721E2	9.802100E1
3.060000E1	1.000391E2	9.801188E1
3.062000E1	1.000325E2	9.799406E1
3.064000E1	9.998048E1	9.812726E1
3.066000E1	9.953660E1	9.829733E1
3.068000E1	9.916617E1	9.880700E1
3.070000E1	9.872506E1	9.898080E1
3.072000E1	9.843460E1	9.937472E1
3.074000E1	9.811833E1	9.961382E1
3.076000E1	9.774497E1	1.001563E2
3.078000E1	9.768421E1	1.002100E2
3.080000E1	9.765943E1	1.001873E2
3.082000E1	9.743761E1	1.001617E2
3.084000E1	9.742640E1	1.002553E2
3.086000E1	9.737493E1	1.004770E2
3.088000E1	9.727343E1	1.006439E2
3.090000E1	9.706664E1	1.008705E2
3.092000E1	9.676576E1	1.009518E2
3.094000E1	9.622319E1	1.013519E2
3.096000E1	9.554436E1	1.018225E2
3.098000E1	9.486391E1	1.022534E2
3.100000E1	9.508369E1	1.026743E2
3.102000E1	9.509811E1	1.026993E2
3.104000E1	9.503802E1	1.027806E2
3.106000E1	9.491682E1	1.027753E2
3.108000E1	9.470790E1	1.028451E2
3.110000E1	9.435431E1	1.029429E2
3.112000E1	9.399762E1	1.031974E2
3.114000E1	9.367662E1	1.033393E2
3.116000E1	9.352043E1	1.034617E2
3.118000E1	9.350059E1	1.034043E2
3.120000E1	9.336686E1	1.035386E2
3.122000E1	9.330069E1	1.038133E2
3.124000E1	9.284116E1	1.038936E2
3.126000E1	9.229073E1	1.040315E2
3.128000E1	9.092646E1	1.047127E2
3.130000E1	8.997970E1	1.050869E2
3.132000E1	8.951995E1	1.059136E2
3.134000E1	8.932794E1	1.068349E2
3.136000E1	8.850375E1	1.079467E2
3.138000E1	8.798188E1	1.080703E2
3.140000E1	8.788103E1	1.079580E2
3.142000E1	8.747026E1	1.075914E2
3.144000E1	8.716448E1	1.074105E2
3.146000E1	8.719823E1	1.072180E2
3.148000E1	8.721974E1	1.071965E2
3.150000E1	8.730943E1	1.072979E2
3.152000E1	8.744806E1	1.075025E2
3.154000E1	8.731446E1	1.075817E2
3.156000E1	8.685555E1	1.077534E2
3.158000E1	8.640924E1	1.084303E2
3.160000E1	8.596590E1	1.085473E2
3.162000E1	8.610223E1	1.084517E2
3.164000E1	8.637346E1	1.081727E2
3.166000E1	8.640631E1	1.081533E2
3.168000E1	8.641742E1	1.081509E2
3.170000E1	8.640324E1	1.081332E2
3.172000E1	8.610494E1	1.081355E2
3.174000E1	8.604333E1	1.081736E2
3.176000E1	8.601920E1	1.082010E2
3.178000E1	8.574304E1	1.084275E2
3.180000E1	8.550969E1	1.088084E2
3.182000E1	8.503050E1	1.090471E2
3.184000E1	8.451977E1	1.093721E2
3.186000E1	8.389773E1	1.096974E2
3.188000E1	8.330640E1	1.103151E2
3.190000E1	8.292441E1	1.106947E2
3.192000E1	8.296683E1	1.106896E2
3.194000E1	8.296579E1	1.105718E2
3.196000E1	8.292580E1	1.106098E2
3.198000E1	8.281018E1	1.106014E2
3.200000E1	8.249993E1	1.106348E2
3.202000E1	8.204272E1	1.109245E2
3.204000E1	8.152979E1	1.111482E2
3.206000E1	8.073919E1	1.112929E2
3.208000E1	8.032306E1	1.115890E2
3.210000E1	8.025362E1	1.115738E2
3.212000E1	8.017009E1	1.117162E2
3.214000E1	8.002801E1	1.117385E2
3.216000E1	7.960691E1	1.118010E2
3.218000E1	7.868720E1	1.118911E2
3.220000E1	7.779878E1	1.120890E2
3.222000E1	7.738269E1	1.123754E2
3.224000E1	7.734251E1	1.124246E2
3.226000E1	7.725574E1	1.124946E2
3.228000E1	7.685965E1	1.126269E2
3.230000E1	7.630595E1	1.127573E2
3.232000E1	7.553374E1	1.128783E2
3.234000E1	7.484002E1	1.130242E2
3.236000E1	7.482132E1	1.130249E2
3.238000E1	7.470965E1	1.130003E2
3.240000E1	7.438166E1	1.132650E2
3.242000E1	7.380095E1	1.137774E2
3.244000E1	7.287239E1	1.147503E2
3.246000E1	7.188307E1	1.156736E2
3.248000E1	7.138156E1	1.164646E2
3.250000E1	7.134139E1	1.163514E2
3.252000E1	7.129472E1	1.161869E2
3.254000E1	7.112188E1	1.161953E2
3.256000E1	7.109503E1	1.161669E2
3.258000E1	7.111327E1	1.160427E2
3.260000E1	7.104693E1	1.159544E2
3.262000E1	7.087641E1	1.161893E2
3.264000E1	7.079129E1	1.162684E2
3.266000E1	7.079652E1	1.163014E2
3.268000E1	7.076450E1	1.164749E2
3.270000E1	7.039631E1	1.168909E2
3.272000E1	6.995548E1	1.170384E2
3.274000E1	6.993666E1	1.169864E2
3.276000E1	6.996021E1	1.168656E2
3.278000E1	6.996950E1	1.168497E2
3.280000E1	6.997673E1	1.168608E2
3.282000E1	6.994929E1	1.168611E2
3.284000E1	6.990547E1	1.168561E2
3.286000E1	6.994548E1	1.168745E2
3.288000E1	6.981010E1	1.169756E2
3.290000E1	6.928469E1	1.172116E2
3.292000E1	6.841055E1	1.176386E2
3.294000E1	6.759056E1	1.179817E2
3.296000E1	6.668607E1	1.181909E2
3.298000E1	6.591880E1	1.185645E2
3.300000E1	6.581056E1	1.186046E2
3.302000E1	6.587470E1	1.186552E2
3.304000E1	6.594089E1	1.185687E2
3.306000E1	6.558305E1	1.186150E2
3.308000E1	6.514425E1	1.186831E2
3.310000E1	6.457831E1	1.186785E2
3.312000E1	6.368305E1	1.187257E2
3.314000E1	6.313861E1	1.188573E2
3.316000E1	6.266437E1	1.189469E2
3.318000E1	6.219479E1	1.189960E2
3.320000E1	6.161757E1	1.191077E2
3.322000E1	6.087702E1	1.191204E2
3.324000E1	6.022154E1	1.191429E2
3.326000E1	5.989101E1	1.191217E2
3.328000E1	5.980557E1	1.191037E2
3.330000E1	5.979023E1	1.191637E2
3.332000E1	5.966032E1	1.194176E2
3.334000E1	5.918674E1	1.195128E2
3.336000E1	5.910525E1	1.195905E2
3.338000E1	5.884483E1	1.197138E2
3.340000E1	5.862753E1	1.198030E2
3.342000E1	5.835409E1	1.197958E2
3.344000E1	5.835931E1	1.197844E2
3.346000E1	5.833864E1	1.198301E2
3.348000E1	5.822584E1	1.198427E2
3.350000E1	5.732563E1	1.200866E2
3.352000E1	5.633351E1	1.207103E2
3.354000E1	5.528784E1	1.216559E2
3.356000E1	5.434824E1	1.227348E2
3.358000E1	5.395196E1	1.231559E2
3.360000E1	5.407466E1	1.228861E2
3.362000E1	5.392614E1	1.227090E2
3.364000E1	5.345826E1	1.224617E2
3.366000E1	5.326230E1	1.223046E2
3.368000E1	5.332959E1	1.222294E2
3.370000E1	5.335222E1	1.222582E2
3.372000E1	5.341521E1	1.224793E2
3.374000E1	5.351690E1	1.224939E2
3.376000E1	5.344107E1	1.225203E2
3.378000E1	5.288883E1	1.229093E2
3.380000E1	5.195935E1	1.232300E2
3.382000E1	5.154269E1	1.232264E2
3.384000E1	5.163753E1	1.231070E2
3.386000E1	5.145465E1	1.230383E2
3.388000E1	5.093612E1	1.230131E2
3.390000E1	5.091713E1	1.228838E2
3.392000E1	5.076018E1	1.227685E2
3.394000E1	5.086958E1	1.226827E2
3.396000E1	5.060232E1	1.227044E2
3.398000E1	4.999123E1	1.227544E2
3.400000E1	4.900505E1	1.227435E2
3.402000E1	4.804904E1	1.227398E2
3.404000E1	4.710312E1	1.228247E2
3.406000E1	4.641787E1	1.231497E2
3.408000E1	4.568758E1	1.233733E2
3.410000E1	4.492231E1	1.233245E2
3.412000E1	4.465254E1	1.230583E2
3.414000E1	4.427487E1	1.225268E2
3.416000E1	4.380887E1	1.222030E2
3.418000E1	4.351267E1	1.222718E2
3.420000E1	4.355498E1	1.223005E2
3.422000E1	4.353715E1	1.223518E2
3.424000E1	4.308809E1	1.225411E2
3.426000E1	4.239320E1	1.227529E2
3.428000E1	4.189110E1	1.228611E2
3.430000E1	4.177819E1	1.228608E2
3.432000E1	4.164067E1	1.228099E2
3.434000E1	4.154585E1	1.227887E2
3.436000E1	4.151324E1	1.227566E2
3.438000E1	4.137796E1	1.227652E2
3.440000E1	4.127134E1	1.228455E2
3.442000E1	4.089936E1	1.230504E2
3.444000E1	4.040145E1	1.231351E2
3.446000E1	4.008990E1	1.232384E2
3.448000E1	4.004173E1	1.232257E2
3.450000E1	3.961427E1	1.232486E2
3.452000E1	3.944403E1	1.233909E2
3.454000E1	3.905547E1	1.234354E2
3.456000E1	3.895125E1	1.235082E2
3.458000E1	3.842208E1	1.235562E2
3.460000E1	3.781461E1	1.236648E2
3.462000E1	3.693292E1	1.243250E2
3.464000E1	3.617120E1	1.251299E2
3.466000E1	3.537005E1	1.259564E2
3.468000E1	3.490651E1	1.260106E2
3.470000E1	3.494685E1	1.260130E2
3.472000E1	3.493853E1	1.259224E2
3.474000E1	3.444471E1	1.258344E2
3.476000E1	3.430233E1	1.256024E2
3.478000E1	3.428710E1	1.255193E2
3.480000E1	3.431457E1	1.255373E2
3.482000E1	3.434341E1	1.255224E2
3.484000E1	3.421469E1	1.254327E2
3.486000E1	3.366493E1	1.255028E2
3.488000E1	3.262257E1	1.257928E2
3.490000E1	3.208267E1	1.258110E2
3.492000E1	3.209846E1	1.256377E2
3.494000E1	3.244713E1	1.253113E2
3.496000E1	3.243642E1	1.251555E2
3.498000E1	3.205808E1	1.251339E2
3.500000E1	3.200654E1	1.250547E2
3.502000E1	3.153977E1	1.248291E2
3.504000E1	3.097867E1	1.245135E2
3.506000E1	2.998509E1	1.243579E2
3.508000E1	2.903952E1	1.242319E2
3.510000E1	2.854498E1	1.242324E2
3.512000E1	2.847400E1	1.242244E2
3.514000E1	2.838066E1	1.241819E2
3.516000E1	2.787331E1	1.243200E2
3.518000E1	2.724526E1	1.247585E2
3.520000E1	2.649699E1	1.247441E2
3.522000E1	2.643997E1	1.246437E2
3.524000E1	2.641123E1	1.244140E2
3.526000E1	2.608598E1	1.243612E2
3.528000E1	2.608053E1	1.243117E2
3.530000E1	2.611533E1	1.242897E2
3.532000E1	2.607046E1	1.243096E2
3.534000E1	2.583620E1	1.243981E2
3.536000E1	2.522037E1	1.245933E2
3.538000E1	2.433471E1	1.246768E2
3.540000E1	2.375065E1	1.246588E2
3.542000E1	2.332347E1	1.246351E2
3.544000E1	2.290754E1	1.246324E2
3.546000E1	2.287564E1	1.246171E2
3.548000E1	2.281373E1	1.246163E2
3.550000E1	2.237676E1	1.245845E2
3.552000E1	2.203186E1	1.246100E2
3.554000E1	2.150343E1	1.246681E2
3.556000E1	2.103164E1	1.247838E2
3.558000E1	2.133585E1	1.249645E2
3.560000E1	2.131989E1	1.250138E2
3.562000E1	2.096999E1	1.250990E2
3.564000E1	2.053948E1	1.251127E2
3.566000E1	2.018535E1	1.250155E2
3.568000E1	1.989953E1	1.250463E2
3.570000E1	1.944200E1	1.249571E2
3.572000E1	1.847699E1	1.249916E2
3.574000E1	1.788574E1	1.256614E2
3.576000E1	1.689662E1	1.257490E2
3.578000E1	1.598572E1	1.257325E2
3.580000E1	1.592952E1	1.257791E2
3.582000E1	1.590824E1	1.256875E2
3.584000E1	1.562202E1	1.250148E2
3.586000E1	1.565466E1	1.248931E2
3.588000E1	1.581869E1	1.247898E2
3.590000E1	1.564087E1	1.248201E2
3.592000E1	1.525672E1	1.249859E2
3.594000E1	1.471164E1	1.247445E2
3.596000E1	1.425731E1	1.244085E2
3.598000E1	1.369578E1	1.245066E2
3.600000E1	1.315392E1	1.245605E2
3.602000E1	1.313452E1	1.245715E2
3.604000E1	1.350427E1	1.245945E2
3.606000E1	1.363739E1	1.245852E2
3.608000E1	1.333644E1	1.246810E2
3.610000E1	1.330166E1	1.246725E2
3.612000E1	1.327968E1	1.246207E2
3.614000E1	1.322256E1	1.246183E2
3.616000E1	1.311250E1	1.246386E2
3.618000E1	1.272467E1	1.246049E2
3.620000E1	1.262958E1	1.246164E2
3.622000E1	1.260237E1	1.246373E2
3.624000E1	1.216241E1	1.246485E2
3.626000E1	1.203308E1	1.246911E2
3.628000E1	1.166634E1	1.248555E2
3.630000E1	1.082962E1	1.248825E2
3.632000E1	1.069618E1	1.249727E2
3.634000E1	1.061978E1	1.248232E2
3.636000E1	1.052787E1	1.246664E2
3.638000E1	1.022537E1	1.246006E2
3.640000E1	1.006317E1	1.244749E2
3.642000E1	9.653567E0	1.244874E2
3.644000E1	8.889154E0	1.243282E2
3.646000E1	8.013818E0	1.241941E2
3.648000E1	7.512739E0	1.242694E2
3.650000E1	7.213105E0	1.243207E2
3.652000E1	7.163244E0	1.243368E2
3.654000E1	7.114544E0	1.242830E2
3.656000E1	7.051776E0	1.242275E2
3.658000E1	6.897618E0	1.241622E2
3.660000E1	6.407219E0	1.241103E2
3.662000E1	5.825997E0	1.238826E2
3.664000E1	5.461763E0	1.237145E2
3.666000E1	5.460870E0	1.236300E2
3.668000E1	5.507799E0	1.236516E2
3.670000E1	5.360370E0	1.236833E2
3.672000E1	4.864126E0	1.237135E2
3.674000E1	4.408392E0	1.236071E2
3.676000E1	3.709454E0	1.232321E2
3.678000E1	2.715638E0	1.228828E2
3.680000E1	1.964941E0	1.227104E2
3.682000E1	1.472355E0	1.227566E2
3.684000E1	6.999210E-1	1.229544E2
3.686000E1	-7.217277E-1	1.232995E2
3.688000E1	-1.870057E0	1.232494E2
3.690000E1	-2.220718E0	1.229154E2
3.692000E1	-2.211738E0	1.225707E2
3.694000E1	-2.050159E0	1.225015E2
3.696000E1	-1.878911E0	1.224986E2
3.698000E1	-1.905031E0	1.225403E2
3.700000E1	-2.147924E0	1.226700E2
3.702000E1	-2.512699E0	1.227842E2
3.704000E1	-2.490847E0	1.227040E2
3.706000E1	-2.490925E0	1.226988E2
3.708000E1	-3.012278E0	1.226430E2
3.710000E1	-3.691605E0	1.226100E2
3.712000E1	-3.749329E0	1.225908E2
3.714000E1	-3.365657E0	1.225965E2
3.716000E1	-3.247393E0	1.225682E2
3.718000E1	-3.327348E0	1.225931E2
3.720000E1	-3.378578E0	1.226579E2
3.722000E1	-3.543060E0	1.226482E2
3.724000E1	-3.659792E0	1.224787E2
3.726000E1	-3.733990E0	1.225161E2
3.728000E1	-4.051683E0	1.226055E2
3.730000E1	-4.129516E0	1.225830E2
3.732000E1	-4.469223E0	1.225760E2
3.734000E1	-4.990806E0	1.224413E2
3.736000E1	-5.523345E0	1.222765E2
3.738000E1	-6.485017E0	1.222457E2
3.740000E1	-7.405565E0	1.225716E2
3.742000E1	-7.798959E0	1.226343E2
3.744000E1	-7.749853E0	1.226470E2
3.746000E1	-7.678457E0	1.225416E2
3.748000E1	-7.719142E0	1.224653E2
3.750000E1	-8.100973E0	1.224248E2
3.752000E1	-8.617474E0	1.221704E2
3.754000E1	-9.396363E0	1.217299E2
3.756000E1	-1.011770E1	1.214733E2
3.758000E1	-1.015383E1	1.214191E2
3.760000E1	-1.023039E1	1.213627E2
3.762000E1	-1.055661E1	1.212181E2
3.764000E1	-1.106026E1	1.212368E2
3.766000E1	-1.157895E1	1.209818E2
3.768000E1	-1.218309E1	1.202111E2
3.770000E1	-1.298395E1	1.198341E2
3.772000E1	-1.343623E1	1.197551E2
3.774000E1	-1.345127E1	1.197514E2
3.776000E1	-1.367375E1	1.196752E2
3.778000E1	-1.405037E1	1.194782E2
3.780000E1	-1.460615E1	1.188665E2
3.782000E1	-1.537096E1	1.185059E2
3.784000E1	-1.585032E1	1.182895E2
3.786000E1	-1.589449E1	1.182680E2
3.788000E1	-1.598190E1	1.182121E2
3.790000E1	-1.646418E1	1.181112E2
3.792000E1	-1.705556E1	1.181846E2
3.794000E1	-1.797766E1	1.181950E2
3.796000E1	-1.901706E1	1.182328E2
3.798000E1	-2.000328E1	1.182764E2
3.800000E1	-2.045797E1	1.182795E2
3.802000E1	-2.025773E1	1.181799E2
3.804000E1	-2.023032E1	1.181467E2
3.806000E1	-2.021440E1	1.181466E2
3.808000E1	-2.018557E1	1.181403E2
3.810000E1	-2.021786E1	1.181682E2
3.812000E1	-2.053601E1	1.182541E2
3.814000E1	-2.063818E1	1.182191E2
3.816000E1	-2.064416E1	1.182125E2
3.818000E1	-2.071470E1	1.182459E2
3.820000E1	-2.132221E1	1.182805E2
3.822000E1	-2.197813E1	1.182788E2
3.824000E1	-2.187989E1	1.181256E2
3.826000E1	-2.172868E1	1.180006E2
3.828000E1	-2.167915E1	1.179651E2
3.830000E1	-2.174795E1	1.179842E2
3.832000E1	-2.173490E1	1.179403E2
3.834000E1	-2.175049E1	1.178759E2
3.836000E1	-2.176953E1	1.178773E2
3.838000E1	-2.217234E1	1.178310E2
3.840000E1	-2.276517E1	1.176263E2
3.842000E1	-2.351006E1	1.173444E2
3.844000E1	-2.432399E1	1.170385E2
3.846000E1	-2.526508E1	1.164157E2
3.848000E1	-2.587949E1	1.163322E2
3.850000E1	-2.600973E1	1.163169E2
3.852000E1	-2.604150E1	1.163225E2
3.854000E1	-2.607509E1	1.161116E2
3.856000E1	-2.633577E1	1.160028E2
3.858000E1	-2.663735E1	1.154406E2
3.860000E1	-2.707771E1	1.148234E2
3.862000E1	-2.759799E1	1.146019E2
3.864000E1	-2.808682E1	1.142413E2
3.866000E1	-2.858242E1	1.140806E2
3.868000E1	-2.905036E1	1.137406E2
3.870000E1	-2.959715E1	1.131863E2
3.872000E1	-3.017197E1	1.127032E2
3.874000E1	-3.035239E1	1.122961E2
3.876000E1	-3.039920E1	1.123301E2
3.878000E1	-3.040575E1	1.123153E2
3.880000E1	-3.045401E1	1.123522E2
3.882000E1	-3.090070E1	1.123230E2
3.884000E1	-3.101432E1	1.123804E2
3.886000E1	-3.152562E1	1.122524E2
3.888000E1	-3.151739E1	1.121544E2
3.890000E1	-3.167134E1	1.120645E2
3.892000E1	-3.169520E1	1.119959E2
3.894000E1	-3.175572E1	1.119268E2
3.896000E1	-3.181060E1	1.119600E2
3.898000E1	-3.209176E1	1.118606E2
3.900000E1	-3.288807E1	1.114873E2
3.902000E1	-3.396927E1	1.111934E2
3.904000E1	-3.522485E1	1.111162E2
3.906000E1	-3.661988E1	1.110729E2
3.908000E1	-3.726324E1	1.111156E2
3.910000E1	-3.724721E1	1.110554E2
3.912000E1	-3.724047E1	1.108335E2
3.914000E1	-3.734966E1	1.104041E2
3.916000E1	-3.739021E1	1.102678E2
3.918000E1	-3.727087E1	1.101781E2
3.920000E1	-3.737435E1	1.102181E2
3.922000E1	-3.753773E1	1.103353E2
3.924000E1	-3.760300E1	1.104033E2
3.926000E1	-3.758897E1	1.103408E2
3.928000E1	-3.818023E1	1.102678E2
3.930000E1	-3.914432E1	1.099853E2
3.932000E1	-3.966098E1	1.096250E2
3.934000E1	-3.956745E1	1.094850E2
3.936000E1	-3.946025E1	1.094110E2
3.938000E1	-3.962258E1	1.091337E2
3.940000E1	-3.972188E1	1.090427E2
3.942000E1	-3.967932E1	1.089814E2
3.944000E1	-3.970229E1	1.088058E2
3.946000E1	-3.974957E1	1.086441E2
3.948000E1	-4.045033E1	1.081684E2
3.950000E1	-4.127593E1	1.074883E2
3.952000E1	-4.188191E1	1.067575E2
3.954000E1	-4.253834E1	1.063435E2
3.956000E1	-4.320149E1	1.060723E2
3.958000E1	-4.397624E1	1.056418E2
3.960000E1	-4.459359E1	1.051488E2
3.962000E1	-4.498918E1	1.044569E2
3.964000E1	-4.492579E1	1.038625E2
3.966000E1	-4.483608E1	1.032536E2
3.968000E1	-4.500690E1	1.031203E2
3.970000E1	-4.498323E1	1.031626E2
3.972000E1	-4.509988E1	1.032229E2
3.974000E1	-4.557110E1	1.032204E2
3.976000E1	-4.601731E1	1.031228E2
3.978000E1	-4.641926E1	1.029595E2
3.980000E1	-4.666783E1	1.025392E2
3.982000E1	-4.685648E1	1.021710E2
3.984000E1	-4.696835E1	1.021262E2
3.986000E1	-4.704569E1	1.021484E2
3.988000E1	-4.705104E1	1.021946E2
3.990000E1	-4.709803E1	1.021926E2
3.992000E1	-4.737997E1	1.021278E2
3.994000E1	-4.795995E1	1.020634E2
3.996000E1	-4.836267E1	1.017638E2
3.998000E1	-4.861579E1	1.015755E2
4.000000E1	-4.861936E1	1.013858E2
4.002000E1	-4.873479E1	1.012457E2
4.004000E1	-4.894566E1	1.012924E2
4.006000E1	-4.896914E1	1.012512E2
4.008000E1	-4.922752E1	1.008688E2
4.010000E1	-4.984452E1	1.004337E2
4.012000E1	-5.066564E1	1.003299E2
4.014000E1	-5.172345E1	1.003626E2
4.016000E1	-5.276865E1	1.004338E2
4.018000E1	-5.344622E1	1.002235E2
4.020000E1	-5.374772E1	9.994330E1
4.022000E1	-5.374480E1	9.992857E1
4.024000E1	-5.378175E1	9.962677E1
4.026000E1	-5.378150E1	9.916971E1
4.028000E1	-5.377207E1	9.918800E1
4.030000E1	-5.372781E1	9.924775E1
4.032000E1	-5.374145E1	9.926099E1
4.034000E1	-5.386933E1	9.908232E1
4.036000E1	-5.399624E1	9.895225E1
4.038000E1	-5.479667E1	9.817575E1
4.040000E1	-5.554487E1	9.776323E1
4.042000E1	-5.566377E1	9.764030E1
4.044000E1	-5.519902E1	9.760833E1
4.046000E1	-5.491304E1	9.756958E1
4.048000E1	-5.518361E1	9.730296E1
4.050000E1	-5.536560E1	9.718999E1
4.052000E1	-5.535797E1	9.658236E1
4.054000E1	-5.541321E1	9.597133E1
4.056000E1	-5.576529E1	9.522093E1
4.058000E1	-5.618729E1	9.457059E1
4.060000E1	-5.665838E1	9.445843E1
4.062000E1	-5.664721E1	9.436432E1
4.064000E1	-5.666494E1	9.443258E1
4.066000E1	-5.713563E1	9.436387E1
4.068000E1	-5.782348E1	9.417874E1
4.070000E1	-5.836782E1	9.374168E1
4.072000E1	-5.838017E1	9.356766E1
4.074000E1	-5.819098E1	9.338551E1
4.076000E1	-5.814255E1	9.311023E1
4.078000E1	-5.817190E1	9.309575E1
4.080000E1	-5.819475E1	9.306695E1
4.082000E1	-5.823314E1	9.307085E1
4.084000E1	-5.854790E1	9.300341E1
4.086000E1	-5.899577E1	9.292442E1
4.088000E1	-5.948827E1	9.237432E1
4.090000E1	-5.999170E1	9.214460E1
4.092000E1	-6.037269E1	9.144455E1
4.094000E1	-6.077981E1	9.135839E1
4.096000E1	-6.094216E1	9.116270E1
4.098000E1	-6.098548E1	9.091387E1
4.100000E1	-6.117701E1	9.065823E1
4.102000E1	-6.150912E1	9.030511E1
4.104000E1	-6.195719E1	9.018328E1
4.106000E1	-6.244650E1	8.990679E1
4.108000E1	-6.248904E1	8.983423E1
4.110000E1	-6.249584E1	8.983312E1
4.112000E1	-6.277123E1	8.977243E1
4.114000E1	-6.305513E1	8.958780E1
4.116000E1	-6.327216E1	8.906187E1
4.118000E1	-6.332640E1	8.898471E1
4.120000E1	-6.384530E1	8.832936E1
4.122000E1	-6.431129E1	8.776902E1
4.124000E1	-6.433755E1	8.775393E1
4.126000E1	-6.494191E1	8.785836E1
4.128000E1	-6.617475E1	8.732910E1
4.130000E1	-6.716199E1	8.664053E1
4.132000E1	-6.728230E1	8.640702E1
4.134000E1	-6.683159E1	8.581246E1
4.136000E1	-6.670565E1	8.571521E1
4.138000E1	-6.647172E1	8.580311E1
4.140000E1	-6.638915E1	8.584657E1
4.142000E1	-6.648149E1	8.577799E1
4.144000E1	-6.679409E1	8.523747E1
4.146000E1	-6.686329E1	8.490122E1
4.148000E1	-6.694503E1	8.419422E1
4.150000E1	-6.733835E1	8.386603E1
4.152000E1	-6.774004E1	8.368246E1
4.154000E1	-6.782843E1	8.374572E1
4.156000E1	-6.781103E1	8.382441E1
4.158000E1	-6.765915E1	8.404599E1
4.160000E1	-6.789583E1	8.400280E1
4.162000E1	-6.786786E1	8.396897E1
4.164000E1	-6.778760E1	8.385066E1
4.166000E1	-6.789842E1	8.351358E1
4.168000E1	-6.788995E1	8.340296E1
4.170000E1	-6.801542E1	8.333422E1
4.172000E1	-6.810049E1	8.320081E1
4.174000E1	-6.832691E1	8.310204E1
4.176000E1	-6.857959E1	8.293252E1
4.178000E1	-6.889455E1	8.284430E1
4.180000E1	-6.969005E1	8.241570E1
4.182000E1	-7.044340E1	8.192321E1
4.184000E1	-7.079415E1	8.150667E1
4.186000E1	-7.062896E1	8.147655E1
4.188000E1	-7.052514E1	8.098131E1
4.190000E1	-7.054968E1	8.045588E1
4.192000E1	-7.070968E1	7.998216E1
4.194000E1	-7.122284E1	7.926548E1
4.196000E1	-7.176590E1	7.865217E1
4.198000E1	-7.223766E1	7.853679E1
4.200000E1	-7.234238E1	7.848020E1
4.202000E1	-7.232725E1	7.830549E1
4.204000E1	-7.239503E1	7.829640E1
4.206000E1	-7.260842E1	7.809188E1
4.208000E1	-7.267943E1	7.788317E1
4.210000E1	-7.281936E1	7.748734E1
4.212000E1	-7.302584E1	7.703591E1
4.214000E1	-7.327291E1	7.661533E1
4.216000E1	-7.326377E1	7.658455E1
4.218000E1	-7.325212E1	7.663981E1
4.220000E1	-7.327528E1	7.661935E1
4.222000E1	-7.362418E1	7.631423E1
4.224000E1	-7.406365E1	7.552720E1
4.226000E1	-7.437612E1	7.478598E1
4.228000E1	-7.456589E1	7.392299E1
4.230000E1	-7.473138E1	7.377086E1
4.232000E1	-7.484802E1	7.360764E1
4.234000E1	-7.498026E1	7.338705E1
4.236000E1	-7.546764E1	7.258258E1
4.238000E1	-7.646342E1	7.165011E1
4.240000E1	-7.766782E1	7.048898E1
4.242000E1	-7.813282E1	6.963380E1
4.244000E1	-7.824976E1	6.979917E1
4.246000E1	-7.800207E1	7.014184E1
4.248000E1	-7.797149E1	7.010315E1
4.250000E1	-7.805582E1	6.995970E1
4.252000E1	-7.804140E1	6.989182E1
4.254000E1	-7.810007E1	6.974051E1
4.256000E1	-7.836425E1	6.951757E1
4.258000E1	-7.835065E1	6.928305E1
4.260000E1	-7.841843E1	6.903023E1
4.262000E1	-7.884151E1	6.882814E1
4.264000E1	-7.937043E1	6.868261E1
4.266000E1	-7.942975E1	6.859353E1
4.268000E1	-7.931896E1	6.846039E1
4.270000E1	-7.935918E1	6.851730E1
4.272000E1	-7.939150E1	6.847879E1
4.274000E1	-7.940617E1	6.840926E1
4.276000E1	-7.939849E1	6.839354E1
4.278000E1	-7.938236E1	6.834104E1
4.280000E1	-7.938270E1	6.834208E1
4.282000E1	-7.948080E1	6.820707E1
4.284000E1	-7.961737E1	6.792081E1
4.286000E1	-7.979230E1	6.742061E1
4.288000E1	-8.038074E1	6.714913E1
4.290000E1	-8.118123E1	6.677104E1
4.292000E1	-8.171685E1	6.644048E1
4.294000E1	-8.213834E1	6.615583E1
4.296000E1	-8.225629E1	6.567962E1
4.298000E1	-8.227007E1	6.557370E1
4.300000E1	-8.217995E1	6.530056E1
4.302000E1	-8.214353E1	6.495843E1
4.304000E1	-8.221064E1	6.439509E1
4.306000E1	-8.246142E1	6.376845E1
4.308000E1	-8.272959E1	6.361136E1
4.310000E1	-8.276219E1	6.359188E1
4.312000E1	-8.281590E1	6.353276E1
4.314000E1	-8.318784E1	6.279907E1
4.316000E1	-8.336406E1	6.182750E1
4.318000E1	-8.373398E1	6.098339E1
4.320000E1	-8.378783E1	6.044926E1
4.322000E1	-8.381550E1	6.039923E1
4.324000E1	-8.398282E1	6.017762E1
4.326000E1	-8.427016E1	5.955784E1
4.328000E1	-8.431029E1	5.913808E1
4.330000E1	-8.420324E1	5.869596E1
4.332000E1	-8.416337E1	5.821006E1
4.334000E1	-8.435416E1	5.796396E1
4.336000E1	-8.469865E1	5.775455E1
4.338000E1	-8.468881E1	5.774045E1
4.340000E1	-8.477664E1	5.765327E1
4.342000E1	-8.520456E1	5.711232E1
4.344000E1	-8.563625E1	5.655832E1
4.346000E1	-8.574488E1	5.626027E1
4.348000E1	-8.601632E1	5.570207E1
4.350000E1	-8.650809E1	5.496726E1
4.352000E1	-8.740201E1	5.409501E1
4.354000E1	-8.801598E1	5.393167E1
4.356000E1	-8.798221E1	5.405733E1
4.358000E1	-8.803241E1	5.414608E1
4.360000E1	-8.808283E1	5.389570E1
4.362000E1	-8.811834E1	5.370509E1
4.364000E1	-8.812132E1	5.364892E1
4.366000E1	-8.809875E1	5.367213E1
4.368000E1	-8.814475E1	5.366910E1
4.370000E1	-8.814684E1	5.365693E1
4.372000E1	-8.815407E1	5.342045E1
4.374000E1	-8.830710E1	5.288211E1
4.376000E1	-8.867190E1	5.258368E1
4.378000E1	-8.897141E1	5.240517E1
4.380000E1	-8.899739E1	5.251758E1
4.382000E1	-8.899649E1	5.275997E1
4.384000E1	-8.901715E1	5.266183E1
4.386000E1	-8.908872E1	5.253370E1
4.388000E1	-8.909262E1	5.216992E1
4.390000E1	-8.911500E1	5.163228E1
4.392000E1	-8.912558E1	5.147543E1
4.394000E1	-8.930010E1	5.075248E1
4.396000E1	-8.961073E1	4.994220E1
4.398000E1	-8.970451E1	4.982604E1
4.400000E1	-8.982768E1	4.982143E1
4.402000E1	-8.985055E1	4.969876E1
4.404000E1	-8.998188E1	4.936877E1
4.406000E1	-9.012450E1	4.855534E1
4.408000E1	-9.017693E1	4.755482E1
4.410000E1	-9.000535E1	4.691249E1
4.412000E1	-8.961335E1	4.686430E1
4.414000E1	-8.962756E1	4.662081E1
4.416000E1	-8.969065E1	4.645972E1
4.418000E1	-8.972906E1	4.600230E1
4.420000E1	-8.973945E1	4.542949E1
4.422000E1	-8.972633E1	4.469043E1
4.424000E1	-8.974437E1	4.391804E1
4.426000E1	-9.010007E1	4.314051E1
4.428000E1	-9.032711E1	4.253884E1
4.430000E1	-9.036549E1	4.250533E1
4.432000E1	-9.049348E1	4.235075E1
4.434000E1	-9.073682E1	4.214038E1
4.436000E1	-9.079675E1	4.189083E1
4.438000E1	-9.075427E1	4.164095E1
4.440000E1	-9.072401E1	4.134294E1
4.442000E1	-9.076529E1	4.109512E1
4.444000E1	-9.071787E1	4.111848E1
4.446000E1	-9.094600E1	4.081261E1
4.448000E1	-9.113059E1	4.060262E1
4.450000E1	-9.128791E1	4.044034E1
