	mass A		
t	x	y	
0.000000E0	0.000000E0	-2.560900E-2
2.000000E-2	-6.357976E-2	-5.553277E-2
4.000000E-2	-1.124729E-1	-4.814995E-1
6.000000E-2	-1.257258E-3	-9.326115E-1
8.000000E-2	-7.004367E-2	-9.009836E-1
1.000000E-1	-7.225983E-2	-7.408576E-1
1.200000E-1	1.190341E-2	-5.730084E-1
1.400000E-1	1.134666E-3	-5.769159E-1
1.600000E-1	-4.148966E-2	-6.906234E-1
1.800000E-1	-5.171111E-2	-9.348941E-1
2.000000E-1	3.003665E-2	-9.888842E-1
2.200000E-1	6.606916E-2	-1.018583E0
2.400000E-1	1.419799E-1	-1.012208E0
2.600000E-1	1.269365E-1	-1.030545E0
2.800000E-1	3.781450E-1	-9.605854E-1
3.000000E-1	5.089624E-1	-7.978145E-1
3.200000E-1	6.372747E-1	-5.233988E-1
3.400000E-1	7.666748E-1	-1.977219E-1
3.600000E-1	9.101314E-1	-3.485929E-3
3.800000E-1	1.275885E0	-4.254323E-2
4.000000E-1	1.610226E0	-1.086581E-1
4.200000E-1	1.847691E0	-2.237972E-1
4.400000E-1	1.960069E0	-1.935847E-1
4.600000E-1	1.974601E0	-1.471625E-1
4.800000E-1	1.893266E0	-4.244398E-2
5.000000E-1	1.905348E0	3.181972E-3
5.200000E-1	1.971363E0	-6.373683E-2
5.400000E-1	2.428871E0	-2.902896E-1
5.600000E-1	2.545648E0	-4.413237E-1
5.800000E-1	2.789961E0	-3.391510E-1
6.000000E-1	3.050459E0	-8.131133E-2
6.200000E-1	3.576502E0	5.964416E-2
6.400000E-1	4.096073E0	8.450940E-2
6.600000E-1	4.608231E0	2.090789E-2
6.800000E-1	4.711049E0	-2.051752E-1
7.000000E-1	4.545321E0	-2.603673E-1
7.200000E-1	4.512844E0	-3.025480E-1
7.400000E-1	4.650141E0	-4.414264E-1
7.600000E-1	4.993728E0	-6.684939E-1
7.800000E-1	5.030750E0	-8.920805E-1
8.000000E-1	4.879319E0	-1.131068E0
8.200000E-1	4.825541E0	-1.156827E0
8.400000E-1	4.876856E0	-1.102589E0
8.600000E-1	5.335190E0	-8.631059E-1
8.800000E-1	5.968403E0	-3.876290E-1
9.000000E-1	6.189844E0	-4.611609E-2
9.200000E-1	6.041266E0	6.034696E-2
9.400000E-1	6.158049E0	3.972432E-2
9.600000E-1	6.454458E0	-9.269695E-2
9.800000E-1	6.668142E0	-2.885014E-1
1.000000E0	6.687342E0	-5.524733E-1
1.020000E0	6.639562E0	-6.183875E-1
1.040000E0	6.611672E0	-5.576809E-1
1.060000E0	6.618255E0	-4.607315E-1
1.080000E0	6.509143E0	-4.059042E-1
1.100000E0	6.545448E0	-4.230006E-1
1.120000E0	6.918773E0	-4.314980E-1
1.140000E0	7.469848E0	-4.619450E-1
1.160000E0	8.220593E0	-7.071313E-1
1.180000E0	8.636548E0	-9.881330E-1
1.200000E0	8.753929E0	-1.173284E0
1.220000E0	8.563012E0	-1.167593E0
1.240000E0	8.534882E0	-9.199543E-1
1.260000E0	8.850557E0	-4.814425E-1
1.280000E0	8.917186E0	-3.944794E-1
1.300000E0	8.867089E0	-6.391169E-1
1.320000E0	8.936747E0	-7.819286E-1
1.340000E0	9.085345E0	-7.259702E-1
1.360000E0	9.231111E0	-5.719881E-1
1.380000E0	9.324540E0	-4.876644E-1
1.400000E0	9.290486E0	-4.677488E-1
1.420000E0	9.252231E0	-4.423043E-1
1.440000E0	9.228215E0	-3.930330E-1
1.460000E0	9.319797E0	-2.565371E-1
1.480000E0	9.353311E0	-1.672507E-1
1.500000E0	9.603335E0	-1.387450E-1
1.520000E0	9.658490E0	-1.455450E-1
1.540000E0	9.798058E0	-1.345104E-1
1.560000E0	1.024400E1	-5.086961E-2
1.580000E0	1.081511E1	4.100904E-2
1.600000E0	1.139334E1	6.471580E-2
1.620000E0	1.177373E1	4.463265E-2
1.640000E0	1.165912E1	9.288635E-2
1.660000E0	1.158784E1	5.997168E-2
1.680000E0	1.161885E1	5.266643E-2
1.700000E0	1.165524E1	-7.767848E-2
1.720000E0	1.163491E1	-5.327075E-1
1.740000E0	1.158894E1	-1.048860E0
1.760000E0	1.165631E1	-1.448902E0
1.780000E0	1.174191E1	-1.461035E0
1.800000E0	1.223070E1	-1.009380E0
1.820000E0	1.270604E1	-1.741624E-1
1.840000E0	1.264556E1	4.002206E-1
1.860000E0	1.261651E1	4.558394E-1
1.880000E0	1.264787E1	1.802910E-1
1.900000E0	1.274911E1	-1.767585E-1
1.920000E0	1.278218E1	-2.283681E-1
1.940000E0	1.281506E1	-1.367786E-1
1.960000E0	1.280819E1	-2.436478E-2
1.980000E0	1.287376E1	-3.950384E-2
2.000000E0	1.318874E1	-2.440618E-1
2.020000E0	1.309693E1	-8.008838E-1
2.040000E0	1.331424E1	-1.262536E0
2.060000E0	1.355041E1	-1.390958E0
2.080000E0	1.395296E1	-1.432088E0
2.100000E0	1.395504E1	-1.467421E0
2.120000E0	1.395838E1	-1.478069E0
2.140000E0	1.420447E1	-1.418984E0
2.160000E0	1.490400E1	-1.339854E0
2.180000E0	1.556955E1	-1.129149E0
2.200000E0	1.611394E1	-6.825576E-1
2.220000E0	1.619709E1	-3.651773E-1
2.240000E0	1.630420E1	-3.514553E-1
2.260000E0	1.665021E1	-5.396556E-1
2.280000E0	1.698742E1	-1.022124E0
2.300000E0	1.691769E1	-1.330976E0
2.320000E0	1.690305E1	-1.294785E0
2.340000E0	1.696765E1	-8.367184E-1
2.360000E0	1.708901E1	-6.508662E-1
2.380000E0	1.740620E1	-4.592040E-1
2.400000E0	1.745032E1	-3.956339E-1
2.420000E0	1.747121E1	-4.293195E-1
2.440000E0	1.768972E1	-5.485460E-1
2.460000E0	1.816176E1	-7.104992E-1
2.480000E0	1.844562E1	-9.432054E-1
2.500000E0	1.875144E1	-1.222324E0
2.520000E0	1.881787E1	-1.208897E0
2.540000E0	1.881651E1	-1.123437E0
2.560000E0	1.882497E1	-1.027381E0
2.580000E0	1.883052E1	-1.021991E0
2.600000E0	1.886603E1	-1.033986E0
2.620000E0	1.886335E1	-1.042902E0
2.640000E0	1.855875E1	-1.187252E0
2.660000E0	1.849167E1	-1.305589E0
2.680000E0	1.849779E1	-1.333264E0
2.700000E0	1.849183E1	-1.286637E0
2.720000E0	1.857971E1	-1.014982E0
2.740000E0	1.882813E1	-6.524840E-1
2.760000E0	1.880419E1	-3.909247E-1
2.780000E0	1.889337E1	-3.134655E-1
2.800000E0	1.897123E1	-3.586629E-1
2.820000E0	1.896973E1	-4.199997E-1
2.840000E0	1.901170E1	-3.966710E-1
2.860000E0	1.912647E1	-3.140899E-1
2.880000E0	1.916002E1	-1.528150E-1
2.900000E0	1.926775E1	-1.134492E-1
2.920000E0	1.936546E1	-1.349945E-1
2.940000E0	1.947533E1	-4.989572E-1
2.960000E0	1.961005E1	-1.133126E0
2.980000E0	2.006356E1	-1.366546E0
3.000000E0	2.054962E1	-1.488916E0
3.020000E0	2.093986E1	-1.356553E0
3.040000E0	2.106737E1	-1.032208E0
3.060000E0	2.121281E1	-6.533717E-1
3.080000E0	2.129550E1	-3.295012E-1
3.100000E0	2.144742E1	-2.042138E-1
3.120000E0	2.158422E1	-1.495805E-1
3.140000E0	2.169656E1	-4.326502E-1
3.160000E0	2.206323E1	-8.280304E-1
3.180000E0	2.253905E1	-1.206362E0
3.200000E0	2.277435E1	-1.313667E0
3.220000E0	2.278381E1	-1.418793E0
3.240000E0	2.274396E1	-1.408891E0
3.260000E0	2.274059E1	-1.250788E0
3.280000E0	2.296094E1	-1.052599E0
3.300000E0	2.355241E1	-9.603949E-1
3.320000E0	2.440563E1	-8.957314E-1
3.340000E0	2.481341E1	-8.431195E-1
3.360000E0	2.533056E1	-7.340908E-1
3.380000E0	2.568700E1	-6.427626E-1
3.400000E0	2.599464E1	-7.367999E-1
3.420000E0	2.627503E1	-1.125657E0
3.440000E0	2.614247E1	-1.254107E0
3.460000E0	2.610227E1	-1.100535E0
3.480000E0	2.615416E1	-7.945253E-1
3.500000E0	2.610655E1	-4.684236E-1
3.520000E0	2.592476E1	-4.040784E-1
3.540000E0	2.562194E1	-6.135692E-1
3.560000E0	2.553631E1	-1.026784E0
3.580000E0	2.580526E1	-1.325719E0
3.600000E0	2.634035E1	-1.214857E0
3.620000E0	2.663290E1	-8.579828E-1
3.640000E0	2.669379E1	-8.416113E-1
3.660000E0	2.657134E1	-9.282407E-1
3.680000E0	2.652634E1	-9.920788E-1
3.700000E0	2.653915E1	-9.953647E-1
3.720000E0	2.656267E1	-1.002051E0
3.740000E0	2.664623E1	-9.967474E-1
3.760000E0	2.668887E1	-1.004166E0
3.780000E0	2.676203E1	-1.013247E0
3.800000E0	2.673684E1	-1.001653E0
3.820000E0	2.667276E1	-1.015663E0
3.840000E0	2.656027E1	-1.114706E0
3.860000E0	2.657488E1	-1.171372E0
3.880000E0	2.686346E1	-1.134035E0
3.900000E0	2.712169E1	-1.060656E0
3.920000E0	2.723060E1	-1.035634E0
3.940000E0	2.742472E1	-9.623414E-1
3.960000E0	2.754028E1	-9.534388E-1
3.980000E0	2.768166E1	-9.781811E-1
4.000000E0	2.777627E1	-8.857677E-1
4.020000E0	2.809150E1	-4.865450E-1
4.040000E0	2.838593E1	-1.724735E-1
4.060000E0	2.873739E1	-1.487010E-1
4.080000E0	2.897758E1	-4.235235E-1
4.100000E0	2.920465E1	-9.002837E-1
4.120000E0	2.932791E1	-1.026854E0
4.140000E0	2.935293E1	-9.981462E-1
4.160000E0	2.940861E1	-9.052458E-1
4.180000E0	2.949182E1	-8.080543E-1
4.200000E0	2.967022E1	-8.238651E-1
4.220000E0	2.982651E1	-8.644046E-1
4.240000E0	3.003144E1	-8.746796E-1
4.260000E0	3.030065E1	-9.096329E-1
4.280000E0	3.070742E1	-8.991678E-1
4.300000E0	3.113655E1	-7.975655E-1
4.320000E0	3.144214E1	-7.158319E-1
4.340000E0	3.180321E1	-6.732288E-1
4.360000E0	3.191043E1	-7.747705E-1
4.380000E0	3.197909E1	-9.299293E-1
4.400000E0	3.193365E1	-1.089162E0
4.420000E0	3.219323E1	-1.326653E0
4.440000E0	3.229412E1	-1.468757E0
4.460000E0	3.234130E1	-1.612257E0
4.480000E0	3.217649E1	-1.707937E0
4.500000E0	3.209322E1	-1.841179E0
4.520000E0	3.214742E1	-1.915913E0
4.540000E0	3.239259E1	-1.749643E0
4.560000E0	3.289795E1	-1.409991E0
4.580000E0	3.344672E1	-9.478798E-1
4.600000E0	3.338019E1	-8.655772E-1
4.620000E0	3.332693E1	-8.747693E-1
4.640000E0	3.340551E1	-9.550692E-1
4.660000E0	3.367877E1	-1.060256E0
4.680000E0	3.392988E1	-1.184010E0
4.700000E0	3.403234E1	-1.302572E0
4.720000E0	3.392555E1	-1.274077E0
4.740000E0	3.386757E1	-1.189823E0
4.760000E0	3.383952E1	-1.184001E0
4.780000E0	3.392389E1	-1.192591E0
4.800000E0	3.431184E1	-1.140322E0
4.820000E0	3.474199E1	-1.115672E0
4.840000E0	3.507163E1	-1.078196E0
4.860000E0	3.545418E1	-1.126673E0
4.880000E0	3.573466E1	-1.174362E0
4.900000E0	3.570299E1	-1.168900E0
4.920000E0	3.575608E1	-1.137744E0
4.940000E0	3.591362E1	-1.091084E0
4.960000E0	3.597490E1	-1.071358E0
4.980000E0	3.598585E1	-1.091694E0
5.000000E0	3.607691E1	-1.108192E0
5.020000E0	3.616877E1	-1.056020E0
5.040000E0	3.634246E1	-1.053961E0
5.060000E0	3.636631E1	-1.037556E0
5.080000E0	3.635228E1	-9.808309E-1
5.100000E0	3.636567E1	-9.575455E-1
5.120000E0	3.636716E1	-8.392397E-1
5.140000E0	3.638103E1	-8.093236E-1
5.160000E0	3.646134E1	-8.668659E-1
5.180000E0	3.675682E1	-9.138722E-1
5.200000E0	3.702445E1	-9.111974E-1
5.220000E0	3.755760E1	-9.101668E-1
5.240000E0	3.820684E1	-7.599559E-1
5.260000E0	3.876079E1	-6.735315E-1
5.280000E0	3.867032E1	-5.327935E-1
5.300000E0	3.860040E1	-5.317910E-1
5.320000E0	3.851368E1	-5.388155E-1
5.340000E0	3.849687E1	-7.010253E-1
5.360000E0	3.854932E1	-1.149847E0
5.380000E0	3.845399E1	-1.571129E0
5.400000E0	3.847219E1	-1.863453E0
5.420000E0	3.875285E1	-1.709260E0
5.440000E0	3.930580E1	-1.054302E0
5.460000E0	3.942345E1	-3.018563E-1
5.480000E0	3.932088E1	7.628064E-2
5.500000E0	3.933112E1	1.704565E-3
5.520000E0	3.946537E1	-4.315819E-1
5.540000E0	3.948268E1	-8.968224E-1
5.560000E0	3.953702E1	-1.168468E0
5.580000E0	3.975143E1	-1.228762E0
5.600000E0	3.997155E1	-1.164973E0
5.620000E0	4.027910E1	-1.122674E0
5.640000E0	4.024950E1	-1.344675E0
5.660000E0	4.021701E1	-1.811502E0
5.680000E0	4.053056E1	-1.901794E0
5.700000E0	4.089722E1	-1.843424E0
5.720000E0	4.152516E1	-1.886190E0
5.740000E0	4.248795E1	-1.911446E0
5.760000E0	4.302334E1	-1.922608E0
5.780000E0	4.318317E1	-1.569609E0
5.800000E0	4.303243E1	-1.100747E0
5.820000E0	4.302534E1	-8.823533E-1
5.840000E0	4.349372E1	-1.098402E0
5.860000E0	4.357635E1	-1.605711E0
5.880000E0	4.356712E1	-1.648266E0
5.900000E0	4.361308E1	-1.508770E0
5.920000E0	4.379920E1	-1.137708E0
5.940000E0	4.389881E1	-8.163945E-1
5.960000E0	4.408694E1	-6.967960E-1
5.980000E0	4.412761E1	-6.024501E-1
6.000000E0	4.456422E1	-6.293606E-1
6.020000E0	4.466838E1	-8.260556E-1
6.040000E0	4.501047E1	-1.102848E0
6.060000E0	4.509960E1	-1.263238E0
6.080000E0	4.515564E1	-1.304453E0
6.100000E0	4.528606E1	-1.229163E0
6.120000E0	4.545465E1	-1.212749E0
6.140000E0	4.559781E1	-1.174960E0
6.160000E0	4.571170E1	-1.140490E0
6.180000E0	4.568711E1	-1.089693E0
6.200000E0	4.559048E1	-1.091031E0
6.220000E0	4.554925E1	-1.049804E0
6.240000E0	4.553831E1	-1.130486E0
6.260000E0	4.537144E1	-1.316130E0
6.280000E0	4.532613E1	-1.548974E0
6.300000E0	4.524068E1	-1.560507E0
6.320000E0	4.526729E1	-1.458462E0
6.340000E0	4.545574E1	-1.222238E0
6.360000E0	4.561901E1	-8.757694E-1
6.380000E0	4.557176E1	-7.564791E-1
6.400000E0	4.558602E1	-6.810827E-1
6.420000E0	4.554027E1	-7.384703E-1
6.440000E0	4.559833E1	-7.369658E-1
6.460000E0	4.568837E1	-5.696995E-1
6.480000E0	4.580738E1	-3.964270E-1
6.500000E0	4.587698E1	-2.908647E-1
6.520000E0	4.600385E1	-3.587659E-1
6.540000E0	4.601823E1	-4.599605E-1
6.560000E0	4.604066E1	-9.281543E-1
6.580000E0	4.639013E1	-1.384199E0
6.600000E0	4.684934E1	-1.669733E0
6.620000E0	4.737091E1	-1.815459E0
6.640000E0	4.774946E1	-1.717956E0
6.660000E0	4.778673E1	-1.415729E0
6.680000E0	4.775566E1	-1.160366E0
6.700000E0	4.776626E1	-9.704518E-1
6.720000E0	4.795125E1	-8.774524E-1
6.740000E0	4.844414E1	-7.949456E-1
6.760000E0	4.863512E1	-8.133822E-1
6.780000E0	4.901167E1	-9.612878E-1
6.800000E0	4.930377E1	-1.136587E0
6.820000E0	4.935451E1	-1.116506E0
6.840000E0	4.927478E1	-1.060004E0
6.860000E0	4.929339E1	-1.037589E0
6.880000E0	4.970108E1	-1.196494E0
6.900000E0	5.014565E1	-1.345852E0
6.920000E0	5.053785E1	-1.414481E0
6.940000E0	5.043806E1	-1.316960E0
6.960000E0	5.041438E1	-1.331414E0
6.980000E0	5.071814E1	-1.454780E0
7.000000E0	5.138119E1	-1.515795E0
7.020000E0	5.240415E1	-1.516320E0
7.040000E0	5.338049E1	-1.420554E0
7.060000E0	5.344847E1	-1.308637E0
7.080000E0	5.315031E1	-1.085189E0
7.100000E0	5.318602E1	-1.097448E0
7.120000E0	5.333719E1	-1.374685E0
7.140000E0	5.335586E1	-1.770855E0
7.160000E0	5.318471E1	-1.888129E0
7.180000E0	5.310631E1	-1.923791E0
7.200000E0	5.305699E1	-1.691067E0
7.220000E0	5.308444E1	-1.378072E0
7.240000E0	5.326506E1	-1.195910E0
7.260000E0	5.363142E1	-8.486500E-1
7.280000E0	5.379245E1	-7.443314E-1
7.300000E0	5.377088E1	-7.153475E-1
7.320000E0	5.378148E1	-1.081011E0
7.340000E0	5.397384E1	-1.554182E0
7.360000E0	5.386898E1	-1.606040E0
7.380000E0	5.383506E1	-1.405123E0
7.400000E0	5.388727E1	-1.242999E0
7.420000E0	5.386956E1	-1.274926E0
7.440000E0	5.377996E1	-1.458659E0
7.460000E0	5.392176E1	-1.736328E0
7.480000E0	5.399007E1	-1.681386E0
7.500000E0	5.396088E1	-1.630609E0
7.520000E0	5.395973E1	-1.598666E0
7.540000E0	5.406927E1	-1.588318E0
7.560000E0	5.431779E1	-1.412758E0
7.580000E0	5.434714E1	-1.201982E0
7.600000E0	5.445066E1	-8.524951E-1
7.620000E0	5.465437E1	-6.489822E-1
7.640000E0	5.484091E1	-5.916494E-1
7.660000E0	5.522119E1	-6.272759E-1
7.680000E0	5.572436E1	-7.110030E-1
7.700000E0	5.619942E1	-7.437136E-1
7.720000E0	5.629643E1	-7.950167E-1
7.740000E0	5.617279E1	-8.210735E-1
7.760000E0	5.586092E1	-7.459872E-1
7.780000E0	5.591908E1	-7.059673E-1
7.800000E0	5.639976E1	-7.666422E-1
7.820000E0	5.666446E1	-9.703696E-1
7.840000E0	5.690267E1	-9.899780E-1
7.860000E0	5.731445E1	-8.674038E-1
7.880000E0	5.769685E1	-6.524049E-1
7.900000E0	5.835878E1	-4.760231E-1
7.920000E0	5.885990E1	-4.912716E-1
7.940000E0	5.886488E1	-6.269513E-1
7.960000E0	5.873097E1	-8.545653E-1
7.980000E0	5.875943E1	-9.722113E-1
8.000000E0	5.880091E1	-1.021860E0
8.020000E0	5.902376E1	-1.088936E0
8.040000E0	5.940292E1	-1.192894E0
8.060000E0	5.928048E1	-1.238108E0
8.080000E0	5.917234E1	-1.357158E0
8.100000E0	5.921809E1	-1.419400E0
8.120000E0	5.941020E1	-1.319082E0
8.140000E0	5.969661E1	-9.333201E-1
8.160000E0	5.997673E1	-6.125490E-1
8.180000E0	6.009751E1	-5.605531E-1
8.200000E0	6.019079E1	-6.370487E-1
8.220000E0	6.032865E1	-6.205394E-1
8.240000E0	6.054639E1	-5.302944E-1
8.260000E0	6.099192E1	-3.861560E-1
8.280000E0	6.107554E1	-4.096292E-1
8.300000E0	6.095187E1	-6.657821E-1
8.320000E0	6.080208E1	-8.238840E-1
8.340000E0	6.095674E1	-9.979170E-1
8.360000E0	6.124743E1	-1.051427E0
8.380000E0	6.161053E1	-1.031654E0
8.400000E0	6.180653E1	-9.794903E-1
8.420000E0	6.209767E1	-9.599361E-1
8.440000E0	6.233960E1	-9.226784E-1
8.460000E0	6.247308E1	-8.439291E-1
8.480000E0	6.253324E1	-7.361006E-1
8.500000E0	6.288581E1	-6.342698E-1
8.520000E0	6.305600E1	-7.971421E-1
8.540000E0	6.320674E1	-1.318781E0
8.560000E0	6.323420E1	-1.479348E0
8.580000E0	6.326564E1	-1.450221E0
8.600000E0	6.345488E1	-1.176766E0
8.620000E0	6.350297E1	-1.063111E0
8.640000E0	6.350719E1	-1.058517E0
8.660000E0	6.351350E1	-1.085002E0
8.680000E0	6.349707E1	-1.055673E0
8.700000E0	6.351909E1	-1.039624E0
8.720000E0	6.353366E1	-1.021066E0
8.740000E0	6.353202E1	-1.012708E0
8.760000E0	6.353866E1	-1.001575E0
8.780000E0	6.355358E1	-9.746892E-1
8.800000E0	6.368589E1	-9.449690E-1
8.820000E0	6.416201E1	-9.950832E-1
8.840000E0	6.463758E1	-1.099627E0
8.860000E0	6.487225E1	-1.036605E0
8.880000E0	6.489220E1	-7.445521E-1
8.900000E0	6.488917E1	-3.586357E-1
8.920000E0	6.494581E1	-1.928096E-1
8.940000E0	6.498921E1	-2.109597E-1
8.960000E0	6.501156E1	-4.547551E-1
8.980000E0	6.497686E1	-5.621064E-1
9.000000E0	6.500971E1	-6.692898E-1
9.020000E0	6.533847E1	-6.639945E-1
9.040000E0	6.583950E1	-6.378113E-1
9.060000E0	6.601228E1	-5.591241E-1
9.080000E0	6.600597E1	-5.168857E-1
9.100000E0	6.595774E1	-4.961782E-1
9.120000E0	6.600135E1	-4.795973E-1
9.140000E0	6.611103E1	-4.569498E-1
9.160000E0	6.620908E1	-3.301301E-1
9.180000E0	6.632719E1	-2.594364E-1
9.200000E0	6.659650E1	-5.189534E-2
9.220000E0	6.670522E1	-1.817875E-2
9.240000E0	6.666719E1	-1.608993E-1
9.260000E0	6.670657E1	-5.161842E-1
9.280000E0	6.699334E1	-8.772824E-1
9.300000E0	6.754315E1	-1.344144E0
9.320000E0	6.803372E1	-1.684015E0
9.340000E0	6.850267E1	-1.717788E0
9.360000E0	6.850271E1	-1.655568E0
9.380000E0	6.835862E1	-1.461452E0
9.400000E0	6.843770E1	-1.200477E0
9.420000E0	6.895103E1	-8.677329E-1
9.440000E0	6.976229E1	-7.031473E-1
9.460000E0	7.028442E1	-5.546724E-1
9.480000E0	7.073873E1	-4.862694E-1
9.500000E0	7.073576E1	-4.633160E-1
9.520000E0	7.071851E1	-4.305725E-1
9.540000E0	7.080006E1	-6.258878E-1
9.560000E0	7.083793E1	-9.939681E-1
9.580000E0	7.090215E1	-1.053689E0
9.600000E0	7.087814E1	-8.436638E-1
9.620000E0	7.086883E1	-6.103336E-1
9.640000E0	7.106059E1	-3.822942E-1
9.660000E0	7.135132E1	-3.855227E-1
9.680000E0	7.142401E1	-4.702121E-1
9.700000E0	7.169057E1	-7.156817E-1
9.720000E0	7.211260E1	-9.654602E-1
9.740000E0	7.268380E1	-1.035136E0
9.760000E0	7.267264E1	-1.082184E0
9.780000E0	7.233860E1	-1.078487E0
9.800000E0	7.228973E1	-1.099722E0
9.820000E0	7.228910E1	-1.101806E0
9.840000E0	7.223169E1	-1.128208E0
9.860000E0	7.219008E1	-1.163065E0
9.880000E0	7.222117E1	-1.154325E0
9.900000E0	7.227800E1	-1.111314E0
9.920000E0	7.233536E1	-9.624357E-1
9.940000E0	7.237170E1	-8.134414E-1
9.960000E0	7.231753E1	-7.803185E-1
9.980000E0	7.230977E1	-7.143722E-1
1.000000E1	7.230145E1	-6.710055E-1
1.002000E1	7.229475E1	-6.392006E-1
1.004000E1	7.236312E1	-5.256824E-1
1.006000E1	7.246403E1	-3.882454E-1
1.008000E1	7.253753E1	-2.253508E-1
1.010000E1	7.265107E1	-1.633371E-1
1.012000E1	7.273853E1	-1.538673E-1
1.014000E1	7.288315E1	-4.135052E-1
1.016000E1	7.326354E1	-6.355265E-1
1.018000E1	7.364799E1	-6.863549E-1
1.020000E1	7.371675E1	-6.861729E-1
1.022000E1	7.393032E1	-6.097064E-1
1.024000E1	7.401410E1	-5.984195E-1
1.026000E1	7.421897E1	-6.214292E-1
1.028000E1	7.436279E1	-4.774084E-1
1.030000E1	7.481389E1	-2.451617E-1
1.032000E1	7.511561E1	-4.097988E-2
1.034000E1	7.571164E1	-4.055027E-2
1.036000E1	7.627595E1	3.990431E-2
1.038000E1	7.647189E1	8.711004E-2
1.040000E1	7.641317E1	4.333495E-2
1.042000E1	7.630647E1	3.102468E-2
1.044000E1	7.627129E1	2.206863E-2
1.046000E1	7.633440E1	-2.444808E-2
1.048000E1	7.680514E1	-3.459444E-1
1.050000E1	7.736459E1	-6.974974E-1
1.052000E1	7.756958E1	-7.668347E-1
1.054000E1	7.748548E1	-5.778692E-1
1.056000E1	7.748891E1	-5.147786E-1
1.058000E1	7.779793E1	-5.264413E-1
1.060000E1	7.851579E1	-6.570972E-1
1.062000E1	7.980398E1	-7.477038E-1
1.064000E1	8.060246E1	-6.262516E-1
1.066000E1	8.051809E1	-3.202348E-1
1.068000E1	8.032091E1	-5.348688E-3
1.070000E1	8.033637E1	1.482324E-1
1.072000E1	8.049216E1	-2.582488E-2
1.074000E1	8.044540E1	-5.290075E-1
1.076000E1	8.008425E1	-9.403511E-1
1.078000E1	8.009004E1	-1.002945E0
1.080000E1	8.043899E1	-7.686818E-1
1.082000E1	8.053091E1	-4.211362E-1
1.084000E1	8.044693E1	-9.277015E-2
1.086000E1	8.040651E1	1.942896E-1
1.088000E1	8.044527E1	2.902449E-1
1.090000E1	8.050136E1	2.900108E-1
1.092000E1	8.076870E1	2.613798E-1
1.094000E1	8.086226E1	2.275171E-1
1.096000E1	8.094461E1	4.973875E-3
1.098000E1	8.107007E1	-3.066062E-1
1.100000E1	8.098720E1	-5.393734E-1
1.102000E1	8.090230E1	-4.812912E-1
1.104000E1	8.089857E1	-4.134181E-1
1.106000E1	8.097025E1	-5.137517E-1
1.108000E1	8.125331E1	-8.772812E-1
1.110000E1	8.135946E1	-9.847772E-1
1.112000E1	8.151774E1	-1.065545E0
1.114000E1	8.158737E1	-1.048530E0
1.116000E1	8.164682E1	-9.648445E-1
1.118000E1	8.156424E1	-8.901780E-1
1.120000E1	8.166833E1	-6.171701E-1
1.122000E1	8.200433E1	-3.818534E-1
1.124000E1	8.218382E1	-3.458784E-1
1.126000E1	8.222320E1	-4.361962E-1
1.128000E1	8.231635E1	-4.989794E-1
1.130000E1	8.245075E1	-4.979797E-1
1.132000E1	8.272119E1	-4.117596E-1
1.134000E1	8.285823E1	-3.857736E-1
1.136000E1	8.288883E1	-1.668100E-1
1.138000E1	8.295409E1	7.669464E-3
1.140000E1	8.317581E1	4.924243E-2
1.142000E1	8.339764E1	5.299901E-2
1.144000E1	8.346888E1	3.660257E-3
1.146000E1	8.371269E1	-9.578012E-2
1.148000E1	8.411920E1	-3.224547E-1
1.150000E1	8.467964E1	-6.338225E-1
1.152000E1	8.521976E1	-7.637588E-1
1.154000E1	8.569706E1	-7.087558E-1
1.156000E1	8.586211E1	-5.129211E-1
1.158000E1	8.586046E1	-3.105122E-1
1.160000E1	8.587428E1	-2.187353E-1
1.162000E1	8.594108E1	-1.449265E-1
1.164000E1	8.600737E1	-1.184896E-1
1.166000E1	8.603482E1	-1.544255E-1
1.168000E1	8.596305E1	-2.681519E-1
1.170000E1	8.590519E1	-4.499477E-1
1.172000E1	8.625114E1	-6.514652E-1
1.174000E1	8.687751E1	-6.314874E-1
1.176000E1	8.707533E1	-4.221969E-1
1.178000E1	8.677705E1	-3.766249E-1
1.180000E1	8.664062E1	-4.908890E-1
1.182000E1	8.681931E1	-5.657418E-1
1.184000E1	8.701959E1	-5.156724E-1
1.186000E1	8.717914E1	-3.163448E-1
1.188000E1	8.765529E1	-2.279381E-1
1.190000E1	8.811977E1	4.508290E-2
1.192000E1	8.863948E1	2.044092E-1
1.194000E1	8.871163E1	1.788790E-1
1.196000E1	8.872649E1	-2.272372E-2
1.198000E1	8.900273E1	-5.165521E-1
1.200000E1	8.927370E1	-9.688136E-1
1.202000E1	8.944967E1	-1.163348E0
1.204000E1	8.957396E1	-1.046972E0
1.206000E1	8.961153E1	-5.779041E-1
1.208000E1	8.957356E1	5.646788E-2
1.210000E1	8.983483E1	4.626132E-1
1.212000E1	9.026778E1	5.692373E-1
1.214000E1	9.070706E1	3.273006E-1
1.216000E1	9.084090E1	-1.768937E-1
1.218000E1	9.086482E1	-4.956058E-1
1.220000E1	9.086201E1	-6.154654E-1
1.222000E1	9.087344E1	-4.710114E-1
1.224000E1	9.083509E1	-3.633577E-1
1.226000E1	9.082509E1	-3.610047E-1
1.228000E1	9.081462E1	-4.289243E-1
1.230000E1	9.083526E1	-4.568255E-1
1.232000E1	9.116890E1	-5.072306E-1
1.234000E1	9.126459E1	-4.516520E-1
1.236000E1	9.126081E1	-3.920405E-1
1.238000E1	9.124969E1	-4.195929E-1
1.240000E1	9.130065E1	-5.117487E-1
1.242000E1	9.171817E1	-5.685647E-1
1.244000E1	9.220657E1	-5.021076E-1
1.246000E1	9.235255E1	-2.947419E-1
1.248000E1	9.223777E1	-1.838613E-1
1.250000E1	9.222678E1	-1.188877E-1
1.252000E1	9.224640E1	-8.114873E-2
1.254000E1	9.225219E1	-6.660099E-2
1.256000E1	9.225078E1	-4.110441E-2
1.258000E1	9.232388E1	-2.595274E-2
1.260000E1	9.273794E1	-3.136241E-3
1.262000E1	9.320170E1	7.595962E-2
1.264000E1	9.326537E1	2.481732E-1
1.266000E1	9.323737E1	1.997648E-1
1.268000E1	9.321659E1	-3.338181E-1
1.270000E1	9.322345E1	-6.770073E-1
1.272000E1	9.327731E1	-6.154336E-1
1.274000E1	9.354644E1	-5.812755E-2
1.276000E1	9.388174E1	3.453168E-1
1.278000E1	9.397083E1	4.683627E-1
1.280000E1	9.406281E1	4.690054E-1
1.282000E1	9.410190E1	2.104743E-1
1.284000E1	9.431689E1	-9.712793E-2
1.286000E1	9.449577E1	-1.345692E-1
1.288000E1	9.484929E1	-1.534227E-1
1.290000E1	9.519329E1	-2.700670E-1
1.292000E1	9.550526E1	-4.619835E-1
1.294000E1	9.551812E1	-6.608096E-1
1.296000E1	9.548858E1	-7.085932E-1
1.298000E1	9.553920E1	-6.064518E-1
1.300000E1	9.588864E1	-3.631876E-1
1.302000E1	9.590355E1	-3.467031E-1
1.304000E1	9.605624E1	-4.073214E-1
1.306000E1	9.649469E1	-5.085002E-1
1.308000E1	9.728637E1	-5.272883E-1
1.310000E1	9.825450E1	-5.044081E-1
1.312000E1	9.866889E1	-2.675231E-1
1.314000E1	9.856559E1	6.429252E-2
1.316000E1	9.849399E1	1.937708E-1
1.318000E1	9.891578E1	1.933466E-1
1.320000E1	9.950106E1	3.017586E-2
1.322000E1	9.976965E1	-2.930314E-1
1.324000E1	9.961062E1	-4.775040E-1
1.326000E1	9.956335E1	-4.317282E-1
1.328000E1	9.980498E1	-2.042029E-1
1.330000E1	1.002176E2	-1.492099E-1
1.332000E1	1.004960E2	-2.480669E-1
1.334000E1	1.007023E2	-2.715554E-1
1.336000E1	1.007772E2	-2.784042E-1
1.338000E1	1.007845E2	-1.174298E-1
1.340000E1	1.008095E2	4.441543E-2
1.342000E1	1.009753E2	2.931413E-1
1.344000E1	1.013032E2	3.914313E-1
1.346000E1	1.010924E2	1.675041E-1
1.348000E1	1.008852E2	-4.777660E-1
1.350000E1	1.008955E2	-7.241175E-1
1.352000E1	1.010621E2	-5.442607E-1
1.354000E1	1.012410E2	-9.205047E-2
1.356000E1	1.013886E2	2.132139E-1
1.358000E1	1.013620E2	1.591532E-1
1.360000E1	1.013528E2	1.516130E-2
1.362000E1	1.013541E2	-2.091848E-1
1.364000E1	1.013734E2	-1.355235E-1
1.366000E1	1.014207E2	1.071834E-1
1.368000E1	1.014039E2	1.325741E-1
1.370000E1	1.014104E2	9.825687E-2
1.372000E1	1.014317E2	6.634709E-2
1.374000E1	1.014047E2	4.640574E-2
1.376000E1	1.014161E2	-1.756449E-1
1.378000E1	1.017905E2	-2.267467E-1
1.380000E1	1.022805E2	-1.275475E-1
1.382000E1	1.026011E2	7.650017E-2
1.384000E1	1.027970E2	1.582676E-1
1.386000E1	1.028243E2	1.250921E-1
1.388000E1	1.028525E2	9.715287E-2
1.390000E1	1.028808E2	1.593997E-1
1.392000E1	1.029885E2	3.988237E-1
1.394000E1	1.033963E2	4.210603E-1
1.396000E1	1.037467E2	5.928542E-2
1.398000E1	1.042195E2	-3.630050E-1
1.400000E1	1.045676E2	-4.535768E-1
1.402000E1	1.046520E2	-2.785266E-1
1.404000E1	1.045939E2	4.560448E-2
1.406000E1	1.045667E2	2.915852E-1
1.408000E1	1.046663E2	4.400753E-1
1.410000E1	1.050313E2	4.973908E-1
1.412000E1	1.050524E2	4.855220E-1
1.414000E1	1.050451E2	3.911566E-1
1.416000E1	1.053204E2	1.643715E-1
1.418000E1	1.059418E2	-1.075478E-1
1.420000E1	1.066094E2	-3.256944E-1
1.422000E1	1.072206E2	-5.065702E-1
1.424000E1	1.075005E2	-5.570815E-1
1.426000E1	1.074279E2	-4.908366E-1
1.428000E1	1.075051E2	-3.471134E-1
1.430000E1	1.077680E2	-1.330444E-1
1.432000E1	1.078178E2	1.170359E-1
1.434000E1	1.078757E2	8.863622E-2
1.436000E1	1.078584E2	3.035409E-2
1.438000E1	1.079353E2	-1.449297E-1
1.440000E1	1.083599E2	-1.614964E-1
1.442000E1	1.087844E2	-9.501969E-2
1.444000E1	1.087211E2	-7.057411E-3
1.446000E1	1.083662E2	2.821387E-2
1.448000E1	1.084307E2	-6.760985E-3
1.450000E1	1.084785E2	-2.253394E-2
1.452000E1	1.084710E2	1.400886E-1
1.454000E1	1.084727E2	3.517598E-1
1.456000E1	1.085893E2	3.988279E-1
1.458000E1	1.090431E2	3.235316E-1
1.460000E1	1.093686E2	2.263385E-1
1.462000E1	1.093607E2	6.384546E-2
1.464000E1	1.092607E2	-1.612313E-1
1.466000E1	1.095771E2	-5.429466E-1
1.468000E1	1.096495E2	-7.492302E-1
1.470000E1	1.096430E2	-8.347449E-1
1.472000E1	1.096651E2	-7.622976E-1
1.474000E1	1.097304E2	-5.835383E-1
1.476000E1	1.097436E2	-5.092621E-1
1.478000E1	1.097334E2	-4.216143E-1
1.480000E1	1.099193E2	-1.891391E-1
1.482000E1	1.103091E2	-1.079133E-1
1.484000E1	1.102376E2	-1.096475E-1
1.486000E1	1.102959E2	-1.648050E-1
1.488000E1	1.104087E2	-8.057999E-2
1.490000E1	1.109173E2	-1.505521E-2
1.492000E1	1.110653E2	1.340825E-1
1.494000E1	1.111411E2	1.969395E-1
1.496000E1	1.111399E2	3.113799E-1
1.498000E1	1.111618E2	4.287931E-1
1.500000E1	1.113032E2	5.321877E-1
1.502000E1	1.114446E2	5.798542E-1
1.504000E1	1.118545E2	5.806218E-1
1.506000E1	1.120968E2	5.410647E-1
1.508000E1	1.124336E2	5.473732E-1
1.510000E1	1.128099E2	4.914156E-1
1.512000E1	1.132863E2	2.081313E-1
1.514000E1	1.137301E2	-3.937779E-1
1.516000E1	1.139604E2	-5.668464E-1
1.518000E1	1.138352E2	-3.782321E-1
1.520000E1	1.138830E2	1.151877E-1
1.522000E1	1.140148E2	3.832719E-1
1.524000E1	1.140259E2	4.443190E-1
1.526000E1	1.139278E2	2.231328E-1
1.528000E1	1.138117E2	-1.284959E-1
1.530000E1	1.139031E2	-1.993417E-1
1.532000E1	1.142462E2	-7.847085E-2
1.534000E1	1.145932E2	3.426964E-1
1.536000E1	1.146242E2	8.755059E-1
1.538000E1	1.144895E2	1.073603E0
1.540000E1	1.146268E2	7.516598E-1
1.542000E1	1.147293E2	4.036779E-2
1.544000E1	1.148982E2	-6.142416E-1
1.546000E1	1.149127E2	-5.830948E-1
1.548000E1	1.149516E2	-1.072649E-1
1.550000E1	1.148728E2	1.911100E-1
1.552000E1	1.148749E2	1.390755E-1
1.554000E1	1.147862E2	-2.362954E-1
1.556000E1	1.148972E2	-6.331343E-1
1.558000E1	1.152038E2	-6.843879E-1
1.560000E1	1.156614E2	-6.201775E-1
1.562000E1	1.162009E2	-5.823140E-1
1.564000E1	1.170455E2	-5.476067E-1
1.566000E1	1.176555E2	-4.656103E-1
1.568000E1	1.179849E2	-1.950015E-1
1.570000E1	1.180875E2	4.394363E-1
1.572000E1	1.182855E2	7.399062E-1
1.574000E1	1.184615E2	7.220800E-1
1.576000E1	1.187671E2	2.187842E-1
1.578000E1	1.187482E2	-4.023211E-1
1.580000E1	1.187925E2	-4.755765E-1
1.582000E1	1.190413E2	-1.510632E-1
1.584000E1	1.191693E2	2.653248E-1
1.586000E1	1.193278E2	4.810819E-1
1.588000E1	1.194677E2	5.429805E-1
1.590000E1	1.194775E2	5.326817E-1
1.592000E1	1.195941E2	5.539695E-1
1.594000E1	1.199387E2	4.101171E-1
1.596000E1	1.202667E2	2.081480E-1
1.598000E1	1.206330E2	-9.312781E-2
1.600000E1	1.207138E2	-2.210924E-1
1.602000E1	1.207715E2	-3.754460E-1
1.604000E1	1.210880E2	-4.100277E-1
1.606000E1	1.210673E2	-2.463877E-1
1.608000E1	1.210062E2	-6.272174E-2
1.610000E1	1.209804E2	-5.463314E-2
1.612000E1	1.209256E2	-8.361094E-2
1.614000E1	1.208268E2	-1.676802E-1
1.616000E1	1.206868E2	-4.384111E-1
1.618000E1	1.207333E2	-5.835121E-1
1.620000E1	1.207595E2	-5.699793E-1
1.622000E1	1.207851E2	-4.045129E-1
1.624000E1	1.209413E2	-1.760068E-1
1.626000E1	1.210903E2	1.664832E-1
1.628000E1	1.210133E2	3.833548E-1
1.630000E1	1.210002E2	5.178385E-1
1.632000E1	1.209890E2	5.214289E-1
1.634000E1	1.209936E2	5.116159E-1
1.636000E1	1.210962E2	5.752326E-1
1.638000E1	1.213112E2	7.636268E-1
1.640000E1	1.214648E2	1.004787E0
1.642000E1	1.215128E2	1.018926E0
1.644000E1	1.215160E2	9.045663E-1
1.646000E1	1.216811E2	5.172977E-1
1.648000E1	1.221505E2	2.990656E-2
1.650000E1	1.226189E2	-2.881998E-1
1.652000E1	1.230187E2	-3.777175E-1
1.654000E1	1.232079E2	-8.756959E-2
1.656000E1	1.233925E2	3.156767E-1
1.658000E1	1.233789E2	5.822963E-1
1.660000E1	1.234411E2	6.828828E-1
1.662000E1	1.237988E2	8.269456E-1
1.664000E1	1.239504E2	8.191515E-1
1.666000E1	1.241655E2	6.860814E-1
1.668000E1	1.244811E2	4.484533E-1
1.670000E1	1.247713E2	2.368579E-1
1.672000E1	1.249586E2	2.686565E-2
1.674000E1	1.253701E2	-8.669036E-2
1.676000E1	1.254954E2	-3.450558E-2
1.678000E1	1.255014E2	1.422707E-1
1.680000E1	1.256053E2	2.655784E-1
1.682000E1	1.259508E2	3.026578E-1
1.684000E1	1.265636E2	2.895118E-1
1.686000E1	1.275203E2	2.630688E-1
1.688000E1	1.280506E2	3.433252E-1
1.690000E1	1.285735E2	4.418243E-1
1.692000E1	1.290690E2	5.032788E-1
1.694000E1	1.290260E2	4.678371E-1
1.696000E1	1.287051E2	2.177026E-1
1.698000E1	1.286690E2	3.043942E-2
1.700000E1	1.287204E2	3.879953E-2
1.702000E1	1.285884E2	8.848066E-2
1.704000E1	1.280918E2	5.740164E-2
1.706000E1	1.277895E2	-8.628586E-2
1.708000E1	1.280136E2	-1.487244E-1
1.710000E1	1.285306E2	5.249436E-2
1.712000E1	1.289745E2	3.846013E-1
1.714000E1	1.293405E2	7.259467E-1
1.716000E1	1.293048E2	6.137679E-1
1.718000E1	1.291919E2	7.462101E-2
1.720000E1	1.291997E2	-3.830033E-1
1.722000E1	1.291571E2	-2.842894E-1
1.724000E1	1.291603E2	-3.696423E-2
1.726000E1	1.291546E2	-4.393493E-2
1.728000E1	1.291612E2	-8.012253E-2
1.730000E1	1.291218E2	-1.807952E-1
1.732000E1	1.291400E2	-2.280322E-1
1.734000E1	1.292412E2	-2.305988E-1
1.736000E1	1.292615E2	-2.442033E-1
1.738000E1	1.293121E2	-2.928623E-1
1.740000E1	1.293422E2	-3.714436E-1
1.742000E1	1.295864E2	-3.621192E-1
1.744000E1	1.297190E2	-1.468309E-1
1.746000E1	1.297640E2	1.503526E-1
1.748000E1	1.299684E2	3.906964E-1
1.750000E1	1.303274E2	5.996353E-1
1.752000E1	1.305367E2	4.898933E-1
1.754000E1	1.309184E2	3.425980E-1
1.756000E1	1.314028E2	3.002092E-1
1.758000E1	1.317720E2	2.809505E-1
1.760000E1	1.318263E2	3.584932E-1
1.762000E1	1.317550E2	4.846061E-1
1.764000E1	1.316117E2	6.780457E-1
1.766000E1	1.315894E2	7.531899E-1
1.768000E1	1.318563E2	7.036853E-1
1.770000E1	1.321859E2	2.939816E-1
1.772000E1	1.322256E2	-2.896875E-2
1.774000E1	1.324974E2	-1.620540E-1
1.776000E1	1.328521E2	-2.632621E-2
1.778000E1	1.332454E2	2.175746E-1
1.780000E1	1.338201E2	3.040314E-1
1.782000E1	1.343255E2	3.732324E-1
1.784000E1	1.346744E2	3.955659E-1
1.786000E1	1.345944E2	4.109705E-1
1.788000E1	1.345819E2	4.361783E-1
1.790000E1	1.345907E2	4.677275E-1
1.792000E1	1.346506E2	5.152055E-1
1.794000E1	1.345526E2	3.960360E-1
1.796000E1	1.344431E2	9.507912E-2
1.798000E1	1.344603E2	-4.739834E-1
1.800000E1	1.348013E2	-8.501422E-1
1.802000E1	1.352548E2	-8.614117E-1
1.804000E1	1.357036E2	-4.455949E-1
1.806000E1	1.357130E2	-5.057207E-2
1.808000E1	1.356290E2	-1.751550E-2
1.810000E1	1.356624E2	-4.155665E-1
1.812000E1	1.356819E2	-6.574482E-1
1.814000E1	1.357561E2	-5.545447E-1
1.816000E1	1.358762E2	-2.796772E-1
1.818000E1	1.358479E2	-1.047435E-1
1.820000E1	1.359307E2	-9.489402E-2
1.822000E1	1.360579E2	-2.336840E-1
1.824000E1	1.363459E2	-4.182735E-1
1.826000E1	1.368694E2	-4.477380E-1
1.828000E1	1.378149E2	-4.735904E-1
1.830000E1	1.386232E2	-3.705824E-1
1.832000E1	1.391883E2	-2.303536E-1
1.834000E1	1.390540E2	-8.440587E-2
1.836000E1	1.386329E2	-1.488171E-1
1.838000E1	1.386893E2	-3.525195E-1
1.840000E1	1.392128E2	-4.560815E-1
1.842000E1	1.393727E2	-4.263672E-1
1.844000E1	1.394156E2	-1.604444E-1
1.846000E1	1.394815E2	1.154924E-1
1.848000E1	1.396134E2	3.765047E-1
1.850000E1	1.398202E2	5.592100E-1
1.852000E1	1.399509E2	5.474651E-1
1.854000E1	1.402755E2	4.587284E-1
1.856000E1	1.404043E2	2.200555E-1
1.858000E1	1.403811E2	-8.488816E-2
1.860000E1	1.404396E2	-3.078716E-1
1.862000E1	1.405594E2	-4.434475E-1
1.864000E1	1.406141E2	-3.969508E-1
1.866000E1	1.406831E2	-3.629700E-1
1.868000E1	1.408185E2	-4.394009E-1
1.870000E1	1.412387E2	-6.420491E-1
1.872000E1	1.417444E2	-6.612580E-1
1.874000E1	1.418981E2	-6.134155E-1
1.876000E1	1.418117E2	-4.295437E-1
1.878000E1	1.417301E2	-3.562678E-1
1.880000E1	1.417648E2	-2.626139E-1
1.882000E1	1.417331E2	-3.036927E-1
1.884000E1	1.415604E2	-6.410502E-1
1.886000E1	1.414704E2	-9.816756E-1
1.888000E1	1.414976E2	-1.011384E0
1.890000E1	1.419341E2	-6.644870E-1
1.892000E1	1.424237E2	1.244279E-1
1.894000E1	1.424371E2	8.954227E-1
1.896000E1	1.423044E2	1.229910E0
1.898000E1	1.423280E2	9.174601E-1
1.900000E1	1.423985E2	3.122270E-1
1.902000E1	1.424376E2	-2.907479E-2
1.904000E1	1.424576E2	-1.025864E-1
1.906000E1	1.425367E2	-6.056734E-2
1.908000E1	1.429158E2	6.091155E-2
1.910000E1	1.430456E2	4.628055E-2
1.912000E1	1.431628E2	-6.059198E-2
1.914000E1	1.434627E2	-2.428342E-1
1.916000E1	1.439617E2	-2.064610E-1
1.918000E1	1.444663E2	-1.603568E-1
1.920000E1	1.448569E2	-1.239990E-2
1.922000E1	1.448721E2	1.119516E-1
1.924000E1	1.447478E2	2.251267E-1
1.926000E1	1.446432E2	1.943905E-1
1.928000E1	1.448910E2	6.018730E-2
1.930000E1	1.454205E2	-2.201671E-1
1.932000E1	1.461920E2	-4.533909E-1
1.934000E1	1.462558E2	-5.004887E-1
1.936000E1	1.462616E2	-4.754219E-1
1.938000E1	1.463280E2	-4.450831E-1
1.940000E1	1.465258E2	-3.241959E-1
1.942000E1	1.471448E2	-1.808020E-1
1.944000E1	1.478929E2	1.127850E-1
1.946000E1	1.483976E2	3.482352E-1
1.948000E1	1.485900E2	5.095000E-1
1.950000E1	1.487611E2	4.763973E-1
1.952000E1	1.491206E2	2.766925E-1
1.954000E1	1.494972E2	-1.668480E-2
1.956000E1	1.496612E2	-2.790816E-1
1.958000E1	1.498040E2	-2.484445E-1
1.960000E1	1.502275E2	-1.327427E-1
1.962000E1	1.502820E2	1.868892E-2
1.964000E1	1.501179E2	1.498016E-1
1.966000E1	1.497442E2	3.100770E-1
1.968000E1	1.496818E2	4.668328E-1
1.970000E1	1.496674E2	4.581446E-1
1.972000E1	1.496275E2	1.857845E-1
1.974000E1	1.495977E2	-1.904406E-1
1.976000E1	1.497141E2	-1.778923E-1
1.978000E1	1.500632E2	-1.691214E-2
1.980000E1	1.504269E2	5.758348E-2
1.982000E1	1.504893E2	1.608680E-1
1.984000E1	1.504166E2	1.962761E-1
1.986000E1	1.504359E2	1.495962E-1
1.988000E1	1.503664E2	2.503804E-2
1.990000E1	1.504613E2	-3.614551E-3
1.992000E1	1.505648E2	1.002999E-2
1.994000E1	1.505849E2	3.314804E-2
1.996000E1	1.505989E2	2.358421E-2
1.998000E1	1.505662E2	-9.938757E-3
2.000000E1	1.504293E2	-1.288387E-1
2.002000E1	1.505331E2	-2.093840E-1
2.004000E1	1.507714E2	-1.685166E-1
2.006000E1	1.508428E2	-4.216304E-2
2.008000E1	1.510991E2	3.519241E-2
2.010000E1	1.513714E2	2.092946E-2
2.012000E1	1.516081E2	-1.050313E-2
2.014000E1	1.516225E2	3.005966E-2
2.016000E1	1.516171E2	1.851575E-1
2.018000E1	1.517553E2	5.221415E-1
2.020000E1	1.520905E2	8.044819E-1
2.022000E1	1.525351E2	9.726246E-1
2.024000E1	1.530205E2	8.104687E-1
2.026000E1	1.534700E2	5.523181E-1
2.028000E1	1.536040E2	2.449228E-1
2.030000E1	1.535820E2	2.977898E-1
2.032000E1	1.534365E2	5.101676E-1
2.034000E1	1.536100E2	6.203907E-1
2.036000E1	1.536383E2	5.632620E-1
2.038000E1	1.539810E2	3.826894E-1
2.040000E1	1.540349E2	3.007930E-1
2.042000E1	1.545397E2	2.959074E-1
2.044000E1	1.549871E2	4.039300E-1
2.046000E1	1.554854E2	6.771550E-1
2.048000E1	1.557269E2	8.583493E-1
2.050000E1	1.560681E2	1.044794E0
2.052000E1	1.563159E2	9.041903E-1
2.054000E1	1.563877E2	5.870137E-1
2.056000E1	1.562503E2	2.850643E-1
2.058000E1	1.562354E2	2.623669E-1
2.060000E1	1.563735E2	2.156723E-1
2.062000E1	1.564707E2	-7.472723E-2
2.064000E1	1.564780E2	-3.700669E-1
2.066000E1	1.565629E2	-6.696846E-1
2.068000E1	1.566689E2	-6.662330E-1
2.070000E1	1.567929E2	-4.813639E-1
2.072000E1	1.569296E2	-5.666868E-2
2.074000E1	1.571786E2	3.959666E-1
2.076000E1	1.574145E2	5.386402E-1
2.078000E1	1.574667E2	4.543475E-1
2.080000E1	1.574605E2	2.957275E-1
2.082000E1	1.577398E2	3.191282E-1
2.084000E1	1.582495E2	4.671660E-1
2.086000E1	1.587532E2	7.968977E-1
2.088000E1	1.587970E2	8.426893E-1
2.090000E1	1.585423E2	4.782883E-1
2.092000E1	1.586370E2	-1.477973E-2
2.094000E1	1.590045E2	-1.862773E-1
2.096000E1	1.593580E2	-1.437020E-1
2.098000E1	1.596957E2	-3.990548E-2
2.100000E1	1.598272E2	1.395324E-1
2.102000E1	1.599158E2	3.613694E-1
2.104000E1	1.600255E2	7.080722E-1
2.106000E1	1.602747E2	8.532749E-1
2.108000E1	1.606848E2	8.191511E-1
2.110000E1	1.608660E2	2.565599E-1
2.112000E1	1.608302E2	-1.093082E-1
2.114000E1	1.609657E2	-1.993373E-1
2.116000E1	1.610663E2	9.499121E-2
2.118000E1	1.610143E2	2.844888E-1
2.120000E1	1.610447E2	2.775153E-1
2.122000E1	1.610501E2	2.210036E-1
2.124000E1	1.610251E2	1.418618E-1
2.126000E1	1.610021E2	1.222559E-1
2.128000E1	1.610581E2	1.795911E-1
2.130000E1	1.612126E2	1.828230E-1
2.132000E1	1.614273E2	1.396547E-1
2.134000E1	1.614974E2	1.431498E-1
2.136000E1	1.617210E2	1.321319E-1
2.138000E1	1.622918E2	-3.440486E-2
2.140000E1	1.628452E2	-3.063767E-2
2.142000E1	1.631034E2	2.131712E-1
2.144000E1	1.629232E2	7.184678E-1
2.146000E1	1.629740E2	9.149438E-1
2.148000E1	1.629605E2	9.422188E-1
2.150000E1	1.628992E2	5.412485E-1
2.152000E1	1.627085E2	1.214799E-1
2.154000E1	1.627235E2	-3.158035E-1
2.156000E1	1.630530E2	-7.402344E-1
2.158000E1	1.635784E2	-7.397330E-1
2.160000E1	1.639919E2	-4.888553E-1
2.162000E1	1.639877E2	2.068499E-1
2.164000E1	1.639323E2	5.710113E-1
2.166000E1	1.639682E2	6.121168E-1
2.168000E1	1.639849E2	4.112915E-1
2.170000E1	1.640394E2	2.841504E-1
2.172000E1	1.641081E2	3.472966E-1
2.174000E1	1.641412E2	5.234051E-1
2.176000E1	1.641093E2	6.362553E-1
2.178000E1	1.640533E2	4.776910E-1
2.180000E1	1.642517E2	-9.107367E-2
2.182000E1	1.645616E2	-7.995832E-1
2.184000E1	1.651111E2	-1.231619E0
2.186000E1	1.656002E2	-1.230429E0
2.188000E1	1.657992E2	-1.094647E0
2.190000E1	1.658403E2	-9.474638E-1
2.192000E1	1.658760E2	-7.651576E-1
2.194000E1	1.659591E2	-4.914594E-1
2.196000E1	1.665668E2	-1.795019E-1
2.198000E1	1.674353E2	6.659248E-2
2.200000E1	1.681767E2	1.297358E-1
2.202000E1	1.686351E2	1.415647E-1
2.204000E1	1.686887E2	2.171094E-1
2.206000E1	1.686624E2	2.788230E-1
2.208000E1	1.686776E2	2.054011E-1
2.210000E1	1.688082E2	-1.789261E-1
2.212000E1	1.689465E2	-3.084735E-1
2.214000E1	1.692278E2	-1.732468E-1
2.216000E1	1.692973E2	1.264435E-1
2.218000E1	1.693756E2	1.481835E-1
2.220000E1	1.697066E2	1.159242E-1
2.222000E1	1.698810E2	-2.926984E-3
2.224000E1	1.699421E2	-3.246325E-2
2.226000E1	1.700328E2	-1.691508E-1
2.228000E1	1.704162E2	-2.873310E-1
2.230000E1	1.709689E2	-3.758952E-1
2.232000E1	1.714334E2	-3.896559E-1
2.234000E1	1.714246E2	-4.123191E-1
2.236000E1	1.711487E2	-5.112731E-1
2.238000E1	1.711672E2	-5.922127E-1
2.240000E1	1.711207E2	-6.290710E-1
2.242000E1	1.708961E2	-8.544505E-1
2.244000E1	1.708569E2	-1.023053E0
2.246000E1	1.710364E2	-1.017133E0
2.248000E1	1.712392E2	-7.982926E-1
2.250000E1	1.712693E2	-6.519203E-1
2.252000E1	1.712415E2	-4.881079E-1
2.254000E1	1.712254E2	-4.450797E-1
2.256000E1	1.711639E2	-4.169870E-1
2.258000E1	1.711338E2	-4.323287E-1
2.260000E1	1.711565E2	-4.402151E-1
2.262000E1	1.712425E2	-3.096022E-1
2.264000E1	1.712318E2	-2.033748E-1
2.266000E1	1.712201E2	-1.090557E-1
2.268000E1	1.712041E2	-7.882122E-2
2.270000E1	1.711881E2	-6.713455E-2
2.272000E1	1.714677E2	-1.305829E-1
2.274000E1	1.718943E2	-7.356608E-2
2.276000E1	1.723006E2	-9.586961E-2
2.278000E1	1.726300E2	-9.034239E-2
2.280000E1	1.728375E2	-8.826253E-2
2.282000E1	1.727741E2	-5.303013E-2
2.284000E1	1.725985E2	9.808662E-2
2.286000E1	1.726084E2	1.771479E-1
2.288000E1	1.730677E2	4.599726E-2
2.290000E1	1.735004E2	-1.452920E-1
2.292000E1	1.740621E2	-1.155662E-1
2.294000E1	1.745790E2	-1.714868E-2
2.296000E1	1.748220E2	1.218522E-1
2.298000E1	1.748012E2	2.212999E-1
2.300000E1	1.747446E2	2.827613E-1
2.302000E1	1.746837E2	5.124958E-1
2.304000E1	1.747827E2	6.090478E-1
2.306000E1	1.749627E2	6.378614E-1
2.308000E1	1.751056E2	5.439483E-1
2.310000E1	1.754198E2	2.759514E-1
2.312000E1	1.760018E2	-1.614787E-1
2.314000E1	1.765884E2	-4.787329E-1
2.316000E1	1.769939E2	-6.790993E-1
2.318000E1	1.775074E2	-6.372247E-1
2.320000E1	1.779627E2	-4.753922E-1
2.322000E1	1.781377E2	-1.963463E-1
2.324000E1	1.784599E2	9.380645E-2
2.326000E1	1.784737E2	3.602804E-1
2.328000E1	1.783605E2	5.184510E-1
2.330000E1	1.782949E2	4.653537E-1
2.332000E1	1.782564E2	2.727353E-1
2.334000E1	1.783772E2	4.367191E-2
2.336000E1	1.785448E2	-3.889269E-2
2.338000E1	1.789233E2	-5.485631E-2
2.340000E1	1.788748E2	1.347625E-1
2.342000E1	1.788000E2	4.651068E-1
2.344000E1	1.787547E2	6.081268E-1
2.346000E1	1.787124E2	5.987994E-1
2.348000E1	1.787443E2	5.817450E-1
2.350000E1	1.788416E2	5.830433E-1
2.352000E1	1.792451E2	5.523830E-1
2.354000E1	1.796136E2	4.762086E-1
2.356000E1	1.796703E2	4.106579E-1
2.358000E1	1.795562E2	1.455721E-1
2.360000E1	1.797448E2	-2.056214E-1
2.362000E1	1.798466E2	-4.222563E-1
2.364000E1	1.798362E2	-4.759674E-1
2.366000E1	1.798649E2	-4.825112E-1
2.368000E1	1.799761E2	-4.779116E-1
2.370000E1	1.801641E2	-4.719448E-1
2.372000E1	1.802746E2	-3.732793E-1
2.374000E1	1.804429E2	-8.774513E-2
2.376000E1	1.806147E2	1.306970E-1
2.378000E1	1.808208E2	5.638712E-2
2.380000E1	1.808702E2	-5.447649E-3
2.382000E1	1.809964E2	8.049265E-3
2.384000E1	1.813767E2	1.722036E-1
2.386000E1	1.817991E2	4.081350E-1
2.388000E1	1.819543E2	5.713037E-1
2.390000E1	1.819163E2	6.141855E-1
2.392000E1	1.818699E2	6.031620E-1
2.394000E1	1.819266E2	6.509418E-1
2.396000E1	1.821132E2	7.485204E-1
2.398000E1	1.824262E2	8.060522E-1
2.400000E1	1.826962E2	8.659389E-1
