	mass A		
t	x	y	
0.000000E0	-1.060586E2	-6.516213E1
2.000000E-2	-1.060586E2	-6.516213E1
4.000000E-2	-1.062120E2	-6.478093E1
6.000000E-2	-1.059625E2	-6.467139E1
8.000000E-2	-1.058500E2	-6.431411E1
1.000000E-1	-1.061094E2	-6.419284E1
1.200000E-1	-1.063629E2	-6.391024E1
1.400000E-1	-1.066603E2	-6.352543E1
1.600000E-1	-1.069902E2	-6.328742E1
1.800000E-1	-1.071057E2	-6.305102E1
2.000000E-1	-1.072344E2	-6.268777E1
2.200000E-1	-1.074285E2	-6.196460E1
2.400000E-1	-1.077596E2	-6.116788E1
2.600000E-1	-1.086564E2	-5.994673E1
2.800000E-1	-1.093853E2	-5.929403E1
3.000000E-1	-1.095551E2	-5.911500E1
3.200000E-1	-1.092751E2	-5.907207E1
3.400000E-1	-1.091814E2	-5.912639E1
3.600000E-1	-1.089867E2	-5.929433E1
3.800000E-1	-1.091426E2	-5.869793E1
4.000000E-1	-1.090889E2	-5.860946E1
4.200000E-1	-1.090725E2	-5.863109E1
4.400000E-1	-1.095290E2	-5.841754E1
4.600000E-1	-1.098718E2	-5.788575E1
4.800000E-1	-1.099932E2	-5.764223E1
5.000000E-1	-1.100336E2	-5.730229E1
5.200000E-1	-1.099570E2	-5.718270E1
5.400000E-1	-1.099281E2	-5.707232E1
5.600000E-1	-1.099963E2	-5.702809E1
5.800000E-1	-1.099274E2	-5.712663E1
6.000000E-1	-1.098870E2	-5.712901E1
6.200000E-1	-1.099373E2	-5.686682E1
6.400000E-1	-1.099548E2	-5.680464E1
6.600000E-1	-1.102613E2	-5.630311E1
6.800000E-1	-1.109650E2	-5.547401E1
7.000000E-1	-1.119384E2	-5.459022E1
7.200000E-1	-1.126876E2	-5.348904E1
7.400000E-1	-1.130756E2	-5.290789E1
7.600000E-1	-1.129863E2	-5.323252E1
7.800000E-1	-1.128455E2	-5.338948E1
8.000000E-1	-1.128309E2	-5.335221E1
8.200000E-1	-1.130683E2	-5.276631E1
8.400000E-1	-1.132235E2	-5.206083E1
8.600000E-1	-1.132714E2	-5.130375E1
8.800000E-1	-1.134061E2	-5.074514E1
9.000000E-1	-1.136627E2	-5.003985E1
9.200000E-1	-1.138320E2	-4.928522E1
9.400000E-1	-1.139329E2	-4.846326E1
9.600000E-1	-1.140507E2	-4.753486E1
9.800000E-1	-1.142179E2	-4.697417E1
1.000000E0	-1.141040E2	-4.678732E1
1.020000E0	-1.139726E2	-4.654504E1
1.040000E0	-1.140978E2	-4.647670E1
1.060000E0	-1.141505E2	-4.639051E1
1.080000E0	-1.142540E2	-4.601245E1
1.100000E0	-1.145069E2	-4.561762E1
1.120000E0	-1.148519E2	-4.520131E1
1.140000E0	-1.147800E2	-4.480702E1
1.160000E0	-1.148726E2	-4.422693E1
1.180000E0	-1.150730E2	-4.362693E1
1.200000E0	-1.153690E2	-4.292934E1
1.220000E0	-1.158099E2	-4.162039E1
1.240000E0	-1.163388E2	-4.018966E1
1.260000E0	-1.166356E2	-3.965017E1
1.280000E0	-1.165776E2	-3.997926E1
1.300000E0	-1.163705E2	-4.005313E1
1.320000E0	-1.162819E2	-3.997319E1
1.340000E0	-1.162486E2	-4.001298E1
1.360000E0	-1.162010E2	-4.005284E1
1.380000E0	-1.162116E2	-4.004878E1
1.400000E0	-1.164354E2	-3.964615E1
1.420000E0	-1.166392E2	-3.903628E1
1.440000E0	-1.167541E2	-3.836019E1
1.460000E0	-1.167966E2	-3.812292E1
1.480000E0	-1.167772E2	-3.801871E1
1.500000E0	-1.168337E2	-3.800137E1
1.520000E0	-1.169903E2	-3.832959E1
1.540000E0	-1.169922E2	-3.829098E1
1.560000E0	-1.168045E2	-3.782724E1
1.580000E0	-1.167950E2	-3.755300E1
1.600000E0	-1.168411E2	-3.747999E1
1.620000E0	-1.170532E2	-3.698990E1
1.640000E0	-1.173039E2	-3.623663E1
1.660000E0	-1.179834E2	-3.497156E1
1.680000E0	-1.187083E2	-3.372899E1
1.700000E0	-1.191116E2	-3.347890E1
1.720000E0	-1.190787E2	-3.372944E1
1.740000E0	-1.189598E2	-3.408966E1
1.760000E0	-1.188790E2	-3.379134E1
1.780000E0	-1.190737E2	-3.290416E1
1.800000E0	-1.191907E2	-3.216358E1
1.820000E0	-1.190617E2	-3.155377E1
1.840000E0	-1.189009E2	-3.083736E1
1.860000E0	-1.191518E2	-2.989869E1
1.880000E0	-1.193409E2	-2.893176E1
1.900000E0	-1.191672E2	-2.799894E1
1.920000E0	-1.191856E2	-2.769920E1
1.940000E0	-1.192113E2	-2.770313E1
1.960000E0	-1.191620E2	-2.741204E1
1.980000E0	-1.191231E2	-2.725073E1
2.000000E0	-1.189442E2	-2.709471E1
2.020000E0	-1.189881E2	-2.675074E1
2.040000E0	-1.191115E2	-2.645167E1
2.060000E0	-1.192496E2	-2.600245E1
2.080000E0	-1.192609E2	-2.580606E1
2.100000E0	-1.193852E2	-2.513499E1
2.120000E0	-1.194416E2	-2.465004E1
2.140000E0	-1.195805E2	-2.429468E1
2.160000E0	-1.196530E2	-2.371013E1
2.180000E0	-1.195079E2	-2.258165E1
2.200000E0	-1.196293E2	-2.083380E1
2.220000E0	-1.200987E2	-1.989417E1
2.240000E0	-1.201374E2	-1.971812E1
2.260000E0	-1.201445E2	-1.975554E1
2.280000E0	-1.201140E2	-1.994945E1
2.300000E0	-1.201579E2	-2.044222E1
2.320000E0	-1.201228E2	-2.005291E1
2.340000E0	-1.198987E2	-1.942909E1
2.360000E0	-1.198931E2	-1.931326E1
2.380000E0	-1.200033E2	-1.896364E1
2.400000E0	-1.201023E2	-1.830444E1
2.420000E0	-1.200788E2	-1.755907E1
2.440000E0	-1.202603E2	-1.749075E1
2.460000E0	-1.205224E2	-1.777665E1
2.480000E0	-1.204524E2	-1.785481E1
2.500000E0	-1.202504E2	-1.773274E1
2.520000E0	-1.199502E2	-1.718089E1
2.540000E0	-1.199711E2	-1.716844E1
2.560000E0	-1.200492E2	-1.692899E1
2.580000E0	-1.201069E2	-1.644240E1
2.600000E0	-1.199769E2	-1.536959E1
2.620000E0	-1.202834E2	-1.443207E1
2.640000E0	-1.209537E2	-1.384871E1
2.660000E0	-1.212252E2	-1.338438E1
2.680000E0	-1.212231E2	-1.334712E1
2.700000E0	-1.211318E2	-1.325677E1
2.720000E0	-1.208379E2	-1.312550E1
2.740000E0	-1.207856E2	-1.230896E1
2.760000E0	-1.206246E2	-1.140215E1
2.780000E0	-1.206281E2	-1.070813E1
2.800000E0	-1.205365E2	-1.006374E1
2.820000E0	-1.201789E2	-9.051002E0
2.840000E0	-1.201575E2	-8.262114E0
2.860000E0	-1.200204E2	-7.901666E0
2.880000E0	-1.197735E2	-7.690373E0
2.900000E0	-1.198774E2	-7.505752E0
2.920000E0	-1.199948E2	-7.168867E0
2.940000E0	-1.197967E2	-6.801139E0
2.960000E0	-1.197039E2	-6.576309E0
2.980000E0	-1.196770E2	-6.286679E0
3.000000E0	-1.196498E2	-6.130366E0
3.020000E0	-1.194300E2	-5.778983E0
3.040000E0	-1.194677E2	-5.508975E0
3.060000E0	-1.196800E2	-4.849413E0
3.080000E0	-1.197979E2	-4.588732E0
3.100000E0	-1.199258E2	-4.199122E0
3.120000E0	-1.196615E2	-3.612701E0
3.140000E0	-1.193907E2	-2.726269E0
3.160000E0	-1.193502E2	-1.221868E0
3.180000E0	-1.193656E2	2.051244E-1
3.200000E0	-1.194015E2	8.651305E-1
3.220000E0	-1.195994E2	7.039367E-1
3.240000E0	-1.196328E2	3.697839E-1
3.260000E0	-1.196612E2	3.380643E-1
3.280000E0	-1.194949E2	6.951480E-1
3.300000E0	-1.191676E2	1.337796E0
3.320000E0	-1.191005E2	1.519569E0
3.340000E0	-1.191323E2	1.776962E0
3.360000E0	-1.190599E2	2.399717E0
3.380000E0	-1.190477E2	2.830954E0
3.400000E0	-1.194122E2	2.690929E0
3.420000E0	-1.194389E2	2.745016E0
3.440000E0	-1.194334E2	2.749523E0
3.460000E0	-1.193462E2	2.856514E0
3.480000E0	-1.191985E2	3.228642E0
3.500000E0	-1.191759E2	3.557942E0
3.520000E0	-1.190005E2	3.857011E0
3.540000E0	-1.187186E2	4.523896E0
3.560000E0	-1.186779E2	5.074670E0
3.580000E0	-1.188196E2	5.448575E0
3.600000E0	-1.191439E2	6.062629E0
3.620000E0	-1.193135E2	6.787185E0
3.640000E0	-1.193313E2	7.426740E0
3.660000E0	-1.192296E2	7.482866E0
3.680000E0	-1.188968E2	7.626750E0
3.700000E0	-1.183296E2	8.368289E0
3.720000E0	-1.180393E2	9.218571E0
3.740000E0	-1.182311E2	9.892210E0
3.760000E0	-1.177123E2	1.056497E1
3.780000E0	-1.172321E2	1.162120E1
3.800000E0	-1.172015E2	1.215922E1
3.820000E0	-1.171122E2	1.230499E1
3.840000E0	-1.167931E2	1.257193E1
3.860000E0	-1.169428E2	1.279371E1
3.880000E0	-1.169591E2	1.320884E1
3.900000E0	-1.167135E2	1.369279E1
3.920000E0	-1.166946E2	1.395203E1
3.940000E0	-1.166576E2	1.397717E1
3.960000E0	-1.163189E2	1.421238E1
3.980000E0	-1.160548E2	1.485559E1
4.000000E0	-1.162245E2	1.513516E1
4.020000E0	-1.164569E2	1.571638E1
4.040000E0	-1.163852E2	1.592541E1
4.060000E0	-1.162520E2	1.634133E1
4.080000E0	-1.160730E2	1.690465E1
4.100000E0	-1.158150E2	1.751526E1
4.120000E0	-1.153244E2	1.868552E1
4.140000E0	-1.150046E2	2.032719E1
4.160000E0	-1.152448E2	2.104990E1
4.180000E0	-1.156503E2	2.111189E1
4.200000E0	-1.155786E2	2.117126E1
4.220000E0	-1.152415E2	2.127962E1
4.240000E0	-1.148581E2	2.140035E1
4.260000E0	-1.145977E2	2.169344E1
4.280000E0	-1.143143E2	2.194623E1
4.300000E0	-1.143762E2	2.213085E1
4.320000E0	-1.144743E2	2.245872E1
4.340000E0	-1.145022E2	2.252895E1
4.360000E0	-1.145328E2	2.259803E1
4.380000E0	-1.144682E2	2.292188E1
4.400000E0	-1.144639E2	2.297469E1
4.420000E0	-1.144760E2	2.305154E1
4.440000E0	-1.143601E2	2.344255E1
4.460000E0	-1.142016E2	2.397110E1
4.480000E0	-1.138487E2	2.440536E1
4.500000E0	-1.137636E2	2.446574E1
4.520000E0	-1.137877E2	2.443323E1
4.540000E0	-1.138385E2	2.462998E1
4.560000E0	-1.140390E2	2.527719E1
4.580000E0	-1.138673E2	2.638556E1
4.600000E0	-1.136029E2	2.737850E1
4.620000E0	-1.134768E2	2.786713E1
4.640000E0	-1.129927E2	2.796942E1
4.660000E0	-1.125358E2	2.813121E1
4.680000E0	-1.122840E2	2.883970E1
4.700000E0	-1.115964E2	2.968930E1
4.720000E0	-1.113493E2	3.041950E1
4.740000E0	-1.111017E2	3.069261E1
4.760000E0	-1.106976E2	3.097756E1
4.780000E0	-1.106190E2	3.148737E1
4.800000E0	-1.106770E2	3.170282E1
4.820000E0	-1.106052E2	3.171905E1
4.840000E0	-1.106085E2	3.183649E1
4.860000E0	-1.103443E2	3.248319E1
4.880000E0	-1.100001E2	3.281196E1
4.900000E0	-1.098924E2	3.293522E1
4.920000E0	-1.095717E2	3.316533E1
4.940000E0	-1.092683E2	3.363198E1
4.960000E0	-1.093855E2	3.413460E1
4.980000E0	-1.094748E2	3.435625E1
5.000000E0	-1.091670E2	3.468392E1
5.020000E0	-1.088195E2	3.521339E1
5.040000E0	-1.086131E2	3.552667E1
5.060000E0	-1.082735E2	3.599174E1
5.080000E0	-1.075881E2	3.718711E1
5.100000E0	-1.071960E2	3.848446E1
5.120000E0	-1.071782E2	3.938763E1
5.140000E0	-1.074927E2	3.970844E1
5.160000E0	-1.074807E2	3.971652E1
5.180000E0	-1.070558E2	3.987342E1
5.200000E0	-1.068486E2	3.989962E1
5.220000E0	-1.064788E2	4.000685E1
5.240000E0	-1.063807E2	4.008796E1
5.260000E0	-1.064009E2	4.016672E1
5.280000E0	-1.065858E2	4.043138E1
5.300000E0	-1.066222E2	4.048956E1
5.320000E0	-1.066306E2	4.061067E1
5.340000E0	-1.065177E2	4.097543E1
5.360000E0	-1.065043E2	4.119151E1
5.380000E0	-1.063264E2	4.148265E1
5.400000E0	-1.062747E2	4.166134E1
5.420000E0	-1.059276E2	4.230752E1
5.440000E0	-1.055812E2	4.243471E1
5.460000E0	-1.055843E2	4.239531E1
5.480000E0	-1.056290E2	4.240547E1
5.500000E0	-1.055820E2	4.249272E1
5.520000E0	-1.054273E2	4.303639E1
5.540000E0	-1.049893E2	4.413885E1
5.560000E0	-1.045767E2	4.555294E1
5.580000E0	-1.039232E2	4.650023E1
5.600000E0	-1.035011E2	4.664372E1
5.620000E0	-1.032791E2	4.662790E1
5.640000E0	-1.027038E2	4.686125E1
5.660000E0	-1.021072E2	4.754430E1
5.680000E0	-1.018606E2	4.807332E1
5.700000E0	-1.014419E2	4.823481E1
5.720000E0	-1.010131E2	4.867414E1
5.740000E0	-1.008849E2	4.943280E1
5.760000E0	-1.008968E2	4.952687E1
5.780000E0	-1.008014E2	4.951317E1
5.800000E0	-1.007735E2	4.958010E1
5.820000E0	-1.004996E2	5.008297E1
5.840000E0	-1.000472E2	5.040167E1
5.860000E0	-9.981546E1	5.064209E1
5.880000E0	-9.967395E1	5.072439E1
5.900000E0	-9.932348E1	5.122516E1
5.920000E0	-9.920966E1	5.165328E1
5.940000E0	-9.909054E1	5.201578E1
5.960000E0	-9.870303E1	5.238088E1
5.980000E0	-9.860817E1	5.261588E1
6.000000E0	-9.856212E1	5.269074E1
6.020000E0	-9.789888E1	5.343269E1
6.040000E0	-9.719130E1	5.434550E1
6.060000E0	-9.669474E1	5.531675E1
6.080000E0	-9.632039E1	5.625508E1
6.100000E0	-9.603521E1	5.713946E1
6.120000E0	-9.610196E1	5.726348E1
6.140000E0	-9.575814E1	5.739994E1
6.160000E0	-9.535803E1	5.745196E1
6.180000E0	-9.522348E1	5.736155E1
6.200000E0	-9.479720E1	5.758350E1
6.220000E0	-9.489163E1	5.764339E1
6.240000E0	-9.519933E1	5.756950E1
6.260000E0	-9.509433E1	5.762205E1
6.280000E0	-9.473613E1	5.800748E1
6.300000E0	-9.481410E1	5.826893E1
6.320000E0	-9.467257E1	5.861967E1
6.340000E0	-9.452046E1	5.894836E1
6.360000E0	-9.431489E1	5.930188E1
6.380000E0	-9.420527E1	5.950922E1
6.400000E0	-9.420731E1	5.945515E1
6.420000E0	-9.407435E1	5.947874E1
6.440000E0	-9.379133E1	5.958043E1
6.460000E0	-9.371164E1	5.962893E1
6.480000E0	-9.347345E1	5.975233E1
6.500000E0	-9.303223E1	6.029847E1
6.520000E0	-9.230970E1	6.133233E1
6.540000E0	-9.123872E1	6.268705E1
6.560000E0	-9.056360E1	6.364457E1
6.580000E0	-9.035604E1	6.367504E1
6.600000E0	-8.992893E1	6.364282E1
6.620000E0	-8.928504E1	6.386661E1
6.640000E0	-8.877097E1	6.422997E1
6.660000E0	-8.862459E1	6.433655E1
6.680000E0	-8.822631E1	6.465447E1
6.700000E0	-8.785540E1	6.502316E1
6.720000E0	-8.726514E1	6.563483E1
6.740000E0	-8.690715E1	6.612357E1
6.760000E0	-8.686922E1	6.623695E1
6.780000E0	-8.679909E1	6.626578E1
6.800000E0	-8.627322E1	6.665457E1
6.820000E0	-8.565875E1	6.726406E1
6.840000E0	-8.521714E1	6.768365E1
6.860000E0	-8.522397E1	6.774357E1
6.880000E0	-8.484907E1	6.781836E1
6.900000E0	-8.403596E1	6.814942E1
6.920000E0	-8.383685E1	6.851752E1
6.940000E0	-8.389558E1	6.900531E1
6.960000E0	-8.341370E1	6.930846E1
6.980000E0	-8.302641E1	6.956083E1
7.000000E0	-8.310270E1	6.971084E1
7.020000E0	-8.301621E1	7.003029E1
7.040000E0	-8.255107E1	7.048872E1
7.060000E0	-8.136134E1	7.169922E1
7.080000E0	-7.991348E1	7.318428E1
7.100000E0	-7.947494E1	7.390754E1
7.120000E0	-7.976406E1	7.360899E1
7.140000E0	-7.979065E1	7.346258E1
7.160000E0	-8.020078E1	7.331606E1
7.180000E0	-7.980125E1	7.341618E1
7.200000E0	-7.965576E1	7.343096E1
7.220000E0	-7.939446E1	7.352080E1
7.240000E0	-7.949644E1	7.373432E1
7.260000E0	-7.923075E1	7.415506E1
7.280000E0	-7.851727E1	7.465556E1
7.300000E0	-7.839028E1	7.502805E1
7.320000E0	-7.851736E1	7.494753E1
7.340000E0	-7.849989E1	7.490197E1
7.360000E0	-7.846414E1	7.483967E1
7.380000E0	-7.823005E1	7.486767E1
7.400000E0	-7.778557E1	7.502376E1
7.420000E0	-7.744737E1	7.509043E1
7.440000E0	-7.662908E1	7.520932E1
7.460000E0	-7.611622E1	7.540563E1
7.480000E0	-7.540367E1	7.566864E1
7.500000E0	-7.486251E1	7.626663E1
7.520000E0	-7.364662E1	7.736316E1
7.540000E0	-7.218723E1	7.846635E1
7.560000E0	-7.160904E1	7.902785E1
7.580000E0	-7.153524E1	7.896061E1
7.600000E0	-7.149949E1	7.884086E1
7.620000E0	-7.147173E1	7.895360E1
7.640000E0	-7.098776E1	7.911284E1
7.660000E0	-7.034556E1	7.953761E1
7.680000E0	-6.995791E1	7.990282E1
7.700000E0	-6.946118E1	8.006320E1
7.720000E0	-6.894958E1	8.046917E1
7.740000E0	-6.822135E1	8.110293E1
7.760000E0	-6.793229E1	8.150386E1
7.780000E0	-6.780101E1	8.170257E1
7.800000E0	-6.729664E1	8.183389E1
7.820000E0	-6.637405E1	8.208221E1
7.840000E0	-6.601532E1	8.224102E1
7.860000E0	-6.576261E1	8.218803E1
7.880000E0	-6.558162E1	8.222948E1
7.900000E0	-6.541318E1	8.250593E1
7.920000E0	-6.540001E1	8.306955E1
7.940000E0	-6.513808E1	8.348165E1
7.960000E0	-6.474666E1	8.380801E1
7.980000E0	-6.404103E1	8.411960E1
8.000000E0	-6.302108E1	8.450054E1
8.020000E0	-6.157680E1	8.505502E1
8.040000E0	-6.007363E1	8.591785E1
8.060000E0	-5.924701E1	8.685803E1
8.080000E0	-5.946124E1	8.712550E1
8.100000E0	-5.959633E1	8.713617E1
8.120000E0	-5.959587E1	8.708813E1
8.140000E0	-5.939704E1	8.705553E1
8.160000E0	-5.935422E1	8.702240E1
8.180000E0	-5.889181E1	8.708067E1
8.200000E0	-5.850630E1	8.724965E1
8.220000E0	-5.822379E1	8.741009E1
8.240000E0	-5.820676E1	8.751654E1
8.260000E0	-5.821203E1	8.761216E1
8.280000E0	-3.762395E1	7.395030E1
8.300000E0	-5.787863E1	8.789478E1
8.320000E0	-5.774999E1	8.801931E1
8.340000E0	-5.737321E1	8.812334E1
8.360000E0	-5.705548E1	8.816264E1
8.380000E0	-5.655086E1	8.829672E1
8.400000E0	-5.615517E1	8.829548E1
8.420000E0	-5.552265E1	8.827879E1
8.440000E0	-5.456346E1	8.838479E1
8.460000E0	-5.371249E1	8.844402E1
8.480000E0	-5.326298E1	8.859070E1
8.500000E0	-5.278110E1	8.900634E1
8.520000E0	-5.199448E1	8.984672E1
8.540000E0	-5.110028E1	9.023923E1
8.560000E0	-5.073565E1	9.027331E1
8.580000E0	-5.069048E1	9.020590E1
8.600000E0	-5.052455E1	9.024245E1
8.620000E0	-5.015366E1	9.038359E1
8.640000E0	-4.966512E1	9.049365E1
8.660000E0	-4.887165E1	9.076749E1
8.680000E0	-4.823839E1	9.121592E1
8.700000E0	-4.762719E1	9.172950E1
8.720000E0	-4.714212E1	9.192496E1
8.740000E0	-4.649681E1	9.200044E1
8.760000E0	-4.602884E1	9.213299E1
8.780000E0	-4.560807E1	9.236165E1
8.800000E0	-4.466715E1	9.252047E1
8.820000E0	-4.422752E1	9.268417E1
8.840000E0	-4.413372E1	9.281676E1
8.860000E0	-4.398126E1	9.298146E1
8.880000E0	-4.362238E1	9.312347E1
8.900000E0	-4.312877E1	9.337286E1
8.920000E0	-4.220279E1	9.375228E1
8.940000E0	-4.124324E1	9.407602E1
8.960000E0	-4.034292E1	9.429898E1
8.980000E0	-3.987140E1	9.441771E1
9.000000E0	-3.974143E1	9.447761E1
9.020000E0	-3.939616E1	9.480539E1
9.040000E0	-3.865907E1	9.530776E1
9.060000E0	-3.783364E1	9.585626E1
9.080000E0	-3.735023E1	9.618525E1
9.100000E0	-3.733843E1	9.627350E1
9.120000E0	-3.697041E1	9.625716E1
9.140000E0	-3.677640E1	9.622386E1
9.160000E0	-3.669022E1	9.626511E1
9.180000E0	-3.673114E1	9.622478E1
9.200000E0	-3.674384E1	9.626589E1
9.220000E0	-3.675321E1	9.635693E1
9.240000E0	-3.628324E1	9.649193E1
9.260000E0	-3.598445E1	9.661387E1
9.280000E0	-3.555908E1	9.675234E1
9.300000E0	-3.499632E1	9.687301E1
9.320000E0	-3.465802E1	9.694640E1
9.340000E0	-3.476212E1	9.695625E1
9.360000E0	-3.462001E1	9.698853E1
9.380000E0	-3.391294E1	9.697398E1
9.400000E0	-3.298749E1	9.664051E1
9.420000E0	-3.268208E1	9.638576E1
9.440000E0	-3.265681E1	9.631218E1
9.460000E0	-3.255564E1	9.630730E1
9.480000E0	-3.189072E1	9.646488E1
9.500000E0	-3.085328E1	9.691027E1
9.520000E0	-2.965834E1	9.756950E1
9.540000E0	-2.876726E1	9.790560E1
9.560000E0	-2.873908E1	9.781898E1
9.580000E0	-2.875409E1	9.741975E1
9.600000E0	-2.848616E1	9.744787E1
9.620000E0	-2.790758E1	9.786510E1
9.640000E0	-2.737109E1	9.807752E1
9.660000E0	-2.676432E1	9.808943E1
9.680000E0	-2.562773E1	9.801238E1
9.700000E0	-2.476115E1	9.821907E1
9.720000E0	-2.431892E1	9.829140E1
9.740000E0	-2.384606E1	9.829656E1
9.760000E0	-2.342180E1	9.848450E1
9.780000E0	-2.256777E1	9.898910E1
9.800000E0	-2.217191E1	9.922609E1
9.820000E0	-2.217385E1	9.923711E1
9.840000E0	-2.215476E1	9.926776E1
9.860000E0	-2.152660E1	9.923521E1
9.880000E0	-2.040113E1	9.896346E1
9.900000E0	-1.943229E1	9.920663E1
9.920000E0	-1.854080E1	9.942879E1
9.940000E0	-1.869897E1	9.956078E1
9.960000E0	-1.879543E1	9.972632E1
9.980000E0	-1.835462E1	9.988037E1
1.000000E1	-1.779968E1	1.000311E2
1.002000E1	-1.705135E1	1.003020E2
1.004000E1	-1.588163E1	1.006531E2
1.006000E1	-1.474320E1	1.010918E2
1.008000E1	-1.425889E1	1.012541E2
1.010000E1	-1.434756E1	1.012655E2
1.012000E1	-1.463971E1	1.011857E2
1.014000E1	-1.464278E1	1.011499E2
1.016000E1	-1.457993E1	1.011252E2
1.018000E1	-1.408656E1	1.010335E2
1.020000E1	-1.406288E1	1.010685E2
1.022000E1	-1.369358E1	1.011841E2
1.024000E1	-1.298427E1	1.010368E2
1.026000E1	-1.254119E1	1.010966E2
1.028000E1	-1.254094E1	1.011172E2
1.030000E1	-1.249170E1	1.011565E2
1.032000E1	-1.205025E1	1.010274E2
1.034000E1	-1.160631E1	1.008921E2
1.036000E1	-1.149209E1	1.008226E2
1.038000E1	-1.114189E1	1.007387E2
1.040000E1	-1.094794E1	1.006181E2
1.042000E1	-1.049443E1	1.004092E2
1.044000E1	-1.013067E1	1.003549E2
1.046000E1	-9.790159E0	1.004111E2
1.048000E1	-9.230502E0	1.005554E2
1.050000E1	-8.237460E0	1.009364E2
1.052000E1	-6.780718E0	1.012913E2
1.054000E1	-6.017601E0	1.013753E2
1.056000E1	-6.005907E0	1.013025E2
1.058000E1	-5.977659E0	1.012108E2
1.060000E1	-5.422162E0	1.010101E2
1.062000E1	-4.423630E0	1.007664E2
1.064000E1	-3.917454E0	1.008675E2
1.066000E1	-3.335326E0	1.006151E2
1.068000E1	-2.826807E0	1.005870E2
1.070000E1	-2.099113E0	1.008187E2
1.072000E1	-1.579491E0	1.011133E2
1.074000E1	-1.325319E0	1.012587E2
1.076000E1	-9.982508E-1	1.012781E2
1.078000E1	-3.969378E-1	1.012372E2
1.080000E1	5.122883E-1	1.010260E2
1.082000E1	1.108704E0	1.008834E2
1.084000E1	1.356454E0	1.006320E2
1.086000E1	1.609133E0	1.004123E2
1.088000E1	1.910827E0	1.007386E2
1.090000E1	2.224129E0	1.010998E2
1.092000E1	2.596935E0	1.012156E2
1.094000E1	2.836089E0	1.012352E2
1.096000E1	3.267857E0	1.013763E2
1.098000E1	3.737127E0	1.015398E2
1.100000E1	4.291338E0	1.015878E2
1.102000E1	5.498617E0	1.013947E2
1.104000E1	6.941938E0	1.015877E2
1.106000E1	7.251016E0	1.019018E2
1.108000E1	7.237039E0	1.019838E2
1.110000E1	7.181168E0	1.020669E2
1.112000E1	7.344684E0	1.019318E2
1.114000E1	7.599434E0	1.016754E2
1.116000E1	7.824924E0	1.012961E2
1.118000E1	8.173836E0	1.010470E2
1.120000E1	8.334797E0	1.009608E2
1.122000E1	8.753623E0	1.010270E2
1.124000E1	9.314237E0	1.009849E2
1.126000E1	9.869232E0	1.005890E2
1.128000E1	9.941534E0	1.005353E2
1.130000E1	9.975487E0	1.004769E2
1.132000E1	1.031983E1	1.005467E2
1.134000E1	1.012696E1	1.004966E2
1.136000E1	1.039091E1	1.003577E2
1.138000E1	1.070300E1	1.003336E2
1.140000E1	1.116976E1	1.001371E2
1.142000E1	1.152967E1	9.990543E1
1.144000E1	1.173108E1	9.959826E1
1.146000E1	1.246264E1	9.940659E1
1.148000E1	1.357295E1	9.951506E1
1.150000E1	1.461299E1	9.987692E1
1.152000E1	1.556878E1	1.000740E2
1.154000E1	1.613930E1	9.987318E1
1.156000E1	1.632753E1	9.946032E1
1.158000E1	1.648018E1	9.930742E1
1.160000E1	1.717064E1	9.913102E1
1.162000E1	1.792677E1	9.874948E1
1.164000E1	1.844540E1	9.891066E1
1.166000E1	1.892571E1	9.904446E1
1.168000E1	1.934852E1	9.918943E1
1.170000E1	1.961012E1	9.926158E1
1.172000E1	2.033521E1	9.914710E1
1.174000E1	2.149230E1	9.857366E1
1.176000E1	2.284389E1	9.798695E1
1.178000E1	2.399739E1	9.754463E1
1.180000E1	2.415265E1	9.759100E1
1.182000E1	2.412138E1	9.755901E1
1.184000E1	2.419801E1	9.768203E1
1.186000E1	2.438388E1	9.764940E1
1.188000E1	2.469274E1	9.774070E1
1.190000E1	2.516823E1	9.793450E1
1.192000E1	2.589414E1	9.789523E1
1.194000E1	2.631515E1	9.788499E1
1.196000E1	2.683604E1	9.754184E1
1.198000E1	2.721546E1	9.740768E1
1.200000E1	2.724375E1	9.745924E1
1.202000E1	2.769961E1	9.762147E1
1.204000E1	2.861348E1	9.770378E1
1.206000E1	2.972166E1	9.750661E1
1.208000E1	3.015391E1	9.748764E1
1.210000E1	3.019719E1	9.725201E1
1.212000E1	3.020257E1	9.683263E1
1.214000E1	3.018988E1	9.673113E1
1.216000E1	3.048097E1	9.652969E1
1.218000E1	3.070801E1	9.640672E1
1.220000E1	3.116034E1	9.587865E1
1.222000E1	3.162369E1	9.581010E1
1.224000E1	3.174308E1	9.570174E1
1.226000E1	3.219333E1	9.568216E1
1.228000E1	3.242262E1	9.564938E1
1.230000E1	3.249164E1	9.557085E1
1.232000E1	3.253758E1	9.555944E1
1.234000E1	3.251271E1	9.563258E1
1.236000E1	3.251759E1	9.563019E1
1.238000E1	3.273943E1	9.534723E1
1.240000E1	3.326125E1	9.476163E1
1.242000E1	3.373014E1	9.453679E1
1.244000E1	3.380830E1	9.455385E1
1.246000E1	3.390684E1	9.447777E1
1.248000E1	3.490130E1	9.419197E1
1.250000E1	3.647361E1	9.392506E1
1.252000E1	3.787715E1	9.377571E1
1.254000E1	3.851961E1	9.354766E1
1.256000E1	3.854603E1	9.329912E1
1.258000E1	3.859664E1	9.334403E1
1.260000E1	3.903164E1	9.352720E1
1.262000E1	3.933741E1	9.339813E1
1.264000E1	3.972309E1	9.307273E1
1.266000E1	4.050857E1	9.254991E1
1.268000E1	4.165013E1	9.196972E1
1.270000E1	4.276812E1	9.142264E1
1.272000E1	4.338675E1	9.084388E1
1.274000E1	4.339857E1	9.094760E1
1.276000E1	4.383568E1	9.108889E1
1.278000E1	4.434585E1	9.111074E1
1.280000E1	4.449670E1	9.096900E1
1.282000E1	4.448717E1	9.081146E1
1.284000E1	4.445454E1	9.076211E1
1.286000E1	4.484940E1	9.076947E1
1.288000E1	4.550084E1	9.043870E1
1.290000E1	4.641222E1	9.011410E1
1.292000E1	4.672123E1	9.022198E1
1.294000E1	4.661300E1	9.036282E1
1.296000E1	4.669215E1	9.034720E1
1.298000E1	4.692282E1	9.031633E1
1.300000E1	4.737895E1	8.995499E1
1.302000E1	4.821541E1	8.950158E1
1.304000E1	4.980075E1	8.883692E1
1.306000E1	5.109113E1	8.827499E1
1.308000E1	5.119446E1	8.828748E1
1.310000E1	5.101904E1	8.839955E1
1.312000E1	5.101886E1	8.810243E1
1.314000E1	5.103772E1	8.765446E1
1.316000E1	5.118463E1	8.732345E1
1.318000E1	5.156485E1	8.695993E1
1.320000E1	5.173242E1	8.712094E1
1.322000E1	5.174523E1	8.704152E1
1.324000E1	5.193357E1	8.686262E1
1.326000E1	5.226202E1	8.694953E1
1.328000E1	5.265335E1	8.688940E1
1.330000E1	5.270860E1	8.676290E1
1.332000E1	5.283246E1	8.654446E1
1.334000E1	5.281739E1	8.657662E1
1.336000E1	5.269034E1	8.683374E1
1.338000E1	5.274514E1	8.686820E1
1.340000E1	5.286445E1	8.654273E1
1.342000E1	5.326004E1	8.570943E1
1.344000E1	5.376788E1	8.509179E1
1.346000E1	5.401769E1	8.492040E1
1.348000E1	5.472610E1	8.434967E1
1.350000E1	5.588066E1	8.410196E1
1.352000E1	5.724131E1	8.401428E1
1.354000E1	5.811517E1	8.416593E1
1.356000E1	5.815249E1	8.413917E1
1.358000E1	5.818761E1	8.386516E1
1.360000E1	5.851437E1	8.306663E1
1.362000E1	5.940482E1	8.230426E1
1.364000E1	6.036185E1	8.183405E1
1.366000E1	6.056083E1	8.151037E1
1.368000E1	6.059410E1	8.140923E1
1.370000E1	6.101302E1	8.149761E1
1.372000E1	6.144366E1	8.143120E1
1.374000E1	6.155129E1	8.130650E1
1.376000E1	6.163110E1	8.098282E1
1.378000E1	6.189232E1	8.105606E1
1.380000E1	6.216990E1	8.093533E1
1.382000E1	6.232127E1	8.051576E1
1.384000E1	6.237706E1	8.011241E1
1.386000E1	6.241039E1	7.998750E1
1.388000E1	6.260938E1	8.013749E1
1.390000E1	6.294902E1	8.013491E1
1.392000E1	6.340187E1	8.001780E1
1.394000E1	6.393973E1	7.976039E1
1.396000E1	6.436026E1	7.936510E1
1.398000E1	6.484725E1	7.885206E1
1.400000E1	6.551417E1	7.799597E1
1.402000E1	6.652930E1	7.703228E1
1.404000E1	6.785067E1	7.640319E1
1.406000E1	6.887961E1	7.600782E1
1.408000E1	6.910153E1	7.581867E1
1.410000E1	6.871018E1	7.571883E1
1.412000E1	6.868950E1	7.573814E1
1.414000E1	6.875647E1	7.569231E1
1.416000E1	6.890709E1	7.535292E1
1.418000E1	6.888644E1	7.530762E1
1.420000E1	6.887985E1	7.533641E1
1.422000E1	6.933799E1	7.543120E1
1.424000E1	6.953088E1	7.507294E1
1.426000E1	6.967526E1	7.476446E1
1.428000E1	7.006428E1	7.475205E1
1.430000E1	6.995918E1	7.493711E1
1.432000E1	6.982621E1	7.510711E1
1.434000E1	6.982855E1	7.512456E1
1.436000E1	7.012220E1	7.448243E1
1.438000E1	7.053148E1	7.406715E1
1.440000E1	7.068523E1	7.382408E1
1.442000E1	7.091352E1	7.324643E1
1.444000E1	7.124311E1	7.265127E1
1.446000E1	7.170248E1	7.261654E1
1.448000E1	7.215545E1	7.254350E1
1.450000E1	7.333907E1	7.202306E1
1.452000E1	7.481053E1	7.114306E1
1.454000E1	7.599731E1	7.016586E1
1.456000E1	7.628890E1	6.937128E1
1.458000E1	7.633012E1	6.880080E1
1.460000E1	7.645042E1	6.850243E1
1.462000E1	7.682491E1	6.829478E1
1.464000E1	7.737713E1	6.833021E1
1.466000E1	7.762873E1	6.808217E1
1.468000E1	7.761630E1	6.789048E1
1.470000E1	7.778004E1	6.764744E1
1.472000E1	7.802502E1	6.760643E1
1.474000E1	7.832218E1	6.758703E1
1.476000E1	7.842140E1	6.748888E1
1.478000E1	7.880289E1	6.705906E1
1.480000E1	7.889414E1	6.686075E1
1.482000E1	7.882359E1	6.680042E1
1.484000E1	7.888757E1	6.676836E1
1.486000E1	7.895884E1	6.659802E1
1.488000E1	7.927351E1	6.639995E1
1.490000E1	7.987727E1	6.587524E1
1.492000E1	8.031876E1	6.525374E1
1.494000E1	8.067138E1	6.451960E1
1.496000E1	8.107014E1	6.400432E1
1.498000E1	8.153344E1	6.348659E1
1.500000E1	8.216984E1	6.272398E1
1.502000E1	8.312383E1	6.128106E1
1.504000E1	8.415502E1	6.043967E1
1.506000E1	8.450622E1	6.046117E1
1.508000E1	8.420736E1	6.039482E1
1.510000E1	8.420252E1	6.035758E1
1.512000E1	8.423405E1	6.030766E1
1.514000E1	8.428420E1	6.030963E1
1.516000E1	8.434842E1	5.996605E1
1.518000E1	8.441578E1	5.988335E1
1.520000E1	8.457806E1	5.968747E1
1.522000E1	8.504282E1	5.944861E1
1.524000E1	8.506704E1	5.945725E1
1.526000E1	8.507994E1	5.955270E1
1.528000E1	8.530634E1	5.944543E1
1.530000E1	8.546751E1	5.894472E1
1.532000E1	8.545938E1	5.875589E1
1.534000E1	8.537887E1	5.876684E1
1.536000E1	8.545756E1	5.870264E1
1.538000E1	8.554474E1	5.842914E1
1.540000E1	8.554410E1	5.835450E1
1.542000E1	8.557225E1	5.826051E1
1.544000E1	8.575969E1	5.774433E1
1.546000E1	8.637796E1	5.713891E1
1.548000E1	8.733903E1	5.593009E1
1.550000E1	8.880895E1	5.455930E1
1.552000E1	9.019144E1	5.310821E1
1.554000E1	9.088450E1	5.225803E1
1.556000E1	9.084392E1	5.219087E1
1.558000E1	9.078043E1	5.224811E1
1.560000E1	9.084406E1	5.224936E1
1.562000E1	9.114555E1	5.197521E1
1.564000E1	9.141288E1	5.147419E1
1.566000E1	9.155219E1	5.122920E1
1.568000E1	9.176080E1	5.088104E1
1.570000E1	9.225989E1	5.089975E1
1.572000E1	9.256115E1	5.032434E1
1.574000E1	9.262065E1	4.984336E1
1.576000E1	9.270150E1	4.990063E1
1.578000E1	9.297224E1	4.983110E1
1.580000E1	9.308013E1	4.976291E1
1.582000E1	9.289963E1	4.950698E1
1.584000E1	9.295114E1	4.925098E1
1.586000E1	9.312382E1	4.888662E1
1.588000E1	9.333939E1	4.797288E1
1.590000E1	9.358490E1	4.718083E1
1.592000E1	9.398566E1	4.675871E1
1.594000E1	9.429288E1	4.642051E1
1.596000E1	9.451768E1	4.557940E1
1.598000E1	9.469732E1	4.485763E1
1.600000E1	9.481006E1	4.451487E1
1.602000E1	9.543440E1	4.348085E1
1.604000E1	9.648007E1	4.229347E1
1.606000E1	9.698212E1	4.196680E1
1.608000E1	9.685174E1	4.212769E1
1.610000E1	9.680182E1	4.213851E1
1.612000E1	9.666724E1	4.206909E1
1.614000E1	9.654915E1	4.198602E1
1.616000E1	9.666732E1	4.137949E1
1.618000E1	9.666847E1	4.138676E1
1.620000E1	9.682825E1	4.156162E1
1.622000E1	9.709839E1	4.155463E1
1.624000E1	9.720524E1	4.099819E1
1.626000E1	9.733523E1	4.070125E1
1.628000E1	9.743043E1	4.050064E1
1.630000E1	9.743474E1	4.043120E1
1.632000E1	9.756587E1	4.020293E1
1.634000E1	9.756202E1	4.025347E1
1.636000E1	9.764074E1	4.032307E1
1.638000E1	9.786567E1	4.033567E1
1.640000E1	9.789761E1	4.012068E1
1.642000E1	9.800466E1	3.928624E1
1.644000E1	9.824507E1	3.827997E1
1.646000E1	9.859530E1	3.704140E1
1.648000E1	9.937625E1	3.580715E1
1.650000E1	1.004209E2	3.471975E1
1.652000E1	1.014634E2	3.410319E1
1.654000E1	1.016340E2	3.425663E1
1.656000E1	1.016088E2	3.452592E1
1.658000E1	1.014514E2	3.443363E1
1.660000E1	1.015853E2	3.388805E1
1.662000E1	1.020017E2	3.364174E1
1.664000E1	1.022005E2	3.336256E1
1.666000E1	1.020445E2	3.259106E1
1.668000E1	1.022895E2	3.214443E1
1.670000E1	1.026155E2	3.206849E1
1.672000E1	1.027607E2	3.205609E1
1.674000E1	1.027433E2	3.200432E1
1.676000E1	1.027935E2	3.173123E1
1.678000E1	1.030523E2	3.126284E1
1.680000E1	1.033190E2	3.071218E1
1.682000E1	1.032900E2	3.031035E1
1.684000E1	1.032516E2	2.987481E1
1.686000E1	1.032427E2	2.916625E1
1.688000E1	1.034481E2	2.854156E1
1.690000E1	1.036984E2	2.767430E1
1.692000E1	1.039290E2	2.700020E1
1.694000E1	1.039395E2	2.704431E1
1.696000E1	1.041549E2	2.690653E1
1.698000E1	1.043864E2	2.649192E1
1.700000E1	1.043798E2	2.599406E1
1.702000E1	1.047084E2	2.487832E1
1.704000E1	1.056089E2	2.347462E1
1.706000E1	1.061409E2	2.304583E1
1.708000E1	1.059869E2	2.308803E1
1.710000E1	1.058871E2	2.293216E1
1.712000E1	1.057955E2	2.308949E1
1.714000E1	1.057513E2	2.332245E1
1.716000E1	1.056394E2	2.290868E1
1.718000E1	1.054921E2	2.250220E1
1.720000E1	1.056621E2	2.238172E1
1.722000E1	1.057649E2	2.216048E1
1.724000E1	1.057615E2	2.194055E1
1.726000E1	1.059469E2	2.130268E1
1.728000E1	1.061987E2	2.116632E1
1.730000E1	1.064216E2	2.136874E1
1.732000E1	1.064108E2	2.135446E1
1.734000E1	1.064051E2	2.131511E1
1.736000E1	1.065451E2	2.084343E1
1.738000E1	1.065510E2	2.044860E1
1.740000E1	1.063532E2	1.959427E1
1.742000E1	1.061232E2	1.856446E1
1.744000E1	1.062171E2	1.769580E1
1.746000E1	1.064008E2	1.779893E1
1.748000E1	1.068336E2	1.787321E1
1.750000E1	1.074489E2	1.726996E1
1.752000E1	1.079611E2	1.608146E1
1.754000E1	1.085641E2	1.546557E1
1.756000E1	1.086447E2	1.545789E1
1.758000E1	1.085570E2	1.541758E1
1.760000E1	1.083443E2	1.495288E1
1.762000E1	1.085887E2	1.448885E1
1.764000E1	1.086032E2	1.438197E1
1.766000E1	1.086738E2	1.418084E1
1.768000E1	1.086232E2	1.405922E1
1.770000E1	1.086868E2	1.351623E1
1.772000E1	1.089796E2	1.289204E1
1.774000E1	1.090284E2	1.233901E1
1.776000E1	1.088269E2	1.145047E1
1.778000E1	1.090415E2	1.067783E1
1.780000E1	1.092352E2	9.866500E0
1.782000E1	1.091816E2	9.329952E0
1.784000E1	1.090950E2	9.056563E0
1.786000E1	1.090863E2	8.591686E0
1.788000E1	1.090303E2	7.945233E0
1.790000E1	1.092164E2	7.661292E0
1.792000E1	1.095253E2	7.488710E0
1.794000E1	1.096023E2	7.216002E0
1.796000E1	1.095873E2	6.926629E0
1.798000E1	1.096528E2	6.611463E0
1.800000E1	1.098611E2	5.946755E0
1.802000E1	1.098562E2	5.065678E0
1.804000E1	1.100780E2	3.589589E0
1.806000E1	1.105395E2	2.386106E0
1.808000E1	1.109875E2	2.448144E0
1.810000E1	1.108696E2	2.725861E0
1.812000E1	1.105234E2	2.601794E0
1.814000E1	1.104119E2	2.616329E0
1.816000E1	1.103370E2	2.520855E0
1.818000E1	1.102555E2	1.998888E0
1.820000E1	1.101842E2	1.943947E0
1.822000E1	1.102131E2	2.041749E0
1.824000E1	1.105805E2	1.881513E0
1.826000E1	1.108319E2	1.330400E0
1.828000E1	1.109289E2	1.095299E0
1.830000E1	1.110071E2	8.122618E-1
1.832000E1	1.109694E2	6.090838E-1
1.834000E1	1.109779E2	4.493663E-1
1.836000E1	1.109524E2	8.575976E-2
1.838000E1	1.110311E2	2.472856E-2
1.840000E1	1.110831E2	7.614725E-3
1.842000E1	1.111043E2	-1.761979E-1
1.844000E1	1.110627E2	-2.761720E-1
1.846000E1	1.110748E2	-3.945040E-1
1.848000E1	1.111762E2	-1.056407E0
1.850000E1	1.114549E2	-2.042051E0
1.852000E1	1.122326E2	-3.320004E0
1.854000E1	1.126422E2	-4.621839E0
1.856000E1	1.127578E2	-5.059053E0
1.858000E1	1.127711E2	-4.836684E0
1.860000E1	1.125966E2	-4.500739E0
1.862000E1	1.126448E2	-4.649094E0
1.864000E1	1.127278E2	-5.355979E0
1.866000E1	1.126021E2	-6.037612E0
1.868000E1	1.124552E2	-6.736649E0
1.870000E1	1.124951E2	-7.361652E0
1.872000E1	1.126742E2	-8.106110E0
1.874000E1	1.124479E2	-8.913243E0
1.876000E1	1.122320E2	-9.726911E0
1.878000E1	1.121673E2	-1.042129E1
1.880000E1	1.120907E2	-1.081845E1
1.882000E1	1.119028E2	-1.103500E1
1.884000E1	1.118041E2	-1.108992E1
1.886000E1	1.118747E2	-1.121319E1
1.888000E1	1.118926E2	-1.132801E1
1.890000E1	1.118937E2	-1.186323E1
1.892000E1	1.120744E2	-1.241719E1
1.894000E1	1.121699E2	-1.277697E1
1.896000E1	1.121130E2	-1.312285E1
1.898000E1	1.119560E2	-1.374943E1
1.900000E1	1.120960E2	-1.442539E1
1.902000E1	1.122898E2	-1.517122E1
1.904000E1	1.122678E2	-1.651275E1
1.906000E1	1.122445E2	-1.807416E1
1.908000E1	1.124012E2	-1.878416E1
1.910000E1	1.123606E2	-1.841922E1
1.912000E1	1.122692E2	-1.834021E1
1.914000E1	1.122531E2	-1.844076E1
1.916000E1	1.122094E2	-1.824562E1
1.918000E1	1.122153E2	-1.826234E1
1.920000E1	1.122373E2	-1.829625E1
1.922000E1	1.122977E2	-1.864179E1
1.924000E1	1.123333E2	-1.936543E1
1.926000E1	1.122584E2	-2.011202E1
1.928000E1	1.121725E2	-2.046599E1
1.930000E1	1.122439E2	-2.059696E1
1.932000E1	1.123576E2	-2.062100E1
1.934000E1	1.125708E2	-2.036198E1
1.936000E1	1.125398E2	-2.030886E1
1.938000E1	1.124378E2	-2.040532E1
1.940000E1	1.120406E2	-2.081832E1
1.942000E1	1.120330E2	-2.098533E1
1.944000E1	1.119443E2	-2.127600E1
1.946000E1	1.119439E2	-2.164552E1
1.948000E1	1.116398E2	-2.261029E1
1.950000E1	1.117721E2	-2.354147E1
1.952000E1	1.123322E2	-2.412593E1
1.954000E1	1.125890E2	-2.480631E1
1.956000E1	1.127904E2	-2.502925E1
1.958000E1	1.127755E2	-2.510228E1
1.960000E1	1.123247E2	-2.526496E1
1.962000E1	1.121520E2	-2.580057E1
1.964000E1	1.118498E2	-2.674110E1
1.966000E1	1.115899E2	-2.752236E1
1.968000E1	1.116469E2	-2.813110E1
1.970000E1	1.109845E2	-2.899164E1
1.972000E1	1.108243E2	-2.983159E1
1.974000E1	1.108850E2	-3.010161E1
1.976000E1	1.105176E2	-3.036426E1
1.978000E1	1.105404E2	-3.057559E1
1.980000E1	1.106131E2	-3.096675E1
1.982000E1	1.102683E2	-3.120393E1
1.984000E1	1.102327E2	-3.135240E1
1.986000E1	1.101333E2	-3.166558E1
1.988000E1	1.100172E2	-3.199960E1
1.990000E1	1.097489E2	-3.230621E1
1.992000E1	1.098230E2	-3.259059E1
1.994000E1	1.100882E2	-3.327033E1
1.996000E1	1.102365E2	-3.363939E1
1.998000E1	1.102572E2	-3.367913E1
2.000000E1	1.101391E2	-3.419896E1
2.002000E1	1.097953E2	-3.509773E1
2.004000E1	1.095272E2	-3.626501E1
2.006000E1	1.091473E2	-3.792107E1
2.008000E1	1.090565E2	-3.902668E1
2.010000E1	1.093681E2	-3.909643E1
2.012000E1	1.095478E2	-3.879140E1
2.014000E1	1.094480E2	-3.884853E1
2.016000E1	1.092365E2	-3.900486E1
2.018000E1	1.089196E2	-3.950295E1
2.020000E1	1.087555E2	-3.983072E1
2.022000E1	1.087061E2	-3.980722E1
2.024000E1	1.086454E2	-4.021966E1
2.026000E1	1.087605E2	-4.061731E1
2.028000E1	1.089816E2	-4.052919E1
2.030000E1	1.089650E2	-4.062246E1
2.032000E1	1.089687E2	-4.068846E1
2.034000E1	1.088933E2	-4.074323E1
2.036000E1	1.089191E2	-4.084775E1
2.038000E1	1.087977E2	-4.141500E1
2.040000E1	1.087163E2	-4.172985E1
2.042000E1	1.083316E2	-4.210311E1
2.044000E1	1.080114E2	-4.242275E1
2.046000E1	1.080650E2	-4.240057E1
2.048000E1	1.080237E2	-4.244311E1
2.050000E1	1.081141E2	-4.282739E1
2.052000E1	1.079698E2	-4.390120E1
2.054000E1	1.079279E2	-4.552568E1
2.056000E1	1.076791E2	-4.648457E1
2.058000E1	1.072661E2	-4.672517E1
2.060000E1	1.068690E2	-4.670265E1
2.062000E1	1.067062E2	-4.697090E1
2.064000E1	1.060677E2	-4.785159E1
2.066000E1	1.058417E2	-4.857036E1
2.068000E1	1.056735E2	-4.894021E1
2.070000E1	1.052770E2	-4.923824E1
2.072000E1	1.051394E2	-4.998335E1
2.074000E1	1.053372E2	-5.036579E1
2.076000E1	1.052561E2	-5.036669E1
2.078000E1	1.049837E2	-5.057734E1
2.080000E1	1.049737E2	-5.124125E1
2.082000E1	1.046600E2	-5.167451E1
2.084000E1	1.046318E2	-5.179947E1
2.086000E1	1.045466E2	-5.189104E1
2.088000E1	1.042376E2	-5.227162E1
2.090000E1	1.042693E2	-5.272927E1
2.092000E1	1.043740E2	-5.300171E1
2.094000E1	1.041679E2	-5.352330E1
2.096000E1	1.038991E2	-5.403513E1
2.098000E1	1.038522E2	-5.434734E1
2.100000E1	1.036170E2	-5.465687E1
2.102000E1	1.029945E2	-5.577496E1
2.104000E1	1.026799E2	-5.694119E1
2.106000E1	1.025202E2	-5.832631E1
2.108000E1	1.026324E2	-5.899708E1
2.110000E1	1.026733E2	-5.907519E1
2.112000E1	1.024045E2	-5.920647E1
2.114000E1	1.019717E2	-5.932199E1
2.116000E1	1.018382E2	-5.928741E1
2.118000E1	1.014400E2	-5.947633E1
2.120000E1	1.014843E2	-5.952053E1
2.122000E1	1.016575E2	-5.966731E1
2.124000E1	1.016664E2	-5.984219E1
2.126000E1	1.015946E2	-6.015083E1
2.128000E1	1.015966E2	-6.041195E1
2.130000E1	1.015915E2	-6.087347E1
2.132000E1	1.015072E2	-6.112882E1
2.134000E1	1.014354E2	-6.133289E1
2.136000E1	1.012489E2	-6.179853E1
2.138000E1	1.012149E2	-6.192664E1
2.140000E1	1.011580E2	-6.190342E1
2.142000E1	1.008820E2	-6.210879E1
2.144000E1	1.008014E2	-6.221717E1
2.146000E1	1.006889E2	-6.233115E1
2.148000E1	1.003395E2	-6.278711E1
2.150000E1	1.000464E2	-6.374650E1
2.152000E1	9.938520E1	-6.528523E1
2.154000E1	9.867085E1	-6.649023E1
2.156000E1	9.846867E1	-6.698891E1
2.158000E1	9.828229E1	-6.689597E1
2.160000E1	9.774274E1	-6.702432E1
2.162000E1	9.725529E1	-6.741359E1
2.164000E1	9.698513E1	-6.779823E1
2.166000E1	9.674229E1	-6.820159E1
2.168000E1	9.643623E1	-6.872657E1
2.170000E1	9.602567E1	-6.911549E1
2.172000E1	9.582335E1	-6.973296E1
2.174000E1	9.588690E1	-6.980945E1
2.176000E1	9.579017E1	-6.996565E1
2.178000E1	9.558219E1	-7.031142E1
2.180000E1	9.494401E1	-7.095497E1
2.182000E1	9.457162E1	-7.145007E1
2.184000E1	9.458592E1	-7.163683E1
2.186000E1	9.454393E1	-7.166755E1
2.188000E1	9.404228E1	-7.195747E1
2.190000E1	9.365687E1	-7.242690E1
2.192000E1	9.387424E1	-7.293216E1
2.194000E1	9.371434E1	-7.318477E1
2.196000E1	9.321261E1	-7.366318E1
2.198000E1	9.311779E1	-7.396328E1
2.200000E1	9.313681E1	-7.415546E1
2.202000E1	9.294652E1	-7.472602E1
2.204000E1	9.214101E1	-7.592499E1
2.206000E1	9.115533E1	-7.762927E1
2.208000E1	9.095939E1	-7.842087E1
2.210000E1	9.108962E1	-7.811689E1
2.212000E1	9.090809E1	-7.785905E1
2.214000E1	9.097333E1	-7.783796E1
2.216000E1	9.095243E1	-7.785278E1
2.218000E1	9.068442E1	-7.793987E1
2.220000E1	9.071373E1	-7.788849E1
2.222000E1	9.075626E1	-7.795740E1
2.224000E1	9.055138E1	-7.839794E1
2.226000E1	9.017405E1	-7.898621E1
2.228000E1	8.993869E1	-7.950932E1
2.230000E1	8.989298E1	-7.984228E1
2.232000E1	8.997715E1	-7.978011E1
2.234000E1	9.005929E1	-7.968384E1
2.236000E1	8.991442E1	-7.967254E1
2.238000E1	8.956573E1	-7.974537E1
2.240000E1	8.935440E1	-7.976342E1
2.242000E1	8.885263E1	-7.996471E1
2.244000E1	8.840373E1	-8.024506E1
2.246000E1	8.770262E1	-8.067332E1
2.248000E1	8.725079E1	-8.137787E1
2.250000E1	8.663780E1	-8.245393E1
2.252000E1	8.587435E1	-8.374223E1
2.254000E1	8.488175E1	-8.475767E1
2.256000E1	8.483379E1	-8.474228E1
2.258000E1	8.473336E1	-8.464448E1
2.260000E1	8.467515E1	-8.471140E1
2.262000E1	8.444213E1	-8.502092E1
2.264000E1	8.400726E1	-8.531997E1
2.266000E1	8.366502E1	-8.581484E1
2.268000E1	8.329597E1	-8.641613E1
2.270000E1	8.293254E1	-8.682410E1
2.272000E1	8.257016E1	-8.720814E1
2.274000E1	8.204581E1	-8.755488E1
2.276000E1	8.186528E1	-8.813591E1
2.278000E1	8.162573E1	-8.877384E1
2.280000E1	8.111591E1	-8.906498E1
2.282000E1	8.054877E1	-8.931675E1
2.284000E1	8.023202E1	-8.946030E1
2.286000E1	8.013430E1	-8.954142E1
2.288000E1	8.000879E1	-8.960020E1
2.290000E1	7.986799E1	-9.007191E1
2.292000E1	7.976867E1	-9.058446E1
2.294000E1	7.980015E1	-9.106432E1
2.296000E1	7.944563E1	-9.133340E1
2.298000E1	7.900114E1	-9.159778E1
2.300000E1	7.800989E1	-9.233031E1
2.302000E1	7.651336E1	-9.354901E1
2.304000E1	7.511559E1	-9.496003E1
2.306000E1	7.474545E1	-9.587356E1
2.308000E1	7.516095E1	-9.575239E1
2.310000E1	7.515889E1	-9.572208E1
2.312000E1	7.509697E1	-9.570188E1
2.314000E1	7.498670E1	-9.569189E1
2.316000E1	7.468419E1	-9.573913E1
2.318000E1	7.444504E1	-9.576849E1
2.320000E1	7.440203E1	-9.612822E1
2.322000E1	7.386310E1	-9.673066E1
2.324000E1	7.360035E1	-9.706077E1
2.326000E1	7.382084E1	-9.692038E1
2.328000E1	7.382020E1	-9.702962E1
2.330000E1	7.380649E1	-9.707172E1
2.332000E1	7.360906E1	-9.719944E1
2.334000E1	7.339540E1	-9.718585E1
2.336000E1	7.290285E1	-9.736459E1
2.338000E1	7.247757E1	-9.746364E1
2.340000E1	7.181845E1	-9.760698E1
2.342000E1	7.112613E1	-9.782279E1
2.344000E1	7.037694E1	-9.809275E1
2.346000E1	6.945877E1	-9.834816E1
2.348000E1	6.863182E1	-9.902794E1
2.350000E1	6.811290E1	-9.988561E1
2.352000E1	6.755058E1	-1.006067E2
2.354000E1	6.712973E1	-1.007992E2
2.356000E1	6.706104E1	-1.006216E2
2.358000E1	6.698833E1	-1.005479E2
2.360000E1	6.688276E1	-1.006751E2
2.362000E1	6.640425E1	-1.008887E2
2.364000E1	6.593045E1	-1.011860E2
2.366000E1	6.544974E1	-1.015438E2
2.368000E1	6.461836E1	-1.022104E2
2.370000E1	6.419861E1	-1.029644E2
2.372000E1	6.398114E1	-1.031119E2
2.374000E1	6.355138E1	-1.032383E2
2.376000E1	6.302963E1	-1.036191E2
2.378000E1	6.256975E1	-1.040273E2
2.380000E1	6.189481E1	-1.041083E2
2.382000E1	6.162384E1	-1.043200E2
2.384000E1	6.144544E1	-1.043446E2
2.386000E1	6.129476E1	-1.045563E2
2.388000E1	6.091082E1	-1.047774E2
2.390000E1	6.051337E1	-1.053275E2
2.392000E1	5.973042E1	-1.058120E2
2.394000E1	5.885932E1	-1.061554E2
2.396000E1	5.812315E1	-1.064244E2
2.398000E1	5.726323E1	-1.066797E2
2.400000E1	5.671547E1	-1.070883E2
2.402000E1	5.631568E1	-1.078108E2
2.404000E1	5.591633E1	-1.085773E2
2.406000E1	5.565722E1	-1.089787E2
2.408000E1	5.557669E1	-1.091337E2
2.410000E1	5.543901E1	-1.091238E2
2.412000E1	5.514547E1	-1.091467E2
2.414000E1	5.470630E1	-1.092516E2
2.416000E1	5.427096E1	-1.093818E2
2.418000E1	5.467249E1	-1.092813E2
2.420000E1	5.464254E1	-1.093203E2
2.422000E1	5.435568E1	-1.095829E2
2.424000E1	5.421505E1	-1.096107E2
2.426000E1	5.400780E1	-1.097086E2
2.428000E1	5.356338E1	-1.099190E2
2.430000E1	5.310481E1	-1.099984E2
2.432000E1	5.282830E1	-1.099434E2
2.434000E1	5.279187E1	-1.099268E2
2.436000E1	5.259592E1	-1.100271E2
2.438000E1	5.195969E1	-1.100213E2
2.440000E1	5.085169E1	-1.098456E2
2.442000E1	5.036237E1	-1.100129E2
2.444000E1	5.027405E1	-1.100774E2
2.446000E1	4.984899E1	-1.102904E2
2.448000E1	4.929457E1	-1.109409E2
2.450000E1	4.837682E1	-1.116854E2
2.452000E1	4.755995E1	-1.120744E2
2.454000E1	4.748732E1	-1.120992E2
2.456000E1	4.743963E1	-1.119837E2
2.458000E1	4.723882E1	-1.118389E2
2.460000E1	4.669566E1	-1.120350E2
2.462000E1	4.621692E1	-1.124366E2
2.464000E1	4.592163E1	-1.126768E2
2.466000E1	4.538391E1	-1.127770E2
2.468000E1	4.409367E1	-1.131406E2
2.470000E1	4.337838E1	-1.135270E2
2.472000E1	4.308421E1	-1.134826E2
2.474000E1	4.260554E1	-1.135236E2
2.476000E1	4.190678E1	-1.141463E2
2.478000E1	4.100028E1	-1.145219E2
2.480000E1	4.073553E1	-1.148660E2
2.482000E1	4.073258E1	-1.149130E2
2.484000E1	4.070166E1	-1.149698E2
2.486000E1	4.008664E1	-1.150670E2
2.488000E1	3.917677E1	-1.154293E2
2.490000E1	3.786156E1	-1.158928E2
2.492000E1	3.737563E1	-1.161912E2
2.494000E1	3.729021E1	-1.162040E2
2.496000E1	3.734193E1	-1.162701E2
2.498000E1	3.703603E1	-1.164294E2
2.500000E1	3.646900E1	-1.166433E2
2.502000E1	3.551136E1	-1.173069E2
2.504000E1	3.462204E1	-1.179946E2
2.506000E1	3.418584E1	-1.183869E2
2.508000E1	3.378061E1	-1.185560E2
2.510000E1	3.384980E1	-1.184659E2
2.512000E1	3.416318E1	-1.184138E2
2.514000E1	3.412436E1	-1.184601E2
2.516000E1	3.406372E1	-1.184465E2
2.518000E1	3.366893E1	-1.184095E2
2.520000E1	3.351927E1	-1.184899E2
2.522000E1	3.299478E1	-1.185567E2
2.524000E1	3.226835E1	-1.186033E2
2.526000E1	3.193971E1	-1.186905E2
2.528000E1	3.198909E1	-1.187102E2
2.530000E1	3.189347E1	-1.188025E2
2.532000E1	3.131290E1	-1.187906E2
2.534000E1	3.097649E1	-1.186600E2
2.536000E1	3.065749E1	-1.185099E2
2.538000E1	3.047866E1	-1.185265E2
2.540000E1	3.013637E1	-1.184006E2
2.542000E1	2.980927E1	-1.181987E2
2.544000E1	2.942638E1	-1.183197E2
2.546000E1	2.898605E1	-1.184806E2
2.548000E1	2.815050E1	-1.189667E2
2.550000E1	2.724720E1	-1.194739E2
2.552000E1	2.632850E1	-1.197969E2
2.554000E1	2.599984E1	-1.199320E2
2.556000E1	2.600989E1	-1.199349E2
2.558000E1	2.589504E1	-1.199831E2
2.560000E1	2.505580E1	-1.200568E2
2.562000E1	2.404782E1	-1.200436E2
2.564000E1	2.352086E1	-1.202046E2
2.566000E1	2.294821E1	-1.201262E2
2.568000E1	2.232051E1	-1.202185E2
2.570000E1	2.170097E1	-1.205064E2
2.572000E1	2.136864E1	-1.208912E2
2.574000E1	2.119487E1	-1.210187E2
2.576000E1	2.075847E1	-1.211368E2
2.578000E1	1.985115E1	-1.212092E2
2.580000E1	1.897360E1	-1.212617E2
2.582000E1	1.835190E1	-1.210981E2
2.584000E1	1.803795E1	-1.210136E2
2.586000E1	1.787668E1	-1.209991E2
2.588000E1	1.782284E1	-1.213998E2
2.590000E1	1.740719E1	-1.217009E2
2.592000E1	1.706068E1	-1.218319E2
2.594000E1	1.660940E1	-1.219314E2
2.596000E1	1.642284E1	-1.220401E2
2.598000E1	1.607508E1	-1.221294E2
2.600000E1	1.551426E1	-1.222339E2
2.602000E1	1.400118E1	-1.223113E2
2.604000E1	1.320078E1	-1.228497E2
2.606000E1	1.313551E1	-1.232128E2
2.608000E1	1.326618E1	-1.232595E2
2.610000E1	1.326175E1	-1.232315E2
2.612000E1	1.290923E1	-1.230963E2
2.614000E1	1.269113E1	-1.227536E2
2.616000E1	1.219327E1	-1.223914E2
2.618000E1	1.210521E1	-1.223588E2
2.620000E1	1.163843E1	-1.224496E2
2.622000E1	1.111939E1	-1.225520E2
2.624000E1	1.023381E1	-1.224812E2
2.626000E1	1.007040E1	-1.223814E2
2.628000E1	1.009534E1	-1.224012E2
2.630000E1	9.951547E0	-1.223606E2
2.632000E1	9.819255E0	-1.223569E2
2.634000E1	9.848348E0	-1.222947E2
2.636000E1	9.460023E0	-1.221608E2
2.638000E1	9.384464E0	-1.220882E2
2.640000E1	8.979573E0	-1.219159E2
2.642000E1	8.595415E0	-1.217517E2
2.644000E1	8.017842E0	-1.216869E2
2.646000E1	7.261462E0	-1.217111E2
2.648000E1	6.513691E0	-1.220633E2
2.650000E1	5.629744E0	-1.225655E2
2.652000E1	4.673370E0	-1.227940E2
2.654000E1	4.009307E0	-1.226027E2
2.656000E1	3.904124E0	-1.223841E2
2.658000E1	3.502639E0	-1.223175E2
2.660000E1	2.731968E0	-1.220049E2
2.662000E1	2.151114E0	-1.221895E2
2.664000E1	1.614497E0	-1.224468E2
2.666000E1	1.150235E0	-1.225854E2
2.668000E1	7.429208E-1	-1.226511E2
2.670000E1	1.700798E-1	-1.227720E2
2.672000E1	-9.801614E-1	-1.224925E2
2.674000E1	-2.170381E0	-1.222280E2
2.676000E1	-3.481955E0	-1.220515E2
2.678000E1	-4.081416E0	-1.220885E2
2.680000E1	-4.115821E0	-1.220684E2
2.682000E1	-4.079322E0	-1.221599E2
2.684000E1	-4.105119E0	-1.221298E2
2.686000E1	-4.528717E0	-1.220234E2
2.688000E1	-4.668404E0	-1.222039E2
2.690000E1	-5.382147E0	-1.225396E2
2.692000E1	-5.938495E0	-1.226513E2
2.694000E1	-6.499460E0	-1.226219E2
2.696000E1	-6.934831E0	-1.225009E2
2.698000E1	-6.961673E0	-1.224850E2
2.700000E1	-6.977978E0	-1.224944E2
2.702000E1	-7.555417E0	-1.226439E2
2.704000E1	-8.814363E0	-1.228182E2
2.706000E1	-9.750645E0	-1.230309E2
2.708000E1	-9.832445E0	-1.228629E2
2.710000E1	-1.003017E1	-1.223542E2
2.712000E1	-1.001741E1	-1.223252E2
2.714000E1	-1.007658E1	-1.222597E2
2.716000E1	-1.066975E1	-1.219094E2
2.718000E1	-1.089963E1	-1.217541E2
2.720000E1	-1.132866E1	-1.215856E2
2.722000E1	-1.133574E1	-1.216753E2
2.724000E1	-1.179281E1	-1.216979E2
2.726000E1	-1.188796E1	-1.217662E2
2.728000E1	-1.220580E1	-1.217108E2
2.730000E1	-1.226986E1	-1.216841E2
2.732000E1	-1.218831E1	-1.216513E2
2.734000E1	-1.225235E1	-1.216236E2
2.736000E1	-1.266636E1	-1.213610E2
2.738000E1	-1.279742E1	-1.211305E2
2.740000E1	-1.323358E1	-1.209511E2
2.742000E1	-1.327815E1	-1.208844E2
2.744000E1	-1.349909E1	-1.207537E2
2.746000E1	-1.421022E1	-1.204875E2
2.748000E1	-1.554104E1	-1.205454E2
2.750000E1	-1.695533E1	-1.208343E2
2.752000E1	-1.790540E1	-1.206320E2
2.754000E1	-1.819774E1	-1.204259E2
2.756000E1	-1.822582E1	-1.203970E2
2.758000E1	-1.854373E1	-1.206114E2
2.760000E1	-1.891573E1	-1.205263E2
2.762000E1	-1.921470E1	-1.203005E2
2.764000E1	-1.992693E1	-1.200999E2
2.766000E1	-2.101791E1	-1.197224E2
2.768000E1	-2.214228E1	-1.193376E2
2.770000E1	-2.304283E1	-1.191501E2
2.772000E1	-2.321938E1	-1.191881E2
2.774000E1	-2.336287E1	-1.194352E2
2.776000E1	-2.378622E1	-1.194691E2
2.778000E1	-2.411853E1	-1.193979E2
2.780000E1	-2.423641E1	-1.192203E2
2.782000E1	-2.415942E1	-1.192254E2
2.784000E1	-2.423668E1	-1.191524E2
2.786000E1	-2.478950E1	-1.190799E2
2.788000E1	-2.569248E1	-1.187814E2
2.790000E1	-2.603958E1	-1.191225E2
2.792000E1	-2.611364E1	-1.191901E2
2.794000E1	-2.616528E1	-1.192672E2
2.796000E1	-2.658690E1	-1.192801E2
2.798000E1	-2.701011E1	-1.190178E2
2.800000E1	-2.765585E1	-1.185815E2
2.802000E1	-2.887458E1	-1.182376E2
2.804000E1	-3.057396E1	-1.178786E2
2.806000E1	-3.151665E1	-1.180377E2
2.808000E1	-3.138617E1	-1.181725E2
2.810000E1	-3.138914E1	-1.178096E2
2.812000E1	-3.146452E1	-1.173600E2
2.814000E1	-3.138131E1	-1.173030E2
2.816000E1	-3.185637E1	-1.168580E2
2.818000E1	-3.209918E1	-1.169415E2
2.820000E1	-3.203594E1	-1.169180E2
2.822000E1	-3.209007E1	-1.169022E2
2.824000E1	-3.237538E1	-1.169443E2
2.826000E1	-3.273055E1	-1.170444E2
2.828000E1	-3.292397E1	-1.168395E2
2.830000E1	-3.298117E1	-1.167200E2
2.832000E1	-3.296765E1	-1.167312E2
2.834000E1	-3.278534E1	-1.170102E2
2.836000E1	-3.280200E1	-1.170373E2
2.838000E1	-3.316096E1	-1.168525E2
2.840000E1	-3.371158E1	-1.159938E2
2.842000E1	-3.432027E1	-1.154711E2
2.844000E1	-3.459780E1	-1.153077E2
2.846000E1	-3.541583E1	-1.148944E2
2.848000E1	-3.605407E1	-1.149371E2
2.850000E1	-3.697255E1	-1.151890E2
2.852000E1	-3.807742E1	-1.153643E2
2.854000E1	-3.901859E1	-1.152605E2
2.856000E1	-3.954107E1	-1.148717E2
2.858000E1	-4.003404E1	-1.141625E2
2.860000E1	-4.062047E1	-1.135587E2
2.862000E1	-4.139997E1	-1.132612E2
2.864000E1	-4.188791E1	-1.132593E2
2.866000E1	-4.212330E1	-1.133202E2
2.868000E1	-4.251189E1	-1.133296E2
2.870000E1	-4.278922E1	-1.133767E2
2.872000E1	-4.278944E1	-1.132282E2
2.874000E1	-4.304712E1	-1.130748E2
2.876000E1	-4.316415E1	-1.131418E2
2.878000E1	-4.347005E1	-1.132044E2
2.880000E1	-4.395663E1	-1.128931E2
2.882000E1	-4.395875E1	-1.127138E2
2.884000E1	-4.382583E1	-1.125608E2
2.886000E1	-4.396901E1	-1.125513E2
2.888000E1	-4.401371E1	-1.125071E2
2.890000E1	-4.436922E1	-1.124530E2
2.892000E1	-4.524203E1	-1.121491E2
2.894000E1	-4.589109E1	-1.119935E2
2.896000E1	-4.650101E1	-1.113819E2
2.898000E1	-4.720097E1	-1.108495E2
2.900000E1	-4.787825E1	-1.103390E2
2.902000E1	-4.909944E1	-1.098459E2
2.904000E1	-5.063103E1	-1.089103E2
2.906000E1	-5.142271E1	-1.088254E2
2.908000E1	-5.131983E1	-1.089703E2
2.910000E1	-5.116680E1	-1.087759E2
2.912000E1	-5.115129E1	-1.086941E2
2.914000E1	-5.105357E1	-1.085464E2
2.916000E1	-5.130992E1	-1.082921E2
2.918000E1	-5.136442E1	-1.081228E2
2.920000E1	-5.146411E1	-1.081602E2
2.922000E1	-5.178086E1	-1.080151E2
2.924000E1	-5.217953E1	-1.078213E2
2.926000E1	-5.223636E1	-1.079045E2
2.928000E1	-5.226464E1	-1.080622E2
2.930000E1	-5.234283E1	-1.080225E2
2.932000E1	-5.262723E1	-1.075565E2
2.934000E1	-5.259201E1	-1.074808E2
2.936000E1	-5.260094E1	-1.073620E2
2.938000E1	-5.281230E1	-1.071850E2
2.940000E1	-5.303061E1	-1.068420E2
2.942000E1	-5.310325E1	-1.067441E2
2.944000E1	-5.318419E1	-1.066798E2
2.946000E1	-5.347040E1	-1.064958E2
2.948000E1	-5.457160E1	-1.059233E2
2.950000E1	-5.613575E1	-1.053207E2
2.952000E1	-5.816451E1	-1.044662E2
2.954000E1	-5.977512E1	-1.036417E2
2.956000E1	-6.020137E1	-1.032006E2
2.958000E1	-6.010646E1	-1.031922E2
2.960000E1	-6.013664E1	-1.032254E2
2.962000E1	-6.028477E1	-1.031814E2
2.964000E1	-6.068796E1	-1.031310E2
2.966000E1	-6.119650E1	-1.026903E2
2.968000E1	-6.138787E1	-1.024643E2
2.970000E1	-6.160971E1	-1.022872E2
2.972000E1	-6.209981E1	-1.024079E2
2.974000E1	-6.263457E1	-1.020318E2
2.976000E1	-6.277986E1	-1.016853E2
2.978000E1	-6.304466E1	-1.017807E2
2.980000E1	-6.317253E1	-1.017319E2
2.982000E1	-6.320933E1	-1.016374E2
2.984000E1	-6.325913E1	-1.011778E2
2.986000E1	-6.362502E1	-1.011186E2
2.988000E1	-6.390428E1	-1.006485E2
2.990000E1	-6.453016E1	-9.993907E1
2.992000E1	-6.498507E1	-9.944124E1
2.994000E1	-6.547612E1	-9.932626E1
2.996000E1	-6.597003E1	-9.884403E1
2.998000E1	-6.635056E1	-9.808528E1
3.000000E1	-6.667873E1	-9.774467E1
3.002000E1	-6.705858E1	-9.730956E1
3.004000E1	-6.826110E1	-9.659864E1
3.006000E1	-6.946835E1	-9.603500E1
3.008000E1	-6.978404E1	-9.600392E1
3.010000E1	-6.965501E1	-9.606711E1
3.012000E1	-6.949261E1	-9.604930E1
3.014000E1	-6.941202E1	-9.597069E1
3.016000E1	-6.941311E1	-9.575834E1
3.018000E1	-6.962340E1	-9.539623E1
3.020000E1	-6.964275E1	-9.545620E1
3.022000E1	-6.977176E1	-9.562215E1
3.024000E1	-7.009597E1	-9.558350E1
3.026000E1	-7.034596E1	-9.494014E1
3.028000E1	-7.041167E1	-9.483950E1
3.030000E1	-7.060207E1	-9.474170E1
3.032000E1	-7.078922E1	-9.468129E1
3.034000E1	-7.086184E1	-9.458050E1
3.036000E1	-7.075878E1	-9.472608E1
3.038000E1	-7.096163E1	-9.482116E1
3.040000E1	-7.108617E1	-9.486079E1
3.042000E1	-7.120782E1	-9.439521E1
3.044000E1	-7.171542E1	-9.348528E1
3.046000E1	-7.237306E1	-9.263726E1
3.048000E1	-7.316673E1	-9.167631E1
3.050000E1	-7.411668E1	-9.096685E1
3.052000E1	-7.522626E1	-9.067268E1
3.054000E1	-7.615662E1	-9.083791E1
3.056000E1	-7.656973E1	-9.087084E1
3.058000E1	-7.643924E1	-9.079306E1
3.060000E1	-7.632618E1	-9.071164E1
3.062000E1	-7.647526E1	-9.049197E1
3.064000E1	-7.697219E1	-9.032874E1
3.066000E1	-7.735039E1	-8.974860E1
3.068000E1	-7.765645E1	-8.934862E1
3.070000E1	-7.769745E1	-8.937017E1
3.072000E1	-7.795432E1	-8.921831E1
3.074000E1	-7.805697E1	-8.921940E1
3.076000E1	-7.826817E1	-8.903021E1
3.078000E1	-7.870744E1	-8.839753E1
3.080000E1	-7.939079E1	-8.794717E1
3.082000E1	-7.980036E1	-8.723451E1
3.084000E1	-7.991620E1	-8.679971E1
3.086000E1	-7.999160E1	-8.654813E1
3.088000E1	-8.025044E1	-8.586567E1
3.090000E1	-8.061328E1	-8.523836E1
3.092000E1	-8.114097E1	-8.466201E1
3.094000E1	-8.140820E1	-8.455950E1
3.096000E1	-8.147071E1	-8.451017E1
3.098000E1	-8.163245E1	-8.441080E1
3.100000E1	-8.186296E1	-8.401418E1
3.102000E1	-8.212327E1	-8.351106E1
3.104000E1	-8.291500E1	-8.285619E1
3.106000E1	-8.401949E1	-8.185965E1
3.108000E1	-8.478477E1	-8.133225E1
3.110000E1	-8.497129E1	-8.115847E1
3.112000E1	-8.495208E1	-8.125833E1
3.114000E1	-8.476202E1	-8.143902E1
3.116000E1	-8.462463E1	-8.144376E1
3.118000E1	-8.469233E1	-8.089747E1
3.120000E1	-8.478954E1	-8.036711E1
3.122000E1	-8.483219E1	-8.035978E1
3.124000E1	-8.498487E1	-8.026276E1
3.126000E1	-8.514793E1	-8.016573E1
3.128000E1	-8.548409E1	-8.001658E1
3.130000E1	-8.578592E1	-8.013262E1
3.132000E1	-8.611590E1	-7.999993E1
3.134000E1	-8.611146E1	-7.988832E1
3.136000E1	-8.612149E1	-7.978339E1
3.138000E1	-8.631898E1	-7.924143E1
3.140000E1	-8.648258E1	-7.880605E1
3.142000E1	-8.646524E1	-7.829922E1
3.144000E1	-8.655988E1	-7.773657E1
3.146000E1	-8.666018E1	-7.769005E1
3.148000E1	-8.677470E1	-7.789682E1
3.150000E1	-8.675256E1	-7.790026E1
3.152000E1	-8.737525E1	-7.728413E1
3.154000E1	-8.856490E1	-7.660516E1
3.156000E1	-8.974909E1	-7.591469E1
3.158000E1	-9.009036E1	-7.569642E1
3.160000E1	-9.008156E1	-7.548918E1
3.162000E1	-8.989378E1	-7.532106E1
3.164000E1	-9.001234E1	-7.534638E1
3.166000E1	-9.026410E1	-7.521223E1
3.168000E1	-9.039813E1	-7.503471E1
3.170000E1	-9.061359E1	-7.428802E1
3.172000E1	-9.112188E1	-7.372833E1
3.174000E1	-9.174547E1	-7.339851E1
3.176000E1	-9.195904E1	-7.265528E1
3.178000E1	-9.216288E1	-7.197671E1
3.180000E1	-9.261141E1	-7.107718E1
3.182000E1	-9.335086E1	-7.018821E1
3.184000E1	-9.360231E1	-6.960124E1
3.186000E1	-9.351681E1	-6.953800E1
3.188000E1	-9.322226E1	-6.929662E1
3.190000E1	-9.350517E1	-6.898008E1
3.192000E1	-9.376728E1	-6.887154E1
3.194000E1	-9.402847E1	-6.850308E1
3.196000E1	-9.432424E1	-6.828501E1
3.198000E1	-9.462892E1	-6.791138E1
3.200000E1	-9.472646E1	-6.771845E1
3.202000E1	-9.485724E1	-6.721465E1
3.204000E1	-9.512156E1	-6.645534E1
3.206000E1	-9.588210E1	-6.553402E1
3.208000E1	-9.685879E1	-6.450527E1
3.210000E1	-9.740907E1	-6.401983E1
3.212000E1	-9.735609E1	-6.399139E1
3.214000E1	-9.721439E1	-6.403967E1
3.216000E1	-9.709559E1	-6.405548E1
3.218000E1	-9.706548E1	-6.400125E1
3.220000E1	-9.713909E1	-6.356519E1
3.222000E1	-9.707550E1	-6.354983E1
3.224000E1	-9.711376E1	-6.354631E1
3.226000E1	-9.755628E1	-6.313082E1
3.228000E1	-9.800769E1	-6.275022E1
3.230000E1	-9.822014E1	-6.226762E1
3.232000E1	-9.824703E1	-6.211458E1
3.234000E1	-9.828380E1	-6.197459E1
3.236000E1	-9.836622E1	-6.190973E1
3.238000E1	-9.849213E1	-6.199853E1
3.240000E1	-9.841710E1	-6.219762E1
3.242000E1	-9.839309E1	-6.204692E1
3.244000E1	-9.837101E1	-6.145498E1
3.246000E1	-9.847659E1	-6.130191E1
3.248000E1	-9.863955E1	-6.106074E1
3.250000E1	-9.877430E1	-6.080159E1
