	mass A		
t	x	y	
0.000000E0	1.032519E2	-5.410018E1
2.000000E-2	1.032519E2	-5.410018E1
4.000000E-2	1.032975E2	-5.457886E1
6.000000E-2	1.034050E2	-5.459487E1
8.000000E-2	1.034160E2	-5.472485E1
1.000000E-1	1.031259E2	-5.560615E1
1.200000E-1	1.028165E2	-5.603577E1
1.400000E-1	1.026233E2	-5.626277E1
1.600000E-1	1.022168E2	-5.638500E1
1.800000E-1	1.021594E2	-5.681113E1
2.000000E-1	1.021134E2	-5.712237E1
2.200000E-1	1.019975E2	-5.718567E1
2.400000E-1	1.015573E2	-5.732170E1
2.600000E-1	1.006473E2	-5.777821E1
2.800000E-1	1.000282E2	-5.858313E1
3.000000E-1	1.001087E2	-5.878021E1
3.200000E-1	1.004732E2	-5.886674E1
3.400000E-1	1.006199E2	-5.892199E1
3.600000E-1	1.006344E2	-5.888940E1
3.800000E-1	1.006106E2	-5.889846E1
4.000000E-1	1.005329E2	-5.891638E1
4.200000E-1	1.005086E2	-5.932481E1
4.400000E-1	1.002065E2	-6.014385E1
4.600000E-1	9.976170E1	-6.057310E1
4.800000E-1	9.970945E1	-6.077057E1
5.000000E-1	9.948927E1	-6.111563E1
5.200000E-1	9.961780E1	-6.177697E1
5.400000E-1	9.944154E1	-6.256919E1
5.600000E-1	9.925985E1	-6.291212E1
5.800000E-1	9.928347E1	-6.289487E1
6.000000E-1	9.929919E1	-6.290497E1
6.200000E-1	9.925841E1	-6.294474E1
6.400000E-1	9.918638E1	-6.326728E1
6.600000E-1	9.888705E1	-6.412493E1
6.800000E-1	9.793013E1	-6.527647E1
7.000000E-1	9.691568E1	-6.699166E1
7.200000E-1	9.585503E1	-6.831046E1
7.400000E-1	9.567508E1	-6.908714E1
7.600000E-1	9.584689E1	-6.909564E1
7.800000E-1	9.616115E1	-6.895249E1
8.000000E-1	9.611702E1	-6.900872E1
8.200000E-1	9.592692E1	-6.912841E1
8.400000E-1	9.544642E1	-6.944796E1
8.600000E-1	9.522822E1	-7.027184E1
8.800000E-1	9.484248E1	-7.071012E1
9.000000E-1	9.430111E1	-7.108379E1
9.200000E-1	9.411116E1	-7.163083E1
9.400000E-1	9.383165E1	-7.235626E1
9.600000E-1	9.351552E1	-7.313604E1
9.800000E-1	9.313987E1	-7.350441E1
1.000000E0	9.346162E1	-7.345675E1
1.020000E0	9.347314E1	-7.356323E1
1.040000E0	9.327631E1	-7.429986E1
1.060000E0	9.309676E1	-7.440200E1
1.080000E0	9.281047E1	-7.457716E1
1.100000E0	9.239044E1	-7.493381E1
1.120000E0	9.202024E1	-7.559644E1
1.140000E0	9.202463E1	-7.563750E1
1.160000E0	9.172171E1	-7.577477E1
1.180000E0	9.130147E1	-7.590184E1
1.200000E0	9.083674E1	-7.607645E1
1.220000E0	8.991529E1	-7.643665E1
1.240000E0	8.922698E1	-7.727642E1
1.260000E0	8.883477E1	-7.763718E1
1.280000E0	8.924153E1	-7.760510E1
1.300000E0	8.934000E1	-7.742027E1
1.320000E0	8.936477E1	-7.741659E1
1.340000E0	8.933320E1	-7.741880E1
1.360000E0	8.926675E1	-7.746584E1
1.380000E0	8.917018E1	-7.785040E1
1.400000E0	8.882520E1	-7.840775E1
1.420000E0	8.852945E1	-7.903199E1
1.440000E0	8.825669E1	-7.937681E1
1.460000E0	8.806396E1	-7.996837E1
1.480000E0	8.793649E1	-8.070071E1
1.500000E0	8.763548E1	-8.103594E1
1.520000E0	8.765800E1	-8.106148E1
1.540000E0	8.763683E1	-8.106050E1
1.560000E0	8.763998E1	-8.110924E1
1.580000E0	8.748522E1	-8.144693E1
1.600000E0	8.727967E1	-8.210783E1
1.620000E0	8.697571E1	-8.282968E1
1.640000E0	8.602748E1	-8.388289E1
1.660000E0	8.484172E1	-8.490386E1
1.680000E0	8.367783E1	-8.572910E1
1.700000E0	8.322304E1	-8.612618E1
1.720000E0	8.335616E1	-8.659824E1
1.740000E0	8.346035E1	-8.676794E1
1.760000E0	8.349708E1	-8.673084E1
1.780000E0	8.314977E1	-8.688574E1
1.800000E0	8.271381E1	-8.732837E1
1.820000E0	8.251903E1	-8.796851E1
1.840000E0	8.226285E1	-8.815894E1
1.860000E0	8.157362E1	-8.850623E1
1.880000E0	8.096080E1	-8.949612E1
1.900000E0	8.064268E1	-9.036038E1
1.920000E0	8.046161E1	-9.091691E1
1.940000E0	8.048253E1	-9.085332E1
1.960000E0	8.050698E1	-9.080406E1
1.980000E0	8.050583E1	-9.079064E1
2.000000E0	8.049027E1	-9.078387E1
2.020000E0	8.016568E1	-9.112165E1
2.040000E0	7.979468E1	-9.182367E1
2.060000E0	7.932090E1	-9.216717E1
2.080000E0	7.917836E1	-9.235105E1
2.100000E0	7.888745E1	-9.224923E1
2.120000E0	7.844799E1	-9.235038E1
2.140000E0	7.803796E1	-9.251379E1
2.160000E0	7.760299E1	-9.289513E1
2.180000E0	7.707778E1	-9.323077E1
2.200000E0	7.619189E1	-9.365424E1
2.220000E0	7.554709E1	-9.410109E1
2.240000E0	7.567333E1	-9.406736E1
2.260000E0	7.564693E1	-9.409097E1
2.280000E0	7.566554E1	-9.411886E1
2.300000E0	7.567160E1	-9.431508E1
2.320000E0	7.545755E1	-9.456647E1
2.340000E0	7.531137E1	-9.477697E1
2.360000E0	7.526669E1	-9.495606E1
2.380000E0	7.479529E1	-9.566253E1
2.400000E0	7.415572E1	-9.660738E1
2.420000E0	7.345615E1	-9.750759E1
2.440000E0	7.315644E1	-9.771926E1
2.460000E0	7.310667E1	-9.765391E1
2.480000E0	7.306230E1	-9.762383E1
2.500000E0	7.299752E1	-9.769387E1
2.520000E0	7.295243E1	-9.779307E1
2.540000E0	7.273355E1	-9.815480E1
2.560000E0	7.232395E1	-9.901503E1
2.580000E0	7.168070E1	-1.000848E2
2.600000E0	7.107297E1	-1.003899E2
2.620000E0	7.010494E1	-1.008553E2
2.640000E0	6.914256E1	-1.011793E2
2.660000E0	6.834012E1	-1.015910E2
2.680000E0	6.823952E1	-1.021226E2
2.700000E0	6.842330E1	-1.022135E2
2.720000E0	6.850670E1	-1.023672E2
2.740000E0	6.806154E1	-1.025713E2
2.760000E0	6.769666E1	-1.027748E2
2.780000E0	6.730909E1	-1.032341E2
2.800000E0	6.684665E1	-1.036404E2
2.820000E0	6.621200E1	-1.042007E2
2.840000E0	6.536404E1	-1.051104E2
2.860000E0	6.498036E1	-1.054056E2
2.880000E0	6.520648E1	-1.053894E2
2.900000E0	6.501964E1	-1.053502E2
2.920000E0	6.485365E1	-1.054642E2
2.940000E0	6.485105E1	-1.054558E2
2.960000E0	6.463756E1	-1.054930E2
2.980000E0	6.422489E1	-1.057201E2
3.000000E0	6.386590E1	-1.063857E2
3.020000E0	6.362905E1	-1.065480E2
3.040000E0	6.342999E1	-1.064973E2
3.060000E0	6.287044E1	-1.065147E2
3.080000E0	6.234297E1	-1.066979E2
3.100000E0	6.186016E1	-1.069900E2
3.120000E0	6.149021E1	-1.072113E2
3.140000E0	6.096612E1	-1.075058E2
3.160000E0	6.011323E1	-1.075848E2
3.180000E0	5.957276E1	-1.074917E2
3.200000E0	5.909536E1	-1.075480E2
3.220000E0	5.898300E1	-1.077430E2
3.240000E0	5.888388E1	-1.080470E2
3.260000E0	5.864248E1	-1.081054E2
3.280000E0	5.864247E1	-1.083097E2
3.300000E0	5.845369E1	-1.084229E2
3.320000E0	5.823598E1	-1.087608E2
3.340000E0	5.758318E1	-1.094850E2
3.360000E0	5.681976E1	-1.103229E2
3.380000E0	5.651897E1	-1.104778E2
3.400000E0	5.649314E1	-1.104332E2
3.420000E0	5.636269E1	-1.105417E2
3.440000E0	5.634302E1	-1.105736E2
3.460000E0	5.609590E1	-1.107135E2
3.480000E0	5.568997E1	-1.109762E2
3.500000E0	5.517117E1	-1.113876E2
3.520000E0	5.476911E1	-1.122627E2
3.540000E0	5.419833E1	-1.128753E2
3.560000E0	5.364826E1	-1.129278E2
3.580000E0	5.311808E1	-1.129323E2
3.600000E0	5.216428E1	-1.132518E2
3.620000E0	5.120885E1	-1.135818E2
3.640000E0	5.072761E1	-1.138694E2
3.660000E0	5.079147E1	-1.143722E2
3.680000E0	5.063074E1	-1.146510E2
3.700000E0	5.065861E1	-1.147110E2
3.720000E0	5.014749E1	-1.149110E2
3.740000E0	4.929363E1	-1.152622E2
3.760000E0	4.881841E1	-1.161487E2
3.780000E0	4.783871E1	-1.164246E2
3.800000E0	4.702799E1	-1.166989E2
3.820000E0	4.703059E1	-1.167885E2
3.840000E0	4.705710E1	-1.168118E2
3.860000E0	4.688563E1	-1.169240E2
3.880000E0	4.693498E1	-1.169054E2
3.900000E0	4.667939E1	-1.169659E2
3.920000E0	4.644998E1	-1.170833E2
3.940000E0	4.610691E1	-1.172955E2
3.960000E0	4.578058E1	-1.173880E2
3.980000E0	4.566855E1	-1.174378E2
4.000000E0	4.479700E1	-1.176919E2
4.020000E0	4.430399E1	-1.177470E2
4.040000E0	4.386060E1	-1.179998E2
4.060000E0	4.339630E1	-1.181985E2
4.080000E0	4.305391E1	-1.183337E2
4.100000E0	4.302454E1	-1.182132E2
4.120000E0	4.249326E1	-1.180147E2
4.140000E0	4.139810E1	-1.176913E2
4.160000E0	4.051343E1	-1.179725E2
4.180000E0	4.003890E1	-1.182667E2
4.200000E0	3.990242E1	-1.185346E2
4.220000E0	3.994276E1	-1.187907E2
4.240000E0	3.983064E1	-1.189227E2
4.260000E0	3.966952E1	-1.195035E2
4.280000E0	3.906600E1	-1.198786E2
4.300000E0	3.844887E1	-1.203588E2
4.320000E0	3.803005E1	-1.205313E2
4.340000E0	3.807088E1	-1.205601E2
4.360000E0	3.806483E1	-1.205590E2
4.380000E0	3.772628E1	-1.206564E2
4.400000E0	3.758896E1	-1.207234E2
4.420000E0	3.712088E1	-1.210468E2
4.440000E0	3.613794E1	-1.216176E2
4.460000E0	3.523974E1	-1.220925E2
4.480000E0	3.503739E1	-1.223742E2
4.500000E0	3.507679E1	-1.224557E2
4.520000E0	3.501974E1	-1.224847E2
4.540000E0	3.461859E1	-1.226150E2
4.560000E0	3.374489E1	-1.228918E2
4.580000E0	3.248751E1	-1.230113E2
4.600000E0	3.139819E1	-1.232224E2
4.620000E0	3.096332E1	-1.236050E2
4.640000E0	3.135115E1	-1.240504E2
4.660000E0	3.128778E1	-1.241539E2
4.680000E0	3.073298E1	-1.243417E2
4.700000E0	2.965483E1	-1.248938E2
4.720000E0	2.858282E1	-1.253238E2
4.740000E0	2.838069E1	-1.254618E2
4.760000E0	2.838361E1	-1.254736E2
4.780000E0	2.781255E1	-1.256104E2
4.800000E0	2.745986E1	-1.258122E2
4.820000E0	2.791327E1	-1.256950E2
4.840000E0	2.778947E1	-1.257045E2
4.860000E0	2.731185E1	-1.258263E2
4.880000E0	2.683463E1	-1.260076E2
4.900000E0	2.675819E1	-1.260103E2
4.920000E0	2.657030E1	-1.259762E2
4.940000E0	2.611139E1	-1.261125E2
4.960000E0	2.517420E1	-1.262525E2
4.980000E0	2.452816E1	-1.264024E2
5.000000E0	2.423539E1	-1.264948E2
5.020000E0	2.387070E1	-1.265429E2
5.040000E0	2.383104E1	-1.265244E2
5.060000E0	2.374998E1	-1.264781E2
5.080000E0	2.296366E1	-1.262212E2
5.100000E0	2.212512E1	-1.260478E2
5.120000E0	2.103800E1	-1.259945E2
5.140000E0	2.027589E1	-1.262118E2
5.160000E0	2.013847E1	-1.264265E2
5.180000E0	2.008875E1	-1.265824E2
5.200000E0	1.996786E1	-1.270474E2
5.220000E0	1.957654E1	-1.273582E2
5.240000E0	1.906232E1	-1.275592E2
5.260000E0	1.864456E1	-1.276821E2
5.280000E0	1.849071E1	-1.276974E2
5.300000E0	1.838436E1	-1.276347E2
5.320000E0	1.834098E1	-1.276164E2
5.340000E0	1.793448E1	-1.277144E2
5.360000E0	1.746842E1	-1.278459E2
5.380000E0	1.677669E1	-1.281205E2
5.400000E0	1.580405E1	-1.285127E2
5.420000E0	1.499784E1	-1.286333E2
5.440000E0	1.494731E1	-1.287859E2
5.460000E0	1.491629E1	-1.287599E2
5.480000E0	1.491539E1	-1.287327E2
5.500000E0	1.464751E1	-1.287067E2
5.520000E0	1.385937E1	-1.288891E2
5.540000E0	1.231473E1	-1.286545E2
5.560000E0	1.095805E1	-1.287385E2
5.580000E0	1.022801E1	-1.290050E2
5.600000E0	1.037306E1	-1.290975E2
5.620000E0	1.024088E1	-1.294970E2
5.640000E0	9.346923E0	-1.299778E2
5.660000E0	8.397856E0	-1.303042E2
5.680000E0	7.777543E0	-1.303606E2
5.700000E0	7.757703E0	-1.303629E2
5.720000E0	7.422519E0	-1.302708E2
5.740000E0	6.623561E0	-1.301915E2
5.760000E0	6.330724E0	-1.303295E2
5.780000E0	6.689903E0	-1.302149E2
5.800000E0	6.432459E0	-1.301501E2
5.820000E0	5.920060E0	-1.302868E2
5.840000E0	5.704024E0	-1.302740E2
5.860000E0	5.743242E0	-1.302984E2
5.880000E0	5.672582E0	-1.301490E2
5.900000E0	5.064410E0	-1.299804E2
5.920000E0	4.143235E0	-1.302437E2
5.940000E0	3.252031E0	-1.304755E2
5.960000E0	2.829799E0	-1.304985E2
5.980000E0	2.765043E0	-1.303623E2
6.000000E0	2.752121E0	-1.303410E2
6.020000E0	2.390431E0	-1.301224E2
6.040000E0	1.707462E0	-1.296943E2
6.060000E0	1.044053E0	-1.293665E2
6.080000E0	-8.021561E-2	-1.290991E2
6.100000E0	-1.017878E0	-1.292686E2
6.120000E0	-1.483672E0	-1.294525E2
6.140000E0	-1.652753E0	-1.296211E2
6.160000E0	-2.002480E0	-1.301989E2
6.180000E0	-2.478724E0	-1.304776E2
6.200000E0	-2.977921E0	-1.305971E2
6.220000E0	-3.055649E0	-1.305959E2
6.240000E0	-3.145346E0	-1.305883E2
6.260000E0	-3.621840E0	-1.307246E2
6.280000E0	-3.991696E0	-1.307433E2
6.300000E0	-4.238253E0	-1.307289E2
6.320000E0	-4.856306E0	-1.308144E2
6.340000E0	-5.825963E0	-1.309022E2
6.360000E0	-6.758892E0	-1.310482E2
6.380000E0	-7.169637E0	-1.311477E2
6.400000E0	-7.141736E0	-1.311774E2
6.420000E0	-7.113617E0	-1.311679E2
6.440000E0	-7.142778E0	-1.311778E2
6.460000E0	-7.185580E0	-1.312299E2
6.480000E0	-7.618951E0	-1.313498E2
6.500000E0	-8.547518E0	-1.313781E2
6.520000E0	-1.017998E1	-1.311335E2
6.540000E0	-1.134166E1	-1.307048E2
6.560000E0	-1.215845E1	-1.307001E2
6.580000E0	-1.258390E1	-1.309237E2
6.600000E0	-1.331883E1	-1.317597E2
6.620000E0	-1.395878E1	-1.318372E2
6.640000E0	-1.424681E1	-1.318021E2
6.660000E0	-1.431349E1	-1.318193E2
6.680000E0	-1.456922E1	-1.316888E2
6.700000E0	-1.506632E1	-1.313841E2
6.720000E0	-1.546575E1	-1.310907E2
6.740000E0	-1.609093E1	-1.310982E2
6.760000E0	-1.636888E1	-1.311320E2
6.780000E0	-1.637712E1	-1.311140E2
6.800000E0	-1.656877E1	-1.309498E2
6.820000E0	-1.680855E1	-1.306577E2
6.840000E0	-1.696665E1	-1.304316E2
6.860000E0	-1.719623E1	-1.303995E2
6.880000E0	-1.787186E1	-1.304588E2
6.900000E0	-1.869008E1	-1.304650E2
6.920000E0	-1.969551E1	-1.302150E2
6.940000E0	-1.984117E1	-1.301059E2
6.960000E0	-1.994476E1	-1.300160E2
6.980000E0	-2.024453E1	-1.298969E2
7.000000E0	-2.066201E1	-1.298618E2
7.020000E0	-2.117353E1	-1.298338E2
7.040000E0	-2.184366E1	-1.293307E2
7.060000E0	-2.300695E1	-1.288627E2
7.080000E0	-2.443690E1	-1.283740E2
7.100000E0	-2.537364E1	-1.285908E2
7.120000E0	-2.590049E1	-1.289093E2
7.140000E0	-2.596323E1	-1.288755E2
7.160000E0	-2.595566E1	-1.288832E2
7.180000E0	-2.596490E1	-1.288869E2
7.200000E0	-2.613097E1	-1.289539E2
7.220000E0	-2.634155E1	-1.289131E2
7.240000E0	-2.717601E1	-1.288795E2
7.260000E0	-2.848593E1	-1.288505E2
7.280000E0	-2.943479E1	-1.287363E2
7.300000E0	-2.966110E1	-1.286349E2
7.320000E0	-2.965159E1	-1.286274E2
7.340000E0	-2.972415E1	-1.285782E2
7.360000E0	-2.963591E1	-1.285574E2
7.380000E0	-3.001232E1	-1.285038E2
7.400000E0	-3.011755E1	-1.285121E2
7.420000E0	-3.049475E1	-1.287032E2
7.440000E0	-3.103187E1	-1.288027E2
7.460000E0	-3.149542E1	-1.289487E2
7.480000E0	-3.203522E1	-1.288497E2
7.500000E0	-3.323185E1	-1.283907E2
7.520000E0	-3.527062E1	-1.280363E2
7.540000E0	-3.691824E1	-1.275176E2
7.560000E0	-3.750831E1	-1.272435E2
7.580000E0	-3.737595E1	-1.275044E2
7.600000E0	-3.737458E1	-1.276764E2
7.620000E0	-3.736204E1	-1.277164E2
7.640000E0	-3.736249E1	-1.277121E2
7.660000E0	-3.795454E1	-1.274419E2
7.680000E0	-3.849504E1	-1.273726E2
7.700000E0	-3.870675E1	-1.272180E2
7.720000E0	-3.912611E1	-1.267258E2
7.740000E0	-3.970742E1	-1.263770E2
7.760000E0	-4.014444E1	-1.263828E2
7.780000E0	-4.061011E1	-1.262737E2
7.800000E0	-4.080419E1	-1.262590E2
7.820000E0	-4.112532E1	-1.261358E2
7.840000E0	-4.108103E1	-1.260110E2
7.860000E0	-4.104110E1	-1.258786E2
7.880000E0	-4.114497E1	-1.258175E2
7.900000E0	-4.178551E1	-1.253545E2
7.920000E0	-4.274733E1	-1.249765E2
7.940000E0	-4.372713E1	-1.246063E2
7.960000E0	-4.432962E1	-1.244966E2
7.980000E0	-4.477658E1	-1.241214E2
8.000000E0	-4.535518E1	-1.240395E2
8.020000E0	-4.649150E1	-1.235494E2
8.040000E0	-4.775767E1	-1.229235E2
8.060000E0	-4.843263E1	-1.222109E2
8.080000E0	-4.859948E1	-1.219185E2
8.100000E0	-4.867065E1	-1.220410E2
8.120000E0	-4.886970E1	-1.220452E2
8.140000E0	-4.909817E1	-1.222157E2
8.160000E0	-4.944700E1	-1.223188E2
8.180000E0	-5.000740E1	-1.223612E2
8.200000E0	-5.087722E1	-1.220383E2
8.220000E0	-5.135124E1	-1.219894E2
8.240000E0	-5.170147E1	-1.219430E2
8.260000E0	-5.175094E1	-1.218384E2
8.280000E0	-5.179420E1	-1.216837E2
8.300000E0	-5.200545E1	-1.214937E2
8.320000E0	-5.236818E1	-1.213291E2
8.340000E0	-5.291745E1	-1.213425E2
8.360000E0	-5.346031E1	-1.213102E2
8.380000E0	-5.389868E1	-1.211750E2
8.400000E0	-5.395574E1	-1.211611E2
8.420000E0	-5.455710E1	-1.212149E2
8.440000E0	-5.576154E1	-1.209768E2
8.460000E0	-5.678275E1	-1.208627E2
8.480000E0	-5.723674E1	-1.206855E2
8.500000E0	-5.758266E1	-1.199905E2
8.520000E0	-5.829781E1	-1.191576E2
8.540000E0	-5.857199E1	-1.186339E2
8.560000E0	-5.853601E1	-1.187829E2
8.580000E0	-5.854010E1	-1.189069E2
8.600000E0	-5.897237E1	-1.190450E2
8.620000E0	-5.934695E1	-1.189639E2
8.640000E0	-5.937117E1	-1.188144E2
8.660000E0	-5.967979E1	-1.183740E2
8.680000E0	-5.991471E1	-1.176426E2
8.700000E0	-6.047311E1	-1.171279E2
8.720000E0	-6.152634E1	-1.168921E2
8.740000E0	-6.193250E1	-1.168870E2
8.760000E0	-6.197592E1	-1.168097E2
8.780000E0	-6.158603E1	-1.165136E2
8.800000E0	-6.166957E1	-1.162355E2
8.820000E0	-6.195785E1	-1.157823E2
8.840000E0	-6.213234E1	-1.156752E2
8.860000E0	-6.241105E1	-1.152137E2
8.880000E0	-6.289957E1	-1.151734E2
8.900000E0	-6.372490E1	-1.146396E2
8.920000E0	-6.468913E1	-1.140522E2
8.940000E0	-6.580939E1	-1.135440E2
8.960000E0	-6.679507E1	-1.132788E2
8.980000E0	-6.719453E1	-1.130141E2
9.000000E0	-6.726874E1	-1.127736E2
9.020000E0	-6.743446E1	-1.121500E2
9.040000E0	-6.792983E1	-1.114993E2
9.060000E0	-6.859010E1	-1.108908E2
9.080000E0	-6.920340E1	-1.103153E2
9.100000E0	-6.967567E1	-1.104043E2
9.120000E0	-7.025298E1	-1.103585E2
9.140000E0	-7.071955E1	-1.103693E2
9.160000E0	-7.076307E1	-1.102174E2
9.180000E0	-7.088027E1	-1.102264E2
9.200000E0	-7.095492E1	-1.101718E2
9.220000E0	-7.131077E1	-1.101349E2
9.240000E0	-7.144353E1	-1.099915E2
9.260000E0	-7.160454E1	-1.097880E2
9.280000E0	-7.225952E1	-1.094924E2
9.300000E0	-7.277949E1	-1.092744E2
9.320000E0	-7.302695E1	-1.092600E2
9.340000E0	-7.311389E1	-1.092726E2
9.360000E0	-7.373397E1	-1.089231E2
9.380000E0	-7.488369E1	-1.084979E2
9.400000E0	-7.580648E1	-1.086225E2
9.420000E0	-7.618375E1	-1.086410E2
9.440000E0	-7.616546E1	-1.086679E2
9.460000E0	-7.629335E1	-1.086297E2
9.480000E0	-7.670953E1	-1.080844E2
9.500000E0	-7.696723E1	-1.071836E2
9.520000E0	-7.731382E1	-1.061871E2
9.540000E0	-7.772738E1	-1.057068E2
9.560000E0	-7.813084E1	-1.059685E2
9.580000E0	-7.808252E1	-1.064661E2
9.600000E0	-7.804283E1	-1.062069E2
9.620000E0	-7.811921E1	-1.057195E2
9.640000E0	-7.872034E1	-1.053986E2
9.660000E0	-7.931058E1	-1.051560E2
9.680000E0	-7.955819E1	-1.046459E2
9.700000E0	-7.978504E1	-1.040686E2
9.720000E0	-7.974927E1	-1.040174E2
9.740000E0	-7.987087E1	-1.038902E2
9.760000E0	-8.016868E1	-1.032426E2
9.780000E0	-8.056737E1	-1.026234E2
9.800000E0	-8.065948E1	-1.025085E2
9.820000E0	-8.066009E1	-1.025438E2
9.840000E0	-8.078925E1	-1.024363E2
9.860000E0	-8.133180E1	-1.019986E2
9.880000E0	-8.236650E1	-1.013796E2
9.900000E0	-8.393953E1	-1.002280E2
9.920000E0	-8.472944E1	-9.945149E1
9.940000E0	-8.477592E1	-9.933280E1
9.960000E0	-8.476677E1	-9.922216E1
9.980000E0	-8.492188E1	-9.871944E1
1.000000E1	-8.539064E1	-9.836420E1
1.002000E1	-8.601024E1	-9.767617E1
1.004000E1	-8.668212E1	-9.654988E1
1.006000E1	-8.751367E1	-9.544237E1
1.008000E1	-8.800817E1	-9.518780E1
1.010000E1	-8.808048E1	-9.526068E1
1.012000E1	-8.813306E1	-9.530198E1
1.014000E1	-8.812006E1	-9.529085E1
1.016000E1	-8.811411E1	-9.528322E1
1.018000E1	-8.832200E1	-9.522747E1
1.020000E1	-8.869104E1	-9.499713E1
1.022000E1	-8.929305E1	-9.465996E1
1.024000E1	-8.983890E1	-9.426464E1
1.026000E1	-8.990015E1	-9.411416E1
1.028000E1	-8.989492E1	-9.415053E1
1.030000E1	-9.053727E1	-9.371917E1
1.032000E1	-9.158123E1	-9.323019E1
1.034000E1	-9.236654E1	-9.273029E1
1.036000E1	-9.272864E1	-9.272424E1
1.038000E1	-9.278646E1	-9.251944E1
1.040000E1	-9.287053E1	-9.258490E1
1.042000E1	-9.291232E1	-9.255307E1
1.044000E1	-9.288799E1	-9.254441E1
1.046000E1	-9.293421E1	-9.238041E1
1.048000E1	-9.358024E1	-9.145422E1
1.050000E1	-9.418114E1	-9.014866E1
1.052000E1	-9.437752E1	-8.936780E1
1.054000E1	-9.425365E1	-8.908650E1
1.056000E1	-9.445200E1	-8.917542E1
1.058000E1	-9.485523E1	-8.911277E1
1.060000E1	-9.516594E1	-8.887917E1
1.062000E1	-9.519206E1	-8.860083E1
1.064000E1	-9.526030E1	-8.836630E1
1.066000E1	-9.520167E1	-8.837589E1
1.068000E1	-9.522053E1	-8.794445E1
1.070000E1	-9.546477E1	-8.712627E1
1.072000E1	-9.610083E1	-8.642468E1
1.074000E1	-9.626275E1	-8.594205E1
1.076000E1	-9.628300E1	-8.596689E1
1.078000E1	-9.632722E1	-8.584573E1
1.080000E1	-9.652983E1	-8.524996E1
1.082000E1	-9.700397E1	-8.514916E1
1.084000E1	-9.749750E1	-8.472338E1
1.086000E1	-9.760168E1	-8.458503E1
1.088000E1	-9.772234E1	-8.392667E1
1.090000E1	-9.797404E1	-8.319172E1
1.092000E1	-9.866390E1	-8.256373E1
1.094000E1	-9.918952E1	-8.196938E1
1.096000E1	-9.947488E1	-8.147722E1
1.098000E1	-9.983105E1	-8.088359E1
1.100000E1	-1.004855E2	-8.031663E1
1.102000E1	-1.007798E2	-7.952035E1
1.104000E1	-1.009168E2	-7.850630E1
1.106000E1	-1.010834E2	-7.798687E1
1.108000E1	-1.011988E2	-7.795545E1
1.110000E1	-1.012369E2	-7.797624E1
1.112000E1	-1.012458E2	-7.800619E1
1.114000E1	-1.013998E2	-7.800677E1
1.116000E1	-1.018987E2	-7.790920E1
1.118000E1	-1.024229E2	-7.747019E1
1.120000E1	-1.025821E2	-7.733887E1
1.122000E1	-1.029352E2	-7.685015E1
1.124000E1	-1.035220E2	-7.622775E1
1.126000E1	-1.042441E2	-7.553492E1
1.128000E1	-1.049025E2	-7.494740E1
1.130000E1	-1.048390E2	-7.497288E1
1.132000E1	-1.047690E2	-7.483795E1
1.134000E1	-1.048665E2	-7.470787E1
1.136000E1	-1.049284E2	-7.457099E1
1.138000E1	-1.049147E2	-7.442996E1
1.140000E1	-1.049417E2	-7.436136E1
1.142000E1	-1.053589E2	-7.419545E1
1.144000E1	-1.054850E2	-7.409034E1
1.146000E1	-1.055639E2	-7.356343E1
1.148000E1	-1.056182E2	-7.249611E1
1.150000E1	-1.059625E2	-7.095832E1
1.152000E1	-1.061836E2	-7.013628E1
1.154000E1	-1.064268E2	-6.985046E1
1.156000E1	-1.067900E2	-7.002306E1
1.158000E1	-1.067999E2	-7.007524E1
1.160000E1	-1.064963E2	-7.019508E1
1.162000E1	-1.065871E2	-7.002002E1
1.164000E1	-1.068362E2	-6.927261E1
1.166000E1	-1.070837E2	-6.845424E1
1.168000E1	-1.072328E2	-6.801331E1
1.170000E1	-1.074955E2	-6.733204E1
1.172000E1	-1.077320E2	-6.678663E1
1.174000E1	-1.080780E2	-6.613660E1
1.176000E1	-1.083194E2	-6.540755E1
1.178000E1	-1.084569E2	-6.470442E1
1.180000E1	-1.081490E2	-6.493592E1
1.182000E1	-1.080507E2	-6.522209E1
1.184000E1	-1.080834E2	-6.492099E1
1.186000E1	-1.083856E2	-6.439295E1
1.188000E1	-1.090694E2	-6.374774E1
1.190000E1	-1.096172E2	-6.236098E1
1.192000E1	-1.099675E2	-6.152339E1
1.194000E1	-1.102837E2	-6.098062E1
1.196000E1	-1.103767E2	-6.078705E1
1.198000E1	-1.104309E2	-6.068575E1
1.200000E1	-1.105153E2	-6.060603E1
1.202000E1	-1.106061E2	-6.006845E1
1.204000E1	-1.105907E2	-5.918362E1
1.206000E1	-1.106886E2	-5.827258E1
1.208000E1	-1.109773E2	-5.777709E1
1.210000E1	-1.113228E2	-5.789762E1
1.212000E1	-1.117177E2	-5.796291E1
1.214000E1	-1.117901E2	-5.794651E1
1.216000E1	-1.118491E2	-5.772306E1
1.218000E1	-1.125010E2	-5.713189E1
1.220000E1	-1.133464E2	-5.638584E1
1.222000E1	-1.140241E2	-5.556354E1
1.224000E1	-1.140250E2	-5.560326E1
1.226000E1	-1.137195E2	-5.537585E1
1.228000E1	-1.139298E2	-5.494335E1
1.230000E1	-1.139097E2	-5.494723E1
1.232000E1	-1.138299E2	-5.502783E1
1.234000E1	-1.137808E2	-5.505895E1
1.236000E1	-1.138386E2	-5.482584E1
1.238000E1	-1.140823E2	-5.446998E1
1.240000E1	-1.141090E2	-5.426540E1
1.242000E1	-1.141481E2	-5.404325E1
1.244000E1	-1.141623E2	-5.400570E1
1.246000E1	-1.143791E2	-5.350087E1
1.248000E1	-1.146138E2	-5.250111E1
1.250000E1	-1.146977E2	-5.084562E1
1.252000E1	-1.144359E2	-4.989903E1
1.254000E1	-1.144216E2	-4.986091E1
1.256000E1	-1.146113E2	-4.999170E1
1.258000E1	-1.147397E2	-4.982416E1
1.260000E1	-1.149065E2	-4.920052E1
1.262000E1	-1.149163E2	-4.910773E1
1.264000E1	-1.150591E2	-4.851514E1
1.266000E1	-1.152430E2	-4.795767E1
1.268000E1	-1.154570E2	-4.717878E1
1.270000E1	-1.157710E2	-4.607799E1
1.272000E1	-1.161101E2	-4.532058E1
1.274000E1	-1.161603E2	-4.528639E1
1.276000E1	-1.157063E2	-4.517349E1
1.278000E1	-1.156351E2	-4.505379E1
1.280000E1	-1.158652E2	-4.463603E1
1.282000E1	-1.161489E2	-4.444323E1
1.284000E1	-1.163063E2	-4.397371E1
1.286000E1	-1.165372E2	-4.316326E1
1.288000E1	-1.169269E2	-4.210844E1
1.290000E1	-1.171571E2	-4.105681E1
1.292000E1	-1.172023E2	-4.050926E1
1.294000E1	-1.171959E2	-4.046633E1
1.296000E1	-1.172387E2	-4.013213E1
1.298000E1	-1.173131E2	-3.996057E1
1.300000E1	-1.173188E2	-3.969849E1
1.302000E1	-1.174746E2	-3.892557E1
1.304000E1	-1.174902E2	-3.735021E1
1.306000E1	-1.174398E2	-3.637959E1
1.308000E1	-1.174567E2	-3.640965E1
1.310000E1	-1.177479E2	-3.636537E1
1.312000E1	-1.183703E2	-3.579791E1
1.314000E1	-1.191348E2	-3.504477E1
1.316000E1	-1.195926E2	-3.446977E1
1.318000E1	-1.193795E2	-3.430499E1
1.320000E1	-1.193261E2	-3.404988E1
1.322000E1	-1.195209E2	-3.388924E1
1.324000E1	-1.195176E2	-3.380453E1
1.326000E1	-1.193476E2	-3.363390E1
1.328000E1	-1.192929E2	-3.330043E1
1.330000E1	-1.194718E2	-3.301718E1
1.332000E1	-1.195010E2	-3.296628E1
1.334000E1	-1.194565E2	-3.293448E1
1.336000E1	-1.193747E2	-3.280720E1
1.338000E1	-1.194195E2	-3.241097E1
1.340000E1	-1.197094E2	-3.227302E1
1.342000E1	-1.199609E2	-3.192011E1
1.344000E1	-1.200577E2	-3.168612E1
1.346000E1	-1.199717E2	-3.166966E1
1.348000E1	-1.197793E2	-3.128224E1
1.350000E1	-1.195830E2	-3.002781E1
1.352000E1	-1.192844E2	-2.845005E1
1.354000E1	-1.192462E2	-2.725657E1
1.356000E1	-1.195422E2	-2.667972E1
1.358000E1	-1.198729E2	-2.665516E1
1.360000E1	-1.198987E2	-2.665213E1
1.362000E1	-1.198394E2	-2.619964E1
1.364000E1	-1.198497E2	-2.527372E1
1.366000E1	-1.201476E2	-2.476601E1
1.368000E1	-1.199929E2	-2.491289E1
1.370000E1	-1.194840E2	-2.470450E1
1.372000E1	-1.193752E2	-2.397267E1
1.374000E1	-1.197426E2	-2.328318E1
1.376000E1	-1.200205E2	-2.313657E1
1.378000E1	-1.199436E2	-2.282971E1
1.380000E1	-1.199746E2	-2.262800E1
1.382000E1	-1.200296E2	-2.248559E1
1.384000E1	-1.201460E2	-2.236181E1
1.386000E1	-1.201669E2	-2.225384E1
1.388000E1	-1.202094E2	-2.157169E1
1.390000E1	-1.202703E2	-2.080989E1
1.392000E1	-1.203132E2	-1.994212E1
1.394000E1	-1.201356E2	-1.932505E1
1.396000E1	-1.200799E2	-1.908806E1
1.398000E1	-1.202418E2	-1.845695E1
1.400000E1	-1.202629E2	-1.817849E1
1.402000E1	-1.200650E2	-1.730510E1
1.404000E1	-1.197274E2	-1.615416E1
1.406000E1	-1.197123E2	-1.482002E1
1.408000E1	-1.201977E2	-1.365153E1
1.410000E1	-1.206755E2	-1.340693E1
1.412000E1	-1.207102E2	-1.340905E1
1.414000E1	-1.207276E2	-1.338261E1
1.416000E1	-1.207464E2	-1.335498E1
1.418000E1	-1.207867E2	-1.326747E1
1.420000E1	-1.208136E2	-1.316739E1
1.422000E1	-1.207622E2	-1.256796E1
1.424000E1	-1.207674E2	-1.242132E1
1.426000E1	-1.206989E2	-1.236168E1
1.428000E1	-1.204651E2	-1.210641E1
1.430000E1	-1.204657E2	-1.203361E1
1.432000E1	-1.205595E2	-1.188642E1
1.434000E1	-1.206766E2	-1.159108E1
1.436000E1	-1.207707E2	-1.091066E1
1.438000E1	-1.207122E2	-1.067892E1
1.440000E1	-1.206892E2	-1.068978E1
1.442000E1	-1.207068E2	-1.072106E1
1.444000E1	-1.206404E2	-1.069479E1
1.446000E1	-1.202931E2	-1.039683E1
1.448000E1	-1.201638E2	-9.492593E0
1.450000E1	-1.198197E2	-7.961183E0
1.452000E1	-1.194072E2	-6.108016E0
1.454000E1	-1.193121E2	-4.731741E0
1.456000E1	-1.194962E2	-4.061290E0
1.458000E1	-1.200223E2	-3.962464E0
1.460000E1	-1.201562E2	-3.653888E0
1.462000E1	-1.199234E2	-3.536105E0
1.464000E1	-1.194925E2	-3.411058E0
1.466000E1	-1.194036E2	-3.250498E0
1.468000E1	-1.194597E2	-2.880071E0
1.470000E1	-1.193335E2	-2.251515E0
1.472000E1	-1.193306E2	-1.406829E0
1.474000E1	-1.195354E2	-6.667769E-1
1.476000E1	-1.195166E2	-4.636946E-1
1.478000E1	-1.194902E2	-4.102340E-1
1.480000E1	-1.194243E2	-7.465504E-1
1.482000E1	-1.196023E2	-7.875920E-1
1.484000E1	-1.195704E2	-7.332598E-1
1.486000E1	-1.194276E2	-2.781963E-1
1.488000E1	-1.192709E2	4.521565E-1
1.490000E1	-1.191988E2	1.519825E0
1.492000E1	-1.192543E2	2.428314E0
1.494000E1	-1.191485E2	2.641334E0
1.496000E1	-1.190145E2	2.875635E0
1.498000E1	-1.188933E2	3.477673E0
1.500000E1	-1.187255E2	4.466345E0
1.502000E1	-1.185843E2	6.021356E0
1.504000E1	-1.181030E2	7.491256E0
1.506000E1	-1.179665E2	7.640043E0
1.508000E1	-1.181172E2	7.474399E0
1.510000E1	-1.182186E2	7.496687E0
1.512000E1	-1.181961E2	7.524602E0
1.514000E1	-1.181406E2	7.542950E0
1.516000E1	-1.181502E2	7.591678E0
1.518000E1	-1.181677E2	7.863866E0
1.520000E1	-1.183195E2	8.393932E0
1.522000E1	-1.180508E2	8.675911E0
1.524000E1	-1.180411E2	8.747735E0
1.526000E1	-1.179995E2	8.769923E0
1.528000E1	-1.178836E2	9.144564E0
1.530000E1	-1.178551E2	9.306893E0
1.532000E1	-1.179489E2	9.447727E0
1.534000E1	-1.181262E2	9.562515E0
1.536000E1	-1.180442E2	9.595342E0
1.538000E1	-1.180584E2	9.648843E0
1.540000E1	-1.180834E2	9.628706E0
1.542000E1	-1.181144E2	9.695466E0
1.544000E1	-1.181544E2	1.011066E1
1.546000E1	-1.179044E2	1.092731E1
1.548000E1	-1.174280E2	1.221076E1
1.550000E1	-1.166158E2	1.424502E1
1.552000E1	-1.158786E2	1.632020E1
1.554000E1	-1.156409E2	1.804681E1
1.556000E1	-1.157925E2	1.862095E1
1.558000E1	-1.159222E2	1.819063E1
1.560000E1	-1.158871E2	1.797105E1
1.562000E1	-1.157437E2	1.801653E1
1.564000E1	-1.154584E2	1.878245E1
1.566000E1	-1.154678E2	1.906143E1
1.568000E1	-1.152922E2	1.947947E1
1.570000E1	-1.148831E2	2.039263E1
1.572000E1	-1.146397E2	2.150882E1
1.574000E1	-1.147679E2	2.171330E1
1.576000E1	-1.147039E2	2.137611E1
1.578000E1	-1.145906E2	2.121442E1
1.580000E1	-1.145691E2	2.131391E1
1.582000E1	-1.146225E2	2.151690E1
1.584000E1	-1.146552E2	2.178671E1
1.586000E1	-1.144418E2	2.271219E1
1.588000E1	-1.143883E2	2.354409E1
1.590000E1	-1.141700E2	2.437011E1
1.592000E1	-1.139609E2	2.503829E1
1.594000E1	-1.136295E2	2.597694E1
1.596000E1	-1.135669E2	2.704712E1
1.598000E1	-1.134573E2	2.785716E1
1.600000E1	-1.133575E2	2.826573E1
1.602000E1	-1.128722E2	2.839716E1
1.604000E1	-1.119514E2	2.916905E1
1.606000E1	-1.115273E2	2.960238E1
1.608000E1	-1.116684E2	2.958432E1
1.610000E1	-1.119958E2	2.953475E1
1.612000E1	-1.121395E2	2.973194E1
1.614000E1	-1.122276E2	2.987868E1
1.616000E1	-1.121775E2	3.002486E1
1.618000E1	-1.120368E2	3.011226E1
1.620000E1	-1.118799E2	3.043215E1
1.622000E1	-1.117090E2	3.102172E1
1.624000E1	-1.117142E2	3.118080E1
1.626000E1	-1.117089E2	3.130428E1
1.628000E1	-1.115929E2	3.132716E1
1.630000E1	-1.115800E2	3.130441E1
1.632000E1	-1.114877E2	3.129718E1
1.634000E1	-1.114857E2	3.131694E1
1.636000E1	-1.112013E2	3.176736E1
1.638000E1	-1.110266E2	3.242702E1
1.640000E1	-1.110492E2	3.249905E1
1.642000E1	-1.110472E2	3.264578E1
1.644000E1	-1.107837E2	3.320686E1
1.646000E1	-1.104828E2	3.419336E1
1.648000E1	-1.096888E2	3.619127E1
1.650000E1	-1.085888E2	3.823740E1
1.652000E1	-1.074590E2	3.946083E1
1.654000E1	-1.071731E2	3.978286E1
1.656000E1	-1.072523E2	4.009918E1
1.658000E1	-1.075884E2	4.034467E1
1.660000E1	-1.075605E2	4.061116E1
1.662000E1	-1.071249E2	4.077357E1
1.664000E1	-1.069219E2	4.113366E1
1.666000E1	-1.069570E2	4.149339E1
1.668000E1	-1.067593E2	4.192162E1
1.670000E1	-1.064294E2	4.206787E1
1.672000E1	-1.061673E2	4.226366E1
1.674000E1	-1.061583E2	4.267369E1
1.676000E1	-1.060227E2	4.279519E1
1.678000E1	-1.058496E2	4.298578E1
1.680000E1	-1.055457E2	4.315444E1
1.682000E1	-1.055867E2	4.316558E1
1.684000E1	-1.055447E2	4.334816E1
1.686000E1	-1.053198E2	4.407214E1
1.688000E1	-1.050977E2	4.507979E1
1.690000E1	-1.046471E2	4.683895E1
1.692000E1	-1.041472E2	4.743793E1
1.694000E1	-1.042546E2	4.749088E1
1.696000E1	-1.039608E2	4.771702E1
1.698000E1	-1.036891E2	4.812338E1
1.700000E1	-1.036851E2	4.819885E1
1.702000E1	-1.032427E2	4.840281E1
1.704000E1	-1.022145E2	4.874692E1
1.706000E1	-1.015551E2	4.951791E1
1.708000E1	-1.016296E2	4.977956E1
1.710000E1	-1.016431E2	4.983681E1
1.712000E1	-1.016562E2	4.990878E1
1.714000E1	-1.017051E2	4.994799E1
1.716000E1	-1.016601E2	4.997424E1
1.718000E1	-1.016470E2	5.020474E1
1.720000E1	-1.015330E2	5.079975E1
1.722000E1	-1.013550E2	5.096794E1
1.724000E1	-1.013698E2	5.096860E1
1.726000E1	-1.011743E2	5.101222E1
1.728000E1	-1.008592E2	5.111562E1
1.730000E1	-1.007992E2	5.118614E1
1.732000E1	-1.006174E2	5.167554E1
1.734000E1	-1.005662E2	5.189043E1
1.736000E1	-1.001540E2	5.226338E1
1.738000E1	-9.997119E1	5.250909E1
1.740000E1	-1.000253E2	5.302106E1
1.742000E1	-9.984863E1	5.398716E1
1.744000E1	-9.951980E1	5.482361E1
1.746000E1	-9.927090E1	5.499651E1
1.748000E1	-9.886697E1	5.519890E1
1.750000E1	-9.821958E1	5.586175E1
1.752000E1	-9.714304E1	5.693790E1
1.754000E1	-9.616389E1	5.794003E1
1.756000E1	-9.582392E1	5.869477E1
1.758000E1	-9.598737E1	5.932505E1
1.760000E1	-9.602176E1	5.941996E1
1.762000E1	-9.605872E1	5.923627E1
1.764000E1	-9.600117E1	5.921948E1
1.766000E1	-9.575657E1	5.921914E1
1.768000E1	-9.563435E1	5.931129E1
1.770000E1	-9.528383E1	5.955320E1
1.772000E1	-9.467207E1	6.030950E1
1.774000E1	-9.436765E1	6.099397E1
1.776000E1	-9.437296E1	6.106980E1
1.778000E1	-9.400360E1	6.118643E1
1.780000E1	-9.357998E1	6.140894E1
1.782000E1	-9.326470E1	6.182992E1
1.784000E1	-9.308376E1	6.253999E1
1.786000E1	-9.287847E1	6.327322E1
1.788000E1	-9.248961E1	6.368688E1
1.790000E1	-9.218670E1	6.397744E1
1.792000E1	-9.174998E1	6.436402E1
1.794000E1	-9.143526E1	6.452061E1
1.796000E1	-9.137098E1	6.454162E1
1.798000E1	-9.130000E1	6.456827E1
1.800000E1	-9.085909E1	6.478869E1
1.802000E1	-9.041487E1	6.517542E1
1.804000E1	-8.988178E1	6.553300E1
1.806000E1	-8.891329E1	6.580738E1
1.808000E1	-8.834147E1	6.593685E1
1.810000E1	-8.845029E1	6.607909E1
1.812000E1	-8.864869E1	6.648986E1
1.814000E1	-8.860837E1	6.666928E1
1.816000E1	-8.866586E1	6.679947E1
1.818000E1	-8.860529E1	6.680080E1
1.820000E1	-8.857344E1	6.685253E1
1.822000E1	-8.855281E1	6.692199E1
1.824000E1	-8.818709E1	6.721568E1
1.826000E1	-8.768302E1	6.749207E1
1.828000E1	-8.732165E1	6.781400E1
1.830000E1	-8.718672E1	6.827664E1
1.832000E1	-8.702536E1	6.848771E1
1.834000E1	-8.680575E1	6.911365E1
1.836000E1	-8.638147E1	6.970773E1
1.838000E1	-8.610819E1	7.014277E1
1.840000E1	-8.600073E1	7.018875E1
1.842000E1	-8.599184E1	7.024203E1
1.844000E1	-8.595466E1	7.032104E1
1.846000E1	-8.600785E1	7.037764E1
1.848000E1	-8.561773E1	7.083174E1
1.850000E1	-8.460778E1	7.181870E1
1.852000E1	-8.296964E1	7.308146E1
1.854000E1	-8.148818E1	7.410585E1
1.856000E1	-8.080930E1	7.471930E1
1.858000E1	-8.091618E1	7.497928E1
1.860000E1	-8.133194E1	7.487123E1
1.862000E1	-8.136528E1	7.483840E1
1.864000E1	-8.111426E1	7.495795E1
1.866000E1	-8.061467E1	7.519786E1
1.868000E1	-8.027200E1	7.558432E1
1.870000E1	-7.978592E1	7.587243E1
1.872000E1	-7.902991E1	7.631580E1
1.874000E1	-7.863382E1	7.664256E1
1.876000E1	-7.822657E1	7.722835E1
1.878000E1	-7.770891E1	7.785202E1
1.880000E1	-7.732157E1	7.806754E1
1.882000E1	-7.731639E1	7.814780E1
1.884000E1	-7.740412E1	7.832424E1
1.886000E1	-7.722758E1	7.857556E1
1.888000E1	-7.680998E1	7.897036E1
1.890000E1	-7.648419E1	7.915014E1
1.892000E1	-7.599857E1	7.939041E1
1.894000E1	-7.544542E1	7.980960E1
1.896000E1	-7.516843E1	8.017129E1
1.898000E1	-7.494836E1	8.013984E1
1.900000E1	-7.460009E1	8.023944E1
1.902000E1	-7.399343E1	8.030089E1
1.904000E1	-7.311896E1	8.053160E1
1.906000E1	-7.219501E1	8.091436E1
1.908000E1	-7.140897E1	8.129319E1
1.910000E1	-7.141611E1	8.138532E1
1.912000E1	-7.174279E1	8.130556E1
1.914000E1	-7.172088E1	8.124040E1
1.916000E1	-7.176287E1	8.118844E1
1.918000E1	-7.178259E1	8.120683E1
1.920000E1	-7.155021E1	8.124699E1
1.922000E1	-7.125136E1	8.152493E1
1.924000E1	-7.087644E1	8.193883E1
1.926000E1	-7.030603E1	8.251513E1
1.928000E1	-6.977658E1	8.304573E1
1.930000E1	-6.937666E1	8.379506E1
1.932000E1	-6.896600E1	8.404196E1
1.934000E1	-6.896784E1	8.403337E1
1.936000E1	-6.888070E1	8.404015E1
1.938000E1	-6.879354E1	8.408859E1
1.940000E1	-6.870812E1	8.412638E1
1.942000E1	-6.829501E1	8.439554E1
1.944000E1	-6.809006E1	8.484997E1
1.946000E1	-6.761028E1	8.559431E1
1.948000E1	-6.687973E1	8.632466E1
1.950000E1	-6.596024E1	8.655366E1
1.952000E1	-6.501938E1	8.679466E1
1.954000E1	-6.400065E1	8.699953E1
1.956000E1	-6.319311E1	8.732185E1
1.958000E1	-6.301720E1	8.767531E1
1.960000E1	-6.329204E1	8.798463E1
1.962000E1	-6.329846E1	8.820690E1
1.964000E1	-6.287927E1	8.828222E1
1.966000E1	-6.245232E1	8.844906E1
1.968000E1	-6.188194E1	8.881526E1
1.970000E1	-6.140491E1	8.921278E1
1.972000E1	-6.062324E1	8.975495E1
1.974000E1	-5.977023E1	9.055392E1
1.976000E1	-5.974496E1	9.073533E1
1.978000E1	-5.982500E1	9.061755E1
1.980000E1	-5.965303E1	9.071013E1
1.982000E1	-5.961937E1	9.073371E1
1.984000E1	-5.958224E1	9.075879E1
1.986000E1	-5.915515E1	9.089714E1
1.988000E1	-5.873703E1	9.124509E1
1.990000E1	-5.829081E1	9.161936E1
1.992000E1	-5.795441E1	9.176168E1
1.994000E1	-5.736239E1	9.179253E1
1.996000E1	-5.673253E1	9.187482E1
1.998000E1	-5.645328E1	9.209892E1
2.000000E1	-5.602323E1	9.230750E1
2.002000E1	-5.555550E1	9.261246E1
2.004000E1	-5.499441E1	9.274120E1
2.006000E1	-5.437376E1	9.254723E1
2.008000E1	-5.377346E1	9.222773E1
2.010000E1	-5.302928E1	9.238272E1
2.012000E1	-5.280158E1	9.274101E1
2.014000E1	-5.262775E1	9.302716E1
2.016000E1	-5.244735E1	9.330151E1
2.018000E1	-5.234668E1	9.348172E1
2.020000E1	-5.191517E1	9.368429E1
2.022000E1	-5.167073E1	9.402932E1
2.024000E1	-5.109104E1	9.481825E1
2.026000E1	-5.033790E1	9.509841E1
2.028000E1	-5.021880E1	9.512196E1
2.030000E1	-5.016531E1	9.514221E1
2.032000E1	-5.005899E1	9.516414E1
2.034000E1	-4.983385E1	9.528333E1
2.036000E1	-4.957008E1	9.548840E1
2.038000E1	-4.868512E1	9.589888E1
2.040000E1	-4.779837E1	9.657894E1
2.042000E1	-4.732709E1	9.696605E1
2.044000E1	-4.729636E1	9.710069E1
2.046000E1	-4.727153E1	9.711177E1
2.048000E1	-4.724571E1	9.709313E1
2.050000E1	-4.679610E1	9.722177E1
2.052000E1	-4.585236E1	9.749194E1
2.054000E1	-4.435667E1	9.775967E1
2.056000E1	-4.301378E1	9.812731E1
2.058000E1	-4.262850E1	9.843870E1
2.060000E1	-4.286932E1	9.873088E1
2.062000E1	-4.281794E1	9.902427E1
2.064000E1	-4.226892E1	9.939172E1
2.066000E1	-4.135871E1	9.988116E1
2.068000E1	-4.062220E1	1.002087E2
2.070000E1	-4.065935E1	1.002527E2
2.072000E1	-4.028265E1	1.002303E2
2.074000E1	-3.942599E1	1.004466E2
2.076000E1	-3.915561E1	1.005091E2
2.078000E1	-3.958002E1	1.003279E2
2.080000E1	-3.928695E1	1.003351E2
2.082000E1	-3.881149E1	1.004752E2
2.084000E1	-3.848723E1	1.006522E2
2.086000E1	-3.846868E1	1.007182E2
2.088000E1	-3.829883E1	1.007085E2
2.090000E1	-3.766685E1	1.008373E2
2.092000E1	-3.682933E1	1.011412E2
2.094000E1	-3.595795E1	1.014557E2
2.096000E1	-3.553527E1	1.016001E2
2.098000E1	-3.529792E1	1.017131E2
2.100000E1	-3.525013E1	1.017127E2
2.102000E1	-3.492694E1	1.016144E2
2.104000E1	-3.417046E1	1.015016E2
2.106000E1	-3.329764E1	1.011920E2
2.108000E1	-3.225723E1	1.013919E2
2.110000E1	-3.141583E1	1.016624E2
2.112000E1	-3.110328E1	1.019348E2
2.114000E1	-3.109967E1	1.021240E2
2.116000E1	-3.082020E1	1.028103E2
2.118000E1	-3.044976E1	1.031321E2
2.120000E1	-2.993320E1	1.033976E2
2.122000E1	-2.979400E1	1.034717E2
2.124000E1	-2.944661E1	1.035411E2
2.126000E1	-2.939602E1	1.035304E2
2.128000E1	-2.908483E1	1.036247E2
2.130000E1	-2.862252E1	1.037424E2
2.132000E1	-2.772345E1	1.040120E2
2.134000E1	-2.693732E1	1.043743E2
2.136000E1	-2.605484E1	1.046940E2
2.138000E1	-2.555252E1	1.047869E2
2.140000E1	-2.551798E1	1.047896E2
2.142000E1	-2.548438E1	1.047556E2
2.144000E1	-2.542545E1	1.047648E2
2.146000E1	-2.536746E1	1.047778E2
2.148000E1	-2.495133E1	1.049035E2
2.150000E1	-2.401335E1	1.051490E2
2.152000E1	-2.236225E1	1.054195E2
2.154000E1	-2.106726E1	1.053561E2
2.156000E1	-2.015295E1	1.055351E2
2.158000E1	-1.985574E1	1.058986E2
2.160000E1	-1.933813E1	1.066523E2
2.162000E1	-1.881483E1	1.068365E2
2.164000E1	-1.849002E1	1.069026E2
2.166000E1	-1.847588E1	1.068415E2
2.168000E1	-1.808812E1	1.068389E2
2.170000E1	-1.763805E1	1.068419E2
2.172000E1	-1.719944E1	1.067024E2
2.174000E1	-1.674464E1	1.067425E2
2.176000E1	-1.660020E1	1.068328E2
2.178000E1	-1.628488E1	1.068882E2
2.180000E1	-1.625378E1	1.067562E2
2.182000E1	-1.614279E1	1.066464E2
2.184000E1	-1.584434E1	1.064792E2
2.186000E1	-1.536970E1	1.065258E2
2.188000E1	-1.480026E1	1.067831E2
2.190000E1	-1.394055E1	1.070909E2
2.192000E1	-1.302663E1	1.072175E2
2.194000E1	-1.291036E1	1.071086E2
2.196000E1	-1.288690E1	1.069950E2
2.198000E1	-1.258191E1	1.068868E2
2.200000E1	-1.210498E1	1.070292E2
2.202000E1	-1.161412E1	1.070572E2
2.204000E1	-1.054707E1	1.067396E2
2.206000E1	-9.223228E0	1.064285E2
2.208000E1	-8.003152E0	1.064421E2
2.210000E1	-7.494558E0	1.067050E2
2.212000E1	-7.022350E0	1.072794E2
2.214000E1	-6.539609E0	1.074337E2
2.216000E1	-6.472247E0	1.074388E2
2.218000E1	-6.473268E0	1.074276E2
2.220000E1	-6.394384E0	1.074281E2
2.222000E1	-6.341334E0	1.074152E2
2.224000E1	-5.531033E0	1.076949E2
2.226000E1	-4.582105E0	1.078465E2
2.228000E1	-3.687937E0	1.080014E2
2.230000E1	-3.133903E0	1.079632E2
2.232000E1	-2.998154E0	1.079879E2
2.234000E1	-2.927089E0	1.080269E2
2.236000E1	-2.684645E0	1.079816E2
2.238000E1	-2.676485E0	1.079846E2
2.240000E1	-2.471692E0	1.080496E2
2.242000E1	-2.316121E0	1.081754E2
2.244000E1	-1.780816E0	1.083582E2
2.246000E1	-1.164152E0	1.086476E2
2.248000E1	-6.702616E-1	1.086008E2
2.250000E1	4.240127E-1	1.083754E2
2.252000E1	2.350658E0	1.081988E2
2.254000E1	3.978597E0	1.081973E2
2.256000E1	4.883336E0	1.083859E2
2.258000E1	4.866707E0	1.084993E2
2.260000E1	4.529395E0	1.084464E2
2.262000E1	4.752394E0	1.085561E2
2.264000E1	4.744238E0	1.085938E2
2.266000E1	5.232180E0	1.086047E2
2.268000E1	5.706811E0	1.083630E2
2.270000E1	6.312381E0	1.082738E2
2.272000E1	6.919069E0	1.081284E2
2.274000E1	7.122796E0	1.081485E2
2.276000E1	7.237895E0	1.079860E2
2.278000E1	7.869741E0	1.074687E2
2.280000E1	8.427831E0	1.076242E2
2.282000E1	8.809509E0	1.078104E2
2.284000E1	8.841822E0	1.079176E2
2.286000E1	9.089833E0	1.079027E2
2.288000E1	9.196467E0	1.078626E2
2.290000E1	9.735141E0	1.079025E2
2.292000E1	1.054841E1	1.074848E2
2.294000E1	1.150992E1	1.075206E2
2.296000E1	1.210938E1	1.075272E2
2.298000E1	1.264517E1	1.074245E2
2.300000E1	1.308477E1	1.072571E2
2.302000E1	1.405239E1	1.068863E2
2.304000E1	1.567436E1	1.066067E2
2.306000E1	1.737487E1	1.061613E2
2.308000E1	1.795825E1	1.061222E2
2.310000E1	1.793683E1	1.062238E2
2.312000E1	1.807761E1	1.062584E2
2.314000E1	1.806823E1	1.062656E2
2.316000E1	1.818031E1	1.063006E2
2.318000E1	1.859418E1	1.064216E2
2.320000E1	1.940434E1	1.063806E2
2.322000E1	2.082522E1	1.065110E2
2.324000E1	2.160548E1	1.064491E2
2.326000E1	2.160998E1	1.064464E2
2.328000E1	2.162622E1	1.063249E2
2.330000E1	2.174123E1	1.062968E2
2.332000E1	2.175360E1	1.062872E2
2.334000E1	2.204115E1	1.062356E2
2.336000E1	2.254525E1	1.062893E2
2.338000E1	2.314558E1	1.062886E2
2.340000E1	2.337766E1	1.063473E2
2.342000E1	2.386055E1	1.064778E2
2.344000E1	2.443305E1	1.065354E2
2.346000E1	2.547722E1	1.066617E2
2.348000E1	2.705862E1	1.064370E2
2.350000E1	2.816662E1	1.059303E2
2.352000E1	2.882340E1	1.052482E2
2.354000E1	2.908401E1	1.051337E2
2.356000E1	2.924392E1	1.052792E2
2.358000E1	2.894353E1	1.054422E2
2.360000E1	2.891690E1	1.054404E2
2.362000E1	2.934195E1	1.054273E2
2.364000E1	2.989228E1	1.053806E2
2.366000E1	3.030685E1	1.052554E2
2.368000E1	3.050469E1	1.047030E2
2.370000E1	3.081306E1	1.041085E2
2.372000E1	3.162395E1	1.038901E2
2.374000E1	3.239837E1	1.040480E2
2.376000E1	3.280974E1	1.039855E2
2.378000E1	3.312800E1	1.037521E2
2.380000E1	3.276305E1	1.036362E2
2.382000E1	3.282955E1	1.036077E2
2.384000E1	3.316339E1	1.036075E2
2.386000E1	3.328234E1	1.034150E2
2.388000E1	3.401222E1	1.030889E2
2.390000E1	3.504891E1	1.028269E2
2.392000E1	3.608592E1	1.024311E2
2.394000E1	3.674991E1	1.022822E2
2.396000E1	3.750391E1	1.020584E2
2.398000E1	3.850466E1	1.018507E2
2.400000E1	3.918916E1	1.016315E2
2.402000E1	3.955970E1	1.011363E2
2.404000E1	3.987100E1	1.004883E2
2.406000E1	4.048323E1	1.000730E2
2.408000E1	4.108759E1	9.994898E1
2.410000E1	4.156968E1	1.001214E2
2.412000E1	4.205935E1	1.001537E2
2.414000E1	4.265037E1	1.002291E2
2.416000E1	4.310072E1	1.001229E2
2.418000E1	4.312032E1	1.001387E2
2.420000E1	4.320774E1	1.001833E2
2.422000E1	4.354136E1	1.001250E2
2.424000E1	4.365485E1	9.997644E1
2.426000E1	4.374460E1	9.990978E1
2.428000E1	4.420745E1	9.971666E1
2.430000E1	4.491160E1	9.958687E1
2.432000E1	4.537657E1	9.962495E1
2.434000E1	4.531967E1	9.960500E1
2.436000E1	4.575530E1	9.958398E1
2.438000E1	4.637226E1	9.937204E1
2.440000E1	4.739848E1	9.951740E1
2.442000E1	4.841145E1	9.950745E1
2.444000E1	4.858855E1	9.942583E1
2.446000E1	4.859713E1	9.931693E1
2.448000E1	4.929193E1	9.878202E1
2.450000E1	5.005264E1	9.817513E1
2.452000E1	5.037347E1	9.752550E1
2.454000E1	5.043219E1	9.740018E1
2.456000E1	5.080356E1	9.769018E1
2.458000E1	5.110759E1	9.788932E1
2.460000E1	5.112952E1	9.784957E1
2.462000E1	5.111187E1	9.755801E1
2.464000E1	5.142897E1	9.706997E1
2.466000E1	5.213329E1	9.698317E1
2.468000E1	5.274007E1	9.651318E1
2.470000E1	5.337991E1	9.593360E1
2.472000E1	5.351416E1	9.583337E1
2.474000E1	5.327754E1	9.587365E1
2.476000E1	5.368674E1	9.536762E1
2.478000E1	5.424902E1	9.470126E1
2.480000E1	5.442635E1	9.443016E1
2.482000E1	5.445948E1	9.433919E1
2.484000E1	5.452283E1	9.438216E1
2.486000E1	5.487787E1	9.424760E1
2.488000E1	5.593287E1	9.384308E1
2.490000E1	5.763196E1	9.308257E1
2.492000E1	5.927402E1	9.252488E1
2.494000E1	5.985135E1	9.216056E1
2.496000E1	5.989597E1	9.217465E1
2.498000E1	5.994507E1	9.203671E1
2.500000E1	6.028680E1	9.163875E1
2.502000E1	6.099902E1	9.101715E1
2.504000E1	6.195008E1	9.019258E1
2.506000E1	6.303558E1	8.953382E1
2.508000E1	6.359249E1	8.922853E1
2.510000E1	6.392741E1	8.931118E1
2.512000E1	6.396395E1	8.936142E1
2.514000E1	6.396462E1	8.935592E1
2.516000E1	6.403432E1	8.939217E1
2.518000E1	6.411809E1	8.938004E1
2.520000E1	6.447754E1	8.918079E1
2.522000E1	6.525015E1	8.889859E1
2.524000E1	6.572393E1	8.862597E1
2.526000E1	6.588370E1	8.856388E1
2.528000E1	6.591480E1	8.853953E1
2.530000E1	6.632445E1	8.831846E1
2.532000E1	6.742058E1	8.799712E1
2.534000E1	6.862761E1	8.777848E1
2.536000E1	6.900046E1	8.774639E1
2.538000E1	6.901216E1	8.758600E1
2.540000E1	6.903987E1	8.768844E1
2.542000E1	6.910172E1	8.775448E1
2.544000E1	6.906580E1	8.775492E1
2.546000E1	6.916695E1	8.756556E1
2.548000E1	6.984277E1	8.682400E1
2.550000E1	7.083893E1	8.594584E1
2.552000E1	7.122992E1	8.516651E1
2.554000E1	7.130339E1	8.488656E1
2.556000E1	7.137432E1	8.498446E1
2.558000E1	7.177215E1	8.502073E1
2.560000E1	7.206588E1	8.490351E1
2.562000E1	7.231733E1	8.445292E1
2.564000E1	7.268956E1	8.417380E1
2.566000E1	7.253905E1	8.419797E1
2.568000E1	7.259175E1	8.391158E1
2.570000E1	7.292136E1	8.324919E1
2.572000E1	7.355108E1	8.272023E1
2.574000E1	7.390757E1	8.227040E1
2.576000E1	7.399372E1	8.219691E1
2.578000E1	7.405805E1	8.203863E1
2.580000E1	7.437683E1	8.155800E1
2.582000E1	7.489497E1	8.145005E1
2.584000E1	7.556525E1	8.112876E1
2.586000E1	7.565788E1	8.119649E1
2.588000E1	7.578254E1	8.062287E1
2.590000E1	7.629605E1	8.005195E1
2.592000E1	7.698589E1	7.947144E1
2.594000E1	7.765534E1	7.907932E1
2.596000E1	7.793225E1	7.853164E1
2.598000E1	7.849164E1	7.825122E1
2.600000E1	7.913436E1	7.775573E1
2.602000E1	7.971489E1	7.709109E1
2.604000E1	7.998258E1	7.624402E1
2.606000E1	8.023053E1	7.560459E1
2.608000E1	8.033074E1	7.555841E1
2.610000E1	8.054952E1	7.554135E1
2.612000E1	8.064517E1	7.557685E1
2.614000E1	8.088930E1	7.569293E1
2.616000E1	8.132106E1	7.572219E1
2.618000E1	8.175306E1	7.559221E1
2.620000E1	8.198383E1	7.536856E1
2.622000E1	8.260661E1	7.490346E1
2.624000E1	8.347133E1	7.422664E1
2.626000E1	8.432953E1	7.383575E1
2.628000E1	8.478473E1	7.377720E1
2.630000E1	8.473541E1	7.374491E1
2.632000E1	8.481471E1	7.359636E1
2.634000E1	8.499629E1	7.358262E1
2.636000E1	8.504291E1	7.338690E1
2.638000E1	8.497308E1	7.332594E1
2.640000E1	8.498224E1	7.336545E1
2.642000E1	8.540362E1	7.336214E1
2.644000E1	8.556943E1	7.339881E1
2.646000E1	8.570455E1	7.275502E1
2.648000E1	8.595345E1	7.195793E1
2.650000E1	8.663792E1	7.072468E1
2.652000E1	8.700567E1	7.008742E1
2.654000E1	8.756605E1	6.954358E1
2.656000E1	8.779090E1	6.979175E1
2.658000E1	8.785222E1	6.986300E1
2.660000E1	8.776937E1	6.994300E1
2.662000E1	8.784856E1	6.977573E1
2.664000E1	8.833038E1	6.895615E1
2.666000E1	8.855343E1	6.835861E1
2.668000E1	8.866350E1	6.807496E1
2.670000E1	8.905374E1	6.745411E1
2.672000E1	8.963342E1	6.689941E1
2.674000E1	9.031786E1	6.632934E1
2.676000E1	9.094585E1	6.586264E1
2.678000E1	9.094672E1	6.545030E1
2.680000E1	9.045171E1	6.544640E1
2.682000E1	9.036964E1	6.558597E1
2.684000E1	9.042375E1	6.543035E1
2.686000E1	9.104236E1	6.491249E1
2.688000E1	9.169292E1	6.425593E1
2.690000E1	9.260563E1	6.304006E1
2.692000E1	9.332448E1	6.228317E1
2.694000E1	9.362949E1	6.198489E1
2.696000E1	9.357823E1	6.192734E1
2.698000E1	9.351309E1	6.188152E1
2.700000E1	9.353030E1	6.182606E1
2.702000E1	9.380145E1	6.120907E1
2.704000E1	9.398462E1	6.041075E1
2.706000E1	9.423709E1	5.959903E1
2.708000E1	9.478171E1	5.916804E1
2.710000E1	9.512930E1	5.928706E1
2.712000E1	9.555309E1	5.935671E1
2.714000E1	9.558790E1	5.941693E1
2.716000E1	9.593141E1	5.920936E1
2.718000E1	9.695952E1	5.846710E1
2.720000E1	9.806045E1	5.782758E1
2.722000E1	9.822593E1	5.772256E1
2.724000E1	9.793547E1	5.767309E1
2.726000E1	9.792420E1	5.756288E1
2.728000E1	9.824097E1	5.725207E1
2.730000E1	9.825509E1	5.728114E1
2.732000E1	9.822944E1	5.722468E1
2.734000E1	9.825576E1	5.723087E1
2.736000E1	9.834141E1	5.711605E1
2.738000E1	9.854320E1	5.701460E1
2.740000E1	9.867049E1	5.685956E1
2.742000E1	9.867682E1	5.675341E1
2.744000E1	9.887729E1	5.659353E1
2.746000E1	9.946712E1	5.609247E1
2.748000E1	9.984473E1	5.523565E1
2.750000E1	1.002866E2	5.381875E1
2.752000E1	1.001549E2	5.340873E1
2.754000E1	1.001533E2	5.332277E1
2.756000E1	1.001481E2	5.334747E1
2.758000E1	1.006225E2	5.276287E1
2.760000E1	1.007633E2	5.254480E1
2.762000E1	1.007649E2	5.250489E1
2.764000E1	1.009886E2	5.195038E1
2.766000E1	1.013610E2	5.140440E1
2.768000E1	1.018316E2	5.058750E1
2.770000E1	1.024012E2	4.956356E1
2.772000E1	1.026607E2	4.899699E1
2.774000E1	1.024304E2	4.902959E1
2.776000E1	1.022575E2	4.879391E1
2.778000E1	1.024358E2	4.854389E1
2.780000E1	1.028030E2	4.819093E1
2.782000E1	1.030517E2	4.807166E1
2.784000E1	1.032912E2	4.780083E1
2.786000E1	1.039732E2	4.708593E1
2.788000E1	1.043266E2	4.625310E1
2.790000E1	1.047108E2	4.534956E1
2.792000E1	1.048800E2	4.467199E1
2.794000E1	1.049099E2	4.456809E1
2.796000E1	1.050201E2	4.413953E1
2.798000E1	1.050428E2	4.409463E1
2.800000E1	1.051074E2	4.385190E1
2.802000E1	1.056839E2	4.286240E1
2.804000E1	1.060764E2	4.148863E1
2.806000E1	1.060565E2	4.049155E1
2.808000E1	1.064930E2	4.013406E1
2.810000E1	1.070421E2	3.995823E1
2.812000E1	1.080645E2	3.938451E1
2.814000E1	1.087856E2	3.888488E1
2.816000E1	1.088010E2	3.886580E1
2.818000E1	1.084683E2	3.870241E1
2.820000E1	1.088543E2	3.848808E1
2.822000E1	1.090425E2	3.839710E1
2.824000E1	1.089857E2	3.827849E1
2.826000E1	1.090186E2	3.810503E1
2.828000E1	1.091641E2	3.786628E1
2.830000E1	1.094173E2	3.761335E1
2.832000E1	1.094133E2	3.749297E1
2.834000E1	1.092875E2	3.744360E1
2.836000E1	1.093597E2	3.726600E1
2.838000E1	1.096479E2	3.663562E1
2.840000E1	1.101090E2	3.662753E1
2.842000E1	1.101765E2	3.649233E1
2.844000E1	1.102250E2	3.650336E1
2.846000E1	1.102082E2	3.627792E1
2.848000E1	1.103248E2	3.549423E1
2.850000E1	1.105712E2	3.432483E1
2.852000E1	1.107640E2	3.259200E1
2.854000E1	1.111677E2	3.116609E1
2.856000E1	1.116159E2	3.055265E1
2.858000E1	1.119115E2	3.044131E1
2.860000E1	1.121765E2	3.012504E1
2.862000E1	1.124289E2	2.950088E1
2.864000E1	1.125326E2	2.929771E1
2.866000E1	1.121933E2	2.904938E1
2.868000E1	1.120294E2	2.883083E1
2.870000E1	1.121239E2	2.828389E1
2.872000E1	1.124961E2	2.767296E1
2.874000E1	1.129267E2	2.709400E1
2.876000E1	1.130482E2	2.681385E1
2.878000E1	1.132315E2	2.628844E1
2.880000E1	1.132836E2	2.617342E1
2.882000E1	1.132819E2	2.620093E1
2.884000E1	1.133066E2	2.632800E1
2.886000E1	1.132999E2	2.618396E1
2.888000E1	1.135089E2	2.546391E1
2.890000E1	1.137352E2	2.482467E1
2.892000E1	1.139930E2	2.387754E1
2.894000E1	1.141985E2	2.315679E1
2.896000E1	1.142913E2	2.293805E1
2.898000E1	1.143160E2	2.249047E1
2.900000E1	1.145367E2	2.193690E1
2.902000E1	1.147035E2	2.096787E1
2.904000E1	1.150090E2	1.921350E1
2.906000E1	1.154397E2	1.770108E1
2.908000E1	1.155728E2	1.769017E1
2.910000E1	1.154745E2	1.795929E1
2.912000E1	1.154749E2	1.801282E1
2.914000E1	1.154942E2	1.805118E1
2.916000E1	1.156085E2	1.796582E1
2.918000E1	1.156866E2	1.790150E1
2.920000E1	1.158181E2	1.738793E1
2.922000E1	1.160089E2	1.707953E1
2.924000E1	1.160595E2	1.704232E1
2.926000E1	1.160141E2	1.685424E1
2.928000E1	1.159968E2	1.676794E1
2.930000E1	1.161590E2	1.635652E1
2.932000E1	1.162360E2	1.618943E1
2.934000E1	1.164325E2	1.606399E1
2.936000E1	1.164340E2	1.598465E1
2.938000E1	1.164143E2	1.594313E1
2.940000E1	1.164223E2	1.586414E1
2.942000E1	1.164218E2	1.577837E1
2.944000E1	1.164311E2	1.575841E1
2.946000E1	1.165420E2	1.553751E1
2.948000E1	1.168106E2	1.432951E1
2.950000E1	1.168011E2	1.268122E1
2.952000E1	1.167553E2	1.048358E1
2.954000E1	1.169097E2	8.485269E0
2.956000E1	1.174489E2	7.348945E0
2.958000E1	1.178063E2	7.246728E0
2.960000E1	1.177788E2	7.419230E0
2.962000E1	1.176481E2	7.527204E0
2.964000E1	1.175218E2	7.404299E0
2.966000E1	1.176705E2	6.665546E0
2.968000E1	1.176708E2	6.469500E0
2.970000E1	1.177494E2	5.814452E0
2.972000E1	1.179561E2	4.728473E0
2.974000E1	1.182139E2	3.790066E0
2.976000E1	1.181923E2	3.816161E0
2.978000E1	1.179586E2	3.970030E0
2.980000E1	1.178812E2	3.944790E0
2.982000E1	1.179867E2	3.864816E0
2.984000E1	1.180554E2	3.764803E0
2.986000E1	1.181383E2	3.197309E0
2.988000E1	1.183357E2	2.457009E0
2.990000E1	1.186546E2	1.652074E0
2.992000E1	1.188434E2	8.668316E-1
2.994000E1	1.187015E2	4.828909E-2
2.996000E1	1.189371E2	-7.808207E-1
2.998000E1	1.193027E2	-1.726029E0
3.000000E1	1.195774E2	-2.641612E0
3.002000E1	1.195087E2	-2.827419E0
3.004000E1	1.190649E2	-3.454227E0
3.006000E1	1.185535E2	-4.545028E0
3.008000E1	1.186392E2	-4.788945E0
3.010000E1	1.185955E2	-4.598198E0
3.012000E1	1.189834E2	-4.494404E0
3.014000E1	1.190788E2	-4.628542E0
3.016000E1	1.191370E2	-4.664233E0
3.018000E1	1.191174E2	-4.833956E0
3.020000E1	1.190731E2	-4.985282E0
3.022000E1	1.191520E2	-5.220133E0
3.024000E1	1.193026E2	-5.941309E0
3.026000E1	1.193432E2	-5.980777E0
3.028000E1	1.193855E2	-6.032704E0
3.030000E1	1.193921E2	-5.989163E0
3.032000E1	1.193909E2	-5.957502E0
3.034000E1	1.192543E2	-6.063735E0
3.036000E1	1.193046E2	-6.156820E0
3.038000E1	1.192336E2	-6.861459E0
3.040000E1	1.193674E2	-7.434718E0
3.042000E1	1.194144E2	-7.523284E0
3.044000E1	1.195419E2	-7.939136E0
3.046000E1	1.197169E2	-8.671073E0
3.048000E1	1.199656E2	-9.980789E0
3.050000E1	1.200653E2	-1.173925E1
3.052000E1	1.196140E2	-1.338618E1
3.054000E1	1.190801E2	-1.456188E1
3.056000E1	1.188263E2	-1.542745E1
3.058000E1	1.191711E2	-1.556007E1
3.060000E1	1.196316E2	-1.597469E1
3.062000E1	1.195877E2	-1.596150E1
3.064000E1	1.194023E2	-1.612669E1
3.066000E1	1.194947E2	-1.666505E1
3.068000E1	1.195232E2	-1.684409E1
3.070000E1	1.195280E2	-1.690638E1
3.072000E1	1.191501E2	-1.709335E1
3.074000E1	1.192503E2	-1.763063E1
3.076000E1	1.193538E2	-1.834570E1
3.078000E1	1.192525E2	-1.847033E1
3.080000E1	1.188735E2	-1.876757E1
3.082000E1	1.187684E2	-1.882828E1
3.084000E1	1.187636E2	-1.898936E1
3.086000E1	1.189416E2	-1.957435E1
3.088000E1	1.189494E2	-2.028342E1
3.090000E1	1.190343E2	-2.144773E1
3.092000E1	1.192133E2	-2.286382E1
3.094000E1	1.189622E2	-2.325789E1
3.096000E1	1.189351E2	-2.324348E1
3.098000E1	1.189178E2	-2.369228E1
3.100000E1	1.188054E2	-2.368792E1
3.102000E1	1.185872E2	-2.371637E1
3.104000E1	1.182673E2	-2.424002E1
3.106000E1	1.177209E2	-2.520074E1
3.108000E1	1.174097E2	-2.603190E1
3.110000E1	1.173249E2	-2.609955E1
3.112000E1	1.173829E2	-2.613787E1
3.114000E1	1.174990E2	-2.615639E1
3.116000E1	1.177569E2	-2.609148E1
3.118000E1	1.177570E2	-2.630270E1
3.120000E1	1.178212E2	-2.650313E1
3.122000E1	1.177603E2	-2.677952E1
3.124000E1	1.177776E2	-2.697969E1
3.126000E1	1.177583E2	-2.706094E1
3.128000E1	1.176069E2	-2.715301E1
3.130000E1	1.173860E2	-2.761623E1
3.132000E1	1.172174E2	-2.835913E1
3.134000E1	1.172417E2	-2.867576E1
3.136000E1	1.173347E2	-2.896009E1
3.138000E1	1.172676E2	-2.949761E1
3.140000E1	1.173939E2	-3.027616E1
3.142000E1	1.175409E2	-3.097429E1
3.144000E1	1.176427E2	-3.148106E1
3.146000E1	1.174841E2	-3.160271E1
3.148000E1	1.175039E2	-3.153367E1
3.150000E1	1.175478E2	-3.171748E1
3.152000E1	1.172575E2	-3.270599E1
3.154000E1	1.164129E2	-3.448509E1
3.156000E1	1.157254E2	-3.580548E1
3.158000E1	1.157023E2	-3.699108E1
3.160000E1	1.159878E2	-3.767990E1
3.162000E1	1.163321E2	-3.741885E1
3.164000E1	1.162065E2	-3.722074E1
3.166000E1	1.161312E2	-3.722360E1
3.168000E1	1.159987E2	-3.747272E1
3.170000E1	1.158063E2	-3.804673E1
3.172000E1	1.155194E2	-3.851535E1
3.174000E1	1.152023E2	-3.938233E1
3.176000E1	1.153431E2	-3.986496E1
3.178000E1	1.153796E2	-4.016717E1
3.180000E1	1.150152E2	-4.052430E1
3.182000E1	1.146538E2	-4.142778E1
3.184000E1	1.144419E2	-4.244276E1
3.186000E1	1.146442E2	-4.245537E1
3.188000E1	1.147976E2	-4.258628E1
3.190000E1	1.146305E2	-4.333451E1
3.192000E1	1.143802E2	-4.405291E1
3.194000E1	1.140377E2	-4.418428E1
3.196000E1	1.136899E2	-4.430076E1
3.198000E1	1.135707E2	-4.472868E1
3.200000E1	1.135382E2	-4.529134E1
3.202000E1	1.135251E2	-4.543313E1
3.204000E1	1.132855E2	-4.554029E1
3.206000E1	1.124406E2	-4.604352E1
3.208000E1	1.117035E2	-4.677744E1
3.210000E1	1.113235E2	-4.741659E1
3.212000E1	1.115366E2	-4.785162E1
3.214000E1	1.116509E2	-4.789675E1
3.216000E1	1.118973E2	-4.782567E1
3.218000E1	1.119446E2	-4.779410E1
3.220000E1	1.118988E2	-4.790015E1
3.222000E1	1.118867E2	-4.793959E1
3.224000E1	1.118076E2	-4.855868E1
3.226000E1	1.115847E2	-4.931271E1
3.228000E1	1.112032E2	-5.005381E1
3.230000E1	1.110839E2	-5.012924E1
3.232000E1	1.111078E2	-5.045279E1
3.234000E1	1.112193E2	-5.109069E1
3.236000E1	1.110992E2	-5.186756E1
3.238000E1	1.110023E2	-5.186411E1
3.240000E1	1.110045E2	-5.181613E1
3.242000E1	1.109665E2	-5.190605E1
3.244000E1	1.110024E2	-5.194919E1
3.246000E1	1.109692E2	-5.230205E1
3.248000E1	1.109569E2	-5.290478E1
3.250000E1	1.107263E2	-5.378174E1
