	mass C		
t	x	y	
0.000000E0	1.167711E2	-4.612096E1
2.000000E-2	1.167711E2	-4.612096E1
4.000000E-2	1.168052E2	-4.608538E1
6.000000E-2	1.168383E2	-4.602110E1
8.000000E-2	1.168718E2	-4.597716E1
1.000000E-1	1.170011E2	-4.592041E1
1.200000E-1	1.171706E2	-4.579148E1
1.400000E-1	1.172061E2	-4.570997E1
1.600000E-1	1.171298E2	-4.536938E1
1.800000E-1	1.171066E2	-4.455960E1
2.000000E-1	1.172424E2	-4.363617E1
2.200000E-1	1.175975E2	-4.223116E1
2.400000E-1	1.177294E2	-4.134589E1
2.600000E-1	1.178525E2	-4.091581E1
2.800000E-1	1.179201E2	-4.069091E1
3.000000E-1	1.182739E2	-4.039928E1
3.200000E-1	1.187320E2	-4.034912E1
3.400000E-1	1.191971E2	-3.950475E1
3.600000E-1	1.193595E2	-3.872663E1
3.800000E-1	1.192912E2	-3.875883E1
4.000000E-1	1.192462E2	-3.874299E1
4.200000E-1	1.192212E2	-3.878247E1
4.400000E-1	1.196983E2	-3.868754E1
4.600000E-1	1.201923E2	-3.783666E1
4.800000E-1	1.202171E2	-3.697145E1
5.000000E-1	1.203294E2	-3.674187E1
5.200000E-1	1.204261E2	-3.698820E1
5.400000E-1	1.206072E2	-3.695914E1
5.600000E-1	1.211682E2	-3.634662E1
5.800000E-1	1.216723E2	-3.576930E1
6.000000E-1	1.216911E2	-3.563491E1
6.200000E-1	1.216751E2	-3.548031E1
6.400000E-1	1.216140E2	-3.534661E1
6.600000E-1	1.215511E2	-3.525297E1
6.800000E-1	1.214924E2	-3.495899E1
7.000000E-1	1.215758E2	-3.462642E1
7.200000E-1	1.216321E2	-3.439990E1
7.400000E-1	1.219444E2	-3.403728E1
7.600000E-1	1.221816E2	-3.360301E1
7.800000E-1	1.221468E2	-3.348841E1
8.000000E-1	1.218906E2	-3.286145E1
8.200000E-1	1.215093E2	-3.221907E1
8.400000E-1	1.210660E2	-3.209293E1
8.600000E-1	1.208901E2	-3.209987E1
8.800000E-1	1.209638E2	-3.214150E1
9.000000E-1	1.213172E2	-3.209012E1
9.200000E-1	1.213008E2	-3.206547E1
9.400000E-1	1.213233E2	-3.205510E1
9.600000E-1	1.212446E2	-3.191187E1
9.800000E-1	1.214024E2	-3.152113E1
1.000000E0	1.218041E2	-3.138357E1
1.020000E0	1.217628E2	-3.114604E1
1.040000E0	1.216524E2	-3.087524E1
1.060000E0	1.213055E2	-3.067025E1
1.080000E0	1.212586E2	-3.046449E1
1.100000E0	1.212382E2	-3.035914E1
1.120000E0	1.214982E2	-3.009899E1
1.140000E0	1.215183E2	-2.942646E1
1.160000E0	1.219443E2	-2.919243E1
1.180000E0	1.220572E2	-2.852860E1
1.200000E0	1.221807E2	-2.782718E1
1.220000E0	1.225537E2	-2.764504E1
1.240000E0	1.227237E2	-2.705339E1
1.260000E0	1.227396E2	-2.629162E1
1.280000E0	1.226960E2	-2.566534E1
1.300000E0	1.225904E2	-2.521760E1
1.320000E0	1.226080E2	-2.491959E1
1.340000E0	1.229838E2	-2.473559E1
1.360000E0	1.234406E2	-2.423972E1
1.380000E0	1.239207E2	-2.348947E1
1.400000E0	1.243581E2	-2.299017E1
1.420000E0	1.245531E2	-2.238754E1
1.440000E0	1.246604E2	-2.229560E1
1.460000E0	1.250445E2	-2.192018E1
1.480000E0	1.252434E2	-2.149207E1
1.500000E0	1.254765E2	-2.117741E1
1.520000E0	1.255631E2	-2.092338E1
1.540000E0	1.254741E2	-2.079792E1
1.560000E0	1.253482E2	-2.045769E1
1.580000E0	1.253709E2	-2.029971E1
1.600000E0	1.254233E2	-2.029105E1
1.620000E0	1.254516E2	-2.020096E1
1.640000E0	1.255926E2	-2.001749E1
1.660000E0	1.258236E2	-1.960928E1
1.680000E0	1.258999E2	-1.949091E1
1.700000E0	1.259737E2	-1.920398E1
1.720000E0	1.259706E2	-1.906255E1
1.740000E0	1.258073E2	-1.886259E1
1.760000E0	1.255917E2	-1.891258E1
1.780000E0	1.253820E2	-1.890203E1
1.800000E0	1.253823E2	-1.887889E1
1.820000E0	1.254770E2	-1.859670E1
1.840000E0	1.254890E2	-1.832314E1
1.860000E0	1.254570E2	-1.786473E1
1.880000E0	1.250528E2	-1.690907E1
1.900000E0	1.245568E2	-1.554602E1
1.920000E0	1.242246E2	-1.458242E1
1.940000E0	1.242532E2	-1.440448E1
1.960000E0	1.242348E2	-1.439017E1
1.980000E0	1.242969E2	-1.433404E1
2.000000E0	1.242197E2	-1.435145E1
2.020000E0	1.242642E2	-1.430407E1
2.040000E0	1.243703E2	-1.414868E1
2.060000E0	1.243768E2	-1.346575E1
2.080000E0	1.244631E2	-1.265528E1
2.100000E0	1.248263E2	-1.194362E1
2.120000E0	1.248144E2	-1.193041E1
2.140000E0	1.247653E2	-1.178517E1
2.160000E0	1.247372E2	-1.109163E1
2.180000E0	1.248827E2	-1.075619E1
2.200000E0	1.249793E2	-1.058960E1
2.220000E0	1.247500E2	-1.019456E1
2.240000E0	1.249251E2	-1.000342E1
2.260000E0	1.256675E2	-9.474830E0
2.280000E0	1.258515E2	-8.616701E0
2.300000E0	1.259015E2	-7.839217E0
2.320000E0	1.258341E2	-7.146028E0
2.340000E0	1.259791E2	-6.496524E0
2.360000E0	1.263518E2	-5.771685E0
2.380000E0	1.264915E2	-4.807735E0
2.400000E0	1.265357E2	-3.836676E0
2.420000E0	1.265574E2	-2.968931E0
2.440000E0	1.265401E2	-2.804874E0
2.460000E0	1.264370E2	-2.800177E0
2.480000E0	1.264172E2	-2.770136E0
2.500000E0	1.264552E2	-2.375112E0
2.520000E0	1.265779E2	-2.171350E0
2.540000E0	1.265830E2	-1.975111E0
2.560000E0	1.266665E2	-1.544532E0
2.580000E0	1.266969E2	-1.359850E0
2.600000E0	1.266321E2	-1.140902E0
2.620000E0	1.266283E2	-1.074556E0
2.640000E0	1.264404E2	-8.952354E-1
2.660000E0	1.261284E2	-7.236646E-1
2.680000E0	1.260385E2	-7.475509E-1
2.700000E0	1.260292E2	-7.759247E-1
2.720000E0	1.260900E2	-7.470079E-1
2.740000E0	1.261204E2	-2.546896E-1
2.760000E0	1.260745E2	-6.163832E-2
2.780000E0	1.260642E2	6.137536E-2
2.800000E0	1.259728E2	2.044994E-1
2.820000E0	1.260127E2	3.875891E-1
2.840000E0	1.260104E2	7.446359E-1
2.860000E0	1.258811E2	9.602160E-1
2.880000E0	1.255343E2	1.095851E0
2.900000E0	1.254521E2	1.189096E0
2.920000E0	1.255150E2	1.426064E0
2.940000E0	1.255086E2	1.721546E0
2.960000E0	1.254092E2	2.294191E0
2.980000E0	1.250101E2	3.096067E0
3.000000E0	1.241187E2	4.794811E0
3.020000E0	1.237829E2	6.083870E0
3.040000E0	1.240624E2	6.088572E0
3.060000E0	1.242080E2	6.204270E0
3.080000E0	1.244046E2	6.399310E0
3.100000E0	1.244545E2	6.454033E0
3.120000E0	1.244714E2	6.415905E0
3.140000E0	1.244943E2	6.399912E0
3.160000E0	1.246066E2	6.953173E0
3.180000E0	1.249614E2	7.881295E0
3.200000E0	1.249049E2	8.452534E0
3.220000E0	1.247076E2	8.792817E0
3.240000E0	1.243586E2	9.288680E0
3.260000E0	1.244498E2	9.425385E0
3.280000E0	1.247756E2	1.003285E1
3.300000E0	1.248794E2	1.076597E1
3.320000E0	1.251656E2	1.132756E1
3.340000E0	1.251421E2	1.139103E1
3.360000E0	1.251115E2	1.130537E1
3.380000E0	1.251197E2	1.129294E1
3.400000E0	1.250714E2	1.133357E1
3.420000E0	1.248075E2	1.185116E1
3.440000E0	1.249040E2	1.240820E1
3.460000E0	1.249062E2	1.279400E1
3.480000E0	1.249518E2	1.329689E1
3.500000E0	1.249741E2	1.332806E1
3.520000E0	1.249272E2	1.338806E1
3.540000E0	1.249943E2	1.333592E1
3.560000E0	1.250722E2	1.370011E1
3.580000E0	1.249751E2	1.377764E1
3.600000E0	1.249842E2	1.366456E1
3.620000E0	1.250193E2	1.381096E1
3.640000E0	1.250202E2	1.448021E1
3.660000E0	1.248990E2	1.460322E1
3.680000E0	1.248724E2	1.474384E1
3.700000E0	1.248534E2	1.475610E1
3.720000E0	1.248819E2	1.501721E1
3.740000E0	1.249386E2	1.559066E1
3.760000E0	1.248149E2	1.609179E1
3.780000E0	1.247245E2	1.611246E1
3.800000E0	1.246214E2	1.608448E1
3.820000E0	1.246877E2	1.615427E1
3.840000E0	1.246323E2	1.675734E1
3.860000E0	1.245362E2	1.738520E1
3.880000E0	1.243945E2	1.737589E1
3.900000E0	1.244026E2	1.759857E1
3.920000E0	1.240526E2	1.850633E1
3.940000E0	1.239616E2	1.924801E1
3.960000E0	1.240925E2	1.951395E1
3.980000E0	1.241191E2	1.974041E1
4.000000E0	1.240332E2	2.021754E1
4.020000E0	1.240432E2	2.021065E1
4.040000E0	1.239325E2	2.007607E1
4.060000E0	1.236839E2	2.057446E1
4.080000E0	1.231802E2	2.158567E1
4.100000E0	1.222624E2	2.314194E1
4.120000E0	1.221709E2	2.382591E1
4.140000E0	1.221857E2	2.392931E1
4.160000E0	1.222200E2	2.395578E1
4.180000E0	1.226118E2	2.432454E1
4.200000E0	1.228652E2	2.494695E1
4.220000E0	1.229617E2	2.539551E1
4.240000E0	1.230121E2	2.577632E1
4.260000E0	1.228018E2	2.611463E1
4.280000E0	1.227879E2	2.607218E1
4.300000E0	1.227315E2	2.599452E1
4.320000E0	1.222376E2	2.622014E1
4.340000E0	1.220486E2	2.661947E1
4.360000E0	1.222168E2	2.686162E1
4.380000E0	1.223334E2	2.700221E1
4.400000E0	1.222565E2	2.747484E1
4.420000E0	1.221804E2	2.753580E1
4.440000E0	1.222172E2	2.742849E1
4.460000E0	1.222103E2	2.738882E1
4.480000E0	1.221942E2	2.730455E1
4.500000E0	1.219874E2	2.725872E1
4.520000E0	1.218751E2	2.729584E1
4.540000E0	1.216940E2	2.775419E1
4.560000E0	1.212479E2	2.849241E1
4.580000E0	1.207503E2	2.931956E1
4.600000E0	1.202125E2	3.023283E1
4.620000E0	1.200805E2	3.107662E1
4.640000E0	1.200804E2	3.178886E1
4.660000E0	1.203214E2	3.221246E1
4.680000E0	1.204517E2	3.272610E1
4.700000E0	1.203535E2	3.307097E1
4.720000E0	1.199044E2	3.340701E1
4.740000E0	1.198718E2	3.348764E1
4.760000E0	1.197108E2	3.377760E1
4.780000E0	1.196082E2	3.444931E1
4.800000E0	1.195147E2	3.454921E1
4.820000E0	1.193962E2	3.479605E1
4.840000E0	1.191064E2	3.515886E1
4.860000E0	1.192381E2	3.515261E1
4.880000E0	1.195895E2	3.522222E1
4.900000E0	1.194467E2	3.575840E1
4.920000E0	1.193138E2	3.620056E1
4.940000E0	1.192801E2	3.621970E1
4.960000E0	1.190730E2	3.622888E1
4.980000E0	1.191720E2	3.650623E1
5.000000E0	1.191747E2	3.740273E1
5.020000E0	1.189621E2	3.828109E1
5.040000E0	1.186442E2	3.874633E1
5.060000E0	1.184362E2	3.896042E1
5.080000E0	1.183707E2	3.905859E1
5.100000E0	1.185415E2	3.948904E1
5.120000E0	1.186109E2	4.027286E1
5.140000E0	1.186449E2	4.101614E1
5.160000E0	1.181663E2	4.183506E1
5.180000E0	1.171442E2	4.238309E1
5.200000E0	1.165967E2	4.246198E1
5.220000E0	1.164743E2	4.236723E1
5.240000E0	1.164407E2	4.240531E1
5.260000E0	1.164796E2	4.265627E1
5.280000E0	1.166036E2	4.302557E1
5.300000E0	1.166742E2	4.324240E1
5.320000E0	1.165248E2	4.370663E1
5.340000E0	1.164522E2	4.379841E1
5.360000E0	1.163821E2	4.391453E1
5.380000E0	1.163006E2	4.388303E1
5.400000E0	1.160229E2	4.388657E1
5.420000E0	1.159087E2	4.392776E1
5.440000E0	1.156489E2	4.400867E1
5.460000E0	1.156662E2	4.401799E1
5.480000E0	1.156853E2	4.406889E1
5.500000E0	1.157010E2	4.409018E1
5.520000E0	1.157217E2	4.407448E1
5.540000E0	1.157478E2	4.417438E1
5.560000E0	1.157765E2	4.425274E1
5.580000E0	1.157673E2	4.454967E1
5.600000E0	1.156104E2	4.468395E1
5.620000E0	1.152795E2	4.490567E1
5.640000E0	1.146359E2	4.553311E1
5.660000E0	1.140728E2	4.635073E1
5.680000E0	1.132172E2	4.735261E1
5.700000E0	1.127431E2	4.821601E1
5.720000E0	1.126329E2	4.841529E1
5.740000E0	1.125838E2	4.866852E1
5.760000E0	1.125930E2	4.925547E1
5.780000E0	1.127953E2	4.964222E1
5.800000E0	1.124643E2	5.046153E1
5.820000E0	1.122605E2	5.106402E1
5.840000E0	1.122617E2	5.105032E1
5.860000E0	1.121639E2	5.112324E1
5.880000E0	1.120970E2	5.114743E1
5.900000E0	1.122646E2	5.163625E1
5.920000E0	1.119383E2	5.259861E1
5.940000E0	1.114620E2	5.323644E1
5.960000E0	1.114650E2	5.323022E1
5.980000E0	1.117367E2	5.304226E1
6.000000E0	1.118514E2	5.321888E1
6.020000E0	1.116867E2	5.408419E1
6.040000E0	1.116256E2	5.473206E1
6.060000E0	1.115699E2	5.491299E1
6.080000E0	1.114295E2	5.520390E1
6.100000E0	1.110287E2	5.524601E1
6.120000E0	1.109959E2	5.520044E1
6.140000E0	1.109229E2	5.523917E1
6.160000E0	1.108118E2	5.533344E1
6.180000E0	1.104632E2	5.572227E1
6.200000E0	1.104614E2	5.596378E1
6.220000E0	1.103737E2	5.656344E1
6.240000E0	1.103814E2	5.657902E1
6.260000E0	1.098561E2	5.677941E1
6.280000E0	1.089323E2	5.699240E1
6.300000E0	1.084702E2	5.697527E1
6.320000E0	1.083178E2	5.669496E1
6.340000E0	1.084628E2	5.669068E1
6.360000E0	1.085720E2	5.682274E1
6.380000E0	1.086109E2	5.686344E1
6.400000E0	1.086582E2	5.698148E1
6.420000E0	1.086067E2	5.700717E1
6.440000E0	1.082998E2	5.725340E1
6.460000E0	1.084395E2	5.756213E1
6.480000E0	1.084470E2	5.766979E1
6.500000E0	1.083480E2	5.767827E1
6.520000E0	1.079978E2	5.762452E1
6.540000E0	1.076380E2	5.777388E1
6.560000E0	1.074501E2	5.793663E1
6.580000E0	1.074916E2	5.830621E1
6.600000E0	1.072235E2	5.860267E1
6.620000E0	1.068762E2	5.908264E1
6.640000E0	1.067573E2	5.954571E1
6.660000E0	1.063128E2	6.000181E1
6.680000E0	1.062873E2	6.041672E1
6.700000E0	1.062162E2	6.091302E1
6.720000E0	1.056637E2	6.164027E1
6.740000E0	1.050433E2	6.197553E1
6.760000E0	1.047706E2	6.233294E1
6.780000E0	1.044724E2	6.245846E1
6.800000E0	1.044885E2	6.259013E1
6.820000E0	1.046004E2	6.320134E1
6.840000E0	1.044767E2	6.401443E1
6.860000E0	1.042318E2	6.475193E1
6.880000E0	1.041272E2	6.528134E1
6.900000E0	1.039790E2	6.550999E1
6.920000E0	1.039841E2	6.576614E1
6.940000E0	1.038274E2	6.638993E1
6.960000E0	1.037610E2	6.690046E1
6.980000E0	1.036767E2	6.715862E1
7.000000E0	1.035946E2	6.721121E1
7.020000E0	1.031408E2	6.732740E1
7.040000E0	1.030338E2	6.742139E1
7.060000E0	1.030528E2	6.744060E1
7.080000E0	1.030222E2	6.747595E1
7.100000E0	1.029307E2	6.763283E1
7.120000E0	1.028043E2	6.806023E1
7.140000E0	1.027838E2	6.821435E1
7.160000E0	1.026903E2	6.841909E1
7.180000E0	1.024236E2	6.868978E1
7.200000E0	1.022777E2	6.872627E1
7.220000E0	1.022160E2	6.869358E1
7.240000E0	1.021964E2	6.857722E1
7.260000E0	1.021538E2	6.855632E1
7.280000E0	1.018330E2	6.871601E1
7.300000E0	1.017142E2	6.890467E1
7.320000E0	1.016085E2	6.906089E1
7.340000E0	1.012425E2	6.933990E1
7.360000E0	1.002727E2	6.981812E1
7.380000E0	9.885576E1	7.038315E1
7.400000E0	9.792173E1	7.076413E1
7.420000E0	9.783359E1	7.087838E1
7.440000E0	9.780849E1	7.085791E1
7.460000E0	9.779878E1	7.100144E1
7.480000E0	9.776642E1	7.110790E1
7.500000E0	9.776447E1	7.119619E1
7.520000E0	9.773949E1	7.137086E1
7.540000E0	9.728175E1	7.180688E1
7.560000E0	9.639776E1	7.257350E1
7.580000E0	9.635688E1	7.319564E1
7.600000E0	9.633711E1	7.317824E1
7.620000E0	9.612604E1	7.330783E1
7.640000E0	9.571543E1	7.364469E1
7.660000E0	9.567653E1	7.387410E1
7.680000E0	9.569493E1	7.383526E1
7.700000E0	9.537019E1	7.394022E1
7.720000E0	9.543547E1	7.457080E1
7.740000E0	9.520614E1	7.540696E1
7.760000E0	9.481042E1	7.611657E1
7.780000E0	9.447631E1	7.644719E1
7.800000E0	9.408581E1	7.671619E1
7.820000E0	9.360130E1	7.725359E1
7.840000E0	9.299029E1	7.806470E1
7.860000E0	9.223568E1	7.906584E1
7.880000E0	9.164987E1	7.985282E1
7.900000E0	9.104594E1	8.029544E1
7.920000E0	9.095066E1	8.033599E1
7.940000E0	9.094192E1	8.034836E1
7.960000E0	9.086381E1	8.041999E1
7.980000E0	9.062928E1	8.073520E1
8.000000E0	9.051487E1	8.102347E1
8.020000E0	9.039732E1	8.115519E1
8.040000E0	9.018722E1	8.137067E1
8.060000E0	9.005991E1	8.171590E1
8.080000E0	8.998177E1	8.188081E1
8.100000E0	8.996214E1	8.190984E1
8.120000E0	8.955991E1	8.190458E1
8.140000E0	8.916795E1	8.190069E1
8.160000E0	8.915906E1	8.189380E1
8.180000E0	8.924956E1	8.189919E1
8.200000E0	8.905531E1	8.206910E1
8.220000E0	8.874664E1	8.241769E1
8.240000E0	8.867815E1	8.249336E1
8.260000E0	8.856093E1	8.243709E1
8.280000E0	8.845151E1	8.250998E1
8.300000E0	8.810507E1	8.268836E1
8.320000E0	8.805154E1	8.278031E1
8.340000E0	8.793151E1	8.280586E1
8.360000E0	8.759437E1	8.280320E1
8.380000E0	8.746298E1	8.284065E1
8.400000E0	8.714247E1	8.295137E1
8.420000E0	8.685795E1	8.330720E1
8.440000E0	8.653506E1	8.348482E1
8.460000E0	8.536358E1	8.391472E1
8.480000E0	8.348683E1	8.445673E1
8.500000E0	8.275360E1	8.501008E1
8.520000E0	8.297397E1	8.513885E1
8.540000E0	8.300051E1	8.540194E1
8.560000E0	8.298072E1	8.556633E1
8.580000E0	8.304338E1	8.559108E1
8.600000E0	8.307300E1	8.553015E1
8.620000E0	8.314280E1	8.545382E1
8.640000E0	8.277706E1	8.593631E1
8.660000E0	8.226157E1	8.673265E1
8.680000E0	8.189913E1	8.708784E1
8.700000E0	8.146276E1	8.715830E1
8.720000E0	8.092537E1	8.725660E1
8.740000E0	8.079315E1	8.742898E1
8.760000E0	8.050077E1	8.804866E1
8.780000E0	8.018941E1	8.879019E1
8.800000E0	7.992000E1	8.922831E1
8.820000E0	7.986020E1	8.932860E1
8.840000E0	7.986081E1	8.928608E1
8.860000E0	7.986893E1	8.928372E1
8.880000E0	7.974819E1	8.930011E1
8.900000E0	7.920309E1	8.956850E1
8.920000E0	7.877277E1	8.987710E1
8.940000E0	7.857243E1	9.010179E1
8.960000E0	7.816195E1	9.053865E1
8.980000E0	7.812509E1	9.061367E1
9.000000E0	7.811829E1	9.063763E1
9.020000E0	7.822859E1	9.068312E1
9.040000E0	7.809925E1	9.111266E1
9.060000E0	7.792917E1	9.112491E1
9.080000E0	7.806314E1	9.104877E1
9.100000E0	7.782464E1	9.118663E1
9.120000E0	7.722531E1	9.165276E1
9.140000E0	7.688781E1	9.188410E1
9.160000E0	7.681202E1	9.189320E1
9.180000E0	7.678525E1	9.181949E1
9.200000E0	7.666365E1	9.197105E1
9.220000E0	7.623157E1	9.234775E1
9.240000E0	7.588894E1	9.242334E1
9.260000E0	7.592108E1	9.245118E1
9.280000E0	7.590052E1	9.242027E1
9.300000E0	7.573529E1	9.258353E1
9.320000E0	7.546578E1	9.294523E1
9.340000E0	7.504990E1	9.320461E1
9.360000E0	7.478474E1	9.320390E1
9.380000E0	7.441156E1	9.338630E1
9.400000E0	7.357763E1	9.393999E1
9.420000E0	7.301237E1	9.420776E1
9.440000E0	7.291002E1	9.451513E1
9.460000E0	7.280824E1	9.469102E1
9.480000E0	7.246229E1	9.485246E1
9.500000E0	7.244664E1	9.495705E1
9.520000E0	7.242806E1	9.492660E1
9.540000E0	7.190575E1	9.496252E1
9.560000E0	7.059156E1	9.533142E1
9.580000E0	6.904036E1	9.601811E1
9.600000E0	6.859102E1	9.624206E1
9.620000E0	6.859226E1	9.628165E1
9.640000E0	6.858663E1	9.625055E1
9.660000E0	6.859431E1	9.667052E1
9.680000E0	6.830466E1	9.714445E1
9.700000E0	6.807521E1	9.742060E1
9.720000E0	6.786798E1	9.770565E1
9.740000E0	6.737815E1	9.783586E1
9.760000E0	6.746192E1	9.793463E1
9.780000E0	6.752418E1	9.786478E1
9.800000E0	6.707744E1	9.780452E1
9.820000E0	6.665708E1	9.782379E1
9.840000E0	6.652681E1	9.822981E1
9.860000E0	6.658027E1	9.830866E1
9.880000E0	6.642850E1	9.856207E1
9.900000E0	6.622770E1	9.862027E1
9.920000E0	6.627164E1	9.857089E1
9.940000E0	6.625482E1	9.854335E1
9.960000E0	6.627856E1	9.848560E1
9.980000E0	6.617179E1	9.846542E1
1.000000E1	6.606829E1	9.839095E1
1.002000E1	6.571549E1	9.841541E1
1.004000E1	6.497554E1	9.866514E1
1.006000E1	6.414141E1	9.887881E1
1.008000E1	6.307959E1	9.913487E1
1.010000E1	6.225385E1	9.947576E1
1.012000E1	6.182712E1	9.983017E1
1.014000E1	6.170218E1	1.003383E2
1.016000E1	6.151103E1	1.007360E2
1.018000E1	6.102694E1	1.008584E2
1.020000E1	6.061637E1	1.008899E2
1.022000E1	6.051180E1	1.009275E2
1.024000E1	6.020592E1	1.010879E2
1.026000E1	5.978144E1	1.012602E2
1.028000E1	5.938532E1	1.013705E2
1.030000E1	5.927031E1	1.014905E2
1.032000E1	5.879126E1	1.014820E2
1.034000E1	5.881590E1	1.015757E2
1.036000E1	5.897000E1	1.017755E2
1.038000E1	5.853649E1	1.020906E2
1.040000E1	5.806240E1	1.022614E2
1.042000E1	5.796542E1	1.023740E2
1.044000E1	5.788085E1	1.022711E2
1.046000E1	5.772479E1	1.024782E2
1.048000E1	5.726060E1	1.030839E2
1.050000E1	5.648993E1	1.033216E2
1.052000E1	5.588294E1	1.033897E2
1.054000E1	5.562588E1	1.034699E2
1.056000E1	5.554809E1	1.034578E2
1.058000E1	5.535746E1	1.037674E2
1.060000E1	5.487072E1	1.043087E2
1.062000E1	5.433014E1	1.048577E2
1.064000E1	5.357107E1	1.051438E2
1.066000E1	5.253156E1	1.048569E2
1.068000E1	5.172617E1	1.044736E2
1.070000E1	5.161048E1	1.042135E2
1.072000E1	5.158623E1	1.042227E2
1.074000E1	5.154031E1	1.043735E2
1.076000E1	5.138795E1	1.046752E2
1.078000E1	5.133089E1	1.048443E2
1.080000E1	5.091764E1	1.050538E2
1.082000E1	5.086849E1	1.051820E2
1.084000E1	5.089518E1	1.051905E2
1.086000E1	5.083274E1	1.052151E2
1.088000E1	5.082969E1	1.051800E2
1.090000E1	5.077612E1	1.051025E2
1.092000E1	5.045362E1	1.050047E2
1.094000E1	5.036228E1	1.049405E2
1.096000E1	5.034009E1	1.049104E2
1.098000E1	5.027875E1	1.048900E2
1.100000E1	5.019028E1	1.048745E2
1.102000E1	5.015578E1	1.048966E2
1.104000E1	5.009208E1	1.049226E2
1.106000E1	5.003768E1	1.049454E2
1.108000E1	5.002165E1	1.048965E2
1.110000E1	4.969375E1	1.048198E2
1.112000E1	4.906712E1	1.047750E2
1.114000E1	4.801247E1	1.048216E2
1.116000E1	4.673686E1	1.050087E2
1.118000E1	4.573172E1	1.051038E2
1.120000E1	4.562569E1	1.052110E2
1.122000E1	4.527372E1	1.053404E2
1.124000E1	4.500131E1	1.057176E2
1.126000E1	4.488138E1	1.061295E2
1.128000E1	4.412457E1	1.065460E2
1.130000E1	4.342463E1	1.068643E2
1.132000E1	4.334156E1	1.068094E2
1.134000E1	4.330467E1	1.067375E2
1.136000E1	4.325676E1	1.066909E2
1.138000E1	4.317434E1	1.070757E2
1.140000E1	4.232749E1	1.076398E2
1.142000E1	4.142559E1	1.076867E2
1.144000E1	4.132867E1	1.077462E2
1.146000E1	4.173808E1	1.077246E2
1.148000E1	4.173583E1	1.078515E2
1.150000E1	4.093237E1	1.083372E2
1.152000E1	4.033150E1	1.086846E2
1.154000E1	4.023281E1	1.087394E2
1.156000E1	4.000213E1	1.088560E2
1.158000E1	3.972710E1	1.087451E2
1.160000E1	3.967455E1	1.086527E2
1.162000E1	3.960160E1	1.086373E2
1.164000E1	3.940439E1	1.085794E2
1.166000E1	3.890541E1	1.086640E2
1.168000E1	3.848706E1	1.089565E2
1.170000E1	3.814297E1	1.092104E2
1.172000E1	3.804553E1	1.092037E2
1.174000E1	3.771559E1	1.091327E2
1.176000E1	3.690360E1	1.087137E2
1.178000E1	3.634262E1	1.082623E2
1.180000E1	3.635957E1	1.078049E2
1.182000E1	3.643198E1	1.077915E2
1.184000E1	3.643021E1	1.080235E2
1.186000E1	3.643105E1	1.082609E2
1.188000E1	3.644225E1	1.083485E2
1.190000E1	3.645882E1	1.083025E2
1.192000E1	3.636978E1	1.082461E2
1.194000E1	3.602830E1	1.084052E2
1.196000E1	3.586407E1	1.085242E2
1.198000E1	3.582194E1	1.085103E2
1.200000E1	3.570323E1	1.083121E2
1.202000E1	3.527698E1	1.081827E2
1.204000E1	3.486922E1	1.081190E2
1.206000E1	3.457148E1	1.082619E2
1.208000E1	3.443526E1	1.083807E2
1.210000E1	3.390974E1	1.083764E2
1.212000E1	3.339623E1	1.085801E2
1.214000E1	3.291453E1	1.086433E2
1.216000E1	3.257063E1	1.089956E2
1.218000E1	3.231642E1	1.092059E2
1.220000E1	3.168481E1	1.093378E2
1.222000E1	3.070600E1	1.092904E2
1.224000E1	3.028688E1	1.092982E2
1.226000E1	2.985125E1	1.091613E2
1.228000E1	2.954029E1	1.092060E2
1.230000E1	2.924893E1	1.095027E2
1.232000E1	2.853921E1	1.097270E2
1.234000E1	2.808752E1	1.100182E2
1.236000E1	2.774346E1	1.101939E2
1.238000E1	2.727969E1	1.102954E2
1.240000E1	2.688572E1	1.106870E2
1.242000E1	2.633234E1	1.109596E2
1.244000E1	2.594282E1	1.112386E2
1.246000E1	2.573119E1	1.114314E2
1.248000E1	2.567328E1	1.114747E2
1.250000E1	2.523942E1	1.113953E2
1.252000E1	2.511897E1	1.113103E2
1.254000E1	2.497500E1	1.112221E2
1.256000E1	2.495937E1	1.112238E2
1.258000E1	2.471293E1	1.112464E2
1.260000E1	2.432336E1	1.114457E2
1.262000E1	2.419059E1	1.115264E2
1.264000E1	2.416168E1	1.115498E2
1.266000E1	2.390994E1	1.115898E2
1.268000E1	2.345356E1	1.115647E2
1.270000E1	2.343420E1	1.114929E2
1.272000E1	2.357040E1	1.113262E2
1.274000E1	2.364733E1	1.112132E2
1.276000E1	2.338334E1	1.111385E2
1.278000E1	2.321950E1	1.111208E2
1.280000E1	2.314756E1	1.111085E2
1.282000E1	2.280698E1	1.110864E2
1.284000E1	2.227027E1	1.109861E2
1.286000E1	2.101507E1	1.104261E2
1.288000E1	1.960799E1	1.099095E2
1.290000E1	1.900721E1	1.096092E2
1.292000E1	1.893087E1	1.096450E2
1.294000E1	1.882882E1	1.097404E2
1.296000E1	1.864362E1	1.099463E2
1.298000E1	1.852094E1	1.100734E2
1.300000E1	1.845531E1	1.101003E2
1.302000E1	1.811446E1	1.101837E2
1.304000E1	1.722715E1	1.101617E2
1.306000E1	1.655779E1	1.104220E2
1.308000E1	1.644067E1	1.105433E2
1.310000E1	1.601948E1	1.105127E2
1.312000E1	1.576297E1	1.105041E2
1.314000E1	1.549537E1	1.105382E2
1.316000E1	1.547064E1	1.105333E2
1.318000E1	1.538157E1	1.105790E2
1.320000E1	1.504719E1	1.106849E2
1.322000E1	1.445768E1	1.110883E2
1.324000E1	1.393004E1	1.111921E2
1.326000E1	1.357894E1	1.112324E2
1.328000E1	1.341263E1	1.112339E2
1.330000E1	1.273839E1	1.113178E2
1.332000E1	1.142335E1	1.114660E2
1.334000E1	1.006266E1	1.116569E2
1.336000E1	8.924999E0	1.117378E2
1.338000E1	8.284041E0	1.116195E2
1.340000E1	8.184639E0	1.114994E2
1.342000E1	8.189472E0	1.114511E2
1.344000E1	7.915286E0	1.114832E2
1.346000E1	7.442240E0	1.115594E2
1.348000E1	7.322050E0	1.116483E2
1.350000E1	7.198131E0	1.116465E2
1.352000E1	6.778872E0	1.117388E2
1.354000E1	6.453932E0	1.117605E2
1.356000E1	6.428080E0	1.117082E2
1.358000E1	6.423028E0	1.116720E2
1.360000E1	6.179063E0	1.114713E2
1.362000E1	5.884879E0	1.112598E2
1.364000E1	5.825089E0	1.111584E2
1.366000E1	5.828397E0	1.111297E2
1.368000E1	5.704157E0	1.111811E2
1.370000E1	5.283323E0	1.111660E2
1.372000E1	5.268514E0	1.111525E2
1.374000E1	5.275229E0	1.111245E2
1.376000E1	5.210931E0	1.110742E2
1.378000E1	4.798379E0	1.110711E2
1.380000E1	4.688574E0	1.110233E2
1.382000E1	4.692390E0	1.109043E2
1.384000E1	4.551402E0	1.106940E2
1.386000E1	4.265051E0	1.106465E2
1.388000E1	3.904854E0	1.106249E2
1.390000E1	3.686227E0	1.106123E2
1.392000E1	3.616354E0	1.106277E2
1.394000E1	3.072768E0	1.105196E2
1.396000E1	1.478498E0	1.096656E2
1.398000E1	-1.458816E-2	1.089802E2
1.400000E1	-9.333380E-1	1.087723E2
1.402000E1	-1.473196E0	1.088674E2
1.404000E1	-1.954283E0	1.089890E2
1.406000E1	-1.969020E0	1.090453E2
1.408000E1	-1.793876E0	1.092191E2
1.410000E1	-1.861267E0	1.094393E2
1.412000E1	-2.057836E0	1.095303E2
1.414000E1	-2.557700E0	1.096305E2
1.416000E1	-3.094197E0	1.097496E2
1.418000E1	-3.436437E0	1.096239E2
1.420000E1	-3.772638E0	1.093904E2
1.422000E1	-4.325846E0	1.092568E2
1.424000E1	-4.866565E0	1.093336E2
1.426000E1	-5.525979E0	1.094268E2
1.428000E1	-6.019420E0	1.096050E2
1.430000E1	-6.034738E0	1.095794E2
1.432000E1	-5.974748E0	1.096529E2
1.434000E1	-5.960166E0	1.096667E2
1.436000E1	-6.266911E0	1.096099E2
1.438000E1	-6.685234E0	1.096183E2
1.440000E1	-7.021567E0	1.095448E2
1.442000E1	-7.463558E0	1.095780E2
1.444000E1	-7.992025E0	1.095080E2
1.446000E1	-7.957521E0	1.095344E2
1.448000E1	-8.007219E0	1.094133E2
1.450000E1	-8.172431E0	1.092596E2
1.452000E1	-8.473280E0	1.091946E2
1.454000E1	-8.463803E0	1.091705E2
1.456000E1	-8.380651E0	1.091683E2
1.458000E1	-8.654788E0	1.091611E2
1.460000E1	-9.304683E0	1.091013E2
1.462000E1	-9.808881E0	1.090903E2
1.464000E1	-9.827348E0	1.089520E2
1.466000E1	-9.847124E0	1.090022E2
1.468000E1	-1.021735E1	1.090388E2
1.470000E1	-1.049103E1	1.091252E2
1.472000E1	-1.066136E1	1.089321E2
1.474000E1	-1.080921E1	1.084150E2
1.476000E1	-1.078015E1	1.083691E2
1.478000E1	-1.090846E1	1.085058E2
1.480000E1	-1.158393E1	1.085011E2
1.482000E1	-1.203598E1	1.085243E2
1.484000E1	-1.206640E1	1.085724E2
1.486000E1	-1.220180E1	1.084008E2
1.488000E1	-1.308971E1	1.082470E2
1.490000E1	-1.360000E1	1.082263E2
1.492000E1	-1.396515E1	1.082581E2
1.494000E1	-1.441976E1	1.080952E2
1.496000E1	-1.465721E1	1.080311E2
1.498000E1	-1.459935E1	1.080734E2
1.500000E1	-1.455988E1	1.081423E2
1.502000E1	-1.463962E1	1.083464E2
1.504000E1	-1.551883E1	1.083032E2
1.506000E1	-1.662059E1	1.074907E2
1.508000E1	-1.765175E1	1.065885E2
1.510000E1	-1.856499E1	1.057546E2
1.512000E1	-1.915836E1	1.057412E2
1.514000E1	-1.995810E1	1.061261E2
1.516000E1	-2.041464E1	1.067408E2
1.518000E1	-2.017772E1	1.072023E2
1.520000E1	-1.995493E1	1.073360E2
1.522000E1	-2.016422E1	1.071205E2
1.524000E1	-2.052880E1	1.068941E2
1.526000E1	-2.049792E1	1.068414E2
1.528000E1	-2.047742E1	1.067728E2
1.530000E1	-2.094475E1	1.066086E2
1.532000E1	-2.147032E1	1.065506E2
1.534000E1	-2.195629E1	1.065139E2
1.536000E1	-2.196268E1	1.066407E2
1.538000E1	-2.191143E1	1.067075E2
1.540000E1	-2.205196E1	1.066349E2
1.542000E1	-2.245827E1	1.066771E2
1.544000E1	-2.208200E1	1.066183E2
1.546000E1	-2.201663E1	1.066957E2
1.548000E1	-2.208372E1	1.066245E2
1.550000E1	-2.251409E1	1.065143E2
1.552000E1	-2.282500E1	1.062809E2
1.554000E1	-2.335657E1	1.059055E2
1.556000E1	-2.397081E1	1.053436E2
1.558000E1	-2.483989E1	1.051535E2
1.560000E1	-2.533266E1	1.049162E2
1.562000E1	-2.573080E1	1.047944E2
1.564000E1	-2.579490E1	1.047560E2
1.566000E1	-2.588948E1	1.046833E2
1.568000E1	-2.643198E1	1.044995E2
1.570000E1	-2.715318E1	1.043207E2
1.572000E1	-2.770224E1	1.041397E2
1.574000E1	-2.773655E1	1.041322E2
1.576000E1	-2.775594E1	1.041071E2
1.578000E1	-2.816380E1	1.040316E2
1.580000E1	-2.849379E1	1.039039E2
1.582000E1	-2.878992E1	1.037927E2
1.584000E1	-2.914915E1	1.037657E2
1.586000E1	-2.945980E1	1.036841E2
1.588000E1	-2.933913E1	1.037821E2
1.590000E1	-2.932920E1	1.036559E2
1.592000E1	-2.927520E1	1.037999E2
1.594000E1	-2.982183E1	1.038607E2
1.596000E1	-3.033227E1	1.038137E2
1.598000E1	-3.098177E1	1.033101E2
1.600000E1	-3.123944E1	1.031950E2
1.602000E1	-3.128797E1	1.031896E2
1.604000E1	-3.168609E1	1.032606E2
1.606000E1	-3.225106E1	1.032308E2
1.608000E1	-3.289860E1	1.031773E2
1.610000E1	-3.334246E1	1.031602E2
1.612000E1	-3.334122E1	1.032331E2
1.614000E1	-3.329351E1	1.030449E2
1.616000E1	-3.369209E1	1.022769E2
1.618000E1	-3.419792E1	1.013351E2
1.620000E1	-3.453413E1	1.008253E2
1.622000E1	-3.467027E1	1.009587E2
1.624000E1	-3.494957E1	1.009891E2
1.626000E1	-3.535114E1	1.012417E2
1.628000E1	-3.539555E1	1.014141E2
1.630000E1	-3.535443E1	1.013984E2
1.632000E1	-3.535270E1	1.013269E2
1.634000E1	-3.553146E1	1.010811E2
1.636000E1	-3.552685E1	1.009993E2
1.638000E1	-3.549124E1	1.009337E2
1.640000E1	-3.557841E1	1.007253E2
1.642000E1	-3.570701E1	1.005506E2
1.644000E1	-3.569828E1	1.004789E2
1.646000E1	-3.568104E1	1.004328E2
1.648000E1	-3.567855E1	1.003070E2
1.650000E1	-3.573808E1	1.003013E2
1.652000E1	-3.580899E1	1.003665E2
1.654000E1	-3.578020E1	1.003137E2
1.656000E1	-3.572865E1	1.003351E2
1.658000E1	-3.573673E1	1.003021E2
1.660000E1	-3.613927E1	1.000975E2
1.662000E1	-3.705265E1	9.927398E1
1.664000E1	-3.794824E1	9.855326E1
1.666000E1	-3.858742E1	9.803990E1
1.668000E1	-3.919044E1	9.742616E1
1.670000E1	-3.972682E1	9.718847E1
1.672000E1	-3.979162E1	9.719918E1
1.674000E1	-4.037474E1	9.712563E1
1.676000E1	-4.132552E1	9.679777E1
1.678000E1	-4.176226E1	9.663453E1
1.680000E1	-4.217904E1	9.649188E1
1.682000E1	-4.192891E1	9.639341E1
1.684000E1	-4.182860E1	9.684633E1
1.686000E1	-4.263483E1	9.667322E1
1.688000E1	-4.311440E1	9.615875E1
1.690000E1	-4.330236E1	9.605424E1
1.692000E1	-4.357896E1	9.562572E1
1.694000E1	-4.348726E1	9.574550E1
1.696000E1	-4.377778E1	9.604784E1
1.698000E1	-4.433315E1	9.593715E1
1.700000E1	-4.486558E1	9.592995E1
1.702000E1	-4.494249E1	9.582247E1
1.704000E1	-4.492325E1	9.582103E1
1.706000E1	-4.496458E1	9.576260E1
1.708000E1	-4.497725E1	9.546523E1
1.710000E1	-4.516729E1	9.526006E1
1.712000E1	-4.557073E1	9.508246E1
1.714000E1	-4.564921E1	9.506117E1
1.716000E1	-4.609148E1	9.501561E1
1.718000E1	-4.615172E1	9.499569E1
1.720000E1	-4.617698E1	9.503401E1
1.722000E1	-4.623582E1	9.498855E1
1.724000E1	-4.669491E1	9.424705E1
1.726000E1	-4.722137E1	9.273242E1
1.728000E1	-4.730186E1	9.185593E1
1.730000E1	-4.742564E1	9.174751E1
1.732000E1	-4.769115E1	9.196751E1
1.734000E1	-4.781825E1	9.226977E1
1.736000E1	-4.787615E1	9.232432E1
1.738000E1	-4.800125E1	9.241088E1
1.740000E1	-4.799324E1	9.245458E1
1.742000E1	-4.810309E1	9.248072E1
1.744000E1	-4.852295E1	9.247692E1
1.746000E1	-4.836207E1	9.236471E1
1.748000E1	-4.838139E1	9.178650E1
1.750000E1	-4.865804E1	9.124102E1
1.752000E1	-4.918937E1	9.098275E1
1.754000E1	-4.964611E1	9.084007E1
1.756000E1	-5.002371E1	9.070906E1
1.758000E1	-5.034275E1	9.032698E1
1.760000E1	-5.098284E1	8.985682E1
1.762000E1	-5.150403E1	8.983023E1
1.764000E1	-5.175953E1	8.981844E1
1.766000E1	-5.217371E1	8.967668E1
1.768000E1	-5.271308E1	8.913019E1
1.770000E1	-5.313263E1	8.878956E1
1.772000E1	-5.349015E1	8.824051E1
1.774000E1	-5.400934E1	8.805035E1
1.776000E1	-5.444260E1	8.795895E1
1.778000E1	-5.527550E1	8.718669E1
1.780000E1	-5.573672E1	8.655077E1
1.782000E1	-5.614884E1	8.644905E1
1.784000E1	-5.660827E1	8.638171E1
1.786000E1	-5.710252E1	8.636375E1
1.788000E1	-5.771239E1	8.631290E1
1.790000E1	-5.810085E1	8.619281E1
1.792000E1	-5.809087E1	8.607145E1
1.794000E1	-5.803384E1	8.619818E1
1.796000E1	-5.805204E1	8.608465E1
1.798000E1	-5.807538E1	8.582806E1
1.800000E1	-5.820827E1	8.533467E1
1.802000E1	-5.823060E1	8.534727E1
1.804000E1	-5.815574E1	8.535847E1
1.806000E1	-5.832035E1	8.537708E1
1.808000E1	-5.882623E1	8.524708E1
1.810000E1	-5.887612E1	8.518123E1
1.812000E1	-5.888817E1	8.523384E1
1.814000E1	-5.895278E1	8.509056E1
1.816000E1	-5.910821E1	8.485072E1
1.818000E1	-5.892849E1	8.477016E1
1.820000E1	-5.890873E1	8.475874E1
1.822000E1	-5.897901E1	8.459736E1
1.824000E1	-5.907803E1	8.445889E1
1.826000E1	-5.908107E1	8.436486E1
1.828000E1	-5.905853E1	8.425300E1
1.830000E1	-5.930152E1	8.411230E1
1.832000E1	-5.974597E1	8.357112E1
1.834000E1	-6.028872E1	8.243450E1
1.836000E1	-6.044351E1	8.094785E1
1.838000E1	-6.064952E1	8.011083E1
1.840000E1	-6.109051E1	8.002280E1
1.842000E1	-6.156483E1	7.998800E1
1.844000E1	-6.189391E1	7.990305E1
1.846000E1	-6.184207E1	7.990755E1
1.848000E1	-6.191286E1	7.992052E1
1.850000E1	-6.235096E1	7.967517E1
1.852000E1	-6.280084E1	7.940937E1
1.854000E1	-6.321503E1	7.934714E1
1.856000E1	-6.358788E1	7.898673E1
1.858000E1	-6.387638E1	7.844476E1
1.860000E1	-6.390257E1	7.819853E1
1.862000E1	-6.387203E1	7.810844E1
1.864000E1	-6.390391E1	7.804845E1
1.866000E1	-6.447723E1	7.784461E1
1.868000E1	-6.491071E1	7.762706E1
1.870000E1	-6.535957E1	7.740627E1
1.872000E1	-6.560214E1	7.725524E1
1.874000E1	-6.581086E1	7.706567E1
1.876000E1	-6.633047E1	7.682638E1
1.878000E1	-6.723045E1	7.612641E1
1.880000E1	-6.827629E1	7.529013E1
1.882000E1	-6.916035E1	7.453844E1
1.884000E1	-6.937183E1	7.415591E1
1.886000E1	-6.930030E1	7.404419E1
1.888000E1	-6.917410E1	7.380477E1
1.890000E1	-6.931487E1	7.314701E1
1.892000E1	-6.953206E1	7.313485E1
1.894000E1	-6.990052E1	7.303844E1
1.896000E1	-7.004862E1	7.306175E1
1.898000E1	-7.008405E1	7.306027E1
1.900000E1	-7.018941E1	7.297639E1
1.902000E1	-7.024461E1	7.286056E1
1.904000E1	-7.019408E1	7.281025E1
1.906000E1	-7.013919E1	7.270253E1
1.908000E1	-7.007939E1	7.226142E1
1.910000E1	-7.016572E1	7.199677E1
1.912000E1	-7.019906E1	7.188151E1
1.914000E1	-7.033234E1	7.179223E1
1.916000E1	-7.041233E1	7.171489E1
1.918000E1	-7.047718E1	7.156948E1
1.920000E1	-7.052465E1	7.155391E1
1.922000E1	-7.058295E1	7.148523E1
1.924000E1	-7.075415E1	7.131363E1
1.926000E1	-7.083437E1	7.095633E1
1.928000E1	-7.078649E1	7.078294E1
1.930000E1	-7.071525E1	7.054754E1
1.932000E1	-7.077224E1	7.039501E1
1.934000E1	-7.096440E1	6.993360E1
1.936000E1	-7.120706E1	6.949369E1
1.938000E1	-7.125007E1	6.931631E1
1.940000E1	-7.151548E1	6.913598E1
1.942000E1	-7.195151E1	6.821921E1
1.944000E1	-7.225471E1	6.686140E1
1.946000E1	-7.253640E1	6.574233E1
1.948000E1	-7.306062E1	6.502975E1
1.950000E1	-7.350035E1	6.487474E1
1.952000E1	-7.351611E1	6.486238E1
1.954000E1	-7.352131E1	6.495022E1
1.956000E1	-7.373639E1	6.524458E1
1.958000E1	-7.395826E1	6.539836E1
1.960000E1	-7.426251E1	6.526687E1
1.962000E1	-7.455993E1	6.478953E1
1.964000E1	-7.472237E1	6.459592E1
1.966000E1	-7.496356E1	6.429338E1
1.968000E1	-7.530973E1	6.384974E1
1.970000E1	-7.562675E1	6.339895E1
1.972000E1	-7.608767E1	6.308071E1
1.974000E1	-7.649164E1	6.292091E1
1.976000E1	-7.644609E1	6.287601E1
1.978000E1	-7.641893E1	6.285851E1
1.980000E1	-7.642943E1	6.287503E1
1.982000E1	-7.646174E1	6.283604E1
1.984000E1	-7.683050E1	6.241515E1
1.986000E1	-7.694838E1	6.230854E1
1.988000E1	-7.721374E1	6.197249E1
1.990000E1	-7.739770E1	6.158524E1
1.992000E1	-7.740328E1	6.155180E1
1.994000E1	-7.739572E1	6.147070E1
1.996000E1	-7.744487E1	6.092083E1
1.998000E1	-7.750519E1	6.050800E1
2.000000E1	-7.746032E1	6.044454E1
2.002000E1	-7.749970E1	6.056916E1
2.004000E1	-7.767829E1	6.049425E1
2.006000E1	-7.807413E1	6.002130E1
2.008000E1	-7.835266E1	5.959177E1
2.010000E1	-7.839057E1	5.926100E1
2.012000E1	-7.839566E1	5.917030E1
2.014000E1	-7.839211E1	5.915092E1
2.016000E1	-7.849497E1	5.904835E1
2.018000E1	-7.855965E1	5.884637E1
2.020000E1	-7.838473E1	5.824759E1
2.022000E1	-7.843762E1	5.803762E1
2.024000E1	-7.869787E1	5.795725E1
2.026000E1	-7.883813E1	5.768857E1
2.028000E1	-7.911010E1	5.738690E1
2.030000E1	-7.918909E1	5.749856E1
2.032000E1	-7.932183E1	5.722334E1
2.034000E1	-7.967962E1	5.696647E1
2.036000E1	-7.989357E1	5.657126E1
2.038000E1	-8.027358E1	5.630859E1
2.040000E1	-8.060490E1	5.566803E1
2.042000E1	-8.047142E1	5.536021E1
2.044000E1	-8.040107E1	5.520746E1
2.046000E1	-8.035189E1	5.522640E1
2.048000E1	-8.081041E1	5.529047E1
2.050000E1	-8.130323E1	5.472360E1
2.052000E1	-8.145759E1	5.390920E1
2.054000E1	-8.146392E1	5.277364E1
2.056000E1	-8.138329E1	5.130918E1
2.058000E1	-8.171688E1	5.056377E1
2.060000E1	-8.233327E1	5.035797E1
2.062000E1	-8.288142E1	5.004396E1
2.064000E1	-8.318240E1	5.045971E1
2.066000E1	-8.325422E1	5.120149E1
2.068000E1	-8.328427E1	5.123120E1
2.070000E1	-8.330286E1	5.107873E1
2.072000E1	-8.323296E1	5.078614E1
2.074000E1	-8.341789E1	5.055565E1
2.076000E1	-8.342572E1	5.049621E1
2.078000E1	-8.367153E1	5.014428E1
2.080000E1	-8.395188E1	4.962093E1
2.082000E1	-8.387905E1	4.944162E1
2.084000E1	-8.387375E1	4.950805E1
2.086000E1	-8.382365E1	4.949778E1
2.088000E1	-8.383867E1	4.920924E1
2.090000E1	-8.383825E1	4.920063E1
2.092000E1	-8.376903E1	4.926058E1
2.094000E1	-8.385998E1	4.917608E1
2.096000E1	-8.390087E1	4.890325E1
2.098000E1	-8.397905E1	4.862949E1
2.100000E1	-8.394192E1	4.805453E1
2.102000E1	-8.411259E1	4.735258E1
2.104000E1	-8.448254E1	4.648070E1
2.106000E1	-8.478484E1	4.575833E1
2.108000E1	-8.513780E1	4.498913E1
2.110000E1	-8.526203E1	4.449947E1
2.112000E1	-8.526173E1	4.444537E1
2.114000E1	-8.546649E1	4.428948E1
2.116000E1	-8.573444E1	4.375487E1
2.118000E1	-8.606458E1	4.309552E1
2.120000E1	-8.611731E1	4.293759E1
2.122000E1	-8.610107E1	4.295953E1
2.124000E1	-8.614135E1	4.286958E1
2.126000E1	-8.638441E1	4.249886E1
2.128000E1	-8.660430E1	4.243137E1
2.130000E1	-8.683793E1	4.185798E1
2.132000E1	-8.693810E1	4.152216E1
2.134000E1	-8.697770E1	4.155911E1
2.136000E1	-8.699541E1	4.160488E1
2.138000E1	-8.690310E1	4.160158E1
2.140000E1	-8.740652E1	4.146186E1
2.142000E1	-8.780355E1	4.079861E1
2.144000E1	-8.787928E1	4.067281E1
2.146000E1	-8.789331E1	3.994947E1
2.148000E1	-8.789232E1	3.988007E1
2.150000E1	-8.812290E1	3.969923E1
2.152000E1	-8.860108E1	3.910993E1
2.154000E1	-8.899430E1	3.857851E1
2.156000E1	-8.929791E1	3.837707E1
2.158000E1	-8.929106E1	3.838662E1
2.160000E1	-8.925583E1	3.846853E1
2.162000E1	-8.905964E1	3.822796E1
2.164000E1	-8.878800E1	3.714922E1
2.166000E1	-8.860656E1	3.605175E1
2.168000E1	-8.863452E1	3.571677E1
2.170000E1	-8.866074E1	3.538215E1
2.172000E1	-8.902705E1	3.528917E1
2.174000E1	-8.919704E1	3.511179E1
2.176000E1	-8.918296E1	3.521496E1
2.178000E1	-8.926046E1	3.550140E1
2.180000E1	-8.918353E1	3.516432E1
2.182000E1	-8.911990E1	3.496742E1
2.184000E1	-8.911976E1	3.501832E1
2.186000E1	-8.913752E1	3.505060E1
2.188000E1	-8.914073E1	3.501991E1
2.190000E1	-8.903193E1	3.489724E1
2.192000E1	-8.901039E1	3.467741E1
2.194000E1	-8.908047E1	3.461809E1
2.196000E1	-8.917185E1	3.450643E1
2.198000E1	-8.919893E1	3.447185E1
2.200000E1	-8.918005E1	3.446586E1
2.202000E1	-8.917153E1	3.450418E1
2.204000E1	-8.910187E1	3.443021E1
2.206000E1	-8.930153E1	3.414033E1
2.208000E1	-8.921884E1	3.346912E1
2.210000E1	-8.931902E1	3.233268E1
2.212000E1	-8.946092E1	3.139844E1
2.214000E1	-8.960090E1	3.053846E1
2.216000E1	-8.962990E1	2.955363E1
2.218000E1	-8.992058E1	2.920523E1
2.220000E1	-9.017063E1	2.882317E1
2.222000E1	-9.054786E1	2.808444E1
2.224000E1	-9.080678E1	2.742536E1
2.226000E1	-9.088907E1	2.725395E1
2.228000E1	-9.092637E1	2.691301E1
2.230000E1	-9.102720E1	2.732078E1
2.232000E1	-9.158422E1	2.715470E1
2.234000E1	-9.173065E1	2.624585E1
2.236000E1	-9.172355E1	2.583218E1
2.238000E1	-9.169941E1	2.580440E1
2.240000E1	-9.165012E1	2.558093E1
2.242000E1	-9.201194E1	2.537927E1
2.244000E1	-9.233255E1	2.531698E1
2.246000E1	-9.254495E1	2.498879E1
2.248000E1	-9.284149E1	2.484962E1
2.250000E1	-9.288437E1	2.487709E1
2.252000E1	-9.273720E1	2.482330E1
2.254000E1	-9.262399E1	2.479258E1
2.256000E1	-9.258538E1	2.437054E1
2.258000E1	-9.258474E1	2.432768E1
2.260000E1	-9.269521E1	2.401841E1
2.262000E1	-9.269446E1	2.372606E1
2.264000E1	-9.269535E1	2.354655E1
2.266000E1	-9.260580E1	2.364456E1
2.268000E1	-9.255841E1	2.367015E1
2.270000E1	-9.254643E1	2.361108E1
2.272000E1	-9.219358E1	2.265718E1
2.274000E1	-9.161968E1	2.129221E1
2.276000E1	-9.110566E1	2.032949E1
2.278000E1	-9.129625E1	1.990001E1
2.280000E1	-9.169044E1	1.995939E1
2.282000E1	-9.185606E1	2.006238E1
2.284000E1	-9.205619E1	2.003866E1
2.286000E1	-9.237659E1	2.012325E1
2.288000E1	-9.243097E1	2.007072E1
2.290000E1	-9.244812E1	1.997012E1
2.292000E1	-9.248351E1	1.990079E1
2.294000E1	-9.247897E1	1.990414E1
2.296000E1	-9.242428E1	1.954414E1
2.298000E1	-9.219510E1	1.904175E1
2.300000E1	-9.214996E1	1.820800E1
2.302000E1	-9.233388E1	1.774532E1
2.304000E1	-9.259175E1	1.748056E1
2.306000E1	-9.266844E1	1.696655E1
2.308000E1	-9.259847E1	1.630936E1
2.310000E1	-9.305349E1	1.615982E1
2.312000E1	-9.334387E1	1.586807E1
2.314000E1	-9.340906E1	1.526056E1
2.316000E1	-9.346434E1	1.466357E1
2.318000E1	-9.344929E1	1.408619E1
2.320000E1	-9.350357E1	1.352236E1
2.322000E1	-9.368095E1	1.316713E1
2.324000E1	-9.394431E1	1.258030E1
2.326000E1	-9.394043E1	1.164136E1
2.328000E1	-9.385126E1	1.071862E1
2.330000E1	-9.404793E1	9.998196E0
2.332000E1	-9.457071E1	9.685842E0
2.334000E1	-9.501994E1	9.433639E0
2.336000E1	-9.542023E1	9.041856E0
2.338000E1	-9.547352E1	8.523142E0
2.340000E1	-9.546367E1	8.429897E0
2.342000E1	-9.543403E1	8.507905E0
2.344000E1	-9.535581E1	8.415461E0
2.346000E1	-9.510810E1	8.015211E0
2.348000E1	-9.504352E1	7.532936E0
2.350000E1	-9.510463E1	7.438794E0
2.352000E1	-9.512624E1	7.443340E0
2.354000E1	-9.516457E1	7.391348E0
2.356000E1	-9.526094E1	6.978611E0
2.358000E1	-9.530326E1	6.913497E0
2.360000E1	-9.532899E1	7.077212E0
2.362000E1	-9.533401E1	6.954761E0
2.364000E1	-9.517360E1	6.592520E0
2.366000E1	-9.496511E1	6.576692E0
2.368000E1	-9.497248E1	6.505339E0
2.370000E1	-9.496538E1	6.371208E0
2.372000E1	-9.497904E1	6.310999E0
2.374000E1	-9.496887E1	6.320965E0
2.376000E1	-9.499409E1	6.279319E0
2.378000E1	-9.498912E1	6.075465E0
2.380000E1	-9.499503E1	5.441672E0
2.382000E1	-9.448213E1	4.577516E0
2.384000E1	-9.361219E1	3.464826E0
2.386000E1	-9.308525E1	2.578873E0
2.388000E1	-9.341395E1	2.068748E0
2.390000E1	-9.367993E1	1.517297E0
2.392000E1	-9.375195E1	1.179707E0
2.394000E1	-9.374789E1	1.128874E0
2.396000E1	-9.385763E1	1.145676E0
2.398000E1	-9.408502E1	9.186753E-1
2.400000E1	-9.406442E1	5.842395E-1
2.402000E1	-9.420972E1	7.481406E-2
2.404000E1	-9.453227E1	-5.663543E-1
2.406000E1	-9.437436E1	-7.797996E-1
2.408000E1	-9.410328E1	-1.147111E0
2.410000E1	-9.406419E1	-1.281771E0
2.412000E1	-9.413840E1	-1.530088E0
2.414000E1	-9.448699E1	-2.190471E0
2.416000E1	-9.452575E1	-2.767056E0
2.418000E1	-9.454269E1	-3.217168E0
2.420000E1	-9.459042E1	-3.417281E0
2.422000E1	-9.466327E1	-3.636073E0
2.424000E1	-9.495593E1	-4.286052E0
2.426000E1	-9.504089E1	-5.265626E0
2.428000E1	-9.527456E1	-6.523565E0
2.430000E1	-9.535070E1	-7.513833E0
2.432000E1	-9.532735E1	-7.919420E0
2.434000E1	-9.523180E1	-8.039725E0
2.436000E1	-9.486719E1	-8.149210E0
2.438000E1	-9.457769E1	-8.857072E0
2.440000E1	-9.461590E1	-9.080946E0
2.442000E1	-9.487362E1	-9.175488E0
2.444000E1	-9.495001E1	-9.466863E0
2.446000E1	-9.497958E1	-9.500093E0
2.448000E1	-9.494979E1	-9.560784E0
2.450000E1	-9.496342E1	-9.663048E0
2.452000E1	-9.495104E1	-9.624002E0
2.454000E1	-9.485149E1	-9.643540E0
2.456000E1	-9.446061E1	-9.781947E0
2.458000E1	-9.438494E1	-1.006322E1
2.460000E1	-9.443609E1	-1.037692E1
2.462000E1	-9.448333E1	-1.050169E1
2.464000E1	-9.449805E1	-1.053772E1
2.466000E1	-9.450287E1	-1.064780E1
2.468000E1	-9.451398E1	-1.075216E1
2.470000E1	-9.451309E1	-1.069589E1
2.472000E1	-9.445363E1	-1.086367E1
2.474000E1	-9.416480E1	-1.113692E1
2.476000E1	-9.409872E1	-1.123047E1
2.478000E1	-9.395032E1	-1.133875E1
2.480000E1	-9.393175E1	-1.158275E1
2.482000E1	-9.364918E1	-1.220123E1
2.484000E1	-9.359964E1	-1.252299E1
2.486000E1	-9.364039E1	-1.261398E1
2.488000E1	-9.364218E1	-1.299269E1
2.490000E1	-9.315925E1	-1.387205E1
2.492000E1	-9.255300E1	-1.481667E1
2.494000E1	-9.197393E1	-1.594883E1
2.496000E1	-9.181584E1	-1.707311E1
2.498000E1	-9.182345E1	-1.757504E1
2.500000E1	-9.174628E1	-1.747926E1
2.502000E1	-9.172119E1	-1.744941E1
2.504000E1	-9.216452E1	-1.733236E1
2.506000E1	-9.259531E1	-1.731671E1
2.508000E1	-9.259600E1	-1.745904E1
2.510000E1	-9.250563E1	-1.804911E1
2.512000E1	-9.252084E1	-1.849084E1
2.514000E1	-9.250021E1	-1.873598E1
2.516000E1	-9.242452E1	-1.941941E1
2.518000E1	-9.243203E1	-2.006132E1
2.520000E1	-9.255044E1	-2.035417E1
2.522000E1	-9.262354E1	-2.063833E1
2.524000E1	-9.254644E1	-2.068952E1
2.526000E1	-9.252896E1	-2.073024E1
2.528000E1	-9.247714E1	-2.071853E1
2.530000E1	-9.249381E1	-2.082266E1
2.532000E1	-9.248681E1	-2.130054E1
2.534000E1	-9.247679E1	-2.150310E1
2.536000E1	-9.248104E1	-2.177845E1
2.538000E1	-9.240757E1	-2.225408E1
2.540000E1	-9.242364E1	-2.222589E1
2.542000E1	-9.234484E1	-2.224098E1
2.544000E1	-9.206459E1	-2.266407E1
2.546000E1	-9.179839E1	-2.301290E1
2.548000E1	-9.173344E1	-2.308235E1
2.550000E1	-9.174461E1	-2.309476E1
2.552000E1	-9.179444E1	-2.324645E1
2.554000E1	-9.168938E1	-2.375861E1
2.556000E1	-9.158029E1	-2.424300E1
2.558000E1	-9.154109E1	-2.440462E1
2.560000E1	-9.152170E1	-2.432384E1
2.562000E1	-9.154959E1	-2.431244E1
2.564000E1	-9.158594E1	-2.441846E1
2.566000E1	-9.129360E1	-2.474977E1
2.568000E1	-9.077369E1	-2.498249E1
2.570000E1	-9.071696E1	-2.509974E1
2.572000E1	-9.072155E1	-2.534168E1
2.574000E1	-9.070096E1	-2.584684E1
2.576000E1	-9.064077E1	-2.611201E1
2.578000E1	-9.068355E1	-2.615882E1
2.580000E1	-9.064082E1	-2.623495E1
2.582000E1	-9.060911E1	-2.675696E1
2.584000E1	-9.048480E1	-2.722588E1
2.586000E1	-9.061133E1	-2.776212E1
2.588000E1	-9.055218E1	-2.812860E1
2.590000E1	-9.015872E1	-2.841635E1
2.592000E1	-9.010728E1	-2.847743E1
2.594000E1	-9.013667E1	-2.850387E1
2.596000E1	-9.054382E1	-2.867787E1
2.598000E1	-9.049374E1	-2.946040E1
2.600000E1	-9.008278E1	-3.014799E1
2.602000E1	-8.918754E1	-3.098893E1
2.604000E1	-8.820246E1	-3.191050E1
2.606000E1	-8.803687E1	-3.275366E1
2.608000E1	-8.832912E1	-3.344486E1
2.610000E1	-8.839979E1	-3.399620E1
2.612000E1	-8.894589E1	-3.378026E1
2.614000E1	-8.956447E1	-3.317212E1
2.616000E1	-8.956840E1	-3.322046E1
2.618000E1	-8.936200E1	-3.345859E1
2.620000E1	-8.908052E1	-3.369023E1
2.622000E1	-8.906298E1	-3.380939E1
2.624000E1	-8.918540E1	-3.405954E1
2.626000E1	-8.893602E1	-3.437731E1
2.628000E1	-8.874280E1	-3.492232E1
2.630000E1	-8.873114E1	-3.503861E1
2.632000E1	-8.881917E1	-3.499548E1
2.634000E1	-8.878889E1	-3.497570E1
2.636000E1	-8.857234E1	-3.519701E1
2.638000E1	-8.859544E1	-3.524125E1
2.640000E1	-8.865158E1	-3.513392E1
2.642000E1	-8.863422E1	-3.523002E1
2.644000E1	-8.855350E1	-3.536842E1
2.646000E1	-8.840026E1	-3.570286E1
2.648000E1	-8.798315E1	-3.621999E1
2.650000E1	-8.770546E1	-3.682368E1
2.652000E1	-8.733219E1	-3.754236E1
2.654000E1	-8.711405E1	-3.810069E1
2.656000E1	-8.687558E1	-3.865242E1
2.658000E1	-8.680888E1	-3.875533E1
2.660000E1	-8.675122E1	-3.886748E1
2.662000E1	-8.667617E1	-3.925475E1
2.664000E1	-8.647403E1	-4.007401E1
2.666000E1	-8.615417E1	-4.079895E1
2.668000E1	-8.615418E1	-4.075614E1
2.670000E1	-8.616611E1	-4.072153E1
2.672000E1	-8.614520E1	-4.083051E1
2.674000E1	-8.617603E1	-4.120950E1
2.676000E1	-8.615109E1	-4.153360E1
2.678000E1	-8.591066E1	-4.218723E1
2.680000E1	-8.585803E1	-4.229866E1
2.682000E1	-8.584319E1	-4.229217E1
2.684000E1	-8.579428E1	-4.219133E1
2.686000E1	-8.585339E1	-4.217955E1
2.688000E1	-8.595668E1	-4.294936E1
2.690000E1	-8.584218E1	-4.340042E1
2.692000E1	-8.564530E1	-4.361975E1
2.694000E1	-8.529683E1	-4.410456E1
2.696000E1	-8.529812E1	-4.420953E1
2.698000E1	-8.532636E1	-4.462132E1
2.700000E1	-8.528496E1	-4.527363E1
2.702000E1	-8.524839E1	-4.586916E1
2.704000E1	-8.524973E1	-4.597528E1
2.706000E1	-8.522792E1	-4.600265E1
2.708000E1	-8.522935E1	-4.602406E1
2.710000E1	-8.476430E1	-4.628327E1
2.712000E1	-8.365331E1	-4.690345E1
2.714000E1	-8.311372E1	-4.750793E1
2.716000E1	-8.298542E1	-4.775060E1
2.718000E1	-8.284794E1	-4.795451E1
2.720000E1	-8.303217E1	-4.833271E1
2.722000E1	-8.301047E1	-4.851426E1
2.724000E1	-8.310345E1	-4.835360E1
2.726000E1	-8.320513E1	-4.836908E1
2.728000E1	-8.304622E1	-4.863343E1
2.730000E1	-8.283932E1	-4.860485E1
2.732000E1	-8.282722E1	-4.860702E1
2.734000E1	-8.282568E1	-4.861428E1
2.736000E1	-8.269287E1	-4.862892E1
2.738000E1	-8.257489E1	-4.874719E1
2.740000E1	-8.243884E1	-4.875081E1
2.742000E1	-8.238118E1	-4.876792E1
2.744000E1	-8.227633E1	-4.883067E1
2.746000E1	-8.224251E1	-4.897187E1
2.748000E1	-8.227114E1	-4.900999E1
2.750000E1	-8.226336E1	-4.901334E1
2.752000E1	-8.219669E1	-4.910794E1
2.754000E1	-8.201717E1	-4.944375E1
2.756000E1	-8.136857E1	-5.027056E1
2.758000E1	-8.054656E1	-5.124884E1
2.760000E1	-8.008601E1	-5.210533E1
2.762000E1	-7.953857E1	-5.278862E1
2.764000E1	-7.913385E1	-5.338873E1
2.766000E1	-7.910850E1	-5.353304E1
2.768000E1	-7.904214E1	-5.420005E1
2.770000E1	-7.868636E1	-5.503715E1
2.772000E1	-7.843345E1	-5.532525E1
2.774000E1	-7.826746E1	-5.574870E1
2.776000E1	-7.832316E1	-5.573628E1
2.778000E1	-7.887077E1	-5.560779E1
2.780000E1	-7.873495E1	-5.628159E1
2.782000E1	-7.824082E1	-5.689977E1
2.784000E1	-7.825193E1	-5.695185E1
2.786000E1	-7.798891E1	-5.712610E1
2.788000E1	-7.799426E1	-5.731004E1
2.790000E1	-7.824487E1	-5.749467E1
2.792000E1	-7.826323E1	-5.795035E1
2.794000E1	-7.827186E1	-5.833207E1
2.796000E1	-7.831258E1	-5.844413E1
2.798000E1	-7.830890E1	-5.829315E1
2.800000E1	-7.825278E1	-5.835005E1
2.802000E1	-7.794718E1	-5.836739E1
2.804000E1	-7.793970E1	-5.851237E1
2.806000E1	-7.769756E1	-5.883357E1
2.808000E1	-7.762987E1	-5.891724E1
2.810000E1	-7.742791E1	-5.921691E1
2.812000E1	-7.746325E1	-5.925060E1
2.814000E1	-7.750560E1	-5.920095E1
2.816000E1	-7.749714E1	-5.921958E1
2.818000E1	-7.706721E1	-5.958399E1
2.820000E1	-7.567481E1	-6.028067E1
2.822000E1	-7.451295E1	-6.057442E1
2.824000E1	-7.412137E1	-6.083975E1
2.826000E1	-7.440134E1	-6.099813E1
2.828000E1	-7.467601E1	-6.130218E1
2.830000E1	-7.477525E1	-6.139258E1
2.832000E1	-7.500771E1	-6.141151E1
2.834000E1	-7.501122E1	-6.137040E1
2.836000E1	-7.497208E1	-6.134932E1
2.838000E1	-7.477236E1	-6.165620E1
2.840000E1	-7.467692E1	-6.167305E1
2.842000E1	-7.429441E1	-6.173993E1
2.844000E1	-7.372152E1	-6.195433E1
2.846000E1	-7.316344E1	-6.253688E1
2.848000E1	-7.285350E1	-6.307807E1
2.850000E1	-7.277601E1	-6.346140E1
2.852000E1	-7.261129E1	-6.375676E1
2.854000E1	-7.210145E1	-6.430105E1
2.856000E1	-7.201974E1	-6.490614E1
2.858000E1	-7.208628E1	-6.526840E1
2.860000E1	-7.197000E1	-6.556470E1
2.862000E1	-7.149399E1	-6.611299E1
2.864000E1	-7.118325E1	-6.661033E1
2.866000E1	-7.068121E1	-6.687729E1
2.868000E1	-7.045259E1	-6.740819E1
2.870000E1	-7.038791E1	-6.780651E1
2.872000E1	-6.988694E1	-6.864270E1
2.874000E1	-6.928814E1	-6.915998E1
2.876000E1	-6.887688E1	-6.972082E1
2.878000E1	-6.876110E1	-7.018575E1
2.880000E1	-6.884129E1	-7.050123E1
2.882000E1	-6.878162E1	-7.107503E1
2.884000E1	-6.872452E1	-7.147390E1
2.886000E1	-6.850193E1	-7.179143E1
2.888000E1	-6.866868E1	-7.157489E1
2.890000E1	-6.867686E1	-7.153353E1
2.892000E1	-6.820429E1	-7.151290E1
2.894000E1	-6.785656E1	-7.185393E1
2.896000E1	-6.779114E1	-7.192995E1
2.898000E1	-6.777945E1	-7.193102E1
2.900000E1	-6.776877E1	-7.195257E1
2.902000E1	-6.764118E1	-7.242601E1
2.904000E1	-6.749247E1	-7.254590E1
2.906000E1	-6.753144E1	-7.246581E1
2.908000E1	-6.757370E1	-7.244303E1
2.910000E1	-6.731246E1	-7.259291E1
2.912000E1	-6.722072E1	-7.250496E1
2.914000E1	-6.720242E1	-7.244431E1
2.916000E1	-6.711128E1	-7.244888E1
2.918000E1	-6.695148E1	-7.258175E1
2.920000E1	-6.680565E1	-7.266706E1
2.922000E1	-6.676078E1	-7.277726E1
2.924000E1	-6.670826E1	-7.290018E1
2.926000E1	-6.636576E1	-7.331151E1
2.928000E1	-6.541399E1	-7.385152E1
2.930000E1	-6.392423E1	-7.422828E1
2.932000E1	-6.284083E1	-7.442750E1
2.934000E1	-6.239811E1	-7.491008E1
2.936000E1	-6.236430E1	-7.546123E1
2.938000E1	-6.230400E1	-7.584590E1
2.940000E1	-6.233883E1	-7.597186E1
2.942000E1	-6.236788E1	-7.597205E1
2.944000E1	-6.232903E1	-7.619211E1
2.946000E1	-6.199035E1	-7.671900E1
2.948000E1	-6.171738E1	-7.725615E1
2.950000E1	-6.158865E1	-7.772771E1
2.952000E1	-6.110337E1	-7.813840E1
2.954000E1	-6.072845E1	-7.821275E1
2.956000E1	-6.048338E1	-7.833610E1
2.958000E1	-6.045853E1	-7.836445E1
2.960000E1	-6.036644E1	-7.882576E1
2.962000E1	-6.010295E1	-7.916580E1
2.964000E1	-5.986143E1	-7.965157E1
2.966000E1	-5.983505E1	-7.986141E1
2.968000E1	-5.959583E1	-8.010928E1
2.970000E1	-5.949119E1	-8.036501E1
2.972000E1	-5.903899E1	-8.109468E1
2.974000E1	-5.842229E1	-8.202348E1
2.976000E1	-5.767762E1	-8.303616E1
2.978000E1	-5.714522E1	-8.368073E1
2.980000E1	-5.681084E1	-8.364336E1
2.982000E1	-5.684201E1	-8.360680E1
2.984000E1	-5.658382E1	-8.363586E1
2.986000E1	-5.634773E1	-8.390954E1
2.988000E1	-5.638096E1	-8.415990E1
2.990000E1	-5.643854E1	-8.422345E1
2.992000E1	-5.625098E1	-8.435767E1
2.994000E1	-5.613078E1	-8.456421E1
2.996000E1	-5.598032E1	-8.467729E1
2.998000E1	-5.601353E1	-8.459437E1
3.000000E1	-5.600592E1	-8.454844E1
3.002000E1	-5.555765E1	-8.453843E1
3.004000E1	-5.534973E1	-8.450059E1
3.006000E1	-5.529370E1	-8.459534E1
3.008000E1	-5.518768E1	-8.463015E1
3.010000E1	-5.515513E1	-8.467054E1
3.012000E1	-5.506512E1	-8.469406E1
3.014000E1	-5.476625E1	-8.483444E1
3.016000E1	-5.473059E1	-8.487074E1
3.018000E1	-5.462801E1	-8.498159E1
3.020000E1	-5.427848E1	-8.508217E1
3.022000E1	-5.419298E1	-8.512059E1
3.024000E1	-5.379636E1	-8.511749E1
3.026000E1	-5.355323E1	-8.515979E1
3.028000E1	-5.326196E1	-8.540068E1
3.030000E1	-5.286486E1	-8.564076E1
3.032000E1	-5.277047E1	-8.570130E1
3.034000E1	-5.266500E1	-8.580666E1
3.036000E1	-5.201641E1	-8.629548E1
3.038000E1	-5.054286E1	-8.674362E1
3.040000E1	-4.911622E1	-8.729099E1
3.042000E1	-4.828805E1	-8.792676E1
3.044000E1	-4.793775E1	-8.856353E1
3.046000E1	-4.788974E1	-8.856340E1
3.048000E1	-4.787011E1	-8.852584E1
3.050000E1	-4.822942E1	-8.851436E1
3.052000E1	-4.840621E1	-8.877506E1
3.054000E1	-4.836533E1	-8.908339E1
3.056000E1	-4.785781E1	-8.957968E1
3.058000E1	-4.733881E1	-9.003696E1
3.060000E1	-4.699064E1	-9.013888E1
3.062000E1	-4.661370E1	-9.015790E1
3.064000E1	-4.626731E1	-9.055635E1
3.066000E1	-4.612892E1	-9.093976E1
3.068000E1	-4.587395E1	-9.138259E1
3.070000E1	-4.572330E1	-9.153111E1
3.072000E1	-4.574643E1	-9.150924E1
3.074000E1	-4.577439E1	-9.147765E1
3.076000E1	-4.579891E1	-9.147876E1
3.078000E1	-4.570241E1	-9.148368E1
3.080000E1	-4.533375E1	-9.183339E1
3.082000E1	-4.524914E1	-9.194887E1
3.084000E1	-4.492029E1	-9.230542E1
3.086000E1	-4.462134E1	-9.247329E1
3.088000E1	-4.468036E1	-9.241031E1
3.090000E1	-4.458285E1	-9.246679E1
3.092000E1	-4.421319E1	-9.240116E1
3.094000E1	-4.417425E1	-9.242718E1
3.096000E1	-4.421049E1	-9.240492E1
3.098000E1	-4.427540E1	-9.238907E1
3.100000E1	-4.427105E1	-9.243180E1
3.102000E1	-4.377187E1	-9.278847E1
3.104000E1	-4.347799E1	-9.299336E1
3.106000E1	-4.341532E1	-9.295668E1
3.108000E1	-4.337341E1	-9.296804E1
3.110000E1	-4.328570E1	-9.305896E1
3.112000E1	-4.299433E1	-9.339223E1
3.114000E1	-4.249756E1	-9.339700E1
3.116000E1	-4.229041E1	-9.321518E1
3.118000E1	-4.232177E1	-9.321154E1
3.120000E1	-4.230058E1	-9.343152E1
3.122000E1	-4.180052E1	-9.395800E1
3.124000E1	-4.154564E1	-9.415408E1
3.126000E1	-4.151820E1	-9.418399E1
3.128000E1	-4.111832E1	-9.428334E1
3.130000E1	-4.037009E1	-9.485996E1
3.132000E1	-3.991511E1	-9.523255E1
3.134000E1	-3.947195E1	-9.569317E1
3.136000E1	-3.903054E1	-9.588194E1
3.138000E1	-3.896258E1	-9.591342E1
3.140000E1	-3.896997E1	-9.584903E1
3.142000E1	-3.904944E1	-9.583434E1
3.144000E1	-3.914496E1	-9.614493E1
3.146000E1	-3.825790E1	-9.675907E1
3.148000E1	-3.668103E1	-9.702094E1
3.150000E1	-3.516190E1	-9.710243E1
3.152000E1	-3.419819E1	-9.731030E1
3.154000E1	-3.376303E1	-9.796363E1
3.156000E1	-3.370155E1	-9.858104E1
3.158000E1	-3.374402E1	-9.919964E1
3.160000E1	-3.436839E1	-9.923220E1
3.162000E1	-3.477762E1	-9.921245E1
3.164000E1	-3.427777E1	-9.920645E1
3.166000E1	-3.377881E1	-9.936033E1
3.168000E1	-3.374847E1	-9.930772E1
3.170000E1	-3.364426E1	-9.925171E1
3.172000E1	-3.316025E1	-9.935908E1
3.174000E1	-3.280431E1	-9.966506E1
3.176000E1	-3.261128E1	-9.991831E1
3.178000E1	-3.262101E1	-1.001001E2
3.180000E1	-3.263960E1	-1.001175E2
3.182000E1	-3.254605E1	-1.002119E2
3.184000E1	-3.249352E1	-1.003070E2
3.186000E1	-3.267848E1	-1.001602E2
3.188000E1	-3.267633E1	-1.001223E2
3.190000E1	-3.260291E1	-1.001265E2
3.192000E1	-3.218195E1	-1.001522E2
3.194000E1	-3.173464E1	-1.002244E2
3.196000E1	-3.116131E1	-1.003253E2
3.198000E1	-3.019365E1	-1.005511E2
3.200000E1	-2.947904E1	-1.009076E2
3.202000E1	-2.905149E1	-1.011483E2
3.204000E1	-2.908609E1	-1.013199E2
3.206000E1	-2.888106E1	-1.014533E2
3.208000E1	-2.873264E1	-1.015546E2
3.210000E1	-2.822510E1	-1.017034E2
3.212000E1	-2.776294E1	-1.021182E2
3.214000E1	-2.734753E1	-1.021624E2
3.216000E1	-2.726075E1	-1.021389E2
3.218000E1	-2.719485E1	-1.023065E2
3.220000E1	-2.679494E1	-1.023887E2
3.222000E1	-2.639923E1	-1.026587E2
3.224000E1	-2.637520E1	-1.026749E2
3.226000E1	-2.623280E1	-1.030033E2
3.228000E1	-2.593370E1	-1.031713E2
3.230000E1	-2.587916E1	-1.031838E2
3.232000E1	-2.573140E1	-1.031674E2
3.234000E1	-2.583863E1	-1.031288E2
3.236000E1	-2.586734E1	-1.036078E2
3.238000E1	-2.492253E1	-1.042690E2
3.240000E1	-2.394450E1	-1.043990E2
3.242000E1	-2.344639E1	-1.045098E2
3.244000E1	-2.327838E1	-1.045799E2
3.246000E1	-2.324186E1	-1.046777E2
3.248000E1	-2.303746E1	-1.050478E2
3.250000E1	-2.258612E1	-1.054855E2
3.252000E1	-2.209286E1	-1.060518E2
3.254000E1	-2.197077E1	-1.061181E2
3.256000E1	-2.150900E1	-1.060189E2
3.258000E1	-2.073892E1	-1.058865E2
3.260000E1	-1.968089E1	-1.054539E2
3.262000E1	-1.906104E1	-1.053459E2
3.264000E1	-1.906420E1	-1.055986E2
3.266000E1	-1.904351E1	-1.058690E2
3.268000E1	-1.898793E1	-1.062592E2
3.270000E1	-1.877236E1	-1.065732E2
3.272000E1	-1.871253E1	-1.065198E2
3.274000E1	-1.862871E1	-1.065074E2
3.276000E1	-1.854290E1	-1.064895E2
3.278000E1	-1.844171E1	-1.064438E2
3.280000E1	-1.841287E1	-1.063988E2
3.282000E1	-1.800805E1	-1.063114E2
3.284000E1	-1.791559E1	-1.063275E2
3.286000E1	-1.788162E1	-1.063840E2
3.288000E1	-1.785251E1	-1.064029E2
3.290000E1	-1.779795E1	-1.064241E2
3.292000E1	-1.774525E1	-1.064404E2
3.294000E1	-1.762972E1	-1.064951E2
3.296000E1	-1.758000E1	-1.064819E2
3.298000E1	-1.756131E1	-1.064703E2
3.300000E1	-1.748155E1	-1.064415E2
3.302000E1	-1.693674E1	-1.064621E2
3.304000E1	-1.592844E1	-1.065840E2
3.306000E1	-1.458383E1	-1.066970E2
3.308000E1	-1.360275E1	-1.069514E2
3.310000E1	-1.312934E1	-1.070166E2
3.312000E1	-1.277648E1	-1.071174E2
3.314000E1	-1.272429E1	-1.073751E2
3.316000E1	-1.259733E1	-1.079251E2
3.318000E1	-1.171313E1	-1.082822E2
3.320000E1	-1.100741E1	-1.085225E2
3.322000E1	-1.085480E1	-1.085571E2
3.324000E1	-1.080377E1	-1.084705E2
3.326000E1	-1.089591E1	-1.084495E2
3.328000E1	-1.078842E1	-1.089320E2
3.330000E1	-9.813780E0	-1.093632E2
3.332000E1	-9.251155E0	-1.094090E2
3.334000E1	-8.765667E0	-1.094630E2
3.336000E1	-9.265037E0	-1.094519E2
3.338000E1	-9.343378E0	-1.095850E2
3.340000E1	-8.851768E0	-1.098403E2
3.342000E1	-8.389357E0	-1.101047E2
3.344000E1	-8.113068E0	-1.102152E2
3.346000E1	-8.081750E0	-1.102865E2
3.348000E1	-7.985114E0	-1.103161E2
3.350000E1	-7.601518E0	-1.102330E2
3.352000E1	-7.456797E0	-1.102579E2
3.354000E1	-7.010508E0	-1.103055E2
3.356000E1	-6.862049E0	-1.104186E2
3.358000E1	-6.718847E0	-1.105021E2
3.360000E1	-6.238999E0	-1.106799E2
3.362000E1	-6.292626E0	-1.107527E2
3.364000E1	-6.423287E0	-1.108188E2
3.366000E1	-5.615456E0	-1.107581E2
3.368000E1	-4.512080E0	-1.101880E2
3.370000E1	-3.636952E0	-1.095748E2
3.372000E1	-3.600325E0	-1.095314E2
3.374000E1	-3.715175E0	-1.098712E2
3.376000E1	-3.666182E0	-1.102098E2
3.378000E1	-3.778777E0	-1.104762E2
3.380000E1	-3.886961E0	-1.104887E2
3.382000E1	-3.918256E0	-1.104343E2
3.384000E1	-3.805038E0	-1.104375E2
3.386000E1	-3.375336E0	-1.105991E2
3.388000E1	-3.391672E0	-1.105835E2
3.390000E1	-3.147458E0	-1.103397E2
3.392000E1	-2.645443E0	-1.100817E2
3.394000E1	-2.092046E0	-1.100144E2
3.396000E1	-1.491392E0	-1.101046E2
3.398000E1	-1.030628E0	-1.104066E2
3.400000E1	-5.982474E-1	-1.104333E2
3.402000E1	-4.194349E-2	-1.105728E2
3.404000E1	5.994278E-1	-1.108283E2
3.406000E1	7.633439E-1	-1.111407E2
3.408000E1	9.634604E-1	-1.114075E2
3.410000E1	1.633235E0	-1.114910E2
3.412000E1	2.435112E0	-1.115235E2
3.414000E1	2.908818E0	-1.114774E2
3.416000E1	3.286820E0	-1.114823E2
3.418000E1	3.615813E0	-1.115928E2
3.420000E1	4.006522E0	-1.117069E2
3.422000E1	4.830422E0	-1.118813E2
3.424000E1	5.374606E0	-1.122035E2
3.426000E1	5.911764E0	-1.123589E2
3.428000E1	6.139953E0	-1.126000E2
3.430000E1	6.339279E0	-1.130064E2
3.432000E1	6.815252E0	-1.132807E2
3.434000E1	7.276943E0	-1.134415E2
3.436000E1	7.302828E0	-1.135826E2
3.438000E1	7.288651E0	-1.136488E2
3.440000E1	7.471427E0	-1.135755E2
3.442000E1	7.812709E0	-1.135331E2
3.444000E1	8.130870E0	-1.133992E2
3.446000E1	8.034346E0	-1.134088E2
3.448000E1	8.091393E0	-1.133962E2
3.450000E1	8.528667E0	-1.135190E2
3.452000E1	8.877437E0	-1.136353E2
3.454000E1	8.805977E0	-1.136713E2
3.456000E1	8.773462E0	-1.137119E2
3.458000E1	9.105590E0	-1.136770E2
3.460000E1	9.292755E0	-1.136402E2
3.462000E1	9.104227E0	-1.134613E2
3.464000E1	9.133278E0	-1.133573E2
3.466000E1	9.557586E0	-1.133508E2
3.468000E1	9.629649E0	-1.133359E2
3.470000E1	9.701168E0	-1.133024E2
3.472000E1	9.699712E0	-1.132958E2
3.474000E1	1.014691E1	-1.132885E2
3.476000E1	1.109506E1	-1.131677E2
3.478000E1	1.252752E1	-1.124321E2
3.480000E1	1.385296E1	-1.118717E2
3.482000E1	1.438950E1	-1.118458E2
3.484000E1	1.479897E1	-1.119723E2
3.486000E1	1.506612E1	-1.123157E2
3.488000E1	1.524677E1	-1.124033E2
3.490000E1	1.517903E1	-1.123925E2
3.492000E1	1.530039E1	-1.124738E2
3.494000E1	1.591187E1	-1.125817E2
3.496000E1	1.681888E1	-1.128185E2
3.498000E1	1.712811E1	-1.130608E2
3.500000E1	1.754611E1	-1.129877E2
3.502000E1	1.794863E1	-1.129019E2
3.504000E1	1.815951E1	-1.128852E2
3.506000E1	1.818252E1	-1.128297E2
3.508000E1	1.824485E1	-1.128629E2
3.510000E1	1.883417E1	-1.129052E2
3.512000E1	1.933141E1	-1.131959E2
3.514000E1	1.987004E1	-1.133230E2
3.516000E1	2.037898E1	-1.134817E2
3.518000E1	2.088655E1	-1.135644E2
3.520000E1	2.140042E1	-1.137135E2
3.522000E1	2.227236E1	-1.139911E2
3.524000E1	2.339320E1	-1.141799E2
3.526000E1	2.454203E1	-1.144107E2
3.528000E1	2.513389E1	-1.143273E2
3.530000E1	2.523192E1	-1.142447E2
3.532000E1	2.523548E1	-1.141832E2
3.534000E1	2.533171E1	-1.141853E2
3.536000E1	2.578616E1	-1.142512E2
3.538000E1	2.587061E1	-1.143526E2
3.540000E1	2.593632E1	-1.143274E2
3.542000E1	2.630531E1	-1.143622E2
3.544000E1	2.645131E1	-1.143988E2
3.546000E1	2.646672E1	-1.143916E2
3.548000E1	2.640532E1	-1.143394E2
3.550000E1	2.649725E1	-1.142577E2
3.552000E1	2.680642E1	-1.139221E2
3.554000E1	2.684490E1	-1.138165E2
3.556000E1	2.682155E1	-1.137824E2
3.558000E1	2.687545E1	-1.137688E2
3.560000E1	2.723193E1	-1.138163E2
3.562000E1	2.731417E1	-1.137818E2
3.564000E1	2.730347E1	-1.137717E2
3.566000E1	2.732577E1	-1.137004E2
3.568000E1	2.769520E1	-1.137635E2
3.570000E1	2.808345E1	-1.137280E2
3.572000E1	2.811135E1	-1.136720E2
3.574000E1	2.832541E1	-1.133380E2
3.576000E1	2.846894E1	-1.133025E2
3.578000E1	2.887115E1	-1.132861E2
3.580000E1	2.894746E1	-1.132946E2
3.582000E1	2.911318E1	-1.133078E2
3.584000E1	2.959891E1	-1.132993E2
3.586000E1	3.067035E1	-1.128531E2
3.588000E1	3.222872E1	-1.121819E2
3.590000E1	3.347189E1	-1.117620E2
3.592000E1	3.439957E1	-1.117739E2
3.594000E1	3.492479E1	-1.118993E2
3.596000E1	3.498890E1	-1.119298E2
3.598000E1	3.490224E1	-1.119526E2
3.600000E1	3.477850E1	-1.122196E2
3.602000E1	3.484811E1	-1.124579E2
3.604000E1	3.531079E1	-1.126164E2
3.606000E1	3.605250E1	-1.127254E2
3.608000E1	3.664448E1	-1.127722E2
3.610000E1	3.702174E1	-1.127020E2
3.612000E1	3.746128E1	-1.125965E2
3.614000E1	3.793759E1	-1.126553E2
3.616000E1	3.840873E1	-1.127878E2
3.618000E1	3.887461E1	-1.130673E2
3.620000E1	3.927035E1	-1.130727E2
3.622000E1	3.927148E1	-1.131413E2
3.624000E1	3.917361E1	-1.132341E2
3.626000E1	3.924505E1	-1.132132E2
3.628000E1	3.975529E1	-1.132153E2
3.630000E1	4.001373E1	-1.132265E2
3.632000E1	4.000379E1	-1.132226E2
3.634000E1	4.051127E1	-1.132260E2
3.636000E1	4.061961E1	-1.132068E2
3.638000E1	4.078288E1	-1.131528E2
3.640000E1	4.083479E1	-1.130935E2
3.642000E1	4.098417E1	-1.130502E2
3.644000E1	4.132186E1	-1.129688E2
3.646000E1	4.121672E1	-1.129048E2
3.648000E1	4.121869E1	-1.128679E2
3.650000E1	4.145025E1	-1.128374E2
3.652000E1	4.188929E1	-1.128388E2
3.654000E1	4.222973E1	-1.127676E2
3.656000E1	4.229007E1	-1.127061E2
3.658000E1	4.231847E1	-1.127113E2
3.660000E1	4.267888E1	-1.127238E2
3.662000E1	4.306717E1	-1.127607E2
3.664000E1	4.327128E1	-1.125233E2
3.666000E1	4.329215E1	-1.122597E2
3.668000E1	4.331445E1	-1.123103E2
3.670000E1	4.377567E1	-1.123425E2
3.672000E1	4.427952E1	-1.123180E2
3.674000E1	4.466172E1	-1.123540E2
3.676000E1	4.461547E1	-1.123403E2
3.678000E1	4.508192E1	-1.122474E2
3.680000E1	4.572629E1	-1.121282E2
3.682000E1	4.621421E1	-1.121793E2
3.684000E1	4.667522E1	-1.122053E2
3.686000E1	4.707712E1	-1.120893E2
3.688000E1	4.712720E1	-1.120812E2
3.690000E1	4.701542E1	-1.119665E2
3.692000E1	4.696138E1	-1.120773E2
3.694000E1	4.752725E1	-1.121873E2
3.696000E1	4.857641E1	-1.121062E2
3.698000E1	4.980948E1	-1.114194E2
3.700000E1	5.076677E1	-1.105047E2
3.702000E1	5.180085E1	-1.096695E2
3.704000E1	5.266801E1	-1.099280E2
3.706000E1	5.319012E1	-1.104105E2
3.708000E1	5.336322E1	-1.107853E2
3.710000E1	5.295572E1	-1.115307E2
3.712000E1	5.271096E1	-1.116716E2
3.714000E1	5.298198E1	-1.115269E2
3.716000E1	5.316771E1	-1.113149E2
3.718000E1	5.313085E1	-1.111776E2
3.720000E1	5.312246E1	-1.111961E2
3.722000E1	5.362320E1	-1.112047E2
3.724000E1	5.418454E1	-1.110538E2
3.726000E1	5.451141E1	-1.109264E2
3.728000E1	5.452480E1	-1.109212E2
3.730000E1	5.445419E1	-1.109904E2
3.732000E1	5.467183E1	-1.108724E2
3.734000E1	5.485956E1	-1.108576E2
3.736000E1	5.460959E1	-1.108560E2
3.738000E1	5.451050E1	-1.108473E2
3.740000E1	5.459737E1	-1.108164E2
3.742000E1	5.490506E1	-1.106884E2
3.744000E1	5.512611E1	-1.105550E2
3.746000E1	5.558678E1	-1.101732E2
3.748000E1	5.632654E1	-1.098467E2
3.750000E1	5.708983E1	-1.096064E2
3.752000E1	5.752581E1	-1.094409E2
3.754000E1	5.779962E1	-1.093110E2
3.756000E1	5.780101E1	-1.093095E2
3.758000E1	5.801028E1	-1.092673E2
3.760000E1	5.852397E1	-1.092374E2
3.762000E1	5.942921E1	-1.091130E2
3.764000E1	5.980840E1	-1.089678E2
3.766000E1	5.978457E1	-1.088780E2
3.768000E1	5.978635E1	-1.088626E2
3.770000E1	6.019595E1	-1.087189E2
3.772000E1	6.059381E1	-1.087833E2
3.774000E1	6.109228E1	-1.087906E2
3.776000E1	6.156841E1	-1.087334E2
3.778000E1	6.170727E1	-1.087134E2
3.780000E1	6.167838E1	-1.087355E2
3.782000E1	6.160495E1	-1.087425E2
3.784000E1	6.176727E1	-1.089687E2
3.786000E1	6.267966E1	-1.089349E2
3.788000E1	6.317398E1	-1.089109E2
3.790000E1	6.381253E1	-1.085574E2
3.792000E1	6.406655E1	-1.083421E2
3.794000E1	6.423834E1	-1.083489E2
3.796000E1	6.467084E1	-1.083650E2
3.798000E1	6.522129E1	-1.083468E2
3.800000E1	6.576549E1	-1.083659E2
3.802000E1	6.613325E1	-1.083724E2
3.804000E1	6.610075E1	-1.083898E2
3.806000E1	6.608912E1	-1.083369E2
3.808000E1	6.648515E1	-1.077099E2
3.810000E1	6.719994E1	-1.067389E2
3.812000E1	6.782565E1	-1.062252E2
3.814000E1	6.808786E1	-1.060159E2
3.816000E1	6.858089E1	-1.060032E2
3.818000E1	6.884786E1	-1.062063E2
3.820000E1	6.878721E1	-1.061551E2
3.822000E1	6.847285E1	-1.063081E2
3.824000E1	6.856987E1	-1.062760E2
3.826000E1	6.871930E1	-1.061302E2
3.828000E1	6.865986E1	-1.060403E2
3.830000E1	6.867795E1	-1.060531E2
3.832000E1	6.864872E1	-1.059807E2
3.834000E1	6.871550E1	-1.058440E2
3.836000E1	6.885909E1	-1.056515E2
3.838000E1	6.891524E1	-1.055649E2
3.840000E1	6.907846E1	-1.054938E2
3.842000E1	6.949021E1	-1.054445E2
3.844000E1	6.946797E1	-1.054225E2
3.846000E1	6.948261E1	-1.054155E2
3.848000E1	6.948962E1	-1.054223E2
3.850000E1	6.961691E1	-1.053731E2
3.852000E1	7.008767E1	-1.052509E2
3.854000E1	7.085972E1	-1.045871E2
3.856000E1	7.166299E1	-1.040942E2
3.858000E1	7.247676E1	-1.036165E2
3.860000E1	7.326598E1	-1.030119E2
3.862000E1	7.378846E1	-1.029102E2
3.864000E1	7.404242E1	-1.028010E2
3.866000E1	7.476764E1	-1.027390E2
3.868000E1	7.546180E1	-1.024826E2
3.870000E1	7.590732E1	-1.023635E2
3.872000E1	7.601511E1	-1.022613E2
3.874000E1	7.587006E1	-1.023256E2
3.876000E1	7.620575E1	-1.025999E2
3.878000E1	7.715335E1	-1.022647E2
3.880000E1	7.776519E1	-1.019427E2
3.882000E1	7.782540E1	-1.018138E2
3.884000E1	7.788882E1	-1.017335E2
3.886000E1	7.835576E1	-1.016704E2
3.888000E1	7.879532E1	-1.017422E2
3.890000E1	7.924016E1	-1.017936E2
3.892000E1	7.946105E1	-1.018155E2
3.894000E1	7.946323E1	-1.017597E2
3.896000E1	7.940662E1	-1.016837E2
3.898000E1	7.942877E1	-1.015251E2
3.900000E1	7.970482E1	-1.012490E2
3.902000E1	7.991865E1	-1.011067E2
3.904000E1	8.009556E1	-1.010574E2
3.906000E1	8.053159E1	-1.010115E2
3.908000E1	8.071331E1	-1.009856E2
3.910000E1	8.062864E1	-1.010660E2
3.912000E1	8.045913E1	-1.010585E2
3.914000E1	8.038118E1	-1.010736E2
3.916000E1	8.073618E1	-1.006000E2
3.918000E1	8.127372E1	-9.949741E1
3.920000E1	8.174787E1	-9.821189E1
3.922000E1	8.219552E1	-9.775092E1
3.924000E1	8.239682E1	-9.796262E1
3.926000E1	8.256321E1	-9.824340E1
3.928000E1	8.268239E1	-9.831207E1
3.930000E1	8.292229E1	-9.865932E1
3.932000E1	8.306519E1	-9.875691E1
3.934000E1	8.321897E1	-9.868536E1
3.936000E1	8.324997E1	-9.863886E1
3.938000E1	8.327377E1	-9.857268E1
3.940000E1	8.353348E1	-9.834562E1
3.942000E1	8.378702E1	-9.770650E1
3.944000E1	8.426323E1	-9.732694E1
3.946000E1	8.475805E1	-9.692771E1
3.948000E1	8.512797E1	-9.684214E1
3.950000E1	8.558301E1	-9.678865E1
3.952000E1	8.600900E1	-9.637347E1
3.954000E1	8.646651E1	-9.638617E1
3.956000E1	8.703616E1	-9.640035E1
3.958000E1	8.756062E1	-9.610748E1
3.960000E1	8.787944E1	-9.589306E1
3.962000E1	8.823197E1	-9.545293E1
3.964000E1	8.849493E1	-9.519423E1
3.966000E1	8.897129E1	-9.522449E1
3.968000E1	8.961610E1	-9.488870E1
3.970000E1	9.047878E1	-9.407158E1
3.972000E1	9.146938E1	-9.323602E1
3.974000E1	9.217229E1	-9.281341E1
3.976000E1	9.260860E1	-9.284263E1
3.978000E1	9.304238E1	-9.308081E1
3.980000E1	9.353362E1	-9.304651E1
3.982000E1	9.399788E1	-9.298743E1
3.984000E1	9.420203E1	-9.282754E1
3.986000E1	9.421119E1	-9.285033E1
3.988000E1	9.422462E1	-9.282057E1
3.990000E1	9.434338E1	-9.243365E1
3.992000E1	9.477263E1	-9.209326E1
3.994000E1	9.502032E1	-9.187286E1
3.996000E1	9.496003E1	-9.191449E1
3.998000E1	9.500721E1	-9.190151E1
4.000000E1	9.540938E1	-9.187838E1
4.002000E1	9.556556E1	-9.170677E1
4.004000E1	9.535174E1	-9.185332E1
4.006000E1	9.531505E1	-9.184325E1
4.008000E1	9.534265E1	-9.173267E1
4.010000E1	9.521781E1	-9.154250E1
4.012000E1	9.523559E1	-9.146165E1
4.014000E1	9.535415E1	-9.139793E1
4.016000E1	9.542667E1	-9.133583E1
4.018000E1	9.544522E1	-9.130371E1
4.020000E1	9.544697E1	-9.125146E1
4.022000E1	9.550717E1	-9.122423E1
4.024000E1	9.587435E1	-9.098564E1
4.026000E1	9.627869E1	-9.031971E1
4.028000E1	9.643032E1	-8.934929E1
4.030000E1	9.679988E1	-8.790474E1
4.032000E1	9.742696E1	-8.717729E1
4.034000E1	9.825717E1	-8.702582E1
4.036000E1	9.871943E1	-8.693628E1
4.038000E1	9.876805E1	-8.692070E1
4.040000E1	9.876398E1	-8.697238E1
4.042000E1	9.899031E1	-8.702019E1
4.044000E1	9.921158E1	-8.699307E1
4.046000E1	9.961917E1	-8.693224E1
4.048000E1	1.002075E2	-8.672309E1
4.050000E1	1.006927E2	-8.654331E1
4.052000E1	1.007084E2	-8.596494E1
4.054000E1	1.007398E2	-8.585415E1
4.056000E1	1.011968E2	-8.570216E1
4.058000E1	1.018210E2	-8.554886E1
4.060000E1	1.025704E2	-8.511831E1
4.062000E1	1.028872E2	-8.491481E1
4.064000E1	1.032154E2	-8.483533E1
4.066000E1	1.033916E2	-8.479339E1
4.068000E1	1.040367E2	-8.463117E1
4.070000E1	1.050010E2	-8.404797E1
4.072000E1	1.060056E2	-8.330257E1
4.074000E1	1.069986E2	-8.261784E1
4.076000E1	1.070625E2	-8.251494E1
4.078000E1	1.070154E2	-8.251432E1
4.080000E1	1.070251E2	-8.237647E1
4.082000E1	1.073686E2	-8.168418E1
4.084000E1	1.076397E2	-8.138238E1
4.086000E1	1.078979E2	-8.136570E1
4.088000E1	1.080968E2	-8.130351E1
4.090000E1	1.084799E2	-8.124743E1
4.092000E1	1.083937E2	-8.124048E1
4.094000E1	1.084522E2	-8.113654E1
4.096000E1	1.084415E2	-8.113292E1
4.098000E1	1.083641E2	-8.106092E1
4.100000E1	1.082537E2	-8.074699E1
4.102000E1	1.083328E2	-8.028400E1
4.104000E1	1.086921E2	-8.016869E1
4.106000E1	1.087955E2	-8.001570E1
4.108000E1	1.088993E2	-8.008283E1
4.110000E1	1.089178E2	-8.009843E1
4.112000E1	1.090097E2	-8.001982E1
4.114000E1	1.091059E2	-7.988357E1
4.116000E1	1.090881E2	-7.974867E1
4.118000E1	1.091253E2	-7.958326E1
4.120000E1	1.091397E2	-7.919348E1
4.122000E1	1.091239E2	-7.917989E1
4.124000E1	1.095047E2	-7.908906E1
4.126000E1	1.096958E2	-7.859902E1
4.128000E1	1.098978E2	-7.833730E1
4.130000E1	1.099319E2	-7.829048E1
4.132000E1	1.101825E2	-7.828688E1
4.134000E1	1.104344E2	-7.789704E1
4.136000E1	1.107188E2	-7.735849E1
4.138000E1	1.110406E2	-7.633185E1
4.140000E1	1.118409E2	-7.493831E1
4.142000E1	1.124394E2	-7.417673E1
4.144000E1	1.126649E2	-7.386464E1
4.146000E1	1.127748E2	-7.377304E1
4.148000E1	1.132411E2	-7.401378E1
4.150000E1	1.136458E2	-7.457664E1
4.152000E1	1.137496E2	-7.452408E1
4.154000E1	1.138677E2	-7.446730E1
4.156000E1	1.143040E2	-7.379944E1
4.158000E1	1.148341E2	-7.373477E1
4.160000E1	1.154170E2	-7.348945E1
4.162000E1	1.157601E2	-7.286491E1
4.164000E1	1.159305E2	-7.256789E1
4.166000E1	1.160494E2	-7.250424E1
4.168000E1	1.162392E2	-7.242803E1
4.170000E1	1.162459E2	-7.233695E1
4.172000E1	1.162131E2	-7.230883E1
4.174000E1	1.162776E2	-7.227363E1
4.176000E1	1.165054E2	-7.215977E1
4.178000E1	1.167635E2	-7.187838E1
4.180000E1	1.168988E2	-7.165900E1
4.182000E1	1.171784E2	-7.136114E1
4.184000E1	1.171806E2	-7.133379E1
4.186000E1	1.170723E2	-7.135865E1
4.188000E1	1.170734E2	-7.126613E1
4.190000E1	1.171096E2	-7.059688E1
4.192000E1	1.171883E2	-7.037590E1
4.194000E1	1.171968E2	-7.033546E1
4.196000E1	1.172284E2	-7.035051E1
4.198000E1	1.176944E2	-7.022486E1
4.200000E1	1.179718E2	-6.987576E1
4.202000E1	1.183636E2	-6.959754E1
4.204000E1	1.187282E2	-6.934923E1
4.206000E1	1.187486E2	-6.918740E1
4.208000E1	1.187952E2	-6.905880E1
4.210000E1	1.188406E2	-6.888822E1
4.212000E1	1.188097E2	-6.878191E1
4.214000E1	1.189308E2	-6.828137E1
4.216000E1	1.192087E2	-6.800383E1
4.218000E1	1.196175E2	-6.771177E1
4.220000E1	1.196122E2	-6.765582E1
4.222000E1	1.196341E2	-6.762902E1
4.224000E1	1.200246E2	-6.742791E1
4.226000E1	1.200929E2	-6.736899E1
4.228000E1	1.203521E2	-6.717522E1
4.230000E1	1.207837E2	-6.655831E1
4.232000E1	1.212478E2	-6.601663E1
4.234000E1	1.212404E2	-6.591708E1
4.236000E1	1.211840E2	-6.579585E1
4.238000E1	1.211251E2	-6.575275E1
4.240000E1	1.214101E2	-6.571138E1
4.242000E1	1.221765E2	-6.519451E1
4.244000E1	1.225760E2	-6.467215E1
4.246000E1	1.228040E2	-6.419951E1
4.248000E1	1.227852E2	-6.325997E1
4.250000E1	1.230034E2	-6.211363E1
4.252000E1	1.236001E2	-6.115230E1
4.254000E1	1.243952E2	-6.064466E1
4.256000E1	1.248916E2	-6.057279E1
4.258000E1	1.248375E2	-6.113789E1
4.260000E1	1.247480E2	-6.173272E1
4.262000E1	1.246962E2	-6.170747E1
4.264000E1	1.246394E2	-6.159356E1
4.266000E1	1.247741E2	-6.103890E1
4.268000E1	1.251069E2	-6.087464E1
4.270000E1	1.251261E2	-6.091754E1
4.272000E1	1.254707E2	-6.047634E1
4.274000E1	1.255262E2	-6.001519E1
4.276000E1	1.255071E2	-6.012375E1
4.278000E1	1.255118E2	-6.019665E1
4.280000E1	1.255559E2	-6.016451E1
4.282000E1	1.254857E2	-5.996826E1
4.284000E1	1.251081E2	-5.989845E1
4.286000E1	1.254041E2	-5.986520E1
4.288000E1	1.257346E2	-5.980494E1
4.290000E1	1.256930E2	-5.970199E1
4.292000E1	1.256407E2	-5.961539E1
4.294000E1	1.257448E2	-5.913836E1
4.296000E1	1.260396E2	-5.866528E1
4.298000E1	1.264230E2	-5.802268E1
4.300000E1	1.268244E2	-5.729016E1
4.302000E1	1.269158E2	-5.642668E1
4.304000E1	1.269169E2	-5.562450E1
4.306000E1	1.271912E2	-5.536806E1
4.308000E1	1.275237E2	-5.486866E1
4.310000E1	1.280045E2	-5.430978E1
4.312000E1	1.281251E2	-5.405084E1
4.314000E1	1.282243E2	-5.394389E1
4.316000E1	1.283056E2	-5.381416E1
4.318000E1	1.284460E2	-5.378334E1
4.320000E1	1.288759E2	-5.361332E1
4.322000E1	1.290408E2	-5.293734E1
4.324000E1	1.293678E2	-5.267643E1
4.326000E1	1.294949E2	-5.241150E1
4.328000E1	1.294406E2	-5.208430E1
4.330000E1	1.294305E2	-5.235875E1
4.332000E1	1.299125E2	-5.248477E1
4.334000E1	1.304363E2	-5.170485E1
4.336000E1	1.308675E2	-5.117369E1
4.338000E1	1.308424E2	-5.117257E1
4.340000E1	1.308618E2	-5.103873E1
4.342000E1	1.314061E2	-5.033514E1
4.344000E1	1.319689E2	-4.959232E1
4.346000E1	1.324419E2	-4.889240E1
4.348000E1	1.326676E2	-4.876666E1
4.350000E1	1.327203E2	-4.872226E1
4.352000E1	1.327452E2	-4.875851E1
4.354000E1	1.327145E2	-4.872935E1
4.356000E1	1.326810E2	-4.845515E1
4.358000E1	1.329020E2	-4.766472E1
4.360000E1	1.330126E2	-4.667701E1
4.362000E1	1.329625E2	-4.557920E1
4.364000E1	1.331577E2	-4.516264E1
4.366000E1	1.332487E2	-4.513985E1
4.368000E1	1.332682E2	-4.515939E1
4.370000E1	1.332559E2	-4.528302E1
4.372000E1	1.332235E2	-4.537916E1
4.374000E1	1.332500E2	-4.532214E1
4.376000E1	1.332339E2	-4.525502E1
4.378000E1	1.332753E2	-4.520903E1
4.380000E1	1.333661E2	-4.517333E1
4.382000E1	1.333867E2	-4.515062E1
4.384000E1	1.332619E2	-4.499434E1
4.386000E1	1.332280E2	-4.452487E1
4.388000E1	1.333743E2	-4.439639E1
4.390000E1	1.335078E2	-4.422351E1
4.392000E1	1.334256E2	-4.416735E1
4.394000E1	1.333153E2	-4.411067E1
4.396000E1	1.332984E2	-4.410614E1
4.398000E1	1.336677E2	-4.402545E1
4.400000E1	1.337839E2	-4.357258E1
4.402000E1	1.338956E2	-4.284924E1
4.404000E1	1.342213E2	-4.223403E1
4.406000E1	1.344465E2	-4.138990E1
4.408000E1	1.348166E2	-4.044846E1
4.410000E1	1.348884E2	-4.007256E1
4.412000E1	1.349535E2	-3.948555E1
4.414000E1	1.352799E2	-3.867460E1
4.416000E1	1.356425E2	-3.816394E1
4.418000E1	1.358913E2	-3.773337E1
4.420000E1	1.358766E2	-3.769536E1
4.422000E1	1.362175E2	-3.779399E1
4.424000E1	1.368482E2	-3.747573E1
4.426000E1	1.372167E2	-3.658959E1
4.428000E1	1.373380E2	-3.595115E1
4.430000E1	1.373866E2	-3.593375E1
4.432000E1	1.376462E2	-3.583823E1
4.434000E1	1.381364E2	-3.507645E1
4.436000E1	1.386230E2	-3.425321E1
4.438000E1	1.390033E2	-3.421789E1
4.440000E1	1.389468E2	-3.448826E1
4.442000E1	1.389321E2	-3.453584E1
4.444000E1	1.389200E2	-3.446947E1
4.446000E1	1.388034E2	-3.418338E1
4.448000E1	1.387626E2	-3.402562E1
4.450000E1	1.387642E2	-3.386681E1
4.452000E1	1.390107E2	-3.341258E1
4.454000E1	1.391821E2	-3.304917E1
4.456000E1	1.391663E2	-3.294760E1
4.458000E1	1.390690E2	-3.303297E1
4.460000E1	1.390550E2	-3.302327E1
