	mass A		
t	x	y	
0.000000E0	-1.109710E2	3.492686E1
2.000000E-2	-1.109710E2	3.492686E1
4.000000E-2	-1.109291E2	3.496604E1
6.000000E-2	-1.109078E2	3.495928E1
8.000000E-2	-1.108513E2	3.490365E1
1.000000E-1	-1.108225E2	3.469921E1
1.200000E-1	-1.108079E2	3.451790E1
1.400000E-1	-1.108322E2	3.430056E1
1.600000E-1	-1.112738E2	3.374775E1
1.800000E-1	-1.118044E2	3.332942E1
2.000000E-1	-1.123402E2	3.273254E1
2.200000E-1	-1.127477E2	3.233096E1
2.400000E-1	-1.129209E2	3.196452E1
2.600000E-1	-1.130387E2	3.151914E1
2.800000E-1	-1.129233E2	3.115707E1
3.000000E-1	-1.127184E2	3.102794E1
3.200000E-1	-1.124158E2	3.045347E1
3.400000E-1	-1.124456E2	3.027970E1
3.600000E-1	-1.124731E2	3.015270E1
3.800000E-1	-1.127230E2	3.004053E1
4.000000E-1	-1.128300E2	2.988652E1
4.200000E-1	-1.128909E2	2.915889E1
4.400000E-1	-1.128643E2	2.813594E1
4.600000E-1	-1.128693E2	2.680194E1
4.800000E-1	-1.130485E2	2.631038E1
5.000000E-1	-1.130224E2	2.623646E1
5.200000E-1	-1.129653E2	2.612043E1
5.400000E-1	-1.129220E2	2.552540E1
5.600000E-1	-1.129256E2	2.474409E1
5.800000E-1	-1.128463E2	2.421485E1
6.000000E-1	-1.127892E2	2.412476E1
6.200000E-1	-1.127264E2	2.410353E1
6.400000E-1	-1.129045E2	2.393627E1
6.600000E-1	-1.130698E2	2.367364E1
6.800000E-1	-1.133171E2	2.348275E1
7.000000E-1	-1.134462E2	2.293160E1
7.200000E-1	-1.134992E2	2.251614E1
7.400000E-1	-1.135873E2	2.186554E1
7.600000E-1	-1.135144E2	2.132857E1
7.800000E-1	-1.136370E2	2.063836E1
8.000000E-1	-1.143502E2	1.964404E1
8.200000E-1	-1.151726E2	1.882388E1
8.400000E-1	-1.155245E2	1.893973E1
8.600000E-1	-1.155345E2	1.900964E1
8.800000E-1	-1.153418E2	1.874407E1
9.000000E-1	-1.152369E2	1.825179E1
9.200000E-1	-1.152431E2	1.827485E1
9.400000E-1	-1.152291E2	1.832027E1
9.600000E-1	-1.152754E2	1.829642E1
9.800000E-1	-1.152720E2	1.821877E1
1.000000E0	-1.151739E2	1.778608E1
1.020000E0	-1.153128E2	1.742455E1
1.040000E0	-1.155153E2	1.688595E1
1.060000E0	-1.157917E2	1.679809E1
1.080000E0	-1.157860E2	1.695360E1
1.100000E0	-1.157740E2	1.722626E1
1.120000E0	-1.157807E2	1.708270E1
1.140000E0	-1.158121E2	1.696411E1
1.160000E0	-1.157108E2	1.638172E1
1.180000E0	-1.156123E2	1.598674E1
1.200000E0	-1.157006E2	1.560227E1
1.220000E0	-1.157284E2	1.472243E1
1.240000E0	-1.157604E2	1.403791E1
1.260000E0	-1.158282E2	1.398793E1
1.280000E0	-1.161479E2	1.388710E1
1.300000E0	-1.162012E2	1.378791E1
1.320000E0	-1.162820E2	1.313260E1
1.340000E0	-1.162056E2	1.222626E1
1.360000E0	-1.159425E2	1.129283E1
1.380000E0	-1.155059E2	1.107215E1
1.400000E0	-1.151527E2	1.096520E1
1.420000E0	-1.151719E2	1.072764E1
1.440000E0	-1.151504E2	1.040908E1
1.460000E0	-1.152242E2	9.812743E0
1.480000E0	-1.151616E2	9.163668E0
1.500000E0	-1.150679E2	8.459565E0
1.520000E0	-1.149452E2	7.682016E0
1.540000E0	-1.149480E2	6.989306E0
1.560000E0	-1.151454E2	6.671256E0
1.580000E0	-1.152751E2	6.479180E0
1.600000E0	-1.153829E2	6.321002E0
1.620000E0	-1.154959E2	6.125671E0
1.640000E0	-1.153733E2	5.880759E0
1.660000E0	-1.154221E2	5.495907E0
1.680000E0	-1.152719E2	5.184456E0
1.700000E0	-1.152258E2	5.050553E0
1.720000E0	-1.153272E2	5.039057E0
1.740000E0	-1.154652E2	4.805963E0
1.760000E0	-1.154929E2	4.576302E0
1.780000E0	-1.156438E2	4.169679E0
1.800000E0	-1.157777E2	3.414132E0
1.820000E0	-1.158634E2	2.598539E0
1.840000E0	-1.159179E2	1.805780E0
1.860000E0	-1.162420E2	9.429698E-1
1.880000E0	-1.167760E2	-6.728440E-2
1.900000E0	-1.174142E2	-1.553999E0
1.920000E0	-1.178506E2	-2.290576E0
1.940000E0	-1.177486E2	-2.102509E0
1.960000E0	-1.177431E2	-2.110335E0
1.980000E0	-1.176597E2	-2.217149E0
2.000000E0	-1.176700E2	-2.191910E0
2.020000E0	-1.177015E2	-2.159484E0
2.040000E0	-1.176974E2	-2.153213E0
2.060000E0	-1.177732E2	-2.393201E0
2.080000E0	-1.177156E2	-2.631736E0
2.100000E0	-1.173416E2	-3.534002E0
2.120000E0	-1.176827E2	-4.384685E0
2.140000E0	-1.177283E2	-4.671025E0
2.160000E0	-1.177139E2	-4.415501E0
2.180000E0	-1.175398E2	-4.466957E0
2.200000E0	-1.173916E2	-4.678679E0
2.220000E0	-1.174646E2	-4.906102E0
2.240000E0	-1.170487E2	-5.131776E0
2.260000E0	-1.164839E2	-5.953162E0
2.280000E0	-1.162331E2	-6.389589E0
2.300000E0	-1.162013E2	-6.775807E0
2.320000E0	-1.163530E2	-7.401988E0
2.340000E0	-1.162970E2	-8.110905E0
2.360000E0	-1.159217E2	-8.911880E0
2.380000E0	-1.158581E2	-9.794049E0
2.400000E0	-1.156369E2	-1.119415E1
2.420000E0	-1.155744E2	-1.215380E1
2.440000E0	-1.155236E2	-1.302780E1
2.460000E0	-1.155012E2	-1.307091E1
2.480000E0	-1.154652E2	-1.314127E1
2.500000E0	-1.154514E2	-1.318210E1
2.520000E0	-1.153556E2	-1.332104E1
2.540000E0	-1.154026E2	-1.335832E1
2.560000E0	-1.153769E2	-1.349954E1
2.580000E0	-1.152074E2	-1.404718E1
2.600000E0	-1.152029E2	-1.464001E1
2.620000E0	-1.152319E2	-1.511502E1
2.640000E0	-1.152976E2	-1.552510E1
2.660000E0	-1.153655E2	-1.593327E1
2.680000E0	-1.154240E2	-1.608026E1
2.700000E0	-1.154462E2	-1.669185E1
2.720000E0	-1.153743E2	-1.744239E1
2.740000E0	-1.153021E2	-1.810902E1
2.760000E0	-1.152841E2	-1.822556E1
2.780000E0	-1.153118E2	-1.822247E1
2.800000E0	-1.152636E2	-1.830646E1
2.820000E0	-1.152151E2	-1.853952E1
2.840000E0	-1.152383E2	-1.910928E1
2.860000E0	-1.152888E2	-1.936167E1
2.880000E0	-1.155413E2	-1.977513E1
2.900000E0	-1.156835E2	-2.005985E1
2.920000E0	-1.157292E2	-2.012824E1
2.940000E0	-1.157597E2	-2.012200E1
2.960000E0	-1.158343E2	-2.056017E1
2.980000E0	-1.159085E2	-2.198773E1
3.000000E0	-1.163704E2	-2.361637E1
3.020000E0	-1.163869E2	-2.454689E1
3.040000E0	-1.162822E2	-2.452127E1
3.060000E0	-1.161737E2	-2.425139E1
3.080000E0	-1.159619E2	-2.413234E1
3.100000E0	-1.159082E2	-2.419513E1
3.120000E0	-1.158869E2	-2.425780E1
3.140000E0	-1.157412E2	-2.480408E1
3.160000E0	-1.155039E2	-2.503072E1
3.180000E0	-1.150627E2	-2.503660E1
3.200000E0	-1.149499E2	-2.567566E1
3.220000E0	-1.150610E2	-2.625942E1
3.240000E0	-1.151336E2	-2.692289E1
3.260000E0	-1.150734E2	-2.694310E1
3.280000E0	-1.148031E2	-2.681569E1
3.300000E0	-1.143156E2	-2.685779E1
3.320000E0	-1.139887E2	-2.709292E1
3.340000E0	-1.139353E2	-2.707064E1
3.360000E0	-1.138450E2	-2.707831E1
3.380000E0	-1.136157E2	-2.709397E1
3.400000E0	-1.138527E2	-2.716636E1
3.420000E0	-1.139012E2	-2.781670E1
3.440000E0	-1.137775E2	-2.852648E1
3.460000E0	-1.137030E2	-2.904993E1
3.480000E0	-1.135950E2	-2.945949E1
3.500000E0	-1.134301E2	-2.981713E1
3.520000E0	-1.134214E2	-3.030313E1
3.540000E0	-1.133149E2	-3.022990E1
3.560000E0	-1.131030E2	-3.017774E1
3.580000E0	-1.130309E2	-3.023886E1
3.600000E0	-1.130091E2	-3.031443E1
3.620000E0	-1.128981E2	-3.080672E1
3.640000E0	-1.128663E2	-3.099624E1
3.660000E0	-1.129372E2	-3.148267E1
3.680000E0	-1.129319E2	-3.166031E1
3.700000E0	-1.128680E2	-3.219698E1
3.720000E0	-1.125093E2	-3.280427E1
3.740000E0	-1.121477E2	-3.367565E1
3.760000E0	-1.120758E2	-3.431358E1
3.780000E0	-1.120689E2	-3.461705E1
3.800000E0	-1.120925E2	-3.505173E1
3.820000E0	-1.120064E2	-3.536647E1
3.840000E0	-1.119984E2	-3.545203E1
3.860000E0	-1.119930E2	-3.550979E1
3.880000E0	-1.119870E2	-3.560226E1
3.900000E0	-1.118588E2	-3.579627E1
3.920000E0	-1.117799E2	-3.665370E1
3.940000E0	-1.115361E2	-3.746959E1
3.960000E0	-1.111871E2	-3.763253E1
3.980000E0	-1.112646E2	-3.763358E1
4.000000E0	-1.112805E2	-3.764956E1
4.020000E0	-1.113015E2	-3.763368E1
4.040000E0	-1.113130E2	-3.805472E1
4.060000E0	-1.111217E2	-3.925294E1
4.080000E0	-1.110652E2	-4.088867E1
4.100000E0	-1.110157E2	-4.237282E1
4.120000E0	-1.108983E2	-4.241551E1
4.140000E0	-1.109253E2	-4.240804E1
4.160000E0	-1.108291E2	-4.240781E1
4.180000E0	-1.102651E2	-4.251400E1
4.200000E0	-1.098280E2	-4.260645E1
4.220000E0	-1.095579E2	-4.282129E1
4.240000E0	-1.094808E2	-4.307539E1
4.260000E0	-1.095780E2	-4.305214E1
4.280000E0	-1.094452E2	-4.318079E1
4.300000E0	-1.094745E2	-4.384997E1
4.320000E0	-1.095940E2	-4.444954E1
4.340000E0	-1.096564E2	-4.466225E1
4.360000E0	-1.092200E2	-4.448164E1
4.380000E0	-1.091047E2	-4.437534E1
4.400000E0	-1.090523E2	-4.440590E1
4.420000E0	-1.090264E2	-4.436888E1
4.440000E0	-1.089831E2	-4.438853E1
4.460000E0	-1.089156E2	-4.447197E1
4.480000E0	-1.089433E2	-4.448669E1
4.500000E0	-1.089946E2	-4.452639E1
4.520000E0	-1.089562E2	-4.520106E1
4.540000E0	-1.088656E2	-4.598873E1
4.560000E0	-1.087369E2	-4.679174E1
4.580000E0	-1.086029E2	-4.770055E1
4.600000E0	-1.082672E2	-4.878140E1
4.620000E0	-1.078354E2	-4.959591E1
4.640000E0	-1.074644E2	-4.986519E1
4.660000E0	-1.070459E2	-4.992049E1
4.680000E0	-1.065922E2	-5.007533E1
4.700000E0	-1.065828E2	-5.079325E1
4.720000E0	-1.066082E2	-5.145336E1
4.740000E0	-1.066435E2	-5.180160E1
4.760000E0	-1.066621E2	-5.183733E1
4.780000E0	-1.065622E2	-5.184393E1
4.800000E0	-1.063384E2	-5.217494E1
4.820000E0	-1.060570E2	-5.278499E1
4.840000E0	-1.058192E2	-5.312901E1
4.860000E0	-1.055745E2	-5.331072E1
4.880000E0	-1.052886E2	-5.355692E1
4.900000E0	-1.052377E2	-5.373896E1
4.920000E0	-1.052172E2	-5.377183E1
4.940000E0	-1.051839E2	-5.385403E1
4.960000E0	-1.050562E2	-5.416196E1
4.980000E0	-1.045563E2	-5.484025E1
5.000000E0	-1.040018E2	-5.525038E1
5.020000E0	-1.037973E2	-5.567565E1
5.040000E0	-1.037411E2	-5.579242E1
5.060000E0	-1.037240E2	-5.601461E1
5.080000E0	-1.036024E2	-5.650286E1
5.100000E0	-1.030297E2	-5.705786E1
5.120000E0	-1.022014E2	-5.787829E1
5.140000E0	-1.016420E2	-5.884190E1
5.160000E0	-1.013817E2	-6.011154E1
5.180000E0	-1.016149E2	-6.123335E1
5.200000E0	-1.017225E2	-6.197020E1
5.220000E0	-1.020887E2	-6.194773E1
5.240000E0	-1.019656E2	-6.195227E1
5.260000E0	-1.016274E2	-6.215605E1
5.280000E0	-1.014554E2	-6.207642E1
5.300000E0	-1.013097E2	-6.206002E1
5.320000E0	-1.012730E2	-6.213609E1
5.340000E0	-1.011880E2	-6.226650E1
5.360000E0	-1.011734E2	-6.236128E1
5.380000E0	-1.011587E2	-6.249904E1
5.400000E0	-1.011662E2	-6.318954E1
5.420000E0	-1.007799E2	-6.389735E1
5.440000E0	-1.008536E2	-6.398594E1
5.460000E0	-1.010411E2	-6.383109E1
5.480000E0	-1.010741E2	-6.379803E1
5.500000E0	-1.011559E2	-6.376105E1
5.520000E0	-1.011018E2	-6.378824E1
5.540000E0	-1.008690E2	-6.380674E1
5.560000E0	-1.006804E2	-6.390854E1
5.580000E0	-1.006168E2	-6.403462E1
5.600000E0	-1.004859E2	-6.437360E1
5.620000E0	-1.003840E2	-6.517115E1
5.640000E0	-1.002987E2	-6.603985E1
5.660000E0	-1.000432E2	-6.680597E1
5.680000E0	-1.000550E2	-6.742037E1
5.700000E0	-9.999739E1	-6.765086E1
5.720000E0	-9.973548E1	-6.784633E1
5.740000E0	-9.962652E1	-6.782305E1
5.760000E0	-9.915494E1	-6.788392E1
5.780000E0	-9.867088E1	-6.817203E1
5.800000E0	-9.862702E1	-6.834316E1
5.820000E0	-9.863335E1	-6.851505E1
5.840000E0	-9.873271E1	-6.864358E1
5.860000E0	-9.858076E1	-6.895502E1
5.880000E0	-9.806656E1	-6.966766E1
5.900000E0	-9.703477E1	-7.046578E1
5.920000E0	-9.641274E1	-7.122757E1
5.940000E0	-9.631566E1	-7.136392E1
5.960000E0	-9.628776E1	-7.139811E1
5.980000E0	-9.622003E1	-7.137882E1
6.000000E0	-9.564323E1	-7.195143E1
6.020000E0	-9.525307E1	-7.248405E1
6.040000E0	-9.482134E1	-7.271802E1
6.060000E0	-9.446114E1	-7.274004E1
6.080000E0	-9.445329E1	-7.284842E1
6.100000E0	-9.445051E1	-7.324622E1
6.120000E0	-9.443418E1	-7.323803E1
6.140000E0	-9.442914E1	-7.337062E1
6.160000E0	-9.413075E1	-7.402083E1
6.180000E0	-9.370573E1	-7.457809E1
6.200000E0	-9.351159E1	-7.497299E1
6.220000E0	-9.307289E1	-7.524562E1
6.240000E0	-9.262145E1	-7.601139E1
6.260000E0	-9.245311E1	-7.736638E1
6.280000E0	-9.242618E1	-7.843881E1
6.300000E0	-9.260882E1	-7.863888E1
6.320000E0	-9.263409E1	-7.861110E1
6.340000E0	-9.229995E1	-7.879523E1
6.360000E0	-9.203088E1	-7.899355E1
6.380000E0	-9.198788E1	-7.897969E1
6.400000E0	-9.188431E1	-7.891365E1
6.420000E0	-9.198715E1	-7.901404E1
6.440000E0	-9.194483E1	-7.904267E1
6.460000E0	-9.152192E1	-7.909742E1
6.480000E0	-9.143781E1	-7.942377E1
6.500000E0	-9.128532E1	-7.996302E1
6.520000E0	-9.128381E1	-8.026460E1
6.540000E0	-9.158507E1	-8.027918E1
6.560000E0	-9.165779E1	-8.021446E1
6.580000E0	-9.144525E1	-8.026651E1
6.600000E0	-9.132634E1	-8.051527E1
6.620000E0	-9.102169E1	-8.054380E1
6.640000E0	-9.064239E1	-8.075150E1
6.660000E0	-9.039362E1	-8.103200E1
6.680000E0	-8.986481E1	-8.163865E1
6.700000E0	-8.941941E1	-8.211030E1
6.720000E0	-8.946381E1	-8.218167E1
6.740000E0	-8.955430E1	-8.241304E1
6.760000E0	-8.947021E1	-8.266481E1
6.780000E0	-8.909496E1	-8.318551E1
6.800000E0	-8.843277E1	-8.382091E1
6.820000E0	-8.757194E1	-8.420493E1
6.840000E0	-8.712836E1	-8.423225E1
6.860000E0	-8.672446E1	-8.416789E1
6.880000E0	-8.656368E1	-8.429222E1
6.900000E0	-8.647845E1	-8.446290E1
6.920000E0	-8.612500E1	-8.468806E1
6.940000E0	-8.558048E1	-8.508091E1
6.960000E0	-8.480695E1	-8.540527E1
6.980000E0	-8.424388E1	-8.591124E1
7.000000E0	-8.378862E1	-8.659842E1
7.020000E0	-8.351660E1	-8.702349E1
7.040000E0	-8.348422E1	-8.713329E1
7.060000E0	-8.340592E1	-8.729562E1
7.080000E0	-8.328694E1	-8.741973E1
7.100000E0	-8.319318E1	-8.758477E1
7.120000E0	-8.277316E1	-8.784411E1
7.140000E0	-8.244386E1	-8.797584E1
7.160000E0	-8.230708E1	-8.803412E1
7.180000E0	-8.225243E1	-8.819598E1
7.200000E0	-8.224258E1	-8.843355E1
7.220000E0	-8.217915E1	-8.845327E1
7.240000E0	-8.203986E1	-8.867862E1
7.260000E0	-8.160517E1	-8.941314E1
7.280000E0	-8.114655E1	-8.999326E1
7.300000E0	-8.070286E1	-9.066098E1
7.320000E0	-8.019742E1	-9.121812E1
7.340000E0	-7.976623E1	-9.194621E1
7.360000E0	-7.944576E1	-9.304651E1
7.380000E0	-7.907003E1	-9.438247E1
7.400000E0	-7.884860E1	-9.474333E1
7.420000E0	-7.886570E1	-9.472022E1
7.440000E0	-7.885665E1	-9.469000E1
7.460000E0	-7.878919E1	-9.466782E1
7.480000E0	-7.877213E1	-9.464286E1
7.500000E0	-7.876714E1	-9.462449E1
7.520000E0	-7.856860E1	-9.467527E1
7.540000E0	-7.835496E1	-9.500551E1
7.560000E0	-7.789388E1	-9.516413E1
7.580000E0	-7.704761E1	-9.579279E1
7.600000E0	-7.680694E1	-9.636473E1
7.620000E0	-7.682311E1	-9.641808E1
7.640000E0	-7.687137E1	-9.630909E1
7.660000E0	-7.679325E1	-9.643192E1
7.680000E0	-7.644091E1	-9.649894E1
7.700000E0	-7.641525E1	-9.659450E1
7.720000E0	-7.564355E1	-9.660828E1
7.740000E0	-7.481132E1	-9.669326E1
7.760000E0	-7.457274E1	-9.678977E1
7.780000E0	-7.451779E1	-9.703134E1
7.800000E0	-7.403764E1	-9.759834E1
7.820000E0	-7.329577E1	-9.801370E1
7.840000E0	-7.246377E1	-9.857614E1
7.860000E0	-7.138097E1	-9.928814E1
7.880000E0	-7.036523E1	-1.001287E2
7.900000E0	-6.965472E1	-1.008218E2
7.920000E0	-6.921836E1	-1.010248E2
7.940000E0	-6.922837E1	-1.009530E2
7.960000E0	-6.922488E1	-1.009759E2
7.980000E0	-6.916183E1	-1.009856E2
8.000000E0	-6.905098E1	-1.010518E2
8.020000E0	-6.904093E1	-1.011192E2
8.040000E0	-6.857421E1	-1.012783E2
8.060000E0	-6.808267E1	-1.017859E2
8.080000E0	-6.756867E1	-1.019920E2
8.100000E0	-6.715950E1	-1.025678E2
8.120000E0	-6.705070E1	-1.027815E2
8.140000E0	-6.689687E1	-1.029465E2
8.160000E0	-6.660714E1	-1.032564E2
8.180000E0	-6.611352E1	-1.035976E2
8.200000E0	-6.553070E1	-1.042563E2
8.220000E0	-6.521630E1	-1.044799E2
8.240000E0	-6.521124E1	-1.044425E2
8.260000E0	-6.516097E1	-1.044811E2
8.280000E0	-6.500431E1	-1.045471E2
8.300000E0	-6.482037E1	-1.047086E2
8.320000E0	-6.465686E1	-1.048434E2
8.340000E0	-6.434588E1	-1.051258E2
8.360000E0	-6.423695E1	-1.057751E2
8.380000E0	-6.409691E1	-1.058696E2
8.400000E0	-6.405284E1	-1.060686E2
8.420000E0	-6.404758E1	-1.061525E2
8.440000E0	-6.348300E1	-1.069032E2
8.460000E0	-6.259207E1	-1.081738E2
8.480000E0	-6.173488E1	-1.094957E2
8.500000E0	-6.126293E1	-1.096268E2
8.520000E0	-6.130272E1	-1.095259E2
8.540000E0	-6.141375E1	-1.093020E2
8.560000E0	-6.135707E1	-1.092082E2
8.580000E0	-6.124794E1	-1.092014E2
8.600000E0	-6.095386E1	-1.092102E2
8.620000E0	-6.050990E1	-1.093865E2
8.640000E0	-6.036087E1	-1.093939E2
8.660000E0	-5.991345E1	-1.092439E2
8.680000E0	-5.945533E1	-1.096500E2
8.700000E0	-5.909058E1	-1.102591E2
8.720000E0	-5.888568E1	-1.104644E2
8.740000E0	-5.869888E1	-1.104851E2
8.760000E0	-5.864719E1	-1.100859E2
8.780000E0	-5.830397E1	-1.099707E2
8.800000E0	-5.794458E1	-1.099706E2
8.820000E0	-5.785237E1	-1.100603E2
8.840000E0	-5.758512E1	-1.100543E2
8.860000E0	-5.740813E1	-1.101342E2
8.880000E0	-5.733580E1	-1.103097E2
8.900000E0	-5.690455E1	-1.109249E2
8.920000E0	-5.641637E1	-1.111425E2
8.940000E0	-5.591043E1	-1.116125E2
8.960000E0	-5.543333E1	-1.117363E2
8.980000E0	-5.487697E1	-1.120774E2
9.000000E0	-5.450133E1	-1.121858E2
9.020000E0	-5.450149E1	-1.121229E2
9.040000E0	-5.444634E1	-1.120075E2
9.060000E0	-5.439279E1	-1.119108E2
9.080000E0	-5.407772E1	-1.121287E2
9.100000E0	-5.356395E1	-1.125137E2
9.120000E0	-5.306726E1	-1.128743E2
9.140000E0	-5.257551E1	-1.131177E2
9.160000E0	-5.209294E1	-1.132733E2
9.180000E0	-5.172449E1	-1.133493E2
9.200000E0	-5.099298E1	-1.136527E2
9.220000E0	-5.065969E1	-1.141273E2
9.240000E0	-5.018611E1	-1.142022E2
9.260000E0	-4.974380E1	-1.144079E2
9.280000E0	-4.937031E1	-1.150636E2
9.300000E0	-4.913395E1	-1.151087E2
9.320000E0	-4.911668E1	-1.150829E2
9.340000E0	-4.913508E1	-1.150637E2
9.360000E0	-4.912358E1	-1.150309E2
9.380000E0	-4.863311E1	-1.152452E2
9.400000E0	-4.801190E1	-1.157823E2
9.420000E0	-4.726275E1	-1.159303E2
9.440000E0	-4.711195E1	-1.159967E2
9.460000E0	-4.714948E1	-1.159994E2
9.480000E0	-4.715969E1	-1.159978E2
9.500000E0	-4.708016E1	-1.160364E2
9.520000E0	-4.660422E1	-1.162863E2
9.540000E0	-4.548268E1	-1.173062E2
9.560000E0	-4.409783E1	-1.184299E2
9.580000E0	-4.358436E1	-1.190635E2
9.600000E0	-4.352262E1	-1.188962E2
9.620000E0	-4.351459E1	-1.188762E2
9.640000E0	-4.337393E1	-1.187465E2
9.660000E0	-4.275800E1	-1.185497E2
9.680000E0	-4.236275E1	-1.183696E2
9.700000E0	-4.224531E1	-1.183322E2
9.720000E0	-4.189079E1	-1.183902E2
9.740000E0	-4.190160E1	-1.184039E2
9.760000E0	-4.160477E1	-1.185414E2
9.780000E0	-4.129569E1	-1.190609E2
9.800000E0	-4.097214E1	-1.194330E2
9.820000E0	-4.093044E1	-1.195128E2
9.840000E0	-4.086242E1	-1.190962E2
9.860000E0	-4.082079E1	-1.190081E2
9.880000E0	-4.079412E1	-1.190227E2
9.900000E0	-4.081223E1	-1.189277E2
9.920000E0	-4.078938E1	-1.189414E2
9.940000E0	-4.068396E1	-1.189483E2
9.960000E0	-4.066627E1	-1.189446E2
9.980000E0	-4.054197E1	-1.190206E2
1.000000E1	-4.002031E1	-1.194029E2
1.002000E1	-3.929448E1	-1.196783E2
1.004000E1	-3.868293E1	-1.204431E2
1.006000E1	-3.780827E1	-1.210595E2
1.008000E1	-3.691752E1	-1.216033E2
1.010000E1	-3.617228E1	-1.217398E2
1.012000E1	-3.574760E1	-1.216534E2
1.014000E1	-3.540836E1	-1.214681E2
1.016000E1	-3.493874E1	-1.213498E2
1.018000E1	-3.450845E1	-1.215414E2
1.020000E1	-3.410547E1	-1.221678E2
1.022000E1	-3.366830E1	-1.223516E2
1.024000E1	-3.368419E1	-1.223990E2
1.026000E1	-3.357903E1	-1.223750E2
1.028000E1	-3.309547E1	-1.224578E2
1.030000E1	-3.257076E1	-1.225104E2
1.032000E1	-3.212386E1	-1.226930E2
1.034000E1	-3.174044E1	-1.227490E2
1.036000E1	-3.130651E1	-1.227649E2
1.038000E1	-3.117241E1	-1.228255E2
1.040000E1	-3.114523E1	-1.228517E2
1.042000E1	-3.107880E1	-1.228763E2
1.044000E1	-3.060338E1	-1.229588E2
1.046000E1	-2.975959E1	-1.229033E2
1.048000E1	-2.915529E1	-1.229314E2
1.050000E1	-2.874335E1	-1.230526E2
1.052000E1	-2.866371E1	-1.232096E2
1.054000E1	-2.842836E1	-1.232863E2
1.056000E1	-2.798130E1	-1.233544E2
1.058000E1	-2.713470E1	-1.233563E2
1.060000E1	-2.617499E1	-1.234011E2
1.062000E1	-2.501420E1	-1.235221E2
1.064000E1	-2.402562E1	-1.242000E2
1.066000E1	-2.321206E1	-1.251640E2
1.068000E1	-2.289234E1	-1.257903E2
1.070000E1	-2.295635E1	-1.258174E2
1.072000E1	-2.287880E1	-1.258880E2
1.074000E1	-2.243799E1	-1.257670E2
1.076000E1	-2.234038E1	-1.256591E2
1.078000E1	-2.233343E1	-1.255815E2
1.080000E1	-2.231275E1	-1.256385E2
1.082000E1	-2.192203E1	-1.256662E2
1.084000E1	-2.196362E1	-1.257604E2
1.086000E1	-2.189637E1	-1.258054E2
1.088000E1	-2.139248E1	-1.261524E2
1.090000E1	-2.079545E1	-1.265892E2
1.092000E1	-2.075318E1	-1.266899E2
1.094000E1	-2.089007E1	-1.266363E2
1.096000E1	-2.098160E1	-1.266220E2
1.098000E1	-2.098955E1	-1.266068E2
1.100000E1	-2.097628E1	-1.265943E2
1.102000E1	-2.093044E1	-1.265043E2
1.104000E1	-2.079050E1	-1.265262E2
1.106000E1	-2.072237E1	-1.264804E2
1.108000E1	-2.037660E1	-1.266337E2
1.110000E1	-1.991093E1	-1.271530E2
1.112000E1	-1.942417E1	-1.274878E2
1.114000E1	-1.881327E1	-1.281610E2
1.116000E1	-1.824365E1	-1.283055E2
1.118000E1	-1.791447E1	-1.283665E2
1.120000E1	-1.781953E1	-1.283246E2
1.122000E1	-1.783858E1	-1.281911E2
1.124000E1	-1.739187E1	-1.279474E2
1.126000E1	-1.678427E1	-1.278529E2
1.128000E1	-1.647417E1	-1.277898E2
1.130000E1	-1.649302E1	-1.278073E2
1.132000E1	-1.641623E1	-1.278824E2
1.134000E1	-1.605926E1	-1.279751E2
1.136000E1	-1.527544E1	-1.281069E2
1.138000E1	-1.399511E1	-1.280635E2
1.140000E1	-1.302614E1	-1.281164E2
1.142000E1	-1.281760E1	-1.281956E2
1.144000E1	-1.269013E1	-1.281895E2
1.146000E1	-1.231002E1	-1.281522E2
1.148000E1	-1.174854E1	-1.281528E2
1.150000E1	-1.079164E1	-1.281815E2
1.152000E1	-1.030009E1	-1.280816E2
1.154000E1	-1.024005E1	-1.280421E2
1.156000E1	-1.005422E1	-1.280038E2
1.158000E1	-9.803386E0	-1.281131E2
1.160000E1	-9.731076E0	-1.282210E2
1.162000E1	-9.322097E0	-1.283292E2
1.164000E1	-8.798839E0	-1.285165E2
1.166000E1	-8.028839E0	-1.287050E2
1.168000E1	-7.545755E0	-1.287434E2
1.170000E1	-7.073406E0	-1.287353E2
1.172000E1	-6.525420E0	-1.288300E2
1.174000E1	-5.389898E0	-1.294588E2
1.176000E1	-4.366193E0	-1.302085E2
1.178000E1	-4.200838E0	-1.307427E2
1.180000E1	-4.363896E0	-1.307315E2
1.182000E1	-3.949038E0	-1.306677E2
1.184000E1	-3.579370E0	-1.304802E2
1.186000E1	-3.515525E0	-1.304108E2
1.188000E1	-3.463636E0	-1.302886E2
1.190000E1	-3.437496E0	-1.302516E2
1.192000E1	-3.361922E0	-1.302398E2
1.194000E1	-3.151804E0	-1.301240E2
1.196000E1	-2.857952E0	-1.301550E2
1.198000E1	-2.523139E0	-1.303043E2
1.200000E1	-2.032290E0	-1.306598E2
1.202000E1	-2.144263E0	-1.307384E2
1.204000E1	-2.488834E0	-1.306954E2
1.206000E1	-2.123372E0	-1.306456E2
1.208000E1	-1.819437E0	-1.307182E2
1.210000E1	-1.720162E0	-1.305325E2
1.212000E1	-1.373961E0	-1.303499E2
1.214000E1	-9.620044E-1	-1.302883E2
1.216000E1	-3.273891E-1	-1.302007E2
1.218000E1	1.642173E-1	-1.301771E2
1.220000E1	2.272341E-1	-1.302969E2
1.222000E1	3.813948E-1	-1.303002E2
1.224000E1	8.698325E-1	-1.304381E2
1.226000E1	1.504071E0	-1.306262E2
1.228000E1	2.642273E0	-1.305785E2
1.230000E1	3.653506E0	-1.305417E2
1.232000E1	3.812731E0	-1.304516E2
1.234000E1	3.931742E0	-1.301886E2
1.236000E1	4.160466E0	-1.300468E2
1.238000E1	4.370064E0	-1.301020E2
1.240000E1	5.015471E0	-1.299160E2
1.242000E1	5.700230E0	-1.298659E2
1.244000E1	6.580822E0	-1.295933E2
1.246000E1	7.191365E0	-1.295671E2
1.248000E1	7.741018E0	-1.295862E2
1.250000E1	8.281484E0	-1.296891E2
1.252000E1	8.625844E0	-1.297883E2
1.254000E1	8.817081E0	-1.300156E2
1.256000E1	9.254291E0	-1.300102E2
1.258000E1	9.443648E0	-1.300127E2
1.260000E1	9.804345E0	-1.300204E2
1.262000E1	1.015064E1	-1.299781E2
1.264000E1	1.026229E1	-1.300003E2
1.266000E1	1.027727E1	-1.300038E2
1.268000E1	1.039182E1	-1.300920E2
1.270000E1	1.075838E1	-1.301505E2
1.272000E1	1.120840E1	-1.302273E2
1.274000E1	1.205931E1	-1.302827E2
1.276000E1	1.270198E1	-1.303454E2
1.278000E1	1.353538E1	-1.302505E2
1.280000E1	1.440149E1	-1.303229E2
1.282000E1	1.511594E1	-1.303905E2
1.284000E1	1.606674E1	-1.309665E2
1.286000E1	1.736376E1	-1.316492E2
1.288000E1	1.825644E1	-1.320290E2
1.290000E1	1.844000E1	-1.321834E2
1.292000E1	1.836033E1	-1.321409E2
1.294000E1	1.828305E1	-1.320564E2
1.296000E1	1.835538E1	-1.319660E2
1.298000E1	1.847242E1	-1.318880E2
1.300000E1	1.856526E1	-1.318663E2
1.302000E1	1.896532E1	-1.318228E2
1.304000E1	1.903884E1	-1.317820E2
1.306000E1	1.964489E1	-1.316164E2
1.308000E1	2.035984E1	-1.316510E2
1.310000E1	2.047166E1	-1.316729E2
1.312000E1	2.055580E1	-1.315898E2
1.314000E1	2.055607E1	-1.315707E2
1.316000E1	2.092703E1	-1.315024E2
1.318000E1	2.105329E1	-1.314920E2
1.320000E1	2.123532E1	-1.311120E2
1.322000E1	2.151654E1	-1.308676E2
1.324000E1	2.184195E1	-1.307082E2
1.326000E1	2.204251E1	-1.307039E2
1.328000E1	2.249936E1	-1.306646E2
1.330000E1	2.336418E1	-1.304664E2
1.332000E1	2.462131E1	-1.301884E2
1.334000E1	2.612203E1	-1.297259E2
1.336000E1	2.741511E1	-1.296413E2
1.338000E1	2.836748E1	-1.296372E2
1.340000E1	2.892091E1	-1.296093E2
1.342000E1	2.896807E1	-1.296285E2
1.344000E1	2.891000E1	-1.296161E2
1.346000E1	2.899398E1	-1.296114E2
1.348000E1	2.897650E1	-1.296073E2
1.350000E1	2.906890E1	-1.296121E2
1.352000E1	2.950751E1	-1.294856E2
1.354000E1	2.992889E1	-1.294282E2
1.356000E1	3.033146E1	-1.294384E2
1.358000E1	3.079434E1	-1.294932E2
1.360000E1	3.131914E1	-1.295558E2
1.362000E1	3.177394E1	-1.295569E2
1.364000E1	3.222444E1	-1.295866E2
1.366000E1	3.271187E1	-1.295687E2
1.368000E1	3.318284E1	-1.294488E2
1.370000E1	3.355150E1	-1.294565E2
1.372000E1	3.356851E1	-1.294696E2
1.374000E1	3.368273E1	-1.294972E2
1.376000E1	3.390592E1	-1.293829E2
1.378000E1	3.420332E1	-1.293121E2
1.380000E1	3.462359E1	-1.292468E2
1.382000E1	3.500416E1	-1.293661E2
1.384000E1	3.515727E1	-1.294159E2
1.386000E1	3.525082E1	-1.295802E2
1.388000E1	3.522408E1	-1.296065E2
1.390000E1	3.565106E1	-1.295530E2
1.392000E1	3.615133E1	-1.293605E2
1.394000E1	3.749511E1	-1.293845E2
1.396000E1	3.921945E1	-1.298548E2
1.398000E1	4.060663E1	-1.298286E2
1.400000E1	4.083408E1	-1.298722E2
1.402000E1	4.044830E1	-1.297453E2
1.404000E1	4.035130E1	-1.296182E2
1.406000E1	4.075562E1	-1.295899E2
1.408000E1	4.111867E1	-1.291773E2
1.410000E1	4.116799E1	-1.289956E2
1.412000E1	4.110637E1	-1.289943E2
1.414000E1	4.093587E1	-1.288284E2
1.416000E1	4.135225E1	-1.286950E2
1.418000E1	4.196309E1	-1.286795E2
1.420000E1	4.284180E1	-1.286498E2
1.422000E1	4.308847E1	-1.285586E2
1.424000E1	4.276970E1	-1.281677E2
1.426000E1	4.275247E1	-1.279410E2
1.428000E1	4.320506E1	-1.278266E2
1.430000E1	4.314753E1	-1.277529E2
1.432000E1	4.328461E1	-1.274906E2
1.434000E1	4.334315E1	-1.274946E2
1.436000E1	4.346952E1	-1.275456E2
1.438000E1	4.393274E1	-1.275572E2
1.440000E1	4.439873E1	-1.275759E2
1.442000E1	4.488150E1	-1.274346E2
1.444000E1	4.549529E1	-1.272806E2
1.446000E1	4.626307E1	-1.270056E2
1.448000E1	4.678604E1	-1.270413E2
1.450000E1	4.719456E1	-1.270472E2
1.452000E1	4.697154E1	-1.268307E2
1.454000E1	4.697639E1	-1.267456E2
1.456000E1	4.733185E1	-1.266929E2
1.458000E1	4.771175E1	-1.266409E2
1.460000E1	4.804029E1	-1.264813E2
1.462000E1	4.852747E1	-1.265513E2
1.464000E1	4.878627E1	-1.264556E2
1.466000E1	4.923270E1	-1.262320E2
1.468000E1	4.974015E1	-1.259324E2
1.470000E1	5.066321E1	-1.253873E2
1.472000E1	5.117809E1	-1.254385E2
1.474000E1	5.148408E1	-1.256861E2
1.476000E1	5.166728E1	-1.256277E2
1.478000E1	5.172243E1	-1.255494E2
1.480000E1	5.202243E1	-1.254582E2
1.482000E1	5.205131E1	-1.253795E2
1.484000E1	5.214493E1	-1.253646E2
1.486000E1	5.258299E1	-1.251869E2
1.488000E1	5.323096E1	-1.249495E2
1.490000E1	5.379887E1	-1.246418E2
1.492000E1	5.374177E1	-1.246969E2
1.494000E1	5.369817E1	-1.247506E2
1.496000E1	5.371870E1	-1.247233E2
1.498000E1	5.405390E1	-1.246503E2
1.500000E1	5.467114E1	-1.242286E2
1.502000E1	5.569599E1	-1.235468E2
1.504000E1	5.671721E1	-1.234759E2
1.506000E1	5.800377E1	-1.236220E2
1.508000E1	5.928481E1	-1.240958E2
1.510000E1	5.992205E1	-1.240854E2
1.512000E1	5.990123E1	-1.236823E2
1.514000E1	5.990469E1	-1.230617E2
1.516000E1	5.990232E1	-1.224225E2
1.518000E1	5.986760E1	-1.219633E2
1.520000E1	5.990780E1	-1.219118E2
1.522000E1	5.995971E1	-1.219783E2
1.524000E1	5.992957E1	-1.220596E2
1.526000E1	5.993719E1	-1.221727E2
1.528000E1	6.051569E1	-1.221693E2
1.530000E1	6.148916E1	-1.219483E2
1.532000E1	6.178322E1	-1.217745E2
1.534000E1	6.167748E1	-1.217441E2
1.536000E1	6.127916E1	-1.217139E2
1.538000E1	6.130420E1	-1.216933E2
1.540000E1	6.133053E1	-1.216727E2
1.542000E1	6.135614E1	-1.215543E2
1.544000E1	6.168949E1	-1.213844E2
1.546000E1	6.204698E1	-1.212869E2
1.548000E1	6.225752E1	-1.212969E2
1.550000E1	6.271240E1	-1.212077E2
1.552000E1	6.329558E1	-1.212558E2
1.554000E1	6.420566E1	-1.210796E2
1.556000E1	6.488161E1	-1.208264E2
1.558000E1	6.567245E1	-1.203601E2
1.560000E1	6.629902E1	-1.200884E2
1.562000E1	6.632702E1	-1.199762E2
1.564000E1	6.631907E1	-1.199358E2
1.566000E1	6.630283E1	-1.199267E2
1.568000E1	6.668807E1	-1.198736E2
1.570000E1	6.695971E1	-1.197121E2
1.572000E1	6.737793E1	-1.197440E2
1.574000E1	6.744794E1	-1.197200E2
1.576000E1	6.792231E1	-1.194599E2
1.578000E1	6.856916E1	-1.189253E2
1.580000E1	6.914895E1	-1.184948E2
1.582000E1	6.919941E1	-1.185244E2
1.584000E1	6.919244E1	-1.185113E2
1.586000E1	6.925843E1	-1.184785E2
1.588000E1	6.959015E1	-1.183603E2
1.590000E1	7.007750E1	-1.182110E2
1.592000E1	7.065963E1	-1.175067E2
1.594000E1	7.129528E1	-1.171008E2
1.596000E1	7.139778E1	-1.169388E2
1.598000E1	7.152335E1	-1.169368E2
1.600000E1	7.166785E1	-1.169093E2
1.602000E1	7.188496E1	-1.167969E2
1.604000E1	7.240959E1	-1.164258E2
1.606000E1	7.300419E1	-1.158475E2
1.608000E1	7.396222E1	-1.151128E2
1.610000E1	7.458242E1	-1.145847E2
1.612000E1	7.512206E1	-1.142385E2
1.614000E1	7.600271E1	-1.141260E2
1.616000E1	7.708573E1	-1.141299E2
1.618000E1	7.848396E1	-1.142669E2
1.620000E1	7.889072E1	-1.141850E2
1.622000E1	7.863628E1	-1.141401E2
1.624000E1	7.853715E1	-1.139369E2
1.626000E1	7.852778E1	-1.132729E2
1.628000E1	7.845340E1	-1.132546E2
1.630000E1	7.837549E1	-1.132419E2
1.632000E1	7.840841E1	-1.132413E2
1.634000E1	7.867377E1	-1.132292E2
1.636000E1	7.879464E1	-1.132467E2
1.638000E1	7.944230E1	-1.131417E2
1.640000E1	7.996848E1	-1.130265E2
1.642000E1	8.017819E1	-1.129961E2
1.644000E1	7.992755E1	-1.130588E2
1.646000E1	7.976323E1	-1.131277E2
1.648000E1	7.979409E1	-1.130724E2
1.650000E1	7.978254E1	-1.130324E2
1.652000E1	7.982761E1	-1.129752E2
1.654000E1	7.998426E1	-1.129326E2
1.656000E1	7.998624E1	-1.129266E2
1.658000E1	8.003811E1	-1.129898E2
1.660000E1	8.058999E1	-1.129750E2
1.662000E1	8.111632E1	-1.129661E2
1.664000E1	8.215647E1	-1.126383E2
1.666000E1	8.297836E1	-1.122083E2
1.668000E1	8.366181E1	-1.118066E2
1.670000E1	8.410446E1	-1.114732E2
1.672000E1	8.416347E1	-1.112935E2
1.674000E1	8.388697E1	-1.110455E2
1.676000E1	8.395560E1	-1.110939E2
1.678000E1	8.399462E1	-1.110959E2
1.680000E1	8.438527E1	-1.109242E2
1.682000E1	8.511561E1	-1.103553E2
1.684000E1	8.559547E1	-1.094944E2
1.686000E1	8.621016E1	-1.092131E2
1.688000E1	8.666719E1	-1.088974E2
1.690000E1	8.686322E1	-1.087985E2
1.692000E1	8.711623E1	-1.087150E2
1.694000E1	8.732763E1	-1.084078E2
1.696000E1	8.770597E1	-1.076769E2
1.698000E1	8.819750E1	-1.069978E2
1.700000E1	8.865866E1	-1.067323E2
1.702000E1	8.870323E1	-1.066770E2
1.704000E1	8.871279E1	-1.066857E2
1.706000E1	8.875496E1	-1.066523E2
1.708000E1	8.921256E1	-1.066381E2
1.710000E1	8.950855E1	-1.064830E2
1.712000E1	8.999012E1	-1.063209E2
1.714000E1	9.009423E1	-1.061402E2
1.716000E1	9.047251E1	-1.058468E2
1.718000E1	9.074493E1	-1.056358E2
1.720000E1	9.116393E1	-1.053064E2
1.722000E1	9.210728E1	-1.046742E2
1.724000E1	9.362326E1	-1.043302E2
1.726000E1	9.514707E1	-1.043327E2
1.728000E1	9.582405E1	-1.042222E2
1.730000E1	9.576828E1	-1.042278E2
1.732000E1	9.544963E1	-1.040109E2
1.734000E1	9.550309E1	-1.035446E2
1.736000E1	9.545605E1	-1.034484E2
1.738000E1	9.528897E1	-1.032365E2
1.740000E1	9.530360E1	-1.032447E2
1.742000E1	9.532970E1	-1.032421E2
1.744000E1	9.539044E1	-1.031567E2
1.746000E1	9.598131E1	-1.030552E2
1.748000E1	9.647762E1	-1.030173E2
1.750000E1	9.668079E1	-1.030384E2
1.752000E1	9.679790E1	-1.029696E2
1.754000E1	9.689465E1	-1.026716E2
1.756000E1	9.694949E1	-1.024678E2
1.758000E1	9.711691E1	-1.023262E2
1.760000E1	9.710200E1	-1.019712E2
1.762000E1	9.753430E1	-1.012308E2
1.764000E1	9.778996E1	-1.009855E2
1.766000E1	9.785234E1	-1.010069E2
1.768000E1	9.793742E1	-1.009302E2
1.770000E1	9.836720E1	-1.008686E2
1.772000E1	9.890246E1	-1.002998E2
1.774000E1	9.983852E1	-9.945923E1
1.776000E1	1.008075E2	-9.853579E1
1.778000E1	1.016252E2	-9.783016E1
1.780000E1	1.017682E2	-9.768462E1
1.782000E1	1.017356E2	-9.756394E1
1.784000E1	1.016806E2	-9.716302E1
1.786000E1	1.016942E2	-9.652349E1
1.788000E1	1.020828E2	-9.595168E1
1.790000E1	1.024782E2	-9.575944E1
1.792000E1	1.027520E2	-9.553687E1
1.794000E1	1.028654E2	-9.538577E1
1.796000E1	1.031625E2	-9.513053E1
1.798000E1	1.037863E2	-9.466993E1
1.800000E1	1.042450E2	-9.464129E1
1.802000E1	1.042497E2	-9.462777E1
1.804000E1	1.042387E2	-9.459401E1
1.806000E1	1.043984E2	-9.437626E1
1.808000E1	1.048691E2	-9.377156E1
1.810000E1	1.048888E2	-9.374200E1
1.812000E1	1.048569E2	-9.370945E1
1.814000E1	1.048336E2	-9.368724E1
1.816000E1	1.050845E2	-9.359540E1
1.818000E1	1.054649E2	-9.350159E1
1.820000E1	1.060304E2	-9.295498E1
1.822000E1	1.065614E2	-9.268584E1
1.824000E1	1.069124E2	-9.224082E1
1.826000E1	1.074223E2	-9.212378E1
1.828000E1	1.078325E2	-9.157565E1
1.830000E1	1.082993E2	-9.124891E1
1.832000E1	1.091098E2	-9.051787E1
1.834000E1	1.106358E2	-9.026481E1
1.836000E1	1.119587E2	-9.001605E1
1.838000E1	1.124756E2	-8.990969E1
1.840000E1	1.119624E2	-8.986337E1
1.842000E1	1.118712E2	-8.974114E1
1.844000E1	1.119056E2	-8.965113E1
1.846000E1	1.119545E2	-8.944497E1
1.848000E1	1.119531E2	-8.878870E1
1.850000E1	1.120235E2	-8.878913E1
1.852000E1	1.121305E2	-8.867772E1
1.854000E1	1.122991E2	-8.843061E1
1.856000E1	1.125898E2	-8.800974E1
1.858000E1	1.130486E2	-8.778892E1
1.860000E1	1.133844E2	-8.747116E1
1.862000E1	1.134106E2	-8.733634E1
1.864000E1	1.133515E2	-8.721552E1
1.866000E1	1.133216E2	-8.676262E1
1.868000E1	1.133373E2	-8.669805E1
1.870000E1	1.133307E2	-8.645285E1
1.872000E1	1.134504E2	-8.632563E1
1.874000E1	1.134607E2	-8.600005E1
1.876000E1	1.137049E2	-8.540403E1
1.878000E1	1.142897E2	-8.437425E1
1.880000E1	1.151106E2	-8.298792E1
1.882000E1	1.158030E2	-8.208351E1
1.884000E1	1.163526E2	-8.135730E1
1.886000E1	1.168404E2	-8.125330E1
1.888000E1	1.170253E2	-8.122492E1
1.890000E1	1.175264E2	-8.111866E1
1.892000E1	1.173277E2	-8.098976E1
1.894000E1	1.171011E2	-8.094030E1
1.896000E1	1.171632E2	-8.073957E1
1.898000E1	1.173372E2	-8.064347E1
1.900000E1	1.173950E2	-8.056303E1
1.902000E1	1.174634E2	-8.047751E1
1.904000E1	1.178110E2	-8.037501E1
1.906000E1	1.181703E2	-7.991204E1
1.908000E1	1.188233E2	-7.947635E1
1.910000E1	1.192778E2	-7.905705E1
1.912000E1	1.193978E2	-7.875999E1
1.914000E1	1.196847E2	-7.865642E1
1.916000E1	1.198843E2	-7.835976E1
1.918000E1	1.200347E2	-7.825560E1
1.920000E1	1.200436E2	-7.807961E1
1.922000E1	1.201593E2	-7.799457E1
1.924000E1	1.203904E2	-7.735962E1
1.926000E1	1.207296E2	-7.736126E1
1.928000E1	1.208411E2	-7.732207E1
1.930000E1	1.212308E2	-7.728995E1
1.932000E1	1.213455E2	-7.713574E1
1.934000E1	1.214199E2	-7.714023E1
1.936000E1	1.216272E2	-7.685201E1
1.938000E1	1.219352E2	-7.629728E1
1.940000E1	1.223473E2	-7.554798E1
1.942000E1	1.234702E2	-7.474020E1
1.944000E1	1.250743E2	-7.387952E1
1.946000E1	1.259616E2	-7.325016E1
1.948000E1	1.257840E2	-7.322046E1
1.950000E1	1.256876E2	-7.324281E1
1.952000E1	1.256995E2	-7.306510E1
1.954000E1	1.256714E2	-7.261098E1
1.956000E1	1.254630E2	-7.223110E1
1.958000E1	1.252449E2	-7.224076E1
1.960000E1	1.252058E2	-7.219841E1
1.962000E1	1.252421E2	-7.214792E1
1.964000E1	1.255245E2	-7.157734E1
1.966000E1	1.259251E2	-7.099721E1
1.968000E1	1.264854E2	-7.039929E1
1.970000E1	1.265076E2	-7.026044E1
1.972000E1	1.261198E2	-7.016712E1
1.974000E1	1.260555E2	-7.007435E1
1.976000E1	1.260896E2	-7.008194E1
1.978000E1	1.260752E2	-7.006335E1
1.980000E1	1.261167E2	-6.998858E1
1.982000E1	1.261391E2	-6.996927E1
1.984000E1	1.262016E2	-6.976880E1
1.986000E1	1.265424E2	-6.945974E1
1.988000E1	1.266949E2	-6.900385E1
1.990000E1	1.270940E2	-6.845764E1
1.992000E1	1.274324E2	-6.781355E1
1.994000E1	1.278938E2	-6.757824E1
1.996000E1	1.283801E2	-6.697157E1
1.998000E1	1.284707E2	-6.688143E1
2.000000E1	1.284685E2	-6.685190E1
2.002000E1	1.284219E2	-6.672198E1
2.004000E1	1.284284E2	-6.659868E1
2.006000E1	1.285836E2	-6.625434E1
2.008000E1	1.287657E2	-6.611620E1
2.010000E1	1.289777E2	-6.594696E1
2.012000E1	1.290384E2	-6.577095E1
2.014000E1	1.292164E2	-6.522273E1
2.016000E1	1.296349E2	-6.452665E1
2.018000E1	1.300919E2	-6.373412E1
2.020000E1	1.305666E2	-6.369118E1
2.022000E1	1.305554E2	-6.372342E1
2.024000E1	1.305451E2	-6.375773E1
2.026000E1	1.305899E2	-6.367352E1
2.028000E1	1.306354E2	-6.358023E1
2.030000E1	1.306477E2	-6.303129E1
2.032000E1	1.309707E2	-6.277033E1
2.034000E1	1.309995E2	-6.214915E1
2.036000E1	1.311891E2	-6.204872E1
2.038000E1	1.311052E2	-6.194526E1
2.040000E1	1.310772E2	-6.180672E1
2.042000E1	1.314149E2	-6.177539E1
2.044000E1	1.315447E2	-6.155934E1
2.046000E1	1.316026E2	-6.091865E1
2.048000E1	1.319454E2	-5.945331E1
2.050000E1	1.324118E2	-5.851134E1
2.052000E1	1.329621E2	-5.789560E1
2.054000E1	1.339655E2	-5.764649E1
2.056000E1	1.349835E2	-5.692460E1
2.058000E1	1.353967E2	-5.618165E1
2.060000E1	1.350014E2	-5.597056E1
2.062000E1	1.348989E2	-5.582221E1
2.064000E1	1.344115E2	-5.517536E1
2.066000E1	1.339253E2	-5.523420E1
2.068000E1	1.338610E2	-5.530968E1
2.070000E1	1.339402E2	-5.524625E1
2.072000E1	1.343548E2	-5.531258E1
2.074000E1	1.343388E2	-5.525925E1
2.076000E1	1.344290E2	-5.464253E1
2.078000E1	1.349410E2	-5.412448E1
2.080000E1	1.350807E2	-5.371339E1
2.082000E1	1.349937E2	-5.389887E1
2.084000E1	1.345757E2	-5.407105E1
2.086000E1	1.345279E2	-5.415916E1
2.088000E1	1.345375E2	-5.416402E1
2.090000E1	1.345287E2	-5.417821E1
2.092000E1	1.345587E2	-5.407553E1
2.094000E1	1.346458E2	-5.353621E1
2.096000E1	1.349503E2	-5.347439E1
2.098000E1	1.352292E2	-5.299937E1
2.100000E1	1.356906E2	-5.264303E1
2.102000E1	1.361687E2	-5.189173E1
2.104000E1	1.366219E2	-5.114896E1
2.106000E1	1.370148E2	-5.027264E1
2.108000E1	1.372674E2	-4.942644E1
2.110000E1	1.374316E2	-4.885567E1
2.112000E1	1.374160E2	-4.895258E1
2.114000E1	1.373507E2	-4.892634E1
2.116000E1	1.374079E2	-4.889736E1
2.118000E1	1.374419E2	-4.884839E1
2.120000E1	1.376776E2	-4.847012E1
2.122000E1	1.379347E2	-4.801176E1
2.124000E1	1.380796E2	-4.733274E1
2.126000E1	1.382728E2	-4.669663E1
2.128000E1	1.383316E2	-4.628055E1
2.130000E1	1.383380E2	-4.629850E1
2.132000E1	1.384029E2	-4.622486E1
2.134000E1	1.383923E2	-4.626720E1
2.136000E1	1.385231E2	-4.592060E1
2.138000E1	1.387763E2	-4.512227E1
2.140000E1	1.387444E2	-4.424574E1
2.142000E1	1.387885E2	-4.351265E1
2.144000E1	1.388004E2	-4.340923E1
2.146000E1	1.388757E2	-4.346730E1
2.148000E1	1.390820E2	-4.320852E1
2.150000E1	1.391099E2	-4.260275E1
2.152000E1	1.391607E2	-4.198923E1
2.154000E1	1.392021E2	-4.114774E1
2.156000E1	1.392813E2	-4.036516E1
2.158000E1	1.394303E2	-3.975766E1
2.160000E1	1.396209E2	-3.930093E1
2.162000E1	1.401206E2	-3.866734E1
2.164000E1	1.411766E2	-3.793627E1
2.166000E1	1.421684E2	-3.711697E1
2.168000E1	1.422355E2	-3.659238E1
2.170000E1	1.422552E2	-3.670024E1
2.172000E1	1.421406E2	-3.665881E1
2.174000E1	1.420938E2	-3.643536E1
2.176000E1	1.418510E2	-3.644423E1
2.178000E1	1.417391E2	-3.651403E1
2.180000E1	1.417620E2	-3.643292E1
2.182000E1	1.418608E2	-3.647876E1
2.184000E1	1.419337E2	-3.645993E1
2.186000E1	1.422188E2	-3.610223E1
2.188000E1	1.424824E2	-3.565874E1
2.190000E1	1.426046E2	-3.550482E1
2.192000E1	1.426746E2	-3.552535E1
2.194000E1	1.425688E2	-3.556564E1
2.196000E1	1.425305E2	-3.556139E1
2.198000E1	1.425245E2	-3.549047E1
2.200000E1	1.425505E2	-3.548596E1
2.202000E1	1.425911E2	-3.537171E1
2.204000E1	1.425915E2	-3.521244E1
2.206000E1	1.426734E2	-3.509956E1
2.208000E1	1.428868E2	-3.490167E1
2.210000E1	1.432712E2	-3.419882E1
2.212000E1	1.436503E2	-3.341992E1
2.214000E1	1.437688E2	-3.239163E1
2.216000E1	1.441866E2	-3.148189E1
2.218000E1	1.442381E2	-3.064864E1
2.220000E1	1.442142E2	-3.062369E1
2.222000E1	1.438356E2	-3.067536E1
2.224000E1	1.438823E2	-3.066833E1
2.226000E1	1.439444E2	-3.046565E1
2.228000E1	1.440710E2	-2.993439E1
2.230000E1	1.441193E2	-2.920194E1
2.232000E1	1.440297E2	-2.826349E1
2.234000E1	1.443345E2	-2.746738E1
2.236000E1	1.443394E2	-2.706705E1
2.238000E1	1.444275E2	-2.692957E1
2.240000E1	1.444760E2	-2.682138E1
2.242000E1	1.444260E2	-2.631310E1
2.244000E1	1.443804E2	-2.570892E1
2.246000E1	1.442845E2	-2.509704E1
2.248000E1	1.442016E2	-2.475306E1
2.250000E1	1.442307E2	-2.454569E1
2.252000E1	1.442677E2	-2.434324E1
2.254000E1	1.442454E2	-2.429062E1
2.256000E1	1.444288E2	-2.410989E1
2.258000E1	1.445931E2	-2.382288E1
2.260000E1	1.446685E2	-2.371953E1
2.262000E1	1.447342E2	-2.311530E1
2.264000E1	1.447604E2	-2.296618E1
2.266000E1	1.447905E2	-2.265601E1
2.268000E1	1.449066E2	-2.210005E1
2.270000E1	1.450542E2	-2.131319E1
2.272000E1	1.459276E2	-1.991689E1
2.274000E1	1.469312E2	-1.889935E1
2.276000E1	1.478196E2	-1.808713E1
2.278000E1	1.478333E2	-1.797269E1
2.280000E1	1.474038E2	-1.800274E1
2.282000E1	1.472965E2	-1.795966E1
2.284000E1	1.469882E2	-1.786136E1
2.286000E1	1.467348E2	-1.772749E1
2.288000E1	1.465102E2	-1.762724E1
2.290000E1	1.468000E2	-1.762665E1
2.292000E1	1.467646E2	-1.764698E1
2.294000E1	1.468587E2	-1.762636E1
2.296000E1	1.471342E2	-1.736087E1
2.298000E1	1.475445E2	-1.661414E1
2.300000E1	1.476642E2	-1.615909E1
2.302000E1	1.475735E2	-1.613344E1
2.304000E1	1.472223E2	-1.591105E1
2.306000E1	1.472327E2	-1.572216E1
2.308000E1	1.472150E2	-1.547956E1
2.310000E1	1.469978E2	-1.477663E1
2.312000E1	1.467888E2	-1.430930E1
2.314000E1	1.469290E2	-1.424851E1
2.316000E1	1.470543E2	-1.424560E1
2.318000E1	1.471394E2	-1.379015E1
2.320000E1	1.471920E2	-1.296323E1
2.322000E1	1.470890E2	-1.175539E1
2.324000E1	1.471007E2	-1.032664E1
2.326000E1	1.473090E2	-9.581759E0
2.328000E1	1.476262E2	-9.040454E0
2.330000E1	1.472595E2	-9.003875E0
2.332000E1	1.468976E2	-8.922324E0
2.334000E1	1.464870E2	-8.341060E0
2.336000E1	1.464178E2	-7.896712E0
2.338000E1	1.464191E2	-7.256048E0
2.340000E1	1.465439E2	-7.095550E0
2.342000E1	1.465663E2	-6.821077E0
2.344000E1	1.466207E2	-6.421027E0
2.346000E1	1.467897E2	-5.789446E0
2.348000E1	1.469500E2	-5.463833E0
2.350000E1	1.469740E2	-5.277712E0
2.352000E1	1.470206E2	-5.243293E0
2.354000E1	1.469904E2	-4.724067E0
2.356000E1	1.470239E2	-4.375456E0
2.358000E1	1.470313E2	-4.225661E0
2.360000E1	1.470230E2	-4.066301E0
2.362000E1	1.470442E2	-3.929593E0
2.364000E1	1.470755E2	-3.722904E0
2.366000E1	1.471946E2	-3.213402E0
2.368000E1	1.472051E2	-2.598611E0
2.370000E1	1.472577E2	-2.155589E0
2.372000E1	1.472672E2	-1.997752E0
2.374000E1	1.473315E2	-1.489158E0
2.376000E1	1.473996E2	-9.966710E-1
2.378000E1	1.473704E2	-2.303538E-1
2.380000E1	1.475357E2	7.014950E-1
2.382000E1	1.483541E2	1.776771E0
2.384000E1	1.492347E2	2.981331E0
2.386000E1	1.496073E2	3.741025E0
2.388000E1	1.494848E2	3.701621E0
2.390000E1	1.491014E2	3.485833E0
2.392000E1	1.490338E2	3.417402E0
2.394000E1	1.489256E2	3.777000E0
2.396000E1	1.486090E2	3.958936E0
2.398000E1	1.484860E2	4.047669E0
2.400000E1	1.485043E2	4.193170E0
2.402000E1	1.484765E2	4.205582E0
2.404000E1	1.482024E2	4.467565E0
2.406000E1	1.482032E2	5.265499E0
2.408000E1	1.485240E2	5.968813E0
2.410000E1	1.484703E2	6.128517E0
2.412000E1	1.481350E2	6.130529E0
2.414000E1	1.478018E2	6.158235E0
2.416000E1	1.478158E2	6.259337E0
2.418000E1	1.477563E2	6.383340E0
2.420000E1	1.476330E2	6.472637E0
2.422000E1	1.474549E2	6.752356E0
2.424000E1	1.472550E2	7.326954E0
2.426000E1	1.468479E2	8.163168E0
2.428000E1	1.466327E2	9.583283E0
2.430000E1	1.463697E2	1.054762E1
2.432000E1	1.463965E2	1.139684E1
2.434000E1	1.465280E2	1.183937E1
2.436000E1	1.466836E2	1.219854E1
2.438000E1	1.470345E2	1.270669E1
2.440000E1	1.469943E2	1.269982E1
2.442000E1	1.466557E2	1.261424E1
2.444000E1	1.465941E2	1.273558E1
2.446000E1	1.466192E2	1.287007E1
2.448000E1	1.466170E2	1.293258E1
2.450000E1	1.466449E2	1.297062E1
2.452000E1	1.466079E2	1.311607E1
2.454000E1	1.466813E2	1.364467E1
2.456000E1	1.467528E2	1.439164E1
2.458000E1	1.467708E2	1.520306E1
2.460000E1	1.467056E2	1.539817E1
2.462000E1	1.466432E2	1.570643E1
2.464000E1	1.466528E2	1.592946E1
2.466000E1	1.466373E2	1.619421E1
2.468000E1	1.466491E2	1.641482E1
2.470000E1	1.465864E2	1.642909E1
2.472000E1	1.465485E2	1.697740E1
2.474000E1	1.465567E2	1.720053E1
2.476000E1	1.466902E2	1.744890E1
2.478000E1	1.467634E2	1.777248E1
2.480000E1	1.467905E2	1.800353E1
2.482000E1	1.469425E2	1.802823E1
2.484000E1	1.469790E2	1.817215E1
2.486000E1	1.467430E2	1.882137E1
2.488000E1	1.466223E2	1.945749E1
2.490000E1	1.466831E2	2.042042E1
2.492000E1	1.471282E2	2.212967E1
2.494000E1	1.474950E2	2.338056E1
2.496000E1	1.474224E2	2.363531E1
2.498000E1	1.474005E2	2.367644E1
2.500000E1	1.473683E2	2.378070E1
2.502000E1	1.471007E2	2.405251E1
2.504000E1	1.466261E2	2.434252E1
2.506000E1	1.461827E2	2.420165E1
2.508000E1	1.461136E2	2.420314E1
2.510000E1	1.461826E2	2.417914E1
2.512000E1	1.460655E2	2.456423E1
2.514000E1	1.460003E2	2.533925E1
2.516000E1	1.457370E2	2.615335E1
2.518000E1	1.456612E2	2.646169E1
2.520000E1	1.453502E2	2.649487E1
2.522000E1	1.450730E2	2.639163E1
2.524000E1	1.451283E2	2.635616E1
2.526000E1	1.451373E2	2.627288E1
2.528000E1	1.451308E2	2.630197E1
2.530000E1	1.451376E2	2.629552E1
2.532000E1	1.451196E2	2.647005E1
2.534000E1	1.451272E2	2.660817E1
2.536000E1	1.450208E2	2.709534E1
2.538000E1	1.449601E2	2.744696E1
2.540000E1	1.449565E2	2.809795E1
2.542000E1	1.449178E2	2.868017E1
2.544000E1	1.449598E2	2.930795E1
2.546000E1	1.449664E2	2.946214E1
2.548000E1	1.450157E2	2.951276E1
2.550000E1	1.450078E2	2.953625E1
2.552000E1	1.446873E2	2.961251E1
2.554000E1	1.446887E2	2.996465E1
2.556000E1	1.448414E2	3.013637E1
2.558000E1	1.447786E2	3.031372E1
2.560000E1	1.447678E2	3.051168E1
2.562000E1	1.445790E2	3.081263E1
2.564000E1	1.444559E2	3.158661E1
2.566000E1	1.441526E2	3.252481E1
2.568000E1	1.445148E2	3.322982E1
2.570000E1	1.445470E2	3.328774E1
2.572000E1	1.445651E2	3.332136E1
2.574000E1	1.445714E2	3.338627E1
2.576000E1	1.444143E2	3.350491E1
2.578000E1	1.442456E2	3.383680E1
2.580000E1	1.441717E2	3.407311E1
2.582000E1	1.438879E2	3.453448E1
2.584000E1	1.438634E2	3.481100E1
2.586000E1	1.437276E2	3.494020E1
2.588000E1	1.436202E2	3.493743E1
2.590000E1	1.437078E2	3.516989E1
2.592000E1	1.436761E2	3.559338E1
2.594000E1	1.433076E2	3.587124E1
2.596000E1	1.427333E2	3.688263E1
2.598000E1	1.422025E2	3.795952E1
2.600000E1	1.422365E2	3.876020E1
2.602000E1	1.425712E2	3.969688E1
2.604000E1	1.429948E2	4.089854E1
2.606000E1	1.427646E2	4.178127E1
2.608000E1	1.422844E2	4.182370E1
2.610000E1	1.420014E2	4.174099E1
2.612000E1	1.415541E2	4.171417E1
2.614000E1	1.411502E2	4.118828E1
2.616000E1	1.411368E2	4.116005E1
2.618000E1	1.411812E2	4.133295E1
2.620000E1	1.415907E2	4.138519E1
2.622000E1	1.416137E2	4.142397E1
2.624000E1	1.413432E2	4.201069E1
2.626000E1	1.412915E2	4.278935E1
2.628000E1	1.411361E2	4.316232E1
2.630000E1	1.411476E2	4.310239E1
2.632000E1	1.410496E2	4.263091E1
2.634000E1	1.410416E2	4.257962E1
2.636000E1	1.410965E2	4.263646E1
2.638000E1	1.411009E2	4.264277E1
2.640000E1	1.411073E2	4.268461E1
2.642000E1	1.410282E2	4.295626E1
2.644000E1	1.410259E2	4.312088E1
2.646000E1	1.409588E2	4.366289E1
2.648000E1	1.408834E2	4.424594E1
2.650000E1	1.406878E2	4.486409E1
2.652000E1	1.404894E2	4.552069E1
2.654000E1	1.402253E2	4.640203E1
2.656000E1	1.400487E2	4.705215E1
2.658000E1	1.399827E2	4.707703E1
2.660000E1	1.399483E2	4.704275E1
2.662000E1	1.398891E2	4.708357E1
2.664000E1	1.398576E2	4.709719E1
2.666000E1	1.397468E2	4.737125E1
2.668000E1	1.397267E2	4.793809E1
2.670000E1	1.394337E2	4.827036E1
2.672000E1	1.391418E2	4.883990E1
2.674000E1	1.388200E2	4.952982E1
2.676000E1	1.385868E2	4.971060E1
2.678000E1	1.386151E2	4.972332E1
2.680000E1	1.386471E2	4.980306E1
2.682000E1	1.386457E2	4.991970E1
2.684000E1	1.385142E2	5.036664E1
2.686000E1	1.381237E2	5.095632E1
2.688000E1	1.374756E2	5.156722E1
2.690000E1	1.371645E2	5.189172E1
2.692000E1	1.371442E2	5.206742E1
2.694000E1	1.372708E2	5.216998E1
2.696000E1	1.371198E2	5.222423E1
2.698000E1	1.368285E2	5.271267E1
2.700000E1	1.364168E2	5.332588E1
2.702000E1	1.359146E2	5.396077E1
2.704000E1	1.354083E2	5.450668E1
2.706000E1	1.352763E2	5.485975E1
2.708000E1	1.350511E2	5.540682E1
2.710000E1	1.350267E2	5.608220E1
2.712000E1	1.352712E2	5.726889E1
2.714000E1	1.352066E2	5.862612E1
2.716000E1	1.350908E2	5.900196E1
2.718000E1	1.350602E2	5.888564E1
2.720000E1	1.348130E2	5.879671E1
2.722000E1	1.345532E2	5.884299E1
2.724000E1	1.344808E2	5.878667E1
2.726000E1	1.344150E2	5.868557E1
2.728000E1	1.344534E2	5.874037E1
2.730000E1	1.345299E2	5.881502E1
2.732000E1	1.345091E2	5.893689E1
2.734000E1	1.344077E2	5.953638E1
2.736000E1	1.344090E2	5.986612E1
2.738000E1	1.343680E2	6.007013E1
2.740000E1	1.343927E2	6.011995E1
2.742000E1	1.343884E2	6.008186E1
2.744000E1	1.342837E2	6.009259E1
2.746000E1	1.343002E2	6.011271E1
2.748000E1	1.342117E2	6.012377E1
2.750000E1	1.341242E2	6.029450E1
2.752000E1	1.340897E2	6.038136E1
2.754000E1	1.340385E2	6.049559E1
2.756000E1	1.341079E2	6.088652E1
2.758000E1	1.339694E2	6.160011E1
2.760000E1	1.334428E2	6.251355E1
2.762000E1	1.329870E2	6.347190E1
2.764000E1	1.325820E2	6.427600E1
2.766000E1	1.322868E2	6.451325E1
2.768000E1	1.321464E2	6.447130E1
2.770000E1	1.320559E2	6.444767E1
2.772000E1	1.320367E2	6.448507E1
2.774000E1	1.319872E2	6.460687E1
2.776000E1	1.315586E2	6.527870E1
2.778000E1	1.310239E2	6.565486E1
2.780000E1	1.301582E2	6.640126E1
2.782000E1	1.300929E2	6.706884E1
2.784000E1	1.298369E2	6.712952E1
2.786000E1	1.298747E2	6.725435E1
2.788000E1	1.298189E2	6.734978E1
2.790000E1	1.295168E2	6.764067E1
2.792000E1	1.290599E2	6.806498E1
2.794000E1	1.285247E2	6.853018E1
2.796000E1	1.281349E2	6.878990E1
2.798000E1	1.281508E2	6.892315E1
2.800000E1	1.281317E2	6.893218E1
2.802000E1	1.281602E2	6.905171E1
2.804000E1	1.281098E2	6.938139E1
2.806000E1	1.280193E2	6.955715E1
2.808000E1	1.278045E2	6.981107E1
2.810000E1	1.276361E2	7.012813E1
2.812000E1	1.273819E2	7.039184E1
2.814000E1	1.271737E2	7.070585E1
2.816000E1	1.268918E2	7.127631E1
2.818000E1	1.264343E2	7.217451E1
2.820000E1	1.262719E2	7.382839E1
2.822000E1	1.262987E2	7.530196E1
2.824000E1	1.262028E2	7.600353E1
2.826000E1	1.260058E2	7.578673E1
2.828000E1	1.258065E2	7.552672E1
2.830000E1	1.255299E2	7.538195E1
2.832000E1	1.253163E2	7.530441E1
2.834000E1	1.252410E2	7.521167E1
2.836000E1	1.252043E2	7.525855E1
2.838000E1	1.251916E2	7.529693E1
2.840000E1	1.251957E2	7.531487E1
2.842000E1	1.251727E2	7.580524E1
2.844000E1	1.251803E2	7.637474E1
2.846000E1	1.251575E2	7.664454E1
2.848000E1	1.250451E2	7.674127E1
2.850000E1	1.246600E2	7.682058E1
2.852000E1	1.245511E2	7.687549E1
2.854000E1	1.243302E2	7.715617E1
2.856000E1	1.238793E2	7.725472E1
2.858000E1	1.231353E2	7.786585E1
2.860000E1	1.230944E2	7.786217E1
2.862000E1	1.231534E2	7.784957E1
2.864000E1	1.231387E2	7.806652E1
2.866000E1	1.228129E2	7.864616E1
2.868000E1	1.223160E2	7.930938E1
2.870000E1	1.213310E2	8.005540E1
2.872000E1	1.207578E2	8.090794E1
2.874000E1	1.202812E2	8.149254E1
2.876000E1	1.202405E2	8.146209E1
2.878000E1	1.198556E2	8.143646E1
2.880000E1	1.194423E2	8.150029E1
2.882000E1	1.190129E2	8.162269E1
2.884000E1	1.184357E2	8.195015E1
2.886000E1	1.182533E2	8.227004E1
2.888000E1	1.182994E2	8.232794E1
2.890000E1	1.179435E2	8.245771E1
2.892000E1	1.177951E2	8.309182E1
2.894000E1	1.174753E2	8.371579E1
2.896000E1	1.173546E2	8.381443E1
2.898000E1	1.173201E2	8.378079E1
2.900000E1	1.171686E2	8.390354E1
2.902000E1	1.168836E2	8.425389E1
2.904000E1	1.165253E2	8.463580E1
2.906000E1	1.164532E2	8.462836E1
2.908000E1	1.164395E2	8.463321E1
2.910000E1	1.164136E2	8.465626E1
2.912000E1	1.164157E2	8.485379E1
2.914000E1	1.162554E2	8.514763E1
2.916000E1	1.158108E2	8.593235E1
2.918000E1	1.154628E2	8.630236E1
2.920000E1	1.153339E2	8.656628E1
2.922000E1	1.148991E2	8.698168E1
2.924000E1	1.144597E2	8.744935E1
2.926000E1	1.139781E2	8.800524E1
2.928000E1	1.135466E2	8.889321E1
2.930000E1	1.133698E2	9.042579E1
2.932000E1	1.129171E2	9.178466E1
2.934000E1	1.128947E2	9.218947E1
2.936000E1	1.130258E2	9.188050E1
2.938000E1	1.129950E2	9.151138E1
2.940000E1	1.127836E2	9.150563E1
2.942000E1	1.124450E2	9.161462E1
2.944000E1	1.121055E2	9.162541E1
2.946000E1	1.119770E2	9.166887E1
2.948000E1	1.119258E2	9.178403E1
2.950000E1	1.115332E2	9.193674E1
2.952000E1	1.114421E2	9.213163E1
2.954000E1	1.109934E2	9.279096E1
2.956000E1	1.109023E2	9.304340E1
2.958000E1	1.106771E2	9.310658E1
2.960000E1	1.102513E2	9.314592E1
2.962000E1	1.099668E2	9.313134E1
2.964000E1	1.099670E2	9.314811E1
2.966000E1	1.097242E2	9.318219E1
2.968000E1	1.096193E2	9.326869E1
2.970000E1	1.092233E2	9.333992E1
2.972000E1	1.087321E2	9.354269E1
2.974000E1	1.077447E2	9.426388E1
2.976000E1	1.067566E2	9.489528E1
2.978000E1	1.058269E2	9.538118E1
2.980000E1	1.052520E2	9.606228E1
2.982000E1	1.050794E2	9.622579E1
2.984000E1	1.050242E2	9.658658E1
2.986000E1	1.049160E2	9.673973E1
2.988000E1	1.048623E2	9.665752E1
2.990000E1	1.046836E2	9.668475E1
2.992000E1	1.046948E2	9.671610E1
2.994000E1	1.046424E2	9.677525E1
2.996000E1	1.046275E2	9.680274E1
2.998000E1	1.045993E2	9.683641E1
3.000000E1	1.043819E2	9.704813E1
3.002000E1	1.040517E2	9.756044E1
3.004000E1	1.036566E2	9.822862E1
3.006000E1	1.034951E2	9.834717E1
3.008000E1	1.032210E2	9.859153E1
3.010000E1	1.029884E2	9.880454E1
3.012000E1	1.027942E2	9.901741E1
3.014000E1	1.027340E2	9.913953E1
3.016000E1	1.027325E2	9.917960E1
3.018000E1	1.026749E2	9.926051E1
3.020000E1	1.023011E2	9.950366E1
3.022000E1	1.022438E2	9.967397E1
3.024000E1	1.019051E2	1.001554E2
3.026000E1	1.017958E2	1.005426E2
3.028000E1	1.017622E2	1.006646E2
3.030000E1	1.017683E2	1.006759E2
3.032000E1	1.016880E2	1.007586E2
3.034000E1	1.011800E2	1.009443E2
3.036000E1	1.004234E2	1.016827E2
3.038000E1	9.975599E1	1.030126E2
3.040000E1	9.886448E1	1.045464E2
3.042000E1	9.837417E1	1.052960E2
3.044000E1	9.844033E1	1.048712E2
3.046000E1	9.840937E1	1.048562E2
3.048000E1	9.835516E1	1.049326E2
3.050000E1	9.787060E1	1.049907E2
3.052000E1	9.747353E1	1.048829E2
3.054000E1	9.740601E1	1.047172E2
3.056000E1	9.746503E1	1.045828E2
3.058000E1	9.734660E1	1.045592E2
3.060000E1	9.664663E1	1.049379E2
3.062000E1	9.610444E1	1.056002E2
3.064000E1	9.559591E1	1.057533E2
3.066000E1	9.556963E1	1.056602E2
3.068000E1	9.542653E1	1.052601E2
3.070000E1	9.507898E1	1.051285E2
3.072000E1	9.508895E1	1.051462E2
3.074000E1	9.505400E1	1.051051E2
3.076000E1	9.502539E1	1.050654E2
3.078000E1	9.503576E1	1.050699E2
3.080000E1	9.494769E1	1.050958E2
3.082000E1	9.465045E1	1.053315E2
3.084000E1	9.421791E1	1.055396E2
3.086000E1	9.384702E1	1.057739E2
3.088000E1	9.346407E1	1.060741E2
3.090000E1	9.313497E1	1.065068E2
3.092000E1	9.282262E1	1.067565E2
3.094000E1	9.285945E1	1.068016E2
3.096000E1	9.289227E1	1.068132E2
3.098000E1	9.288455E1	1.068734E2
3.100000E1	9.288093E1	1.069032E2
3.102000E1	9.283646E1	1.069874E2
3.104000E1	9.259969E1	1.072295E2
3.106000E1	9.241603E1	1.074703E2
3.108000E1	9.212191E1	1.075598E2
3.110000E1	9.160759E1	1.077914E2
3.112000E1	9.068058E1	1.083353E2
3.114000E1	9.011511E1	1.087127E2
3.116000E1	9.005619E1	1.092882E2
3.118000E1	8.996232E1	1.093777E2
3.120000E1	8.974852E1	1.094931E2
3.122000E1	8.960035E1	1.094941E2
3.124000E1	8.957009E1	1.094785E2
3.126000E1	8.949228E1	1.094896E2
3.128000E1	8.912188E1	1.097281E2
3.130000E1	8.872613E1	1.098829E2
3.132000E1	8.788931E1	1.103629E2
3.134000E1	8.758522E1	1.104944E2
3.136000E1	8.765177E1	1.104380E2
3.138000E1	8.761169E1	1.104871E2
3.140000E1	8.759687E1	1.104676E2
3.142000E1	8.718547E1	1.105938E2
3.144000E1	8.608787E1	1.109295E2
3.146000E1	8.507377E1	1.116338E2
3.148000E1	8.423305E1	1.124929E2
3.150000E1	8.370120E1	1.135848E2
3.152000E1	8.326970E1	1.144522E2
3.154000E1	8.311126E1	1.142879E2
3.156000E1	8.264292E1	1.141852E2
3.158000E1	8.214021E1	1.138210E2
3.160000E1	8.196840E1	1.132297E2
3.162000E1	8.196023E1	1.128885E2
3.164000E1	8.194666E1	1.129308E2
3.166000E1	8.186138E1	1.131771E2
3.168000E1	8.195076E1	1.132336E2
3.170000E1	8.180545E1	1.135366E2
3.172000E1	8.116588E1	1.140907E2
3.174000E1	8.053263E1	1.142611E2
3.176000E1	8.051444E1	1.142333E2
3.178000E1	8.052705E1	1.138709E2
3.180000E1	8.048710E1	1.138311E2
3.182000E1	8.047094E1	1.137777E2
3.184000E1	8.041919E1	1.137328E2
3.186000E1	8.039012E1	1.137362E2
3.188000E1	8.012607E1	1.137299E2
3.190000E1	8.015802E1	1.138524E2
3.192000E1	7.984961E1	1.141278E2
3.194000E1	7.947593E1	1.146718E2
3.196000E1	7.886739E1	1.150630E2
3.198000E1	7.831496E1	1.157137E2
3.200000E1	7.744540E1	1.161073E2
3.202000E1	7.688743E1	1.163855E2
3.204000E1	7.688167E1	1.162431E2
3.206000E1	7.681139E1	1.162183E2
3.208000E1	7.680711E1	1.162162E2
3.210000E1	7.651980E1	1.163712E2
3.212000E1	7.602679E1	1.165581E2
3.214000E1	7.575462E1	1.170401E2
3.216000E1	7.575945E1	1.171005E2
3.218000E1	7.537761E1	1.170730E2
3.220000E1	7.487435E1	1.173033E2
3.222000E1	7.414412E1	1.175104E2
3.224000E1	7.399311E1	1.176689E2
3.226000E1	7.362168E1	1.176627E2
3.228000E1	7.357344E1	1.176618E2
3.230000E1	7.355135E1	1.176719E2
3.232000E1	7.324928E1	1.177628E2
3.234000E1	7.284983E1	1.179013E2
3.236000E1	7.216801E1	1.178605E2
3.238000E1	7.147315E1	1.177650E2
3.240000E1	7.122197E1	1.179361E2
3.242000E1	7.115140E1	1.181019E2
3.244000E1	7.099310E1	1.182450E2
3.246000E1	7.057285E1	1.183152E2
3.248000E1	7.014095E1	1.183012E2
3.250000E1	6.916385E1	1.183772E2
3.252000E1	6.815125E1	1.184749E2
3.254000E1	6.729848E1	1.186553E2
3.256000E1	6.677489E1	1.189805E2
3.258000E1	6.627742E1	1.198074E2
3.260000E1	6.544504E1	1.207181E2
3.262000E1	6.492497E1	1.215716E2
3.264000E1	6.471354E1	1.215382E2
3.266000E1	6.479453E1	1.212632E2
3.268000E1	6.458254E1	1.209959E2
3.270000E1	6.442095E1	1.208600E2
3.272000E1	6.438472E1	1.208730E2
3.274000E1	6.437306E1	1.209462E2
3.276000E1	6.434242E1	1.209938E2
3.278000E1	6.431608E1	1.211119E2
3.280000E1	6.388415E1	1.212895E2
3.282000E1	6.343947E1	1.218635E2
3.284000E1	6.295317E1	1.220882E2
3.286000E1	6.295181E1	1.220834E2
3.288000E1	6.335971E1	1.220033E2
3.290000E1	6.335256E1	1.219310E2
3.292000E1	6.333223E1	1.219530E2
3.294000E1	6.331339E1	1.218818E2
3.296000E1	6.323823E1	1.218967E2
3.298000E1	6.323919E1	1.219271E2
3.300000E1	6.315886E1	1.219865E2
3.302000E1	6.289348E1	1.223342E2
3.304000E1	6.221134E1	1.228210E2
3.306000E1	6.176574E1	1.233906E2
3.308000E1	6.121645E1	1.235830E2
3.310000E1	6.055837E1	1.238219E2
3.312000E1	6.014166E1	1.239039E2
3.314000E1	6.003629E1	1.238436E2
3.316000E1	5.964628E1	1.235137E2
3.318000E1	5.949224E1	1.233607E2
3.320000E1	5.936164E1	1.234936E2
3.322000E1	5.929057E1	1.235212E2
3.324000E1	5.896049E1	1.236199E2
3.326000E1	5.841813E1	1.236994E2
3.328000E1	5.752289E1	1.236432E2
3.330000E1	5.656321E1	1.236173E2
3.332000E1	5.582586E1	1.237948E2
3.334000E1	5.583166E1	1.239301E2
3.336000E1	5.582242E1	1.239435E2
3.338000E1	5.571976E1	1.238565E2
3.340000E1	5.519754E1	1.239619E2
3.342000E1	5.465539E1	1.239735E2
3.344000E1	5.452608E1	1.238952E2
3.346000E1	5.451283E1	1.239267E2
3.348000E1	5.444540E1	1.239210E2
3.350000E1	5.405586E1	1.239867E2
3.352000E1	5.390872E1	1.241644E2
3.354000E1	5.357413E1	1.243225E2
3.356000E1	5.319430E1	1.244591E2
3.358000E1	5.273247E1	1.245244E2
3.360000E1	5.226698E1	1.245439E2
3.362000E1	5.176067E1	1.245435E2
3.364000E1	5.129696E1	1.245468E2
3.366000E1	5.052003E1	1.250634E2
3.368000E1	4.942473E1	1.259017E2
3.370000E1	4.864316E1	1.269056E2
3.372000E1	4.843752E1	1.273001E2
3.374000E1	4.828673E1	1.271810E2
3.376000E1	4.812833E1	1.266566E2
3.378000E1	4.784026E1	1.264173E2
3.380000E1	4.788840E1	1.261957E2
3.382000E1	4.784844E1	1.260418E2
3.384000E1	4.788099E1	1.260147E2
3.386000E1	4.783993E1	1.259934E2
3.388000E1	4.748567E1	1.259752E2
3.390000E1	4.710484E1	1.262623E2
3.392000E1	4.680784E1	1.268980E2
3.394000E1	4.680080E1	1.269257E2
3.396000E1	4.687844E1	1.269052E2
3.398000E1	4.651117E1	1.268108E2
3.400000E1	4.600352E1	1.268141E2
3.402000E1	4.592526E1	1.268463E2
3.404000E1	4.574849E1	1.267546E2
3.406000E1	4.516079E1	1.266332E2
3.408000E1	4.454367E1	1.264855E2
3.410000E1	4.441621E1	1.264799E2
3.412000E1	4.435936E1	1.265809E2
3.414000E1	4.407751E1	1.266511E2
3.416000E1	4.354592E1	1.266496E2
3.418000E1	4.275595E1	1.267280E2
3.420000E1	4.168359E1	1.267925E2
3.422000E1	4.071194E1	1.269005E2
3.424000E1	4.058713E1	1.268866E2
3.426000E1	4.050197E1	1.267532E2
3.428000E1	4.039487E1	1.267012E2
3.430000E1	3.998706E1	1.266301E2
3.432000E1	3.953102E1	1.264775E2
3.434000E1	3.902892E1	1.263727E2
3.436000E1	3.853721E1	1.263173E2
3.438000E1	3.805280E1	1.262449E2
3.440000E1	3.756932E1	1.263630E2
3.442000E1	3.691274E1	1.265835E2
3.444000E1	3.668637E1	1.266782E2
3.446000E1	3.646904E1	1.267600E2
3.448000E1	3.651096E1	1.268149E2
3.450000E1	3.641088E1	1.268448E2
3.452000E1	3.592429E1	1.268454E2
3.454000E1	3.562091E1	1.268480E2
3.456000E1	3.564187E1	1.268404E2
3.458000E1	3.573903E1	1.268416E2
3.460000E1	3.560075E1	1.269539E2
3.462000E1	3.521380E1	1.269413E2
3.464000E1	3.467675E1	1.271424E2
3.466000E1	3.381887E1	1.272321E2
3.468000E1	3.331125E1	1.273473E2
3.470000E1	3.280140E1	1.274164E2
3.472000E1	3.227787E1	1.274619E2
3.474000E1	3.176021E1	1.274700E2
3.476000E1	3.090381E1	1.277649E2
3.478000E1	2.942459E1	1.285801E2
3.480000E1	2.830868E1	1.292729E2
3.482000E1	2.769348E1	1.296658E2
3.484000E1	2.783888E1	1.295883E2
3.486000E1	2.827261E1	1.293967E2
3.488000E1	2.800917E1	1.292078E2
3.490000E1	2.786798E1	1.291880E2
3.492000E1	2.762831E1	1.291100E2
3.494000E1	2.738870E1	1.288989E2
3.496000E1	2.725044E1	1.289271E2
3.498000E1	2.679863E1	1.288392E2
3.500000E1	2.635344E1	1.288317E2
3.502000E1	2.626416E1	1.288992E2
3.504000E1	2.580914E1	1.289439E2
3.506000E1	2.576865E1	1.288829E2
3.508000E1	2.544312E1	1.287925E2
3.510000E1	2.527402E1	1.286990E2
3.512000E1	2.518087E1	1.285922E2
3.514000E1	2.496987E1	1.283578E2
3.516000E1	2.474337E1	1.281953E2
3.518000E1	2.442987E1	1.280590E2
3.520000E1	2.393404E1	1.279824E2
3.522000E1	2.304464E1	1.278291E2
3.524000E1	2.192407E1	1.275911E2
3.526000E1	2.088854E1	1.273190E2
3.528000E1	1.993937E1	1.273240E2
3.530000E1	1.933919E1	1.273515E2
3.532000E1	1.895021E1	1.274095E2
3.534000E1	1.901726E1	1.273632E2
3.536000E1	1.902096E1	1.272955E2
3.538000E1	1.909951E1	1.272869E2
3.540000E1	1.900919E1	1.273487E2
3.542000E1	1.889420E1	1.273784E2
3.544000E1	1.877986E1	1.273934E2
3.546000E1	1.852959E1	1.273703E2
3.548000E1	1.831899E1	1.273987E2
3.550000E1	1.808890E1	1.274085E2
3.552000E1	1.757368E1	1.274516E2
3.554000E1	1.701517E1	1.274989E2
3.556000E1	1.658110E1	1.275425E2
3.558000E1	1.608969E1	1.275190E2
3.560000E1	1.559606E1	1.274846E2
3.562000E1	1.517649E1	1.274024E2
3.564000E1	1.513792E1	1.274708E2
3.566000E1	1.513166E1	1.274641E2
3.568000E1	1.502528E1	1.274442E2
3.570000E1	1.468053E1	1.274338E2
3.572000E1	1.420336E1	1.274002E2
3.574000E1	1.376611E1	1.275068E2
3.576000E1	1.348462E1	1.277252E2
3.578000E1	1.354003E1	1.278021E2
3.580000E1	1.356263E1	1.278481E2
3.582000E1	1.334921E1	1.278197E2
3.584000E1	1.273535E1	1.277654E2
3.586000E1	1.168876E1	1.278308E2
3.588000E1	1.015278E1	1.284224E2
3.590000E1	8.401571E0	1.286405E2
3.592000E1	7.863960E0	1.287248E2
3.594000E1	8.325999E0	1.286125E2
3.596000E1	8.407079E0	1.284544E2
3.598000E1	7.961039E0	1.283752E2
3.600000E1	7.492771E0	1.281228E2
3.602000E1	7.479504E0	1.277332E2
3.604000E1	7.559824E0	1.275330E2
3.606000E1	7.531596E0	1.274640E2
3.608000E1	7.160128E0	1.273547E2
3.610000E1	6.557800E0	1.273117E2
3.612000E1	5.700677E0	1.273574E2
3.614000E1	5.327068E0	1.273684E2
3.616000E1	5.489925E0	1.271053E2
3.618000E1	5.584821E0	1.265643E2
3.620000E1	5.483081E0	1.264610E2
3.622000E1	5.401100E0	1.264802E2
3.624000E1	5.416344E0	1.263834E2
3.626000E1	5.304459E0	1.263997E2
3.628000E1	5.330729E0	1.264213E2
3.630000E1	5.151023E0	1.264269E2
3.632000E1	4.920298E0	1.264117E2
3.634000E1	4.722967E0	1.263775E2
3.636000E1	4.325575E0	1.263533E2
3.638000E1	3.835264E0	1.263415E2
3.640000E1	3.429472E0	1.262926E2
3.642000E1	3.112845E0	1.263744E2
3.644000E1	3.375308E0	1.262603E2
3.646000E1	3.372981E0	1.262177E2
3.648000E1	3.265545E0	1.262815E2
3.650000E1	3.213742E0	1.263267E2
3.652000E1	3.196378E0	1.263296E2
3.654000E1	2.837546E0	1.263737E2
3.656000E1	2.380167E0	1.263786E2
3.658000E1	2.111668E0	1.262563E2
3.660000E1	1.590819E0	1.261426E2
3.662000E1	6.544465E-1	1.257700E2
3.664000E1	2.847934E-3	1.257904E2
3.666000E1	-3.689541E-1	1.260313E2
3.668000E1	-4.705523E-1	1.260688E2
3.670000E1	-5.093596E-1	1.260275E2
3.672000E1	-8.831000E-1	1.259854E2
3.674000E1	-9.861485E-1	1.258823E2
3.676000E1	-1.065135E0	1.257768E2
3.678000E1	-1.380055E0	1.257975E2
3.680000E1	-1.919416E0	1.256313E2
3.682000E1	-2.665142E0	1.253608E2
3.684000E1	-2.712188E0	1.253421E2
3.686000E1	-2.764463E0	1.253810E2
3.688000E1	-2.822234E0	1.254034E2
3.690000E1	-2.937060E0	1.254102E2
3.692000E1	-3.399865E0	1.252448E2
3.694000E1	-4.805992E0	1.245611E2
3.696000E1	-5.830452E0	1.242167E2
3.698000E1	-6.724080E0	1.242063E2
3.700000E1	-7.805188E0	1.246483E2
3.702000E1	-9.083592E0	1.248580E2
3.704000E1	-9.583560E0	1.247339E2
3.706000E1	-9.618389E0	1.240130E2
3.708000E1	-9.648132E0	1.235898E2
3.710000E1	-9.607716E0	1.228058E2
3.712000E1	-9.238863E0	1.226641E2
3.714000E1	-9.192972E0	1.226503E2
3.716000E1	-9.480521E0	1.225888E2
3.718000E1	-9.308791E0	1.229041E2
3.720000E1	-9.493797E0	1.230602E2
3.722000E1	-1.019006E1	1.228504E2
3.724000E1	-1.102767E1	1.226976E2
3.726000E1	-1.127917E1	1.226559E2
3.728000E1	-1.103222E1	1.224924E2
3.730000E1	-1.070431E1	1.225074E2
3.732000E1	-1.069099E1	1.225235E2
3.734000E1	-1.076255E1	1.224404E2
3.736000E1	-1.074714E1	1.224019E2
3.738000E1	-1.105015E1	1.223193E2
3.740000E1	-1.128017E1	1.223130E2
3.742000E1	-1.142200E1	1.222076E2
3.744000E1	-1.197617E1	1.221462E2
3.746000E1	-1.263147E1	1.221462E2
3.748000E1	-1.325574E1	1.221041E2
3.750000E1	-1.393806E1	1.218916E2
3.752000E1	-1.475601E1	1.216607E2
3.754000E1	-1.504810E1	1.214881E2
3.756000E1	-1.502289E1	1.214926E2
3.758000E1	-1.499111E1	1.215028E2
3.760000E1	-1.502810E1	1.215131E2
3.762000E1	-1.523461E1	1.215316E2
3.764000E1	-1.556612E1	1.214952E2
3.766000E1	-1.590949E1	1.213706E2
3.768000E1	-1.639337E1	1.212330E2
3.770000E1	-1.698677E1	1.208109E2
3.772000E1	-1.756933E1	1.203297E2
3.774000E1	-1.798290E1	1.201669E2
3.776000E1	-1.799875E1	1.201428E2
3.778000E1	-1.798821E1	1.201575E2
3.780000E1	-1.800400E1	1.201181E2
3.782000E1	-1.847721E1	1.200911E2
3.784000E1	-1.928678E1	1.194831E2
3.786000E1	-1.993784E1	1.189420E2
3.788000E1	-2.031177E1	1.186501E2
3.790000E1	-2.030891E1	1.186818E2
3.792000E1	-2.056314E1	1.186630E2
3.794000E1	-2.075633E1	1.186236E2
3.796000E1	-2.104310E1	1.184326E2
3.798000E1	-2.162794E1	1.180519E2
3.800000E1	-2.218702E1	1.175353E2
3.802000E1	-2.295317E1	1.172042E2
3.804000E1	-2.327777E1	1.169812E2
3.806000E1	-2.376360E1	1.168555E2
3.808000E1	-2.436485E1	1.168669E2
3.810000E1	-2.571596E1	1.170530E2
3.812000E1	-2.711530E1	1.171111E2
3.814000E1	-2.753125E1	1.170246E2
3.816000E1	-2.745245E1	1.170628E2
3.818000E1	-2.741526E1	1.167350E2
3.820000E1	-2.737285E1	1.165928E2
3.822000E1	-2.722083E1	1.165091E2
3.824000E1	-2.711060E1	1.165512E2
3.826000E1	-2.722237E1	1.166608E2
3.828000E1	-2.723658E1	1.166992E2
3.830000E1	-2.754835E1	1.166593E2
3.832000E1	-2.787624E1	1.166693E2
3.834000E1	-2.812593E1	1.166636E2
3.836000E1	-2.851609E1	1.166194E2
3.838000E1	-2.857613E1	1.166161E2
3.840000E1	-2.853782E1	1.166400E2
3.842000E1	-2.861060E1	1.164492E2
3.844000E1	-2.860344E1	1.163148E2
3.846000E1	-2.865540E1	1.162614E2
3.848000E1	-2.870446E1	1.162457E2
3.850000E1	-2.869842E1	1.162295E2
3.852000E1	-2.866704E1	1.162344E2
3.854000E1	-2.911930E1	1.162492E2
3.856000E1	-2.979917E1	1.161025E2
3.858000E1	-3.067581E1	1.155579E2
3.860000E1	-3.163752E1	1.153474E2
3.862000E1	-3.246121E1	1.148219E2
3.864000E1	-3.292434E1	1.146852E2
3.866000E1	-3.255168E1	1.146016E2
3.868000E1	-3.253684E1	1.145820E2
3.870000E1	-3.253800E1	1.145706E2
3.872000E1	-3.298801E1	1.144505E2
3.874000E1	-3.339754E1	1.140155E2
3.876000E1	-3.392018E1	1.132505E2
3.878000E1	-3.492101E1	1.125722E2
3.880000E1	-3.547589E1	1.122631E2
3.882000E1	-3.565294E1	1.122541E2
3.884000E1	-3.574355E1	1.122807E2
3.886000E1	-3.605674E1	1.120483E2
3.888000E1	-3.636631E1	1.114640E2
3.890000E1	-3.675107E1	1.109143E2
3.892000E1	-3.705092E1	1.105861E2
3.894000E1	-3.733159E1	1.102678E2
3.896000E1	-3.745629E1	1.103093E2
3.898000E1	-3.777210E1	1.102327E2
3.900000E1	-3.783070E1	1.102630E2
3.902000E1	-3.825655E1	1.102617E2
3.904000E1	-3.854241E1	1.101381E2
3.906000E1	-3.861754E1	1.100037E2
3.908000E1	-3.878109E1	1.098238E2
3.910000E1	-3.880869E1	1.098249E2
3.912000E1	-3.897469E1	1.098178E2
3.914000E1	-3.943940E1	1.096894E2
3.916000E1	-4.038480E1	1.090612E2
3.918000E1	-4.191712E1	1.088625E2
3.920000E1	-4.339095E1	1.087835E2
3.922000E1	-4.433894E1	1.087859E2
3.924000E1	-4.415913E1	1.086496E2
3.926000E1	-4.376098E1	1.084691E2
3.928000E1	-4.381486E1	1.081807E2
3.930000E1	-4.373456E1	1.076296E2
3.932000E1	-4.364163E1	1.073757E2
3.934000E1	-4.364548E1	1.073598E2
3.936000E1	-4.367966E1	1.073834E2
3.938000E1	-4.373451E1	1.074181E2
3.940000E1	-4.387066E1	1.074534E2
3.942000E1	-4.432969E1	1.074613E2
3.944000E1	-4.495803E1	1.073901E2
3.946000E1	-4.532411E1	1.071702E2
3.948000E1	-4.527970E1	1.069805E2
3.950000E1	-4.530209E1	1.066885E2
3.952000E1	-4.546862E1	1.065162E2
3.954000E1	-4.559007E1	1.061021E2
3.956000E1	-4.608807E1	1.053582E2
3.958000E1	-4.611579E1	1.053964E2
3.960000E1	-4.614625E1	1.054300E2
3.962000E1	-4.622347E1	1.054520E2
3.964000E1	-4.664769E1	1.052855E2
3.966000E1	-4.725920E1	1.046015E2
3.968000E1	-4.823997E1	1.037204E2
3.970000E1	-4.911177E1	1.030355E2
3.972000E1	-4.968593E1	1.028958E2
3.974000E1	-4.999889E1	1.027039E2
3.976000E1	-4.988753E1	1.023657E2
3.978000E1	-4.972268E1	1.020124E2
3.980000E1	-4.978928E1	1.014435E2
3.982000E1	-5.011872E1	1.011059E2
3.984000E1	-5.054522E1	1.008275E2
3.986000E1	-5.055919E1	1.007611E2
3.988000E1	-5.063766E1	1.006237E2
3.990000E1	-5.117079E1	1.004148E2
3.992000E1	-5.211319E1	9.987395E1
3.994000E1	-5.245669E1	9.964228E1
3.996000E1	-5.246299E1	9.963900E1
3.998000E1	-5.249554E1	9.958459E1
4.000000E1	-5.289572E1	9.915368E1
4.002000E1	-5.313595E1	9.897562E1
4.004000E1	-5.314093E1	9.899143E1
4.006000E1	-5.310362E1	9.901580E1
4.008000E1	-5.313996E1	9.903414E1
4.010000E1	-5.325228E1	9.907372E1
4.012000E1	-5.362115E1	9.899346E1
4.014000E1	-5.414747E1	9.864299E1
4.016000E1	-5.442297E1	9.836424E1
4.018000E1	-5.473954E1	9.820579E1
4.020000E1	-5.491428E1	9.794472E1
4.022000E1	-5.534201E1	9.749827E1
4.024000E1	-5.591791E1	9.692202E1
4.026000E1	-5.671721E1	9.643895E1
4.028000E1	-5.809853E1	9.637412E1
4.030000E1	-5.938626E1	9.631442E1
4.032000E1	-6.018454E1	9.601005E1
4.034000E1	-6.002945E1	9.589557E1
4.036000E1	-5.962367E1	9.577493E1
4.038000E1	-5.971470E1	9.559686E1
4.040000E1	-6.017180E1	9.498314E1
4.042000E1	-6.013514E1	9.482319E1
4.044000E1	-6.014357E1	9.471216E1
4.046000E1	-6.017628E1	9.472037E1
4.048000E1	-5.987348E1	9.476899E1
4.050000E1	-6.001866E1	9.431130E1
4.052000E1	-6.056994E1	9.421932E1
4.054000E1	-6.142889E1	9.358823E1
4.056000E1	-6.151266E1	9.335746E1
4.058000E1	-6.097499E1	9.329307E1
4.060000E1	-6.070892E1	9.294151E1
4.062000E1	-6.077951E1	9.288749E1
4.064000E1	-6.076910E1	9.276893E1
4.066000E1	-6.088851E1	9.250327E1
4.068000E1	-6.089218E1	9.187505E1
4.070000E1	-6.128979E1	9.123660E1
4.072000E1	-6.194856E1	9.043069E1
4.074000E1	-6.266810E1	8.944762E1
4.076000E1	-6.313773E1	8.885354E1
4.078000E1	-6.350940E1	8.874334E1
4.080000E1	-6.365807E1	8.878980E1
4.082000E1	-6.420621E1	8.866046E1
4.084000E1	-6.460125E1	8.846322E1
4.086000E1	-6.446842E1	8.841586E1
4.088000E1	-6.415822E1	8.822659E1
4.090000E1	-6.424025E1	8.794201E1
4.092000E1	-6.432690E1	8.786718E1
4.094000E1	-6.443473E1	8.788374E1
4.096000E1	-6.447618E1	8.790298E1
4.098000E1	-6.468464E1	8.780038E1
4.100000E1	-6.519529E1	8.757083E1
4.102000E1	-6.569235E1	8.719567E1
4.104000E1	-6.617653E1	8.649848E1
4.106000E1	-6.631898E1	8.640865E1
4.108000E1	-6.655518E1	8.612668E1
4.110000E1	-6.668372E1	8.605359E1
4.112000E1	-6.682420E1	8.595655E1
4.114000E1	-6.698977E1	8.567722E1
4.116000E1	-6.712530E1	8.564284E1
4.118000E1	-6.755969E1	8.505941E1
4.120000E1	-6.795495E1	8.510097E1
4.122000E1	-6.799571E1	8.517241E1
4.124000E1	-6.802049E1	8.504447E1
4.126000E1	-6.817908E1	8.507813E1
4.128000E1	-6.852454E1	8.501009E1
4.130000E1	-6.857659E1	8.469994E1
4.132000E1	-6.868719E1	8.419507E1
4.134000E1	-6.913425E1	8.352566E1
4.136000E1	-7.002769E1	8.276560E1
4.138000E1	-7.102543E1	8.258550E1
4.140000E1	-7.184924E1	8.211190E1
4.142000E1	-7.240522E1	8.149496E1
4.144000E1	-7.289131E1	8.132271E1
4.146000E1	-7.289777E1	8.117709E1
4.148000E1	-7.278977E1	8.053471E1
4.150000E1	-7.245896E1	8.023185E1
4.152000E1	-7.199049E1	8.020138E1
4.154000E1	-7.197419E1	8.018888E1
4.156000E1	-7.201697E1	8.023778E1
4.158000E1	-7.213555E1	7.984806E1
4.160000E1	-7.256305E1	7.896424E1
4.162000E1	-7.298242E1	7.836518E1
4.164000E1	-7.337161E1	7.789326E1
4.166000E1	-7.333958E1	7.782606E1
4.168000E1	-7.299813E1	7.795383E1
4.170000E1	-7.302434E1	7.797505E1
4.172000E1	-7.314175E1	7.794260E1
4.174000E1	-7.304750E1	7.791843E1
4.176000E1	-7.300462E1	7.784658E1
4.178000E1	-7.300778E1	7.779102E1
4.180000E1	-7.317406E1	7.762682E1
4.182000E1	-7.344713E1	7.733576E1
4.184000E1	-7.351606E1	7.716586E1
4.186000E1	-7.385097E1	7.688685E1
4.188000E1	-7.427445E1	7.635655E1
4.190000E1	-7.478797E1	7.616514E1
4.192000E1	-7.523793E1	7.591009E1
4.194000E1	-7.528622E1	7.583717E1
4.196000E1	-7.530768E1	7.580867E1
4.198000E1	-7.526971E1	7.571533E1
4.200000E1	-7.538562E1	7.552814E1
4.202000E1	-7.545464E1	7.520670E1
4.204000E1	-7.572426E1	7.474649E1
4.206000E1	-7.596844E1	7.436124E1
4.208000E1	-7.627321E1	7.367617E1
4.210000E1	-7.673904E1	7.314707E1
4.212000E1	-7.724996E1	7.269357E1
4.214000E1	-7.758796E1	7.260968E1
4.216000E1	-7.774868E1	7.256500E1
4.218000E1	-7.777766E1	7.249767E1
4.220000E1	-7.781768E1	7.246938E1
4.222000E1	-7.791930E1	7.225525E1
4.224000E1	-7.799892E1	7.177542E1
4.226000E1	-7.809898E1	7.146717E1
4.228000E1	-7.819066E1	7.110148E1
4.230000E1	-7.827511E1	7.106703E1
4.232000E1	-7.826775E1	7.102433E1
4.234000E1	-7.838270E1	7.080884E1
4.236000E1	-7.853972E1	7.086169E1
4.238000E1	-7.867904E1	7.036652E1
4.240000E1	-7.893706E1	6.969774E1
4.242000E1	-7.938663E1	6.826342E1
4.244000E1	-7.979288E1	6.743542E1
4.246000E1	-8.020734E1	6.700500E1
4.248000E1	-8.074845E1	6.682641E1
4.250000E1	-8.181731E1	6.608864E1
4.252000E1	-8.280172E1	6.513441E1
4.254000E1	-8.276071E1	6.447653E1
4.256000E1	-8.234351E1	6.446239E1
4.258000E1	-8.192536E1	6.446950E1
4.260000E1	-8.165144E1	6.450536E1
4.262000E1	-8.136089E1	6.464453E1
4.264000E1	-8.159471E1	6.453484E1
4.266000E1	-8.179788E1	6.454450E1
4.268000E1	-8.177502E1	6.455499E1
4.270000E1	-8.184671E1	6.432999E1
4.272000E1	-8.214495E1	6.377360E1
4.274000E1	-8.261924E1	6.319307E1
4.276000E1	-8.268598E1	6.309926E1
4.278000E1	-8.257821E1	6.322718E1
4.280000E1	-8.217444E1	6.341389E1
4.282000E1	-8.223985E1	6.353045E1
4.284000E1	-8.256792E1	6.354031E1
4.286000E1	-8.262237E1	6.335905E1
4.288000E1	-8.261463E1	6.270254E1
4.290000E1	-8.266516E1	6.269268E1
4.292000E1	-8.292706E1	6.261264E1
4.294000E1	-8.306996E1	6.233503E1
4.296000E1	-8.328100E1	6.181698E1
4.298000E1	-8.367906E1	6.108974E1
4.300000E1	-8.415978E1	6.034923E1
4.302000E1	-8.465682E1	5.961132E1
4.304000E1	-8.550649E1	5.920727E1
4.306000E1	-8.555413E1	5.919681E1
4.308000E1	-8.556888E1	5.922620E1
4.310000E1	-8.553903E1	5.913680E1
4.312000E1	-8.556262E1	5.905069E1
4.314000E1	-8.560217E1	5.889322E1
4.316000E1	-8.598482E1	5.819520E1
4.318000E1	-8.611865E1	5.761487E1
4.320000E1	-8.619766E1	5.686742E1
4.322000E1	-8.650516E1	5.677545E1
4.324000E1	-8.650337E1	5.662028E1
4.326000E1	-8.658354E1	5.646034E1
4.328000E1	-8.697245E1	5.619907E1
4.330000E1	-8.690186E1	5.573957E1
4.332000E1	-8.690434E1	5.499074E1
4.334000E1	-8.704051E1	5.404701E1
4.336000E1	-8.718173E1	5.352987E1
4.338000E1	-8.716468E1	5.350838E1
4.340000E1	-8.716445E1	5.340373E1
4.342000E1	-8.719656E1	5.298440E1
4.344000E1	-8.720397E1	5.229319E1
4.346000E1	-8.753565E1	5.159874E1
4.348000E1	-8.755776E1	5.090010E1
4.350000E1	-8.757282E1	5.085736E1
4.352000E1	-8.758909E1	5.073030E1
4.354000E1	-8.769448E1	5.033217E1
4.356000E1	-8.807261E1	5.001525E1
4.358000E1	-8.866979E1	4.916936E1
4.360000E1	-8.948913E1	4.808672E1
4.362000E1	-9.045524E1	4.723279E1
4.364000E1	-9.066017E1	4.697049E1
4.366000E1	-9.048487E1	4.694184E1
4.368000E1	-9.051292E1	4.682538E1
4.370000E1	-9.048492E1	4.674785E1
4.372000E1	-9.036419E1	4.672516E1
4.374000E1	-9.030705E1	4.666423E1
4.376000E1	-9.037625E1	4.659709E1
4.378000E1	-9.045777E1	4.653068E1
4.380000E1	-9.043295E1	4.657426E1
4.382000E1	-9.045953E1	4.655599E1
4.384000E1	-9.090683E1	4.609360E1
4.386000E1	-9.133774E1	4.558130E1
4.388000E1	-9.134964E1	4.538154E1
4.390000E1	-9.100819E1	4.544712E1
4.392000E1	-9.100500E1	4.551875E1
4.394000E1	-9.111067E1	4.566423E1
4.396000E1	-9.110799E1	4.566167E1
4.398000E1	-9.104852E1	4.564681E1
4.400000E1	-9.099311E1	4.563397E1
4.402000E1	-9.120035E1	4.536395E1
4.404000E1	-9.144010E1	4.463149E1
4.406000E1	-9.178662E1	4.379264E1
4.408000E1	-9.205399E1	4.284903E1
4.410000E1	-9.243708E1	4.178966E1
4.412000E1	-9.275840E1	4.124390E1
4.414000E1	-9.282649E1	4.126267E1
4.416000E1	-9.283123E1	4.123924E1
4.418000E1	-9.258090E1	4.113113E1
4.420000E1	-9.264802E1	4.088285E1
4.422000E1	-9.252221E1	4.019641E1
4.424000E1	-9.240668E1	3.947635E1
4.426000E1	-9.243761E1	3.871533E1
4.428000E1	-9.263758E1	3.823151E1
4.430000E1	-9.272496E1	3.788322E1
4.432000E1	-9.279525E1	3.721022E1
4.434000E1	-9.281779E1	3.640119E1
4.436000E1	-9.282870E1	3.567760E1
4.438000E1	-9.283348E1	3.528237E1
4.440000E1	-9.283201E1	3.521740E1
4.442000E1	-9.282447E1	3.520431E1
4.444000E1	-9.286671E1	3.504526E1
4.446000E1	-9.314122E1	3.480465E1
4.448000E1	-9.326906E1	3.470989E1
4.450000E1	-9.335249E1	3.441252E1
4.452000E1	-9.340018E1	3.419372E1
4.454000E1	-9.346659E1	3.372898E1
4.456000E1	-9.366851E1	3.349033E1
4.458000E1	-9.363072E1	3.342659E1
4.460000E1	-9.370939E1	3.332576E1
