	mass A		
t	x	y	
0.000000E0	2.560992E-2	-2.560992E-2
2.000000E-2	5.363251E-1	-6.313029E-1
4.000000E-2	1.101452E0	-6.705638E-1
6.000000E-2	1.677503E0	-7.552905E-1
8.000000E-2	1.768655E0	-9.647790E-1
1.000000E-1	1.668518E0	-1.034922E0
1.200000E-1	1.672100E0	-1.055694E0
1.400000E-1	2.306020E0	-7.218323E-1
1.600000E-1	3.134863E0	-4.804691E-1
1.800000E-1	3.645056E0	-3.360753E-1
2.000000E-1	3.811024E0	-5.670000E-1
2.200000E-1	3.914184E0	-8.600841E-1
2.400000E-1	4.143756E0	-1.359075E0
2.600000E-1	4.606989E0	-1.610740E0
2.800000E-1	4.775155E0	-1.495794E0
3.000000E-1	4.977429E0	-1.192553E0
3.200000E-1	5.072014E0	-1.230192E0
3.400000E-1	5.033901E0	-1.386038E0
3.600000E-1	4.898435E0	-1.424046E0
3.800000E-1	4.940955E0	-1.387941E0
4.000000E-1	5.152134E0	-1.230277E0
4.200000E-1	5.054700E0	-1.356836E0
4.400000E-1	5.018787E0	-1.473744E0
4.600000E-1	5.227539E0	-1.687695E0
4.800000E-1	5.647206E0	-1.735782E0
5.000000E-1	5.657476E0	-1.614567E0
5.200000E-1	5.786420E0	-1.270119E0
5.400000E-1	6.016193E0	-8.624259E-1
5.600000E-1	6.089547E0	-7.370425E-1
5.800000E-1	6.103634E0	-7.426562E-1
6.000000E-1	6.109424E0	-8.293678E-1
6.200000E-1	6.125008E0	-8.660947E-1
6.400000E-1	6.144842E0	-9.196888E-1
6.600000E-1	6.172586E0	-1.049172E0
6.800000E-1	6.182545E0	-1.094013E0
7.000000E-1	6.325346E0	-9.485348E-1
7.200000E-1	6.264095E0	-8.424968E-1
7.400000E-1	6.240632E0	-8.970085E-1
7.600000E-1	6.683126E0	-9.443067E-1
7.800000E-1	7.146479E0	-9.965819E-1
8.000000E-1	7.333106E0	-9.185233E-1
8.200000E-1	7.276296E0	-8.212522E-1
8.400000E-1	7.286889E0	-8.194445E-1
8.600000E-1	7.397498E0	-7.701517E-1
8.800000E-1	7.486257E0	-5.062094E-1
9.000000E-1	7.850139E0	-2.412559E-1
9.200000E-1	8.310686E0	-2.623212E-1
9.400000E-1	8.789479E0	-3.412387E-1
9.600000E-1	9.206225E0	-4.329128E-1
9.800000E-1	9.275935E0	-4.970730E-1
1.000000E0	9.252374E0	-6.385336E-1
1.020000E0	9.224251E0	-6.054298E-1
1.040000E0	9.279480E0	-4.302661E-1
1.060000E0	9.401571E0	-2.609615E-1
1.080000E0	9.486003E0	-3.045359E-1
1.100000E0	9.856504E0	-3.212550E-1
1.120000E0	1.003785E1	-4.680924E-1
1.140000E0	1.049810E1	-4.396760E-1
1.160000E0	1.087777E1	-3.003548E-1
1.180000E0	1.133747E1	-2.609907E-1
1.200000E0	1.173445E1	-1.521128E-1
1.220000E0	1.191470E1	-1.073469E-1
1.240000E0	1.237947E1	1.313452E-2
1.260000E0	1.250423E1	-4.882486E-3
1.280000E0	1.258461E1	6.416839E-3
1.300000E0	1.273692E1	-5.531064E-2
1.320000E0	1.288580E1	-3.927852E-1
1.340000E0	1.314269E1	-8.122096E-1
1.360000E0	1.295723E1	-1.497002E0
1.380000E0	1.266227E1	-1.799258E0
1.400000E0	1.267731E1	-1.943771E0
1.420000E0	1.305968E1	-1.804508E0
1.440000E0	1.347490E1	-1.533500E0
1.460000E0	1.401992E1	-1.445171E0
1.480000E0	1.480021E1	-1.099489E0
1.500000E0	1.505388E1	-5.969882E-1
1.520000E0	1.499346E1	-4.048259E-1
1.540000E0	1.514132E1	-4.466238E-1
1.560000E0	1.542910E1	-6.825971E-1
1.580000E0	1.557291E1	-8.788318E-1
1.600000E0	1.562167E1	-1.025979E0
1.620000E0	1.558081E1	-9.952706E-1
1.640000E0	1.569192E1	-9.647063E-1
1.660000E0	1.599790E1	-1.189755E0
1.680000E0	1.601981E1	-1.397623E0
1.700000E0	1.599460E1	-1.652263E0
1.720000E0	1.641198E1	-2.099644E0
1.740000E0	1.685869E1	-2.288585E0
1.760000E0	1.712223E1	-2.667085E0
1.780000E0	1.723104E1	-2.558496E0
1.800000E0	1.739272E1	-2.005227E0
1.820000E0	1.751992E1	-1.339720E0
1.840000E0	1.793610E1	-1.057077E0
1.860000E0	1.842867E1	-1.346085E0
1.880000E0	1.866748E1	-1.768504E0
1.900000E0	1.858520E1	-1.673079E0
1.920000E0	1.866142E1	-1.409406E0
1.940000E0	1.888602E1	-1.372762E0
1.960000E0	1.894099E1	-1.453189E0
1.980000E0	1.902622E1	-1.628606E0
2.000000E0	1.921612E1	-1.429085E0
2.020000E0	1.945247E1	-1.020099E0
2.040000E0	1.948595E1	-8.066874E-1
2.060000E0	1.951640E1	-9.585159E-1
2.080000E0	1.991849E1	-1.087881E0
2.100000E0	2.037837E1	-1.085707E0
2.120000E0	2.083853E1	-8.650076E-1
2.140000E0	2.149249E1	-7.355585E-1
2.160000E0	2.207634E1	-6.409546E-1
2.180000E0	2.248960E1	-6.600117E-1
2.200000E0	2.251591E1	-5.607007E-1
2.220000E0	2.229277E1	-3.224378E-1
2.240000E0	2.223986E1	-4.072914E-1
2.260000E0	2.224152E1	-5.729123E-1
2.280000E0	2.202210E1	-1.021939E0
2.300000E0	2.186092E1	-1.588622E0
2.320000E0	2.183629E1	-2.077643E0
2.340000E0	2.211134E1	-2.089568E0
2.360000E0	2.278126E1	-1.482685E0
2.380000E0	2.342687E1	-7.347611E-1
2.400000E0	2.345425E1	-3.235497E-1
2.420000E0	2.340784E1	-5.611819E-1
2.440000E0	2.347362E1	-8.328510E-1
2.460000E0	2.354861E1	-8.223662E-1
2.480000E0	2.375986E1	-6.009989E-1
2.500000E0	2.389928E1	-6.209384E-1
2.520000E0	2.415262E1	-9.139691E-1
2.540000E0	2.459545E1	-1.106408E0
2.560000E0	2.520882E1	-1.567167E0
2.580000E0	2.562284E1	-1.951869E0
2.600000E0	2.566364E1	-2.328946E0
2.620000E0	2.571163E1	-2.273282E0
2.640000E0	2.628726E1	-2.265316E0
2.660000E0	2.728678E1	-2.110585E0
2.680000E0	2.803257E1	-1.960974E0
2.700000E0	2.816990E1	-1.612977E0
2.720000E0	2.804818E1	-1.140102E0
2.740000E0	2.808547E1	-9.297586E-1
2.760000E0	2.849956E1	-1.355616E0
2.780000E0	2.888153E1	-2.014624E0
2.800000E0	2.887552E1	-1.808342E0
2.820000E0	2.897109E1	-1.479837E0
2.840000E0	2.912405E1	-1.516082E0
2.860000E0	2.926091E1	-1.655417E0
2.880000E0	2.923647E1	-1.631723E0
2.900000E0	2.927065E1	-1.464307E0
2.920000E0	2.970946E1	-1.339329E0
2.940000E0	3.021408E1	-1.321039E0
2.960000E0	3.036576E1	-1.534374E0
2.980000E0	3.036872E1	-1.747852E0
3.000000E0	3.050008E1	-1.991186E0
3.020000E0	3.049008E1	-1.964346E0
3.040000E0	3.090580E1	-2.022349E0
3.060000E0	3.125061E1	-1.952313E0
3.080000E0	3.145119E1	-2.189370E0
3.100000E0	3.167936E1	-2.087972E0
3.120000E0	3.175036E1	-2.016444E0
3.140000E0	3.174116E1	-2.080706E0
3.160000E0	3.176563E1	-2.040187E0
3.180000E0	3.197609E1	-2.063540E0
3.200000E0	3.177402E1	-1.793632E0
3.220000E0	3.139249E1	-2.247139E0
3.240000E0	3.124104E1	-2.547629E0
3.260000E0	3.154870E1	-2.400596E0
3.280000E0	3.195704E1	-1.870085E0
3.300000E0	3.229941E1	-1.634435E0
3.320000E0	3.255220E1	-1.456580E0
3.340000E0	3.272600E1	-9.200213E-1
3.360000E0	3.269269E1	-9.505310E-1
3.380000E0	3.269215E1	-9.774909E-1
3.400000E0	3.280409E1	-1.199834E0
3.420000E0	3.290116E1	-8.189705E-1
3.440000E0	3.297316E1	-8.869810E-1
3.460000E0	3.337071E1	-9.364520E-1
3.480000E0	3.386899E1	-1.126633E0
3.500000E0	3.424102E1	-1.211641E0
3.520000E0	3.425816E1	-1.712052E0
3.540000E0	3.434267E1	-1.757658E0
3.560000E0	3.471236E1	-1.675771E0
3.580000E0	3.502096E1	-2.054340E0
3.600000E0	3.529794E1	-1.929439E0
3.620000E0	3.556927E1	-1.717402E0
3.640000E0	3.578911E1	-1.440861E0
3.660000E0	3.594345E1	-1.475086E0
3.680000E0	3.632498E1	-1.303376E0
3.700000E0	3.652587E1	-1.198936E0
3.720000E0	3.693454E1	-1.218554E0
3.740000E0	3.739323E1	-1.251562E0
3.760000E0	3.750273E1	-1.318083E0
3.780000E0	3.740775E1	-1.317663E0
3.800000E0	3.731806E1	-1.374954E0
3.820000E0	3.741446E1	-1.292048E0
3.840000E0	3.778899E1	-1.318859E0
3.860000E0	3.826195E1	-1.625263E0
3.880000E0	3.877779E1	-1.718921E0
3.900000E0	3.894108E1	-1.916023E0
3.920000E0	3.908851E1	-2.007580E0
3.940000E0	3.939827E1	-2.145831E0
3.960000E0	4.022811E1	-2.260448E0
3.980000E0	4.117645E1	-2.200420E0
4.000000E0	4.202759E1	-1.948684E0
4.020000E0	4.211477E1	-1.947763E0
4.040000E0	4.178643E1	-1.944749E0
4.060000E0	4.198988E1	-2.192873E0
4.080000E0	4.241997E1	-2.197935E0
4.100000E0	4.243254E1	-2.162109E0
4.120000E0	4.195488E1	-2.165603E0
4.140000E0	4.186977E1	-2.596134E0
4.160000E0	4.201107E1	-2.663355E0
4.180000E0	4.212472E1	-2.249669E0
4.200000E0	4.220474E1	-2.027246E0
4.220000E0	4.249103E1	-1.924302E0
4.240000E0	4.289436E1	-1.761879E0
4.260000E0	4.318409E1	-1.329236E0
4.280000E0	4.315741E1	-1.459360E0
4.300000E0	4.309602E1	-2.117398E0
4.320000E0	4.311247E1	-2.037677E0
4.340000E0	4.312104E1	-1.739112E0
4.360000E0	4.310821E1	-1.834810E0
4.380000E0	4.316401E1	-2.028686E0
4.400000E0	4.323113E1	-1.889100E0
4.420000E0	4.308278E1	-2.098922E0
4.440000E0	4.317758E1	-2.340257E0
4.460000E0	4.342819E1	-2.735824E0
4.480000E0	4.364615E1	-2.971850E0
4.500000E0	4.381881E1	-3.250131E0
4.520000E0	4.396007E1	-3.201163E0
4.540000E0	4.426178E1	-2.540499E0
4.560000E0	4.456965E1	-1.667425E0
4.580000E0	4.480597E1	-1.272809E0
4.600000E0	4.481825E1	-1.251873E0
4.620000E0	4.516368E1	-1.560870E0
4.640000E0	4.562876E1	-1.787813E0
4.660000E0	4.606380E1	-1.623799E0
4.680000E0	4.627312E1	-1.401071E0
4.700000E0	4.630230E1	-1.481628E0
4.720000E0	4.626333E1	-1.513598E0
4.740000E0	4.617769E1	-1.361129E0
4.760000E0	4.613391E1	-1.386894E0
4.780000E0	4.639763E1	-1.597641E0
4.800000E0	4.696619E1	-1.661465E0
4.820000E0	4.741473E1	-1.660246E0
4.840000E0	4.791444E1	-1.449786E0
4.860000E0	4.829460E1	-1.320270E0
4.880000E0	4.875994E1	-1.369067E0
4.900000E0	4.920871E1	-1.338759E0
4.920000E0	4.971442E1	-1.343018E0
4.940000E0	4.978485E1	-1.363511E0
4.960000E0	4.973936E1	-1.329860E0
4.980000E0	4.973675E1	-1.362541E0
5.000000E0	4.993710E1	-1.608795E0
5.020000E0	5.022247E1	-2.122036E0
5.040000E0	5.008792E1	-2.591650E0
5.060000E0	4.989892E1	-2.980723E0
5.080000E0	4.999962E1	-2.925678E0
5.100000E0	5.050584E1	-2.727955E0
5.120000E0	5.106318E1	-2.461496E0
5.140000E0	5.189687E1	-2.180341E0
5.160000E0	5.214900E1	-1.589554E0
5.180000E0	5.209995E1	-1.396970E0
5.200000E0	5.217627E1	-1.423422E0
5.220000E0	5.243592E1	-1.802272E0
5.240000E0	5.272952E1	-2.126997E0
5.260000E0	5.283198E1	-2.166864E0
5.280000E0	5.292031E1	-2.018125E0
5.300000E0	5.293484E1	-2.003252E0
5.320000E0	5.298657E1	-2.144117E0
5.340000E0	5.289764E1	-2.199581E0
5.360000E0	5.294388E1	-2.272995E0
5.380000E0	5.332939E1	-2.592355E0
5.400000E0	5.385625E1	-3.027334E0
5.420000E0	5.421211E1	-3.498010E0
5.440000E0	5.434462E1	-3.644425E0
5.460000E0	5.449834E1	-3.466555E0
5.480000E0	5.440934E1	-2.912492E0
5.500000E0	5.476876E1	-2.206380E0
5.520000E0	5.502756E1	-1.996706E0
5.540000E0	5.516227E1	-2.442972E0
5.560000E0	5.536254E1	-2.652360E0
5.580000E0	5.541093E1	-2.634045E0
5.600000E0	5.575902E1	-2.391866E0
5.620000E0	5.619833E1	-2.430760E0
5.640000E0	5.616960E1	-2.549525E0
5.660000E0	5.621475E1	-2.520523E0
5.680000E0	5.640354E1	-2.306919E0
5.700000E0	5.647999E1	-2.122729E0
5.720000E0	5.648641E1	-2.112086E0
5.740000E0	5.646588E1	-2.125820E0
5.760000E0	5.653470E1	-2.065301E0
5.780000E0	5.694619E1	-1.982316E0
5.800000E0	5.748643E1	-2.060654E0
5.820000E0	5.789294E1	-1.962311E0
5.840000E0	5.837695E1	-1.759691E0
5.860000E0	5.880242E1	-1.503416E0
5.880000E0	5.908162E1	-1.465512E0
5.900000E0	5.910209E1	-1.443825E0
5.920000E0	5.907777E1	-1.462017E0
5.940000E0	5.906503E1	-1.450393E0
5.960000E0	5.904955E1	-1.454766E0
5.980000E0	5.897534E1	-1.598786E0
6.000000E0	5.870328E1	-1.986893E0
6.020000E0	5.884303E1	-2.563819E0
6.040000E0	5.928954E1	-2.813177E0
6.060000E0	5.983373E1	-2.710310E0
6.080000E0	6.037022E1	-2.079402E0
6.100000E0	6.034189E1	-1.580018E0
6.120000E0	6.037829E1	-1.604543E0
6.140000E0	6.043244E1	-1.823068E0
6.160000E0	6.048361E1	-1.801501E0
6.180000E0	6.066163E1	-1.500284E0
6.200000E0	6.094991E1	-1.383833E0
6.220000E0	6.111638E1	-1.455905E0
6.240000E0	6.129294E1	-1.568139E0
6.260000E0	6.135834E1	-1.579508E0
6.280000E0	6.150744E1	-2.233798E0
6.300000E0	6.200817E1	-3.087537E0
6.320000E0	6.286874E1	-3.447423E0
6.340000E0	6.341776E1	-3.382898E0
6.360000E0	6.347925E1	-3.408812E0
6.380000E0	6.348584E1	-3.439684E0
6.400000E0	6.393456E1	-3.433794E0
6.420000E0	6.471107E1	-3.151607E0
6.440000E0	6.523147E1	-2.114287E0
6.460000E0	6.523935E1	-1.692254E0
6.480000E0	6.545662E1	-1.925899E0
6.500000E0	6.591645E1	-2.679847E0
6.520000E0	6.599580E1	-2.985199E0
6.540000E0	6.598126E1	-2.795614E0
6.560000E0	6.605937E1	-2.556669E0
6.580000E0	6.606502E1	-2.542161E0
6.600000E0	6.622854E1	-2.505971E0
6.620000E0	6.654332E1	-2.198695E0
6.640000E0	6.669909E1	-1.920175E0
6.660000E0	6.668983E1	-2.094822E0
6.680000E0	6.687054E1	-2.503761E0
6.700000E0	6.728795E1	-2.795584E0
6.720000E0	6.770670E1	-2.820057E0
6.740000E0	6.775447E1	-2.888873E0
6.760000E0	6.783464E1	-2.955415E0
6.780000E0	6.806909E1	-2.790985E0
6.800000E0	6.806927E1	-2.710222E0
6.820000E0	6.800922E1	-2.753633E0
6.840000E0	6.804869E1	-2.700237E0
6.860000E0	6.811762E1	-2.595287E0
6.880000E0	6.784039E1	-2.720741E0
6.900000E0	6.769916E1	-3.030249E0
6.920000E0	6.771126E1	-3.133354E0
6.940000E0	6.788817E1	-2.799282E0
6.960000E0	6.789306E1	-2.642341E0
6.980000E0	6.805653E1	-2.528097E0
7.000000E0	6.824016E1	-2.091057E0
7.020000E0	6.828336E1	-2.002184E0
7.040000E0	6.821642E1	-2.065501E0
7.060000E0	6.819997E1	-2.077680E0
7.080000E0	6.830616E1	-1.939744E0
7.100000E0	6.855115E1	-1.703984E0
7.120000E0	6.893593E1	-1.643418E0
7.140000E0	6.935169E1	-1.737449E0
7.160000E0	6.968355E1	-1.597266E0
7.180000E0	6.966748E1	-1.844544E0
7.200000E0	6.982213E1	-2.598972E0
7.220000E0	7.009762E1	-2.610150E0
7.240000E0	7.056085E1	-2.598370E0
7.260000E0	7.073676E1	-2.700771E0
7.280000E0	7.082528E1	-2.668916E0
7.300000E0	7.121773E1	-2.512854E0
7.320000E0	7.133406E1	-2.360040E0
7.340000E0	7.140347E1	-2.097308E0
7.360000E0	7.151954E1	-1.790339E0
7.380000E0	7.177240E1	-1.989222E0
7.400000E0	7.213955E1	-2.319564E0
7.420000E0	7.256243E1	-2.410856E0
7.440000E0	7.266554E1	-2.158686E0
7.460000E0	7.266378E1	-2.153892E0
7.480000E0	7.268166E1	-2.585450E0
7.500000E0	7.288214E1	-2.640736E0
7.520000E0	7.313371E1	-2.462520E0
7.540000E0	7.370872E1	-2.620317E0
7.560000E0	7.368886E1	-2.688514E0
7.580000E0	7.380916E1	-2.730450E0
7.600000E0	7.424680E1	-2.619644E0
7.620000E0	7.527337E1	-2.640395E0
7.640000E0	7.627168E1	-2.704263E0
7.660000E0	7.680891E1	-2.723469E0
7.680000E0	7.704153E1	-2.505305E0
7.700000E0	7.688425E1	-2.493306E0
7.720000E0	7.698913E1	-2.670554E0
7.740000E0	7.718818E1	-2.893140E0
7.760000E0	7.717591E1	-2.868712E0
7.780000E0	7.729566E1	-2.821264E0
7.800000E0	7.705792E1	-2.935222E0
7.820000E0	7.680198E1	-3.191903E0
7.840000E0	7.681829E1	-3.144983E0
7.860000E0	7.698188E1	-2.925407E0
7.880000E0	7.710782E1	-2.839572E0
7.900000E0	7.733627E1	-2.665483E0
7.920000E0	7.764476E1	-2.414853E0
7.940000E0	7.763402E1	-2.303371E0
7.960000E0	7.772278E1	-2.388309E0
7.980000E0	7.788427E1	-2.665916E0
8.000000E0	7.789219E1	-2.737328E0
8.020000E0	7.788466E1	-2.688820E0
8.040000E0	7.789428E1	-2.720575E0
8.060000E0	7.790324E1	-2.705100E0
8.080000E0	7.790206E1	-2.675193E0
8.100000E0	7.786609E1	-2.735672E0
8.120000E0	7.811533E1	-2.970228E0
8.140000E0	7.821545E1	-3.087753E0
8.160000E0	7.839030E1	-3.264589E0
8.180000E0	7.844633E1	-3.512624E0
8.200000E0	7.850732E1	-3.846903E0
8.220000E0	7.880784E1	-3.726804E0
8.240000E0	7.890470E1	-3.274619E0
8.260000E0	7.890441E1	-2.677112E0
8.280000E0	7.905660E1	-2.518401E0
8.300000E0	7.951491E1	-2.531818E0
8.320000E0	7.975993E1	-2.626846E0
8.340000E0	8.008808E1	-2.632232E0
8.360000E0	8.035331E1	-2.519068E0
8.380000E0	8.067345E1	-2.322887E0
8.400000E0	8.085211E1	-2.111514E0
8.420000E0	8.072691E1	-1.950045E0
8.440000E0	8.059044E1	-1.877491E0
8.460000E0	8.058119E1	-1.951726E0
8.480000E0	8.063213E1	-1.953243E0
8.500000E0	8.085368E1	-2.073710E0
8.520000E0	8.136953E1	-2.274640E0
8.540000E0	8.191666E1	-2.372292E0
8.560000E0	8.245261E1	-2.261369E0
8.580000E0	8.296938E1	-2.084147E0
8.600000E0	8.352732E1	-2.054658E0
8.620000E0	8.391987E1	-1.975221E0
8.640000E0	8.399215E1	-1.844089E0
8.660000E0	8.392749E1	-1.799969E0
8.680000E0	8.392848E1	-1.771789E0
8.700000E0	8.393677E1	-1.735823E0
8.720000E0	8.386111E1	-1.935759E0
8.740000E0	8.381599E1	-2.384860E0
8.760000E0	8.418461E1	-3.153880E0
8.780000E0	8.461109E1	-3.090076E0
8.800000E0	8.516810E1	-2.813041E0
8.820000E0	8.536329E1	-2.597127E0
8.840000E0	8.529890E1	-2.457827E0
8.860000E0	8.539290E1	-2.529936E0
8.880000E0	8.564931E1	-2.431211E0
8.900000E0	8.565438E1	-2.306542E0
8.920000E0	8.597833E1	-2.002184E0
8.940000E0	8.673128E1	-1.562213E0
8.960000E0	8.715914E1	-1.527700E0
8.980000E0	8.740677E1	-2.029346E0
9.000000E0	8.737388E1	-2.638320E0
9.020000E0	8.737295E1	-2.635335E0
9.040000E0	8.763081E1	-2.711945E0
9.060000E0	8.791944E1	-3.054220E0
9.080000E0	8.825260E1	-3.517391E0
9.100000E0	8.837945E1	-3.940102E0
9.120000E0	8.832253E1	-3.873253E0
9.140000E0	8.827191E1	-3.545225E0
9.160000E0	8.845643E1	-3.008477E0
9.180000E0	8.921325E1	-2.301142E0
9.200000E0	8.958943E1	-2.390966E0
9.220000E0	8.970518E1	-3.027883E0
9.240000E0	8.970002E1	-3.192239E0
9.260000E0	8.987744E1	-2.997845E0
9.280000E0	8.989606E1	-2.910099E0
9.300000E0	8.987708E1	-2.930340E0
9.320000E0	8.989865E1	-2.924628E0
9.340000E0	9.010624E1	-2.713967E0
9.360000E0	9.012551E1	-2.650043E0
9.380000E0	9.018920E1	-2.658888E0
9.400000E0	9.025182E1	-2.709876E0
9.420000E0	9.034105E1	-2.702700E0
9.440000E0	9.064846E1	-2.608727E0
9.460000E0	9.086828E1	-2.530837E0
9.480000E0	9.114403E1	-2.347536E0
9.500000E0	9.171889E1	-2.245535E0
9.520000E0	9.230548E1	-1.830043E0
9.540000E0	9.267577E1	-1.658274E0
9.560000E0	9.267093E1	-1.532970E0
9.580000E0	9.268776E1	-1.600678E0
9.600000E0	9.270856E1	-1.605112E0
9.620000E0	9.282913E1	-1.506889E0
9.640000E0	9.274533E1	-1.640465E0
9.660000E0	9.264463E1	-2.035973E0
9.680000E0	9.273849E1	-2.434309E0
9.700000E0	9.296199E1	-2.563622E0
9.720000E0	9.337191E1	-2.344659E0
9.740000E0	9.392369E1	-2.057030E0
9.760000E0	9.381511E1	-1.962136E0
9.780000E0	9.365940E1	-2.170370E0
9.800000E0	9.374839E1	-2.214415E0
9.820000E0	9.389192E1	-1.969126E0
9.840000E0	9.404425E1	-1.728193E0
9.860000E0	9.428535E1	-1.719223E0
9.880000E0	9.449934E1	-1.710708E0
9.900000E0	9.491974E1	-1.623418E0
9.920000E0	9.513058E1	-1.587794E0
9.940000E0	9.517494E1	-1.984031E0
9.960000E0	9.546124E1	-2.527717E0
9.980000E0	9.584077E1	-2.664424E0
1.000000E1	9.628137E1	-2.826221E0
1.002000E1	9.663827E1	-2.905648E0
1.004000E1	9.689504E1	-3.169116E0
1.006000E1	9.689060E1	-3.298697E0
1.008000E1	9.675301E1	-3.213745E0
1.010000E1	9.688878E1	-2.966494E0
1.012000E1	9.739208E1	-2.788158E0
1.014000E1	9.837874E1	-2.715576E0
1.016000E1	9.936393E1	-2.856576E0
1.018000E1	1.000189E2	-2.971737E0
1.020000E1	1.001557E2	-2.665390E0
1.022000E1	1.000282E2	-2.154579E0
1.024000E1	9.998194E1	-2.126711E0
1.026000E1	1.002054E2	-2.665344E0
1.028000E1	1.005076E2	-2.969598E0
1.030000E1	1.005165E2	-2.798783E0
1.032000E1	1.007006E2	-2.607577E0
1.034000E1	1.008213E2	-2.739972E0
1.036000E1	1.010031E2	-2.880075E0
1.038000E1	1.012532E2	-2.692291E0
1.040000E1	1.013694E2	-2.702272E0
1.042000E1	1.015257E2	-2.762817E0
1.044000E1	1.018969E2	-2.753767E0
1.046000E1	1.023758E2	-2.568891E0
1.048000E1	1.028314E2	-2.574980E0
1.050000E1	1.028738E2	-2.628007E0
1.052000E1	1.027946E2	-2.740232E0
1.054000E1	1.029485E2	-2.634875E0
1.056000E1	1.029759E2	-2.528238E0
1.058000E1	1.026676E2	-2.873857E0
1.060000E1	1.025038E2	-3.289776E0
1.062000E1	1.026889E2	-3.111237E0
1.064000E1	1.029003E2	-2.686624E0
1.066000E1	1.029469E2	-2.686268E0
1.068000E1	1.030290E2	-2.670643E0
1.070000E1	1.030408E2	-2.379402E0
1.072000E1	1.030679E2	-2.316547E0
1.074000E1	1.030274E2	-2.302471E0
1.076000E1	1.029748E2	-2.404820E0
1.078000E1	1.031046E2	-2.202276E0
1.080000E1	1.032919E2	-1.897459E0
1.082000E1	1.033295E2	-1.868648E0
1.084000E1	1.033872E2	-1.957568E0
1.086000E1	1.034357E2	-2.022507E0
1.088000E1	1.036825E2	-2.541551E0
1.090000E1	1.041065E2	-2.601742E0
1.092000E1	1.045001E2	-2.440630E0
1.094000E1	1.048898E2	-2.522685E0
1.096000E1	1.051010E2	-2.555537E0
1.098000E1	1.051917E2	-2.553789E0
1.100000E1	1.051469E2	-2.437359E0
1.102000E1	1.051907E2	-2.420948E0
1.104000E1	1.054991E2	-2.274606E0
1.106000E1	1.058095E2	-2.367019E0
1.108000E1	1.063102E2	-2.533275E0
1.110000E1	1.067975E2	-2.561119E0
1.112000E1	1.071093E2	-2.474541E0
1.114000E1	1.072114E2	-2.344753E0
1.116000E1	1.072050E2	-2.375274E0
1.118000E1	1.072325E2	-2.129776E0
1.120000E1	1.071653E2	-1.944952E0
1.122000E1	1.071888E2	-1.939245E0
1.124000E1	1.075002E2	-2.102053E0
1.126000E1	1.079596E2	-2.729511E0
1.128000E1	1.086756E2	-2.981984E0
1.130000E1	1.093519E2	-3.070542E0
1.132000E1	1.096176E2	-3.070501E0
1.134000E1	1.098805E2	-3.188937E0
1.136000E1	1.105930E2	-2.974291E0
1.138000E1	1.112463E2	-2.742638E0
1.140000E1	1.114613E2	-2.436223E0
1.142000E1	1.114505E2	-2.454269E0
1.144000E1	1.115818E2	-2.378761E0
1.146000E1	1.116565E2	-2.628816E0
1.148000E1	1.114844E2	-3.024367E0
1.150000E1	1.113719E2	-3.261967E0
1.152000E1	1.117449E2	-3.280139E0
1.154000E1	1.119949E2	-3.134434E0
1.156000E1	1.120745E2	-2.931401E0
1.158000E1	1.121592E2	-2.439056E0
1.160000E1	1.122297E2	-2.044696E0
1.162000E1	1.123361E2	-1.950205E0
1.164000E1	1.126161E2	-2.077969E0
1.166000E1	1.126727E2	-2.088300E0
1.168000E1	1.128534E2	-2.276676E0
1.170000E1	1.128872E2	-2.757444E0
1.172000E1	1.128643E2	-2.718935E0
1.174000E1	1.128520E2	-2.570687E0
1.176000E1	1.127315E2	-2.730392E0
1.178000E1	1.128179E2	-2.984754E0
1.180000E1	1.131772E2	-3.087195E0
1.182000E1	1.132971E2	-3.227705E0
1.184000E1	1.132652E2	-3.371475E0
1.186000E1	1.132491E2	-3.717130E0
1.188000E1	1.133926E2	-3.698019E0
1.190000E1	1.136587E2	-3.371587E0
1.192000E1	1.138010E2	-2.624769E0
1.194000E1	1.140326E2	-2.046868E0
1.196000E1	1.144399E2	-2.059106E0
1.198000E1	1.147862E2	-2.353881E0
1.200000E1	1.152427E2	-2.668655E0
1.202000E1	1.154953E2	-2.680674E0
1.204000E1	1.154339E2	-2.468346E0
1.206000E1	1.154047E2	-2.472057E0
1.208000E1	1.153425E2	-2.257325E0
1.210000E1	1.153216E2	-2.097686E0
1.212000E1	1.153894E2	-2.098072E0
1.214000E1	1.157129E2	-1.999012E0
1.216000E1	1.158605E2	-2.014156E0
1.218000E1	1.161525E2	-1.999242E0
1.220000E1	1.166010E2	-2.056087E0
1.222000E1	1.171733E2	-2.185350E0
1.224000E1	1.177002E2	-2.144859E0
1.226000E1	1.182532E2	-2.157215E0
1.228000E1	1.187478E2	-2.180714E0
1.230000E1	1.189912E2	-2.067746E0
1.232000E1	1.189411E2	-1.907759E0
1.234000E1	1.189628E2	-1.913328E0
1.236000E1	1.189727E2	-1.952496E0
1.238000E1	1.190915E2	-2.051942E0
1.240000E1	1.190752E2	-2.087084E0
1.242000E1	1.188451E2	-2.240915E0
1.244000E1	1.188602E2	-2.462350E0
1.246000E1	1.189117E2	-2.504372E0
1.248000E1	1.192766E2	-2.306079E0
1.250000E1	1.198792E2	-2.302912E0
1.252000E1	1.201072E2	-2.507543E0
1.254000E1	1.200733E2	-2.607709E0
1.256000E1	1.200333E2	-2.604007E0
1.258000E1	1.200145E2	-2.598348E0
1.260000E1	1.200253E2	-2.617062E0
1.262000E1	1.200615E2	-2.585908E0
1.264000E1	1.200310E2	-2.564012E0
1.266000E1	1.202504E2	-2.522700E0
1.268000E1	1.207920E2	-2.560133E0
1.270000E1	1.213716E2	-2.930411E0
1.272000E1	1.220074E2	-3.032757E0
1.274000E1	1.229700E2	-3.078933E0
1.276000E1	1.235762E2	-3.022378E0
1.278000E1	1.238129E2	-2.718569E0
1.280000E1	1.236276E2	-2.629460E0
1.282000E1	1.233870E2	-3.089743E0
1.284000E1	1.232200E2	-3.448221E0
1.286000E1	1.234168E2	-3.119929E0
1.288000E1	1.238765E2	-2.546406E0
1.290000E1	1.241319E2	-2.771044E0
1.292000E1	1.244204E2	-3.047521E0
1.294000E1	1.245381E2	-3.094083E0
1.296000E1	1.246329E2	-2.798458E0
1.298000E1	1.247537E2	-2.361319E0
1.300000E1	1.250257E2	-2.365426E0
1.302000E1	1.253579E2	-2.485869E0
1.304000E1	1.256034E2	-2.633575E0
1.306000E1	1.256685E2	-2.774526E0
1.308000E1	1.255867E2	-2.962559E0
1.310000E1	1.256717E2	-2.969166E0
1.312000E1	1.258902E2	-2.919224E0
1.314000E1	1.260198E2	-3.026936E0
1.316000E1	1.261139E2	-3.092045E0
1.318000E1	1.264858E2	-3.172323E0
1.320000E1	1.268689E2	-2.873944E0
1.322000E1	1.273809E2	-2.917521E0
1.324000E1	1.274115E2	-2.957347E0
1.326000E1	1.273807E2	-2.962905E0
1.328000E1	1.274117E2	-2.858572E0
1.330000E1	1.274701E2	-2.699866E0
1.332000E1	1.273149E2	-2.858353E0
1.334000E1	1.271692E2	-3.353924E0
1.336000E1	1.272101E2	-3.400356E0
1.338000E1	1.276018E2	-3.002853E0
1.340000E1	1.283665E2	-2.319179E0
1.342000E1	1.287101E2	-1.848818E0
1.344000E1	1.286026E2	-1.921758E0
1.346000E1	1.285666E2	-2.320786E0
1.348000E1	1.285834E2	-2.254232E0
1.350000E1	1.286736E2	-2.133356E0
1.352000E1	1.287700E2	-2.008008E0
1.354000E1	1.289741E2	-2.128375E0
1.356000E1	1.294060E2	-2.466799E0
1.358000E1	1.299636E2	-2.524778E0
1.360000E1	1.302477E2	-2.642066E0
1.362000E1	1.303432E2	-2.969852E0
1.364000E1	1.307265E2	-2.961050E0
1.366000E1	1.310617E2	-2.813377E0
1.368000E1	1.313851E2	-2.687653E0
1.370000E1	1.315187E2	-2.724848E0
1.372000E1	1.315865E2	-2.686200E0
1.374000E1	1.315564E2	-2.557523E0
1.376000E1	1.315531E2	-2.500882E0
1.378000E1	1.318257E2	-2.590409E0
1.380000E1	1.323410E2	-2.964052E0
1.382000E1	1.330703E2	-3.185944E0
1.384000E1	1.335427E2	-3.246568E0
1.386000E1	1.335115E2	-3.090772E0
1.388000E1	1.336297E2	-3.090710E0
1.390000E1	1.341277E2	-3.095644E0
1.392000E1	1.347899E2	-2.741757E0
1.394000E1	1.353110E2	-2.152084E0
1.396000E1	1.357678E2	-2.044836E0
1.398000E1	1.358789E2	-2.220704E0
1.400000E1	1.361026E2	-2.509546E0
1.402000E1	1.365122E2	-2.877020E0
1.404000E1	1.366488E2	-3.138831E0
1.406000E1	1.368007E2	-3.098540E0
1.408000E1	1.372353E2	-2.936833E0
1.410000E1	1.376905E2	-2.936930E0
1.412000E1	1.377228E2	-2.919152E0
1.414000E1	1.375579E2	-2.808973E0
1.416000E1	1.374960E2	-2.787255E0
1.418000E1	1.375208E2	-2.750030E0
1.420000E1	1.378429E2	-2.709369E0
1.422000E1	1.376044E2	-2.658473E0
1.424000E1	1.374927E2	-2.986692E0
1.426000E1	1.378247E2	-3.309318E0
1.428000E1	1.380820E2	-3.000302E0
1.430000E1	1.382689E2	-2.663449E0
1.432000E1	1.382937E2	-2.656351E0
1.434000E1	1.382936E2	-2.635091E0
1.436000E1	1.382982E2	-2.588071E0
1.438000E1	1.383080E2	-2.582928E0
1.440000E1	1.383367E2	-2.649770E0
1.442000E1	1.383976E2	-2.617379E0
1.444000E1	1.384174E2	-2.593246E0
1.446000E1	1.384044E2	-2.598610E0
1.448000E1	1.384747E2	-2.580915E0
1.450000E1	1.383964E2	-2.574536E0
1.452000E1	1.383334E2	-2.884888E0
1.454000E1	1.387495E2	-2.933562E0
1.456000E1	1.392546E2	-2.831559E0
1.458000E1	1.394603E2	-2.631055E0
1.460000E1	1.394800E2	-2.588968E0
1.462000E1	1.395205E2	-2.583943E0
1.464000E1	1.397546E2	-2.619125E0
1.466000E1	1.400648E2	-2.506407E0
1.468000E1	1.402944E2	-2.176339E0
1.470000E1	1.404635E2	-1.937287E0
1.472000E1	1.407080E2	-2.213289E0
1.474000E1	1.411891E2	-2.417520E0
1.476000E1	1.417522E2	-2.537376E0
1.478000E1	1.418792E2	-2.545463E0
1.480000E1	1.417867E2	-2.578539E0
1.482000E1	1.416181E2	-2.417789E0
1.484000E1	1.415258E2	-2.142507E0
1.486000E1	1.416451E2	-2.201898E0
1.488000E1	1.420661E2	-2.181699E0
1.490000E1	1.423297E2	-2.039242E0
1.492000E1	1.427374E2	-1.962362E0
1.494000E1	1.431558E2	-1.971245E0
1.496000E1	1.435571E2	-1.976194E0
1.498000E1	1.439166E2	-1.943176E0
1.500000E1	1.443713E2	-1.920801E0
1.502000E1	1.444651E2	-1.957602E0
1.504000E1	1.445560E2	-1.944333E0
1.506000E1	1.446343E2	-1.878885E0
1.508000E1	1.446156E2	-1.914905E0
1.510000E1	1.450713E2	-2.429552E0
1.512000E1	1.451925E2	-2.821429E0
1.514000E1	1.449388E2	-3.091507E0
1.516000E1	1.448441E2	-3.246956E0
1.518000E1	1.449031E2	-3.322050E0
1.520000E1	1.451511E2	-3.239662E0
1.522000E1	1.454647E2	-2.971969E0
1.524000E1	1.459854E2	-2.831027E0
1.526000E1	1.464495E2	-2.538711E0
1.528000E1	1.466395E2	-2.437413E0
1.530000E1	1.469109E2	-2.314018E0
1.532000E1	1.473256E2	-2.005842E0
1.534000E1	1.477639E2	-1.925812E0
1.536000E1	1.481229E2	-2.029360E0
1.538000E1	1.482360E2	-2.411697E0
1.540000E1	1.482609E2	-2.824672E0
1.542000E1	1.482682E2	-2.832693E0
1.544000E1	1.482722E2	-2.770450E0
1.546000E1	1.485229E2	-2.990971E0
1.548000E1	1.488747E2	-3.317876E0
1.550000E1	1.491901E2	-3.579141E0
1.552000E1	1.492317E2	-3.624020E0
1.554000E1	1.493531E2	-3.583733E0
1.556000E1	1.496078E2	-3.449967E0
1.558000E1	1.498880E2	-3.164222E0
1.560000E1	1.503513E2	-2.601479E0
1.562000E1	1.503942E2	-2.667629E0
1.564000E1	1.505317E2	-2.961565E0
1.566000E1	1.505908E2	-3.058418E0
1.568000E1	1.508697E2	-2.976501E0
1.570000E1	1.510182E2	-2.968814E0
1.572000E1	1.511389E2	-2.945689E0
1.574000E1	1.511715E2	-2.894808E0
1.576000E1	1.511916E2	-2.859508E0
1.578000E1	1.512651E2	-2.776672E0
1.580000E1	1.512761E2	-2.708841E0
1.582000E1	1.512738E2	-2.642861E0
1.584000E1	1.513445E2	-2.558197E0
1.586000E1	1.516897E2	-2.411687E0
1.588000E1	1.521711E2	-2.423728E0
1.590000E1	1.526743E2	-2.379526E0
1.592000E1	1.532643E2	-2.268863E0
1.594000E1	1.537241E2	-1.904592E0
1.596000E1	1.539140E2	-1.857334E0
1.598000E1	1.538153E2	-1.866809E0
1.600000E1	1.537063E2	-1.870177E0
1.602000E1	1.537317E2	-1.926650E0
1.604000E1	1.537397E2	-1.952370E0
1.606000E1	1.535807E2	-2.297495E0
1.608000E1	1.536050E2	-2.810186E0
1.610000E1	1.538735E2	-3.175102E0
1.612000E1	1.543662E2	-3.212224E0
1.614000E1	1.548327E2	-2.640388E0
1.616000E1	1.549481E2	-2.036682E0
1.618000E1	1.548967E2	-2.071693E0
1.620000E1	1.548690E2	-2.375824E0
1.622000E1	1.549972E2	-2.270153E0
1.624000E1	1.552336E2	-2.033692E0
1.626000E1	1.553132E2	-1.860338E0
1.628000E1	1.554754E2	-1.996907E0
1.630000E1	1.556658E2	-2.193566E0
1.632000E1	1.559668E2	-2.366940E0
1.634000E1	1.561215E2	-2.945728E0
1.636000E1	1.565139E2	-3.424597E0
1.638000E1	1.571431E2	-3.652037E0
1.640000E1	1.574373E2	-3.689425E0
1.642000E1	1.574534E2	-3.685175E0
1.644000E1	1.577025E2	-3.747258E0
1.646000E1	1.583046E2	-3.800873E0
1.648000E1	1.590580E2	-3.570532E0
1.650000E1	1.595293E2	-2.608227E0
1.652000E1	1.597037E2	-2.013460E0
1.654000E1	1.599516E2	-2.254431E0
1.656000E1	1.603414E2	-2.827289E0
1.658000E1	1.606420E2	-3.178106E0
1.660000E1	1.606693E2	-3.158920E0
1.662000E1	1.606892E2	-2.962713E0
1.664000E1	1.608111E2	-2.847593E0
1.666000E1	1.609075E2	-2.916037E0
1.668000E1	1.612175E2	-2.788975E0
1.670000E1	1.614793E2	-2.382772E0
1.672000E1	1.615131E2	-2.385239E0
1.674000E1	1.614753E2	-2.692467E0
1.676000E1	1.616629E2	-3.040047E0
1.678000E1	1.621992E2	-3.059011E0
1.680000E1	1.627053E2	-2.890881E0
1.682000E1	1.629775E2	-3.061292E0
1.684000E1	1.631728E2	-3.180143E0
1.686000E1	1.634023E2	-2.980150E0
1.688000E1	1.634367E2	-2.908736E0
1.690000E1	1.634206E2	-3.010634E0
1.692000E1	1.633154E2	-3.137059E0
1.694000E1	1.634905E2	-2.991295E0
1.696000E1	1.634181E2	-3.024332E0
1.698000E1	1.631725E2	-3.335218E0
1.700000E1	1.632103E2	-3.531436E0
1.702000E1	1.634538E2	-3.221495E0
1.704000E1	1.636142E2	-3.041448E0
1.706000E1	1.635925E2	-3.060756E0
1.708000E1	1.636271E2	-2.970798E0
1.710000E1	1.636746E2	-2.609111E0
1.712000E1	1.638068E2	-2.407203E0
1.714000E1	1.638283E2	-2.485437E0
1.716000E1	1.638715E2	-2.609885E0
1.718000E1	1.639344E2	-2.513195E0
1.720000E1	1.640450E2	-2.333147E0
1.722000E1	1.640327E2	-2.347218E0
1.724000E1	1.641248E2	-2.375828E0
1.726000E1	1.643099E2	-2.450340E0
1.728000E1	1.645919E2	-2.988967E0
1.730000E1	1.649662E2	-3.065487E0
1.732000E1	1.653665E2	-2.985629E0
1.734000E1	1.656681E2	-3.042857E0
1.736000E1	1.657475E2	-3.157574E0
1.738000E1	1.658555E2	-3.108286E0
1.740000E1	1.659936E2	-3.010902E0
1.742000E1	1.661615E2	-3.006388E0
1.744000E1	1.663529E2	-2.824864E0
1.746000E1	1.667997E2	-2.695581E0
1.748000E1	1.673262E2	-2.785936E0
1.750000E1	1.678384E2	-2.788741E0
1.752000E1	1.681437E2	-2.707193E0
1.754000E1	1.681716E2	-2.549165E0
1.756000E1	1.681654E2	-2.561582E0
1.758000E1	1.682075E2	-2.410742E0
1.760000E1	1.682035E2	-2.090715E0
1.762000E1	1.681409E2	-1.929435E0
1.764000E1	1.682390E2	-1.914118E0
1.766000E1	1.683157E2	-2.225352E0
1.768000E1	1.690511E2	-2.902897E0
1.770000E1	1.697298E2	-3.185880E0
1.772000E1	1.702201E2	-3.120493E0
1.774000E1	1.705311E2	-3.143067E0
1.776000E1	1.709946E2	-3.120225E0
1.778000E1	1.716359E2	-3.027098E0
1.780000E1	1.722531E2	-2.924410E0
1.782000E1	1.725710E2	-2.703743E0
1.784000E1	1.725691E2	-2.400429E0
1.786000E1	1.726233E2	-2.298485E0
1.788000E1	1.724074E2	-2.563843E0
1.790000E1	1.723115E2	-2.885573E0
1.792000E1	1.725161E2	-3.144217E0
1.794000E1	1.727793E2	-3.330033E0
1.796000E1	1.732028E2	-3.232188E0
1.798000E1	1.733190E2	-2.836514E0
1.800000E1	1.731530E2	-2.183142E0
1.802000E1	1.731584E2	-1.974849E0
1.804000E1	1.731921E2	-1.974044E0
1.806000E1	1.732932E2	-2.043231E0
1.808000E1	1.736182E2	-2.091439E0
1.810000E1	1.739481E2	-2.108102E0
1.812000E1	1.741307E2	-2.308687E0
1.814000E1	1.741994E2	-2.712018E0
1.816000E1	1.741633E2	-2.709198E0
1.818000E1	1.741608E2	-2.677963E0
1.820000E1	1.742995E2	-2.982121E0
1.822000E1	1.743835E2	-3.284110E0
1.824000E1	1.744757E2	-3.563767E0
1.826000E1	1.746845E2	-3.694548E0
1.828000E1	1.749870E2	-3.619383E0
1.830000E1	1.752373E2	-3.344157E0
1.832000E1	1.752556E2	-2.706542E0
1.834000E1	1.754148E2	-2.169643E0
1.836000E1	1.757285E2	-2.194495E0
1.838000E1	1.761053E2	-2.447849E0
1.840000E1	1.766376E2	-2.546912E0
1.842000E1	1.769414E2	-2.578036E0
1.844000E1	1.769500E2	-2.365388E0
1.846000E1	1.769103E2	-2.422015E0
1.848000E1	1.768491E2	-2.335843E0
1.850000E1	1.768512E2	-2.069662E0
1.852000E1	1.769974E2	-2.081099E0
1.854000E1	1.774134E2	-2.030029E0
1.856000E1	1.776473E2	-2.030545E0
1.858000E1	1.780090E2	-2.056567E0
1.860000E1	1.782954E2	-2.157501E0
1.862000E1	1.786460E2	-2.142240E0
1.864000E1	1.791274E2	-2.177577E0
1.866000E1	1.796387E2	-2.335155E0
1.868000E1	1.802110E2	-2.308261E0
1.870000E1	1.805181E2	-2.044310E0
1.872000E1	1.804313E2	-1.950918E0
1.874000E1	1.804279E2	-2.000099E0
1.876000E1	1.804738E2	-2.001721E0
1.878000E1	1.804453E2	-2.019857E0
1.880000E1	1.803792E2	-2.168141E0
1.882000E1	1.802266E2	-2.541512E0
1.884000E1	1.802909E2	-2.624656E0
1.886000E1	1.805391E2	-2.613305E0
1.888000E1	1.812534E2	-2.782847E0
1.890000E1	1.817956E2	-2.691967E0
1.892000E1	1.817544E2	-2.682159E0
1.894000E1	1.817437E2	-2.675769E0
1.896000E1	1.817338E2	-2.684999E0
1.898000E1	1.817834E2	-2.657588E0
1.900000E1	1.820123E2	-2.552577E0
1.902000E1	1.823177E2	-2.617954E0
1.904000E1	1.830011E2	-2.689564E0
1.906000E1	1.838767E2	-2.457808E0
1.908000E1	1.846153E2	-2.292843E0
1.910000E1	1.848065E2	-2.324532E0
1.912000E1	1.849539E2	-2.618246E0
1.914000E1	1.854065E2	-3.197083E0
1.916000E1	1.856888E2	-3.531708E0
1.918000E1	1.856376E2	-3.578589E0
1.920000E1	1.854539E2	-3.567746E0
1.922000E1	1.855449E2	-3.594102E0
1.924000E1	1.855949E2	-3.513143E0
1.926000E1	1.858394E2	-3.151249E0
1.928000E1	1.862202E2	-2.603951E0
1.930000E1	1.865055E2	-2.393094E0
1.932000E1	1.869086E2	-2.644400E0
1.934000E1	1.872774E2	-2.965312E0
1.936000E1	1.875208E2	-3.217312E0
1.938000E1	1.876508E2	-3.066090E0
1.940000E1	1.876272E2	-3.072592E0
1.942000E1	1.876228E2	-3.203483E0
1.944000E1	1.877124E2	-3.075773E0
1.946000E1	1.878926E2	-2.874331E0
1.948000E1	1.879801E2	-3.067773E0
1.950000E1	1.879952E2	-3.076112E0
1.952000E1	1.881672E2	-2.954354E0
1.954000E1	1.885488E2	-2.988881E0
1.956000E1	1.888391E2	-3.115428E0
1.958000E1	1.890594E2	-3.136496E0
1.960000E1	1.892820E2	-3.064872E0
1.962000E1	1.896178E2	-2.953251E0
1.964000E1	1.899663E2	-2.926188E0
1.966000E1	1.900519E2	-2.897070E0
1.968000E1	1.900719E2	-2.755095E0
1.970000E1	1.901079E2	-2.550444E0
1.972000E1	1.900880E2	-2.530712E0
1.974000E1	1.899525E2	-2.715257E0
1.976000E1	1.898237E2	-3.147649E0
1.978000E1	1.899324E2	-3.195855E0
1.980000E1	1.903062E2	-2.895350E0
1.982000E1	1.909533E2	-2.331464E0
1.984000E1	1.914617E2	-1.918707E0
1.986000E1	1.915256E2	-1.705856E0
1.988000E1	1.913864E2	-1.913481E0
1.990000E1	1.914580E2	-2.076487E0
1.992000E1	1.914881E2	-2.056383E0
1.994000E1	1.916964E2	-2.216499E0
1.996000E1	1.917642E2	-2.603428E0
1.998000E1	1.919343E2	-2.794218E0
2.000000E1	1.923043E2	-2.542908E0
2.002000E1	1.926279E2	-2.357542E0
2.004000E1	1.928249E2	-2.761717E0
2.006000E1	1.930774E2	-3.066945E0
2.008000E1	1.935304E2	-2.989380E0
2.010000E1	1.939231E2	-2.910192E0
2.012000E1	1.941110E2	-2.969140E0
2.014000E1	1.941383E2	-3.014841E0
2.016000E1	1.941341E2	-3.035535E0
2.018000E1	1.941380E2	-3.051323E0
2.020000E1	1.943920E2	-3.032396E0
2.022000E1	1.948254E2	-3.052034E0
2.024000E1	1.953383E2	-3.301098E0
2.026000E1	1.956320E2	-3.479342E0
2.028000E1	1.957583E2	-3.462816E0
2.030000E1	1.959913E2	-3.297575E0
2.032000E1	1.965962E2	-3.270443E0
2.034000E1	1.971264E2	-2.950566E0
2.036000E1	1.976264E2	-2.290805E0
2.038000E1	1.978354E2	-2.036229E0
2.040000E1	1.978349E2	-2.239051E0
2.042000E1	1.980162E2	-2.883272E0
2.044000E1	1.984712E2	-3.197822E0
2.046000E1	1.987390E2	-3.321781E0
2.048000E1	1.989158E2	-3.050673E0
2.050000E1	1.992581E2	-3.065752E0
2.052000E1	1.995942E2	-2.967391E0
2.054000E1	1.997452E2	-2.839709E0
2.056000E1	1.997175E2	-2.669868E0
2.058000E1	1.996229E2	-2.824451E0
2.060000E1	1.997052E2	-2.775344E0
2.062000E1	2.000987E2	-2.626667E0
2.064000E1	1.999806E2	-2.702467E0
2.066000E1	1.997524E2	-3.129793E0
2.068000E1	1.999573E2	-3.344726E0
2.070000E1	2.001683E2	-2.989682E0
2.072000E1	2.003588E2	-2.837718E0
2.074000E1	2.003446E2	-2.799435E0
2.076000E1	2.003247E2	-2.748417E0
2.078000E1	2.003391E2	-2.583896E0
2.080000E1	2.003832E2	-2.465372E0
2.082000E1	2.003579E2	-2.608366E0
2.084000E1	2.003527E2	-2.626353E0
2.086000E1	2.003842E2	-2.573968E0
2.088000E1	2.003846E2	-2.556201E0
2.090000E1	2.004346E2	-2.540712E0
2.092000E1	2.005391E2	-2.463201E0
2.094000E1	2.005028E2	-2.655279E0
2.096000E1	2.006107E2	-2.940748E0
2.098000E1	2.011233E2	-3.049856E0
2.100000E1	2.016715E2	-3.036020E0
2.102000E1	2.020917E2	-3.049513E0
2.104000E1	2.023025E2	-3.190009E0
2.106000E1	2.025306E2	-2.889747E0
2.108000E1	2.025472E2	-2.578549E0
2.110000E1	2.025390E2	-2.513987E0
2.112000E1	2.025274E2	-2.474215E0
2.114000E1	2.028056E2	-2.713324E0
2.116000E1	2.032211E2	-2.927391E0
2.118000E1	2.037312E2	-3.094791E0
2.120000E1	2.039615E2	-2.855033E0
2.122000E1	2.039891E2	-2.800758E0
2.124000E1	2.039187E2	-2.816319E0
2.126000E1	2.039196E2	-2.545779E0
2.128000E1	2.039901E2	-2.352237E0
2.130000E1	2.042466E2	-2.404405E0
2.132000E1	2.047217E2	-2.304748E0
2.134000E1	2.050036E2	-2.344494E0
2.136000E1	2.051074E2	-2.425377E0
2.138000E1	2.052172E2	-2.656799E0
2.140000E1	2.055942E2	-2.787017E0
2.142000E1	2.059226E2	-2.476091E0
2.144000E1	2.062937E2	-2.349626E0
2.146000E1	2.068374E2	-2.780750E0
2.148000E1	2.072657E2	-3.109783E0
2.150000E1	2.075067E2	-2.980788E0
2.152000E1	2.074955E2	-2.825021E0
2.154000E1	2.075229E2	-2.819727E0
2.156000E1	2.075171E2	-2.876103E0
2.158000E1	2.073865E2	-3.031859E0
2.160000E1	2.073753E2	-3.255722E0
2.162000E1	2.075157E2	-3.201150E0
2.164000E1	2.079614E2	-3.021630E0
2.166000E1	2.086062E2	-2.784948E0
2.168000E1	2.092608E2	-2.572516E0
2.170000E1	2.093990E2	-2.468514E0
2.172000E1	2.094424E2	-2.485911E0
2.174000E1	2.095808E2	-2.408934E0
2.176000E1	2.097616E2	-2.542777E0
2.178000E1	2.098746E2	-2.660594E0
2.180000E1	2.100446E2	-2.857053E0
2.182000E1	2.101597E2	-3.067128E0
2.184000E1	2.104183E2	-2.985676E0
2.186000E1	2.105363E2	-3.104428E0
2.188000E1	2.105678E2	-3.298672E0
2.190000E1	2.107872E2	-3.232071E0
2.192000E1	2.112403E2	-3.281731E0
2.194000E1	2.116202E2	-3.447742E0
2.196000E1	2.118966E2	-3.532380E0
2.198000E1	2.120549E2	-3.738262E0
2.200000E1	2.120618E2	-3.786340E0
2.202000E1	2.121740E2	-3.528506E0
2.204000E1	2.123508E2	-3.093359E0
2.206000E1	2.124981E2	-3.094379E0
2.208000E1	2.127162E2	-3.383545E0
2.210000E1	2.128645E2	-3.634402E0
2.212000E1	2.129804E2	-3.409295E0
2.214000E1	2.131536E2	-3.317727E0
2.216000E1	2.133383E2	-3.283514E0
2.218000E1	2.133577E2	-3.235278E0
2.220000E1	2.134724E2	-2.980101E0
2.222000E1	2.135551E2	-2.894423E0
2.224000E1	2.136604E2	-3.012282E0
2.226000E1	2.136895E2	-2.978822E0
2.228000E1	2.137792E2	-2.873552E0
2.230000E1	2.140211E2	-2.811889E0
2.232000E1	2.144500E2	-2.643737E0
2.234000E1	2.149778E2	-2.635195E0
2.236000E1	2.155064E2	-2.499755E0
2.238000E1	2.158497E2	-2.434513E0
2.240000E1	2.160291E2	-2.555407E0
2.242000E1	2.160857E2	-2.444652E0
2.244000E1	2.160213E2	-2.334012E0
2.246000E1	2.161111E2	-2.256897E0
2.248000E1	2.161904E2	-2.226757E0
2.250000E1	2.161953E2	-2.448453E0
2.252000E1	2.162110E2	-2.671401E0
2.254000E1	2.164898E2	-2.893765E0
2.256000E1	2.169677E2	-3.095301E0
2.258000E1	2.172225E2	-3.035257E0
2.260000E1	2.171452E2	-2.946566E0
2.262000E1	2.171500E2	-2.960873E0
2.264000E1	2.171553E2	-2.978549E0
2.266000E1	2.172649E2	-2.844333E0
2.268000E1	2.173972E2	-2.732190E0
2.270000E1	2.175474E2	-2.533720E0
2.272000E1	2.177380E2	-2.558712E0
2.274000E1	2.180002E2	-2.626947E0
2.276000E1	2.184935E2	-2.582147E0
2.278000E1	2.188048E2	-2.809837E0
2.280000E1	2.192519E2	-3.614883E0
2.282000E1	2.196892E2	-4.037253E0
2.284000E1	2.200064E2	-4.056951E0
2.286000E1	2.199946E2	-4.075651E0
2.288000E1	2.200545E2	-4.044408E0
2.290000E1	2.205367E2	-4.035523E0
2.292000E1	2.212039E2	-3.675304E0
2.294000E1	2.216143E2	-2.863554E0
2.296000E1	2.218192E2	-2.489219E0
2.298000E1	2.221564E2	-2.901119E0
2.300000E1	2.224415E2	-3.431251E0
2.302000E1	2.227181E2	-3.843734E0
2.304000E1	2.227990E2	-3.814983E0
2.306000E1	2.227572E2	-3.726300E0
2.308000E1	2.227710E2	-3.418183E0
2.310000E1	2.228377E2	-3.289806E0
2.312000E1	2.229977E2	-2.975099E0
2.314000E1	2.230441E2	-2.869040E0
2.316000E1	2.231163E2	-2.894739E0
2.318000E1	2.235489E2	-3.043981E0
2.320000E1	2.239271E2	-3.174974E0
2.322000E1	2.243368E2	-3.099437E0
2.324000E1	2.247366E2	-3.112664E0
2.326000E1	2.249355E2	-3.225834E0
2.328000E1	2.249527E2	-3.266809E0
2.330000E1	2.249244E2	-3.198250E0
2.332000E1	2.249169E2	-3.186351E0
2.334000E1	2.248854E2	-3.156707E0
2.336000E1	2.248880E2	-3.134569E0
2.338000E1	2.248745E2	-3.145352E0
2.340000E1	2.248494E2	-3.167580E0
2.342000E1	2.248770E2	-3.198553E0
2.344000E1	2.249594E2	-3.091146E0
2.346000E1	2.250356E2	-3.027205E0
2.348000E1	2.250129E2	-3.003155E0
2.350000E1	2.249246E2	-2.995696E0
2.352000E1	2.248749E2	-3.031823E0
2.354000E1	2.248761E2	-3.020487E0
2.356000E1	2.249087E2	-3.010754E0
2.358000E1	2.249237E2	-3.006335E0
2.360000E1	2.249745E2	-3.008392E0
2.362000E1	2.250294E2	-2.948073E0
2.364000E1	2.251903E2	-2.881213E0
2.366000E1	2.253331E2	-2.910989E0
2.368000E1	2.254064E2	-3.291511E0
2.370000E1	2.257504E2	-3.557226E0
2.372000E1	2.263142E2	-3.339387E0
2.374000E1	2.267123E2	-3.420857E0
2.376000E1	2.268776E2	-3.579910E0
2.378000E1	2.269232E2	-3.492711E0
2.380000E1	2.269499E2	-3.452122E0
2.382000E1	2.269392E2	-3.475259E0
2.384000E1	2.269794E2	-3.341459E0
2.386000E1	2.272779E2	-3.316954E0
2.388000E1	2.278080E2	-3.330355E0
2.390000E1	2.282325E2	-3.386124E0
2.392000E1	2.286313E2	-3.313226E0
2.394000E1	2.288773E2	-3.331299E0
2.396000E1	2.291307E2	-3.295704E0
2.398000E1	2.291275E2	-3.244218E0
2.400000E1	2.289580E2	-2.947663E0
