	mass A		
t	x	y	
0.000000E0	-1.082234E-2	1.884668E-2
4.000000E-2	3.442232E0	2.796629E0
8.000000E-2	3.533351E0	3.259737E0
1.200000E-1	3.495176E0	3.568840E0
1.600000E-1	2.115801E0	1.810490E0
2.000000E-1	5.119963E-1	-5.680381E-1
2.400000E-1	-1.731180E-2	5.823455E-3
2.800000E-1	-1.565374E0	2.356091E-1
3.200000E-1	-3.623734E0	-1.370557E-1
3.600000E-1	-6.786508E0	-3.235175E-2
4.000000E-1	-9.570904E0	-4.127985E-2
4.400000E-1	-1.172155E1	-1.180369E-1
4.800000E-1	-1.419039E1	-3.649140E-1
5.200000E-1	-1.651492E1	-1.042900E-1
5.600000E-1	-1.601192E1	1.341650E-1
6.000000E-1	-1.598398E1	1.450404E0
6.400000E-1	-1.645249E1	2.904623E0
6.800000E-1	-1.682612E1	3.088749E0
7.200000E-1	-1.795757E1	2.081310E0
7.600000E-1	-1.803616E1	2.958226E0
8.000000E-1	-1.806916E1	2.907513E0
8.400000E-1	-1.859723E1	2.341222E0
8.800000E-1	-1.894127E1	-1.347694E-1
9.200000E-1	-1.939552E1	1.436014E-1
9.600000E-1	-1.970634E1	4.845677E-2
1.000000E0	-2.102139E1	-2.007840E-1
1.040000E0	-2.358764E1	-1.343517E-1
1.080000E0	-2.676917E1	-5.794274E-2
1.120000E0	-2.960785E1	-1.035020E-1
1.160000E0	-3.293129E1	-2.125875E-1
1.200000E0	-3.572798E1	1.489237E-1
1.240000E0	-3.856029E1	1.007879E-1
1.280000E0	-4.042329E1	3.194301E0
1.320000E0	-4.192286E1	3.059620E0
1.360000E0	-4.269053E1	3.256738E0
1.400000E0	-4.387297E1	1.911723E0
1.440000E0	-4.337633E1	3.539643E0
1.480000E0	-4.390688E1	2.944330E0
1.520000E0	-4.477705E1	1.104979E0
1.560000E0	-4.514906E1	-2.575602E-2
1.600000E0	-4.541632E1	1.180651E-2
1.640000E0	-4.575636E1	9.467262E-2
1.680000E0	-4.745056E1	-3.432099E-1
1.720000E0	-4.916709E1	-6.562190E-2
1.760000E0	-4.999721E1	1.368233E-1
1.800000E0	-5.026941E1	-6.142390E-2
1.840000E0	-5.168091E1	1.131362E-1
1.880000E0	-5.320591E1	2.405796E-1
1.920000E0	-5.375236E1	4.318729E-1
1.960000E0	-5.414616E1	3.479513E0
2.000000E0	-5.558029E1	3.354773E0
2.040000E0	-5.750685E1	2.828880E0
2.080000E0	-5.888687E1	2.511427E0
2.120000E0	-5.961100E1	3.853793E0
2.160000E0	-6.059155E1	3.384541E0
2.200000E0	-6.158738E1	3.608158E-1
2.240000E0	-6.184024E1	5.027931E-1
2.280000E0	-6.228533E1	4.988600E-1
2.320000E0	-6.274305E1	5.594568E-1
2.360000E0	-6.478322E1	4.309774E-1
2.400000E0	-6.608811E1	6.266958E-1
2.440000E0	-6.689404E1	6.567378E-1
2.480000E0	-6.814613E1	3.646969E-1
2.520000E0	-6.961236E1	6.659409E-1
2.560000E0	-7.072090E1	6.030851E-1
2.600000E0	-7.118074E1	1.852505E0
2.640000E0	-7.168000E1	3.935692E0
2.680000E0	-7.272376E1	3.873072E0
2.720000E0	-7.417290E1	2.972809E0
2.760000E0	-7.450913E1	3.748278E0
2.800000E0	-7.529053E1	3.951434E0
2.840000E0	-7.620391E1	2.641423E0
2.880000E0	-7.684498E1	7.202310E-1
2.920000E0	-7.740189E1	7.198674E-1
2.960000E0	-7.791098E1	7.640238E-1
3.000000E0	-7.890401E1	5.576471E-1
3.040000E0	-8.082345E1	7.571048E-1
3.080000E0	-8.177289E1	9.302766E-1
3.120000E0	-8.206899E1	7.944722E-1
3.160000E0	-8.338350E1	7.880323E-1
3.200000E0	-8.480293E1	9.888957E-1
3.240000E0	-8.555250E1	1.111798E0
3.280000E0	-8.660500E1	4.501497E0
3.320000E0	-8.862877E1	4.358375E0
3.360000E0	-9.146802E1	4.725339E0
3.400000E0	-9.461931E1	3.312479E0
3.440000E0	-9.733617E1	5.238959E0
3.480000E0	-9.990392E1	4.504372E0
3.520000E0	-1.029089E2	2.259754E0
3.560000E0	-1.041442E2	1.455968E0
3.600000E0	-1.046715E2	1.491726E0
3.640000E0	-1.049826E2	1.567517E0
3.680000E0	-1.063573E2	1.420719E0
3.720000E0	-1.073537E2	1.566879E0
3.760000E0	-1.079326E2	1.662932E0
3.800000E0	-1.086295E2	1.306584E0
3.840000E0	-1.098654E2	1.619688E0
3.880000E0	-1.106852E2	1.717232E0
3.920000E0	-1.109412E2	2.474091E0
3.960000E0	-1.111858E2	4.921039E0
4.000000E0	-1.115233E2	4.783626E0
4.040000E0	-1.121531E2	4.301985E0
4.080000E0	-1.128074E2	4.372016E0
4.120000E0	-1.131021E2	5.047804E0
4.160000E0	-1.136016E2	4.561347E0
4.200000E0	-1.141620E2	1.496122E0
4.240000E0	-1.126579E2	1.678663E0
4.280000E0	-1.113006E2	1.851696E0
4.320000E0	-1.112166E2	1.687603E0
4.360000E0	-1.128311E2	1.567885E0
4.400000E0	-1.133238E2	1.846027E0
4.440000E0	-1.136576E2	1.794270E0
4.480000E0	-1.143860E2	1.625950E0
4.520000E0	-1.153747E2	1.808390E0
4.560000E0	-1.155078E2	1.966753E0
4.600000E0	-1.157082E2	4.375341E0
4.640000E0	-1.162153E2	4.831910E0
4.680000E0	-1.165180E2	5.200893E0
4.720000E0	-1.178894E2	3.669501E0
4.760000E0	-1.179080E2	5.426846E0
4.800000E0	-1.185039E2	5.250269E0
4.840000E0	-1.194873E2	3.373744E0
4.880000E0	-1.203369E2	2.018994E0
4.920000E0	-1.213689E2	2.173351E0
4.960000E0	-1.223873E2	2.273505E0
5.000000E0	-1.241110E2	1.924213E0
5.040000E0	-1.253080E2	2.136948E0
5.080000E0	-1.252794E2	2.332849E0
5.120000E0	-1.245687E2	2.221102E0
5.160000E0	-1.251046E2	2.270961E0
5.200000E0	-1.259395E2	2.506727E0
5.240000E0	-1.261975E2	2.610126E0
5.280000E0	-1.260588E2	5.889015E0
5.320000E0	-1.266655E2	5.157264E0
5.360000E0	-1.269023E2	5.465397E0
5.400000E0	-1.275913E2	4.510249E0
5.440000E0	-1.272389E2	5.330999E0
5.480000E0	-1.274836E2	4.664795E0
5.520000E0	-1.274631E2	2.329480E0
5.560000E0	-1.271654E2	2.773667E0
5.600000E0	-1.278018E2	2.855423E0
5.640000E0	-1.288510E2	2.648182E0
5.680000E0	-1.306975E2	2.643812E0
5.720000E0	-1.316117E2	2.846473E0
5.760000E0	-1.319229E2	2.838053E0
5.800000E0	-1.330643E2	2.586763E0
5.840000E0	-1.340896E2	2.825823E0
5.880000E0	-1.345082E2	2.892146E0
5.920000E0	-1.347923E2	4.482290E0
5.960000E0	-1.343838E2	5.711419E0
6.000000E0	-1.345040E2	5.521906E0
6.040000E0	-1.351770E2	4.831330E0
6.080000E0	-1.346684E2	5.659289E0
6.120000E0	-1.347346E2	5.501381E0
6.160000E0	-1.351017E2	4.343705E0
6.200000E0	-1.345598E2	2.889984E0
6.240000E0	-1.346954E2	2.927400E0
6.280000E0	-1.348188E2	3.068051E0
6.320000E0	-1.359453E2	2.639217E0
6.360000E0	-1.381843E2	3.013157E0
6.400000E0	-1.396120E2	3.228172E0
6.440000E0	-1.403945E2	3.022659E0
6.480000E0	-1.418805E2	3.145661E0
6.520000E0	-1.428240E2	3.276853E0
6.560000E0	-1.429980E2	3.376848E0
6.600000E0	-1.428970E2	6.564530E0
6.640000E0	-1.433688E2	6.020592E0
6.680000E0	-1.436554E2	6.100339E0
6.720000E0	-1.444185E2	5.055903E0
6.760000E0	-1.439187E2	6.043407E0
6.800000E0	-1.440857E2	5.813049E0
6.840000E0	-1.444264E2	3.139438E0
6.880000E0	-1.442391E2	3.322431E0
6.920000E0	-1.441448E2	3.504565E0
6.960000E0	-1.441315E2	3.519630E0
7.000000E0	-1.459608E2	3.313907E0
7.040000E0	-1.478833E2	3.532647E0
7.080000E0	-1.488997E2	3.590826E0
7.120000E0	-1.499853E2	3.206030E0
7.160000E0	-1.510826E2	3.451936E0
7.200000E0	-1.519881E2	3.515220E0
7.240000E0	-1.525057E2	4.877376E0
7.280000E0	-1.526206E2	6.524653E0
7.320000E0	-1.534657E2	6.191017E0
7.360000E0	-1.542139E2	5.900146E0
7.400000E0	-1.542614E2	6.349334E0
7.440000E0	-1.543865E2	6.434968E0
7.480000E0	-1.547765E2	5.779745E0
7.520000E0	-1.545727E2	3.464161E0
7.560000E0	-1.549392E2	3.596698E0
7.600000E0	-1.548481E2	3.716593E0
7.640000E0	-1.553001E2	3.351484E0
7.680000E0	-1.569632E2	3.632305E0
7.720000E0	-1.574008E2	3.798515E0
7.760000E0	-1.573901E2	3.617318E0
7.800000E0	-1.583591E2	3.737796E0
7.840000E0	-1.593334E2	3.924166E0
7.880000E0	-1.594943E2	3.974961E0
7.920000E0	-1.593639E2	7.219839E0
7.960000E0	-1.594025E2	6.779815E0
8.000000E0	-1.595922E2	6.671484E0
8.040000E0	-1.605479E2	5.337109E0
8.080000E0	-1.600983E2	6.705977E0
8.120000E0	-1.603581E2	6.801427E0
8.160000E0	-1.607926E2	4.652374E0
8.200000E0	-1.609758E2	3.805711E0
8.240000E0	-1.609750E2	3.943814E0
8.280000E0	-1.608858E2	3.934774E0
8.320000E0	-1.619367E2	3.739054E0
8.360000E0	-1.625788E2	4.003804E0
8.400000E0	-1.625896E2	4.065449E0
8.440000E0	-1.632676E2	3.749227E0
8.480000E0	-1.640550E2	4.063712E0
8.520000E0	-1.648468E2	4.184344E0
8.560000E0	-1.654286E2	5.036011E0
8.600000E0	-1.654985E2	7.374286E0
8.640000E0	-1.662571E2	7.161297E0
8.680000E0	-1.668676E2	6.577012E0
8.720000E0	-1.671314E2	6.730190E0
8.760000E0	-1.669959E2	7.340320E0
8.800000E0	-1.671919E2	6.784577E0
8.840000E0	-1.671773E2	4.137496E0
8.880000E0	-1.674440E2	4.329482E0
8.920000E0	-1.673565E2	4.387838E0
8.960000E0	-1.677211E2	4.083960E0
9.000000E0	-1.691919E2	4.209845E0
9.040000E0	-1.695516E2	4.473317E0
9.080000E0	-1.695117E2	4.307760E0
9.120000E0	-1.706247E2	4.331137E0
9.160000E0	-1.713843E2	4.528312E0
9.200000E0	-1.713714E2	4.513265E0
9.240000E0	-1.716876E2	7.485459E0
9.280000E0	-1.724790E2	7.096424E0
9.320000E0	-1.725830E2	7.272508E0
9.360000E0	-1.735545E2	6.231471E0
9.400000E0	-1.730000E2	7.706759E0
9.440000E0	-1.730306E2	7.686194E0
9.480000E0	-1.733728E2	5.671234E0
9.520000E0	-1.736420E2	4.551841E0
9.560000E0	-1.738994E2	4.650981E0
9.600000E0	-1.737713E2	4.743805E0
9.640000E0	-1.750128E2	4.450327E0
9.680000E0	-1.757039E2	4.690925E0
9.720000E0	-1.757706E2	4.826150E0
9.760000E0	-1.761462E2	4.577177E0
9.800000E0	-1.768397E2	4.676359E0
9.840000E0	-1.770250E2	4.798205E0
9.880000E0	-1.771662E2	5.533515E0
9.920000E0	-1.772362E2	7.995626E0
9.960000E0	-1.776685E2	7.575242E0
1.000000E1	-1.782798E2	7.200201E0
1.004000E1	-1.787399E2	7.334356E0
1.008000E1	-1.788260E2	8.031182E0
1.012000E1	-1.791348E2	7.438957E0
1.016000E1	-1.795189E2	4.743296E0
1.020000E1	-1.797952E2	5.002354E0
1.024000E1	-1.793852E2	5.147247E0
1.028000E1	-1.794689E2	4.806235E0
1.032000E1	-1.804831E2	4.867504E0
1.036000E1	-1.807517E2	5.069568E0
1.040000E1	-1.806074E2	4.963039E0
1.044000E1	-1.815646E2	4.828282E0
1.048000E1	-1.823976E2	5.117765E0
1.052000E1	-1.823376E2	5.093288E0
1.056000E1	-1.824312E2	7.727341E0
1.060000E1	-1.827662E2	7.942863E0
1.064000E1	-1.832627E2	8.012310E0
1.068000E1	-1.842483E2	6.672450E0
1.072000E1	-1.843053E2	8.110681E0
1.076000E1	-1.844690E2	8.132928E0
1.080000E1	-1.846954E2	6.460589E0
1.084000E1	-1.847065E2	5.143160E0
1.088000E1	-1.849087E2	5.227863E0
1.092000E1	-1.847924E2	5.392392E0
1.096000E1	-1.859057E2	4.992455E0
1.100000E1	-1.870698E2	5.304885E0
1.104000E1	-1.874287E2	5.467343E0
1.108000E1	-1.877631E2	5.161843E0
1.112000E1	-1.888200E2	5.362102E0
1.116000E1	-1.891737E2	5.467637E0
1.120000E1	-1.893752E2	5.918531E0
1.124000E1	-1.891541E2	8.773554E0
1.128000E1	-1.896957E2	8.280257E0
1.132000E1	-1.899791E2	8.209873E0
1.136000E1	-1.904431E2	7.409598E0
1.140000E1	-1.901720E2	8.271815E0
1.144000E1	-1.901488E2	8.149748E0
1.148000E1	-1.902246E2	5.296059E0
1.152000E1	-1.907515E2	5.577325E0
1.156000E1	-1.906739E2	5.717094E0
1.160000E1	-1.908734E2	5.546577E0
1.164000E1	-1.926254E2	5.531138E0
1.168000E1	-1.932832E2	5.803315E0
1.172000E1	-1.932632E2	5.749271E0
1.176000E1	-1.941682E2	5.572924E0
1.180000E1	-1.947651E2	5.851524E0
1.184000E1	-1.944834E2	5.857019E0
1.188000E1	-1.946995E2	8.107330E0
1.192000E1	-1.946654E2	8.695613E0
1.196000E1	-1.947875E2	8.535688E0
1.200000E1	-1.955638E2	7.516828E0
1.204000E1	-1.950273E2	8.420851E0
1.208000E1	-1.951218E2	8.235510E0
1.212000E1	-1.954584E2	6.782378E0
1.216000E1	-1.955110E2	5.647864E0
1.220000E1	-1.958355E2	5.839286E0
1.224000E1	-1.958169E2	5.942363E0
1.228000E1	-1.968830E2	5.521738E0
1.232000E1	-1.981137E2	5.796364E0
1.236000E1	-1.984345E2	5.991909E0
1.240000E1	-1.986375E2	5.762443E0
1.244000E1	-1.995795E2	5.979385E0
1.248000E1	-2.002714E2	6.116430E0
1.252000E1	-2.003416E2	6.677904E0
1.256000E1	-2.002232E2	9.223692E0
1.260000E1	-2.005684E2	9.050479E0
1.264000E1	-2.008049E2	9.036300E0
1.268000E1	-2.016903E2	8.462480E0
1.272000E1	-2.019002E2	9.252383E0
1.276000E1	-2.023721E2	8.537357E0
1.280000E1	-2.030302E2	5.904755E0
1.284000E1	-2.032711E2	6.239902E0
1.288000E1	-2.034329E2	6.438008E0
1.292000E1	-2.037517E2	6.198445E0
1.296000E1	-2.047965E2	6.311444E0
1.300000E1	-2.054130E2	6.507713E0
1.304000E1	-2.052652E2	6.465788E0
1.308000E1	-2.062538E2	6.225556E0
1.312000E1	-2.069279E2	6.555693E0
1.316000E1	-2.067239E2	6.644037E0
1.320000E1	-2.072470E2	9.203615E0
1.324000E1	-2.081600E2	9.385531E0
1.328000E1	-2.089297E2	9.564502E0
1.332000E1	-2.100288E2	8.436226E0
1.336000E1	-2.097112E2	9.756278E0
1.340000E1	-2.101378E2	9.829313E0
1.344000E1	-2.108212E2	7.678378E0
1.348000E1	-2.109426E2	6.635011E0
1.352000E1	-2.114141E2	6.721072E0
1.356000E1	-2.115681E2	6.777361E0
1.360000E1	-2.128871E2	6.418658E0
1.364000E1	-2.141733E2	6.698184E0
1.368000E1	-2.146965E2	6.873896E0
1.372000E1	-2.148765E2	6.599075E0
1.376000E1	-2.158333E2	6.831777E0
1.380000E1	-2.163835E2	6.931607E0
1.384000E1	-2.166182E2	7.247554E0
1.388000E1	-2.165375E2	1.000442E1
1.392000E1	-2.173264E2	9.501836E0
1.396000E1	-2.176151E2	9.390214E0
1.400000E1	-2.181344E2	8.634480E0
1.404000E1	-2.180016E2	9.840187E0
1.408000E1	-2.185306E2	9.817849E0
1.412000E1	-2.195009E2	6.660298E0
1.416000E1	-2.199397E2	7.038611E0
1.420000E1	-2.201917E2	7.081340E0
1.424000E1	-2.204180E2	6.948305E0
1.428000E1	-2.219425E2	6.941146E0
1.432000E1	-2.228174E2	7.206561E0
1.436000E1	-2.230185E2	7.181102E0
1.440000E1	-2.238818E2	6.867795E0
1.444000E1	-2.245136E2	7.189158E0
1.448000E1	-2.244910E2	7.223005E0
1.452000E1	-2.247676E2	9.211730E0
1.456000E1	-2.250634E2	9.987560E0
1.460000E1	-2.256880E2	9.896665E0
1.464000E1	-2.265882E2	8.973637E0
1.468000E1	-2.267673E2	9.931188E0
1.472000E1	-2.271054E2	9.809065E0
1.476000E1	-2.279182E2	8.370824E0
1.480000E1	-2.286623E2	7.270201E0
1.484000E1	-2.293568E2	7.395034E0
1.488000E1	-2.296626E2	7.502849E0
1.492000E1	-2.309526E2	7.091755E0
1.496000E1	-2.323488E2	7.407243E0
1.500000E1	-2.329060E2	7.516942E0
1.504000E1	-2.332063E2	7.314897E0
1.508000E1	-2.341069E2	7.479448E0
1.512000E1	-2.344806E2	7.624169E0
1.516000E1	-2.347410E2	7.835140E0
1.520000E1	-2.347918E2	1.047857E1
1.524000E1	-2.350487E2	1.014355E1
1.528000E1	-2.352689E2	1.003754E1
1.532000E1	-2.358231E2	9.522455E0
1.536000E1	-2.355889E2	9.968954E0
1.540000E1	-2.356016E2	9.979034E0
1.544000E1	-2.361592E2	7.380127E0
1.548000E1	-2.368405E2	7.667477E0
1.552000E1	-2.374610E2	7.846060E0
1.556000E1	-2.377170E2	7.554409E0
1.560000E1	-2.382061E2	7.570914E0
1.564000E1	-2.373886E2	7.701991E0
1.568000E1	-2.362815E2	7.567424E0
1.572000E1	-2.363234E2	7.460713E0
1.576000E1	-2.372105E2	7.595722E0
1.580000E1	-2.374602E2	7.615212E0
1.584000E1	-2.378916E2	9.724582E0
1.588000E1	-2.378313E2	1.028612E1
1.592000E1	-2.381993E2	1.002701E1
1.596000E1	-2.387436E2	9.465118E0
1.600000E1	-2.383410E2	1.055021E1
1.604000E1	-2.387912E2	9.696428E0
1.608000E1	-2.394448E2	7.912013E0
1.612000E1	-2.400544E2	7.985116E0
1.616000E1	-2.408150E2	7.716537E0
1.620000E1	-2.412713E2	7.854361E0
1.624000E1	-2.430100E2	7.461444E0
1.628000E1	-2.452608E2	7.734398E0
1.632000E1	-2.472150E2	7.891201E0
1.636000E1	-2.488807E2	7.715490E0
1.640000E1	-2.502369E2	7.869116E0
1.644000E1	-2.509123E2	7.960287E0
1.648000E1	-2.492074E2	7.912872E0
1.652000E1	-2.488670E2	1.068083E1
1.656000E1	-2.493194E2	1.037011E1
1.660000E1	-2.495596E2	1.027018E1
1.664000E1	-2.502613E2	9.611357E0
1.668000E1	-2.500383E2	1.084405E1
1.672000E1	-2.502128E2	1.052536E1
1.676000E1	-2.511983E2	7.559344E0
1.680000E1	-2.521059E2	7.773139E0
1.684000E1	-2.524294E2	7.831936E0
1.688000E1	-2.528052E2	7.780178E0
1.692000E1	-2.545994E2	7.657916E0
1.696000E1	-2.567476E2	7.709122E0
1.700000E1	-2.568961E2	7.667791E0
1.704000E1	-2.566683E2	7.564212E0
1.708000E1	-2.569423E2	7.720235E0
1.712000E1	-2.567089E2	7.785298E0
1.716000E1	-2.573587E2	9.567246E0
1.720000E1	-2.579486E2	1.038178E1
1.724000E1	-2.590961E2	1.050831E1
1.728000E1	-2.603633E2	9.397995E0
1.732000E1	-2.606919E2	1.039673E1
1.736000E1	-2.610354E2	1.026524E1
1.740000E1	-2.617534E2	9.498308E0
1.744000E1	-2.625478E2	7.652042E0
1.748000E1	-2.635804E2	7.602667E0
1.752000E1	-2.638736E2	7.659757E0
1.756000E1	-2.649335E2	7.215615E0
1.760000E1	-2.665349E2	7.543620E0
1.764000E1	-2.675255E2	7.733829E0
1.768000E1	-2.678865E2	7.482795E0
1.772000E1	-2.689872E2	7.623701E0
1.776000E1	-2.702509E2	7.791732E0
1.780000E1	-2.713255E2	7.814585E0
1.784000E1	-2.721139E2	1.052002E1
1.788000E1	-2.738243E2	9.994968E0
1.792000E1	-2.752692E2	9.836685E0
1.796000E1	-2.765096E2	9.202598E0
1.800000E1	-2.767572E2	9.784130E0
1.804000E1	-2.769263E2	9.697500E0
1.808000E1	-2.775125E2	7.148386E0
1.812000E1	-2.777752E2	7.557354E0
1.816000E1	-2.783746E2	7.540154E0
1.820000E1	-2.787845E2	7.436905E0
1.824000E1	-2.801973E2	7.271786E0
1.828000E1	-2.809349E2	7.559263E0
1.832000E1	-2.809946E2	7.517206E0
1.836000E1	-2.818931E2	7.254070E0
1.840000E1	-2.826374E2	7.544135E0
1.844000E1	-2.829676E2	7.637523E0
1.848000E1	-2.833897E2	8.963363E0
1.852000E1	-2.833135E2	1.019315E1
1.856000E1	-2.834977E2	9.888172E0
1.860000E1	-2.841190E2	9.240303E0
1.864000E1	-2.835800E2	1.026990E1
1.868000E1	-2.835824E2	1.027560E1
1.872000E1	-2.840554E2	9.039169E0
1.876000E1	-2.848137E2	7.500632E0
1.880000E1	-2.853263E2	7.643848E0
1.884000E1	-2.855747E2	7.694459E0
1.888000E1	-2.866053E2	7.253024E0
1.892000E1	-2.877729E2	7.587503E0
1.896000E1	-2.880204E2	7.762426E0
1.900000E1	-2.881344E2	7.531255E0
1.904000E1	-2.885787E2	7.629589E0
1.908000E1	-2.888820E2	7.705435E0
1.912000E1	-2.888830E2	7.838487E0
1.916000E1	-2.885677E2	1.089245E1
1.920000E1	-2.891631E2	1.037419E1
1.924000E1	-2.893823E2	1.031267E1
1.928000E1	-2.902128E2	9.438970E0
1.932000E1	-2.896906E2	1.062386E1
1.936000E1	-2.898564E2	1.033457E1
1.940000E1	-2.907603E2	7.390548E0
1.944000E1	-2.911237E2	7.690344E0
1.948000E1	-2.912545E2	7.702685E0
1.952000E1	-2.913362E2	7.650430E0
1.956000E1	-2.925190E2	7.634702E0
1.960000E1	-2.931222E2	7.802177E0
1.964000E1	-2.930580E2	7.690357E0
1.968000E1	-2.938621E2	7.488819E0
1.972000E1	-2.944098E2	7.739438E0
1.976000E1	-2.939028E2	7.895620E0
1.980000E1	-2.942048E2	9.556566E0
1.984000E1	-2.943945E2	1.054139E1
1.988000E1	-2.946329E2	1.075664E1
1.992000E1	-2.954046E2	9.755489E0
1.996000E1	-2.951953E2	1.101719E1
2.000000E1	-2.954181E2	1.100126E1
