	mass A		
t	x	y	
0.000000E0	-4.036808E-4	5.580776E-4
4.000000E-2	-4.095460E-4	8.120377E-4
8.000000E-2	7.372552E-4	5.181112E-3
1.200000E-1	-3.867278E-3	2.434518E-2
1.600000E-1	-5.806495E-2	-4.642133E-2
2.000000E-1	-8.454271E-2	-1.134270E-1
2.400000E-1	-1.323279E-1	-1.130976E-1
2.800000E-1	-1.682947E-1	-1.055096E-1
3.200000E-1	-2.209159E-1	-1.186434E-1
3.600000E-1	-2.740225E-1	-1.163330E-1
4.000000E-1	-3.108246E-1	-1.130322E-1
4.400000E-1	-3.600249E-1	-1.205511E-1
4.800000E-1	-4.333373E-1	-1.168195E-1
5.200000E-1	-4.987200E-1	-1.171656E-1
5.600000E-1	-5.152366E-1	-1.142005E-1
6.000000E-1	-5.407321E-1	1.283918E-2
6.400000E-1	-6.010250E-1	1.848740E-2
6.800000E-1	-6.515419E-1	-3.714369E-3
7.200000E-1	-6.730548E-1	-1.331453E-2
7.600000E-1	-6.777063E-1	3.533926E-2
8.000000E-1	-7.057266E-1	2.297140E-2
8.400000E-1	-7.355443E-1	-8.056992E-2
8.800000E-1	-7.556283E-1	-1.138236E-1
9.200000E-1	-8.119962E-1	-7.693226E-2
9.600000E-1	-8.783901E-1	-1.035647E-1
1.000000E0	-9.435599E-1	-1.128498E-1
1.040000E0	-1.040127E0	-1.098594E-1
1.080000E0	-1.133948E0	-1.085232E-1
1.120000E0	-1.249655E0	-1.148896E-1
1.160000E0	-1.353636E0	-1.070042E-1
1.200000E0	-1.375166E0	-1.080762E-1
1.240000E0	-1.326468E0	-8.910009E-2
1.280000E0	-1.337317E0	8.543709E-3
1.320000E0	-1.383718E0	1.459926E-2
1.360000E0	-1.433394E0	-1.012289E-2
1.400000E0	-1.455801E0	-8.853136E-3
1.440000E0	-1.468527E0	2.701831E-2
1.480000E0	-1.480929E0	6.887805E-3
1.520000E0	-1.507204E0	-1.057236E-1
1.560000E0	-1.525589E0	-1.122518E-1
1.600000E0	-1.540345E0	-1.032299E-1
1.640000E0	-1.557169E0	-1.038428E-1
1.680000E0	-1.639621E0	-1.174982E-1
1.720000E0	-1.737412E0	-1.133671E-1
1.760000E0	-1.819077E0	-1.100813E-1
1.800000E0	-1.902461E0	-1.164621E-1
1.840000E0	-1.989614E0	-1.096742E-1
1.880000E0	-2.087558E0	-1.048079E-1
1.920000E0	-2.174323E0	-6.847445E-2
1.960000E0	-2.233384E0	8.085358E-3
2.000000E0	-2.294697E0	1.639589E-2
2.040000E0	-2.351834E0	-5.643594E-3
2.080000E0	-2.380251E0	2.165399E-2
2.120000E0	-2.408383E0	3.145654E-2
2.160000E0	-2.421515E0	1.190039E-2
2.200000E0	-2.436993E0	-1.093166E-1
2.240000E0	-2.486010E0	-9.772917E-2
2.280000E0	-2.537261E0	-6.734603E-2
2.320000E0	-2.593891E0	-1.002543E-1
2.360000E0	-2.659783E0	-8.622235E-2
2.400000E0	-2.722571E0	-9.606681E-2
2.440000E0	-2.761967E0	-9.780195E-2
2.480000E0	-2.822622E0	-1.050530E-1
2.520000E0	-2.873830E0	-9.658685E-2
2.560000E0	-2.900673E0	-9.614655E-2
2.600000E0	-2.923596E0	-1.569798E-3
2.640000E0	-2.967527E0	1.527223E-2
2.680000E0	-3.031709E0	2.089547E-2
2.720000E0	-3.099222E0	8.694502E-4
2.760000E0	-3.138575E0	5.419517E-2
2.800000E0	-3.193254E0	2.397984E-2
2.840000E0	-3.247485E0	-3.975576E-3
2.880000E0	-3.282765E0	-9.217900E-2
2.920000E0	-3.320504E0	-7.948757E-2
2.960000E0	-3.333476E0	-7.045363E-2
3.000000E0	-3.358376E0	-1.020697E-1
3.040000E0	-3.407468E0	-9.551918E-2
3.080000E0	-3.425551E0	-9.269999E-2
3.120000E0	-3.434075E0	-9.453745E-2
3.160000E0	-3.487328E0	-9.765329E-2
3.200000E0	-3.534586E0	-9.152285E-2
3.240000E0	-3.561484E0	-9.009332E-2
3.280000E0	-3.594979E0	4.642139E-2
3.320000E0	-3.655916E0	5.297589E-2
3.360000E0	-3.769154E0	3.866917E-2
3.400000E0	-3.891418E0	1.135315E-2
3.440000E0	-4.008110E0	7.546710E-2
3.480000E0	-4.159907E0	4.675370E-2
3.520000E0	-4.326925E0	-4.089437E-3
3.560000E0	-4.383557E0	-8.228815E-2
3.600000E0	-4.322645E0	-6.100390E-2
3.640000E0	-4.280018E0	-6.630770E-2
3.680000E0	-4.315357E0	-8.810567E-2
3.720000E0	-4.372910E0	-8.592365E-2
3.760000E0	-4.422538E0	-7.694945E-2
3.800000E0	-4.485328E0	-8.301703E-2
3.840000E0	-4.556019E0	-7.184159E-2
3.880000E0	-4.606965E0	-7.363579E-2
3.920000E0	-4.632893E0	-6.118204E-2
3.960000E0	-4.647138E0	4.612383E-2
4.000000E0	-4.686906E0	5.391973E-2
4.040000E0	-4.747988E0	3.845265E-2
4.080000E0	-4.793936E0	2.807420E-2
4.120000E0	-4.826259E0	6.827594E-2
4.160000E0	-4.863503E0	6.356368E-2
4.200000E0	-4.919137E0	-5.322058E-2
4.240000E0	-4.956381E0	-6.372444E-2
4.280000E0	-5.003059E0	-6.882873E-3
4.320000E0	-5.075533E0	-4.685691E-2
4.360000E0	-5.182007E0	-5.189669E-2
4.400000E0	-5.316863E0	-5.124916E-2
4.440000E0	-5.451836E0	-5.745386E-2
4.480000E0	-5.601473E0	-6.201063E-2
4.520000E0	-5.747722E0	-5.147040E-2
4.560000E0	-5.905693E0	-4.894372E-2
4.600000E0	-6.061385E0	2.181353E-3
4.640000E0	-6.189163E0	6.270996E-2
4.680000E0	-6.351235E0	7.099683E-2
4.720000E0	-6.502919E0	5.506136E-2
4.760000E0	-6.619680E0	8.970297E-2
4.800000E0	-6.744305E0	8.143143E-2
4.840000E0	-6.872650E0	7.052851E-2
4.880000E0	-7.007602E0	-3.964215E-2
4.920000E0	-7.097296E0	-6.499168E-3
4.960000E0	-7.156187E0	3.441020E-2
5.000000E0	-7.223701E0	-3.547609E-2
5.040000E0	-7.307613E0	-1.721361E-2
5.080000E0	-7.374183E0	-2.143596E-2
5.120000E0	-7.421865E0	-2.331373E-2
5.160000E0	-7.481588E0	-2.562368E-2
5.200000E0	-7.520173E0	-1.871686E-2
5.240000E0	-7.529181E0	-1.897512E-2
5.280000E0	-7.551605E0	1.084554E-1
5.320000E0	-7.599216E0	1.166503E-1
5.360000E0	-7.693470E0	1.041812E-1
5.400000E0	-7.792592E0	8.746197E-2
5.440000E0	-7.898602E0	1.483248E-1
5.480000E0	-8.060794E0	1.238405E-1
5.520000E0	-8.254370E0	8.076647E-2
5.560000E0	-8.397998E0	1.562384E-2
5.600000E0	-8.506849E0	4.672698E-2
5.640000E0	-8.628439E0	6.774777E-2
5.680000E0	-8.765185E0	1.409834E-2
5.720000E0	-8.816357E0	2.324314E-2
5.760000E0	-8.783526E0	1.983683E-2
5.800000E0	-8.772885E0	1.168775E-2
5.840000E0	-8.784113E0	1.485871E-2
5.880000E0	-8.793509E0	1.650442E-2
5.920000E0	-8.793315E0	3.550943E-2
5.960000E0	-8.815424E0	1.261527E-1
6.000000E0	-8.863090E0	1.323566E-1
6.040000E0	-8.925202E0	1.127165E-1
6.080000E0	-8.958759E0	1.204155E-1
6.120000E0	-8.977892E0	1.435498E-1
6.160000E0	-8.995311E0	1.364809E-1
6.200000E0	-9.022070E0	2.764031E-2
6.240000E0	-9.053121E0	2.953371E-2
6.280000E0	-9.097010E0	7.857771E-2
6.320000E0	-9.178611E0	2.751958E-2
6.360000E0	-9.292838E0	3.655369E-2
6.400000E0	-9.428375E0	3.432487E-2
6.440000E0	-9.568604E0	3.540059E-2
6.480000E0	-9.726500E0	3.037324E-2
6.520000E0	-9.885297E0	4.036251E-2
6.560000E0	-1.005556E1	4.548062E-2
6.600000E0	-1.020490E1	1.270918E-1
6.640000E0	-1.035120E1	1.334794E-1
6.680000E0	-1.047645E1	1.570445E-1
6.720000E0	-1.057028E1	1.268738E-1
6.760000E0	-1.059530E1	1.776407E-1
6.800000E0	-1.061934E1	1.676122E-1
6.840000E0	-1.064426E1	1.313880E-1
6.880000E0	-1.065775E1	5.076938E-2
6.920000E0	-1.067537E1	8.102608E-2
6.960000E0	-1.066081E1	8.419814E-2
7.000000E0	-1.068312E1	3.986851E-2
7.040000E0	-1.072511E1	6.233550E-2
7.080000E0	-1.074334E1	5.497513E-2
7.120000E0	-1.074166E1	4.990292E-2
7.160000E0	-1.076699E1	5.612477E-2
7.200000E0	-1.078171E1	5.425982E-2
7.240000E0	-1.075896E1	5.212688E-2
7.280000E0	-1.075884E1	1.687523E-1
7.320000E0	-1.077660E1	1.625739E-1
7.360000E0	-1.079444E1	1.495229E-1
7.400000E0	-1.081534E1	1.367397E-1
7.440000E0	-1.081509E1	1.828636E-1
7.480000E0	-1.082809E1	1.673739E-1
7.520000E0	-1.084028E1	9.469588E-2
7.560000E0	-1.085387E1	7.982310E-2
7.600000E0	-1.085250E1	1.115921E-1
7.640000E0	-1.084671E1	6.991484E-2
7.680000E0	-1.090031E1	5.541163E-2
7.720000E0	-1.093376E1	7.461210E-2
7.760000E0	-1.092319E1	6.032456E-2
7.800000E0	-1.093689E1	5.571426E-2
7.840000E0	-1.095197E1	8.019620E-2
7.880000E0	-1.093507E1	6.282203E-2
7.920000E0	-1.092638E1	8.758106E-2
7.960000E0	-1.090326E1	1.685221E-1
8.000000E0	-1.090102E1	1.771812E-1
8.040000E0	-1.092229E1	1.487643E-1
8.080000E0	-1.091263E1	1.684427E-1
8.120000E0	-1.091142E1	1.757638E-1
8.160000E0	-1.091726E1	1.717973E-1
8.200000E0	-1.093121E1	5.155686E-2
8.240000E0	-1.093351E1	9.680150E-2
8.280000E0	-1.091763E1	1.454220E-1
8.320000E0	-1.094207E1	5.592288E-2
8.360000E0	-1.099922E1	8.337397E-2
8.400000E0	-1.102397E1	7.485132E-2
8.440000E0	-1.101470E1	6.493304E-2
8.480000E0	-1.103779E1	5.336637E-2
8.520000E0	-1.104139E1	6.668428E-2
8.560000E0	-1.101566E1	7.140345E-2
8.600000E0	-1.101039E1	1.745443E-1
8.640000E0	-1.102995E1	1.621264E-1
8.680000E0	-1.101778E1	1.841917E-1
8.720000E0	-1.104876E1	1.514798E-1
8.760000E0	-1.104268E1	2.129560E-1
8.800000E0	-1.106726E1	1.829024E-1
8.840000E0	-1.108202E1	1.477167E-1
8.880000E0	-1.109827E1	6.395252E-2
8.920000E0	-1.109612E1	1.303869E-1
8.960000E0	-1.108043E1	1.482167E-1
9.000000E0	-1.113282E1	5.333933E-2
9.040000E0	-1.116916E1	1.116016E-1
9.080000E0	-1.116962E1	1.041173E-1
9.120000E0	-1.116889E1	6.090793E-2
9.160000E0	-1.118406E1	6.911082E-2
9.200000E0	-1.117882E1	6.693646E-2
9.240000E0	-1.114810E1	7.786578E-2
9.280000E0	-1.113077E1	2.107543E-1
9.320000E0	-1.115499E1	1.829301E-1
9.360000E0	-1.117687E1	1.699487E-1
9.400000E0	-1.118279E1	1.758644E-1
9.440000E0	-1.119058E1	1.980746E-1
9.480000E0	-1.119875E1	1.977901E-1
9.520000E0	-1.122730E1	1.050821E-1
9.560000E0	-1.122607E1	7.608934E-2
9.600000E0	-1.120898E1	1.670874E-1
9.640000E0	-1.121747E1	1.525238E-1
9.680000E0	-1.128166E1	7.397245E-2
9.720000E0	-1.131638E1	1.049666E-1
9.760000E0	-1.130465E1	1.061624E-1
9.800000E0	-1.130598E1	6.289751E-2
9.840000E0	-1.131485E1	8.369424E-2
9.880000E0	-1.130202E1	7.483292E-2
9.920000E0	-1.128592E1	1.254740E-1
9.960000E0	-1.129132E1	1.953661E-1
1.000000E1	-1.131591E1	2.072339E-1
1.004000E1	-1.134344E1	1.761695E-1
1.008000E1	-1.134063E1	2.060836E-1
1.012000E1	-1.135029E1	2.093201E-1
1.016000E1	-1.137278E1	1.934712E-1
1.020000E1	-1.137233E1	1.032928E-1
1.024000E1	-1.135217E1	1.446634E-1
1.028000E1	-1.132456E1	2.191887E-1
1.032000E1	-1.135441E1	1.281173E-1
1.036000E1	-1.141338E1	1.118625E-1
1.040000E1	-1.142774E1	1.375876E-1
1.044000E1	-1.140705E1	1.073109E-1
1.048000E1	-1.141411E1	7.623977E-2
1.052000E1	-1.142662E1	8.361162E-2
1.056000E1	-1.141188E1	9.314114E-2
1.060000E1	-1.139542E1	2.000056E-1
1.064000E1	-1.141378E1	1.952827E-1
1.068000E1	-1.143415E1	2.081893E-1
1.072000E1	-1.145077E1	1.849027E-1
1.076000E1	-1.144861E1	2.329756E-1
1.080000E1	-1.146896E1	2.302593E-1
1.084000E1	-1.150346E1	1.726013E-1
1.088000E1	-1.150671E1	9.909971E-2
1.092000E1	-1.150180E1	1.668409E-1
1.096000E1	-1.148234E1	2.241488E-1
1.100000E1	-1.152537E1	1.157415E-1
1.104000E1	-1.157269E1	8.358899E-2
1.108000E1	-1.156867E1	1.243057E-1
1.112000E1	-1.155088E1	1.089103E-1
1.116000E1	-1.156003E1	8.622519E-2
1.120000E1	-1.155868E1	9.225706E-2
1.124000E1	-1.154018E1	9.114233E-2
1.128000E1	-1.153417E1	2.232073E-1
1.132000E1	-1.155754E1	1.954527E-1
1.136000E1	-1.157198E1	1.939179E-1
1.140000E1	-1.158271E1	1.933257E-1
1.144000E1	-1.157382E1	2.305934E-1
1.148000E1	-1.158325E1	2.402007E-1
1.152000E1	-1.162142E1	1.444570E-1
1.156000E1	-1.160696E1	1.212311E-1
1.160000E1	-1.159564E1	2.151891E-1
1.164000E1	-1.159797E1	2.187502E-1
1.168000E1	-1.167186E1	8.565074E-2
1.172000E1	-1.170611E1	9.320647E-2
1.176000E1	-1.168667E1	1.487069E-1
1.180000E1	-1.168809E1	8.717165E-2
1.184000E1	-1.168984E1	1.041699E-1
1.188000E1	-1.167873E1	9.357263E-2
1.192000E1	-1.166345E1	1.263383E-1
1.196000E1	-1.165779E1	2.276781E-1
1.200000E1	-1.167929E1	2.161833E-1
1.204000E1	-1.169864E1	1.938067E-1
1.208000E1	-1.169737E1	2.197757E-1
1.212000E1	-1.170135E1	2.282200E-1
1.216000E1	-1.171436E1	2.266964E-1
1.220000E1	-1.173140E1	1.190569E-1
1.224000E1	-1.171609E1	1.483495E-1
1.228000E1	-1.168934E1	2.686139E-1
1.232000E1	-1.171163E1	2.184991E-1
1.236000E1	-1.179097E1	9.163154E-2
1.240000E1	-1.180456E1	1.194086E-1
1.244000E1	-1.177825E1	1.645674E-1
1.248000E1	-1.178478E1	9.262136E-2
1.252000E1	-1.178216E1	1.190061E-1
1.256000E1	-1.175959E1	1.059304E-1
1.260000E1	-1.174714E1	1.957330E-1
1.264000E1	-1.175607E1	2.294106E-1
1.268000E1	-1.177171E1	2.338629E-1
1.272000E1	-1.178289E1	1.923853E-1
1.276000E1	-1.177731E1	2.461622E-1
1.280000E1	-1.179078E1	2.365237E-1
1.284000E1	-1.181464E1	2.112235E-1
1.288000E1	-1.181966E1	1.251133E-1
1.292000E1	-1.180792E1	1.947263E-1
1.296000E1	-1.178628E1	2.716499E-1
1.300000E1	-1.182263E1	1.746135E-1
1.304000E1	-1.188473E1	1.059894E-1
1.308000E1	-1.189041E1	1.505883E-1
1.312000E1	-1.186559E1	1.511924E-1
1.316000E1	-1.187544E1	1.091225E-1
1.320000E1	-1.186497E1	1.244703E-1
1.324000E1	-1.183402E1	1.131070E-1
1.328000E1	-1.181726E1	2.408733E-1
1.332000E1	-1.183047E1	2.162945E-1
1.336000E1	-1.184200E1	2.287104E-1
1.340000E1	-1.185341E1	2.056414E-1
1.344000E1	-1.184755E1	2.536061E-1
1.348000E1	-1.185003E1	2.484118E-1
1.352000E1	-1.187150E1	1.835348E-1
1.356000E1	-1.187285E1	1.421076E-1
1.360000E1	-1.185581E1	2.339294E-1
1.364000E1	-1.184641E1	2.470798E-1
1.368000E1	-1.190849E1	1.166409E-1
1.372000E1	-1.195018E1	1.118764E-1
1.376000E1	-1.192737E1	1.768111E-1
1.380000E1	-1.191996E1	1.118253E-1
1.384000E1	-1.191497E1	1.293264E-1
1.388000E1	-1.190566E1	1.208986E-1
1.392000E1	-1.188708E1	1.373383E-1
1.396000E1	-1.187471E1	2.582051E-1
1.400000E1	-1.189145E1	2.286250E-1
1.404000E1	-1.189755E1	2.157952E-1
1.408000E1	-1.190265E1	2.305948E-1
1.412000E1	-1.190588E1	2.485245E-1
1.416000E1	-1.191276E1	2.540415E-1
1.420000E1	-1.193477E1	1.437172E-1
1.424000E1	-1.192507E1	1.694187E-1
1.428000E1	-1.189835E1	2.865649E-1
1.432000E1	-1.191331E1	2.323366E-1
1.436000E1	-1.198841E1	1.084562E-1
1.440000E1	-1.201220E1	1.334332E-1
1.444000E1	-1.197825E1	1.921912E-1
1.448000E1	-1.199007E1	1.105739E-1
1.452000E1	-1.198355E1	1.387511E-1
1.456000E1	-1.196169E1	1.249151E-1
1.460000E1	-1.194666E1	1.923415E-1
1.464000E1	-1.193950E1	2.662184E-1
1.468000E1	-1.195338E1	2.457756E-1
1.472000E1	-1.196584E1	2.220173E-1
1.476000E1	-1.196215E1	2.522049E-1
1.480000E1	-1.196472E1	2.550710E-1
1.484000E1	-1.198494E1	2.335657E-1
1.488000E1	-1.198859E1	1.437114E-1
1.492000E1	-1.197947E1	2.054981E-1
1.496000E1	-1.195907E1	2.875821E-1
1.500000E1	-1.199073E1	1.929630E-1
1.504000E1	-1.205038E1	1.255549E-1
1.508000E1	-1.204956E1	1.596198E-1
1.512000E1	-1.202712E1	1.763767E-1
1.516000E1	-1.203860E1	1.240714E-1
1.520000E1	-1.203347E1	1.455736E-1
1.524000E1	-1.201039E1	1.267851E-1
1.528000E1	-1.201143E1	2.483040E-1
1.532000E1	-1.202418E1	2.327996E-1
1.536000E1	-1.202800E1	2.506457E-1
1.540000E1	-1.203772E1	2.270641E-1
1.544000E1	-1.203476E1	2.665587E-1
1.548000E1	-1.203043E1	2.659019E-1
1.552000E1	-1.204712E1	2.015553E-1
1.556000E1	-1.205042E1	1.748072E-1
1.560000E1	-1.203598E1	2.611204E-1
1.564000E1	-1.202733E1	2.618134E-1
1.568000E1	-1.207668E1	1.474313E-1
1.572000E1	-1.211723E1	1.252265E-1
1.576000E1	-1.208505E1	2.019008E-1
1.580000E1	-1.208548E1	1.358397E-1
1.584000E1	-1.208203E1	1.433349E-1
1.588000E1	-1.207411E1	1.492158E-1
1.592000E1	-1.205573E1	1.483029E-1
1.596000E1	-1.204121E1	2.743117E-1
1.600000E1	-1.206494E1	2.345796E-1
1.604000E1	-1.206462E1	2.337089E-1
1.608000E1	-1.206757E1	2.444747E-1
1.612000E1	-1.206908E1	2.637735E-1
1.616000E1	-1.207073E1	2.677068E-1
1.620000E1	-1.208789E1	1.669133E-1
1.624000E1	-1.208186E1	1.953137E-1
1.628000E1	-1.205734E1	2.955151E-1
1.632000E1	-1.207182E1	2.382281E-1
1.636000E1	-1.213450E1	1.270282E-1
1.640000E1	-1.214914E1	1.542217E-1
1.644000E1	-1.211576E1	2.047877E-1
1.648000E1	-1.212489E1	1.250621E-1
1.652000E1	-1.211593E1	1.580849E-1
1.656000E1	-1.210698E1	1.445518E-1
1.660000E1	-1.209205E1	2.064735E-1
1.664000E1	-1.207795E1	2.676445E-1
1.668000E1	-1.209611E1	2.595760E-1
1.672000E1	-1.210910E1	2.225488E-1
1.676000E1	-1.210004E1	2.714897E-1
1.680000E1	-1.210771E1	2.639140E-1
1.684000E1	-1.211543E1	2.515836E-1
1.688000E1	-1.212551E1	1.562846E-1
1.692000E1	-1.211544E1	2.304436E-1
1.696000E1	-1.209549E1	3.135713E-1
1.700000E1	-1.212813E1	2.191520E-1
1.704000E1	-1.217176E1	1.547341E-1
1.708000E1	-1.217085E1	2.020612E-1
1.712000E1	-1.215433E1	1.967096E-1
1.716000E1	-1.215075E1	1.453353E-1
1.720000E1	-1.214998E1	1.733544E-1
1.724000E1	-1.212032E1	1.620457E-1
1.728000E1	-1.210529E1	2.596219E-1
1.732000E1	-1.210670E1	2.797029E-1
1.736000E1	-1.211688E1	2.578322E-1
1.740000E1	-1.212365E1	2.564990E-1
1.744000E1	-1.212191E1	2.701116E-1
1.748000E1	-1.212518E1	2.771755E-1
1.752000E1	-1.213352E1	2.218129E-1
1.756000E1	-1.213317E1	2.016676E-1
1.760000E1	-1.212067E1	2.917026E-1
1.764000E1	-1.211554E1	2.784299E-1
1.768000E1	-1.216996E1	1.607840E-1
1.772000E1	-1.219966E1	1.756326E-1
1.776000E1	-1.217924E1	2.296976E-1
1.780000E1	-1.218096E1	1.598086E-1
1.784000E1	-1.218012E1	1.731834E-1
1.788000E1	-1.217086E1	1.836716E-1
1.792000E1	-1.213914E1	1.749688E-1
1.796000E1	-1.211633E1	2.991857E-1
1.800000E1	-1.213526E1	2.638659E-1
1.804000E1	-1.213996E1	2.657367E-1
1.808000E1	-1.214070E1	2.804648E-1
1.812000E1	-1.214012E1	2.902819E-1
1.816000E1	-1.214256E1	2.790102E-1
1.820000E1	-1.215418E1	1.998645E-1
1.824000E1	-1.214727E1	2.258491E-1
1.828000E1	-1.213539E1	3.113971E-1
1.832000E1	-1.214453E1	2.801656E-1
1.836000E1	-1.220435E1	1.756703E-1
1.840000E1	-1.222769E1	2.024279E-1
1.844000E1	-1.220531E1	2.355233E-1
1.848000E1	-1.220330E1	1.806143E-1
1.852000E1	-1.220520E1	1.977851E-1
1.856000E1	-1.218010E1	1.877097E-1
1.860000E1	-1.216284E1	2.043113E-1
1.864000E1	-1.215581E1	2.931545E-1
1.868000E1	-1.217995E1	2.683350E-1
1.872000E1	-1.217768E1	2.642091E-1
1.876000E1	-1.217693E1	2.777131E-1
1.880000E1	-1.218634E1	2.858501E-1
1.884000E1	-1.219047E1	2.758652E-1
1.888000E1	-1.218314E1	1.904790E-1
1.892000E1	-1.216882E1	2.558010E-1
1.896000E1	-1.215838E1	3.318698E-1
1.900000E1	-1.219025E1	2.316555E-1
1.904000E1	-1.223429E1	2.115794E-1
1.908000E1	-1.223010E1	2.480722E-1
1.912000E1	-1.222023E1	2.016999E-1
1.916000E1	-1.221944E1	2.002345E-1
1.920000E1	-1.221951E1	2.162797E-1
1.924000E1	-1.219244E1	2.061188E-1
1.928000E1	-1.217698E1	2.614881E-1
1.932000E1	-1.218867E1	2.843537E-1
1.936000E1	-1.219321E1	2.818758E-1
1.940000E1	-1.219745E1	2.737155E-1
1.944000E1	-1.219462E1	2.935316E-1
1.948000E1	-1.219464E1	2.985540E-1
1.952000E1	-1.220041E1	2.506334E-1
1.956000E1	-1.219944E1	2.254754E-1
1.960000E1	-1.219179E1	3.101052E-1
1.964000E1	-1.218869E1	3.090279E-1
1.968000E1	-1.223155E1	2.057139E-1
1.972000E1	-1.225186E1	2.366436E-1
1.976000E1	-1.223582E1	2.602796E-1
1.980000E1	-1.223238E1	2.091346E-1
1.984000E1	-1.224035E1	2.217495E-1
1.988000E1	-1.223514E1	2.297116E-1
1.992000E1	-1.220616E1	2.151248E-1
1.996000E1	-1.218493E1	2.970724E-1
2.000000E1	-1.220702E1	2.754712E-1
