	mass A		
t	x	y	
0.000000E0	0.000000E0	-2.557877E-2
2.000000E-2	-1.263763E-2	-1.657543E-1
4.000000E-2	2.507956E-2	-1.882904E-1
6.000000E-2	2.696086E-1	-3.873884E-2
8.000000E-2	7.347108E-1	2.898582E-1
1.000000E-1	9.632861E-1	5.953014E-1
1.200000E-1	9.898958E-1	5.846383E-1
1.400000E-1	9.975920E-1	5.125753E-1
1.600000E-1	1.015624E0	4.245915E-1
1.800000E-1	1.120323E0	3.967150E-1
2.000000E-1	1.556107E0	4.899172E-1
2.200000E-1	2.114427E0	7.007009E-1
2.400000E-1	2.206195E0	6.747510E-1
2.600000E-1	2.076052E0	4.666084E-1
2.800000E-1	1.869948E0	5.091873E-2
3.000000E-1	2.102150E0	-2.900237E-1
3.200000E-1	2.372112E0	-4.104263E-1
3.400000E-1	2.582781E0	-4.086997E-1
3.600000E-1	2.795217E0	-3.964828E-1
3.800000E-1	2.886817E0	-3.343962E-1
4.000000E-1	3.220239E0	-2.455975E-1
4.200000E-1	3.366710E0	1.050301E-2
4.400000E-1	3.502701E0	2.246213E-1
4.600000E-1	3.816779E0	2.990085E-1
4.800000E-1	4.199279E0	2.469151E-1
5.000000E-1	4.270188E0	-1.766032E-1
5.200000E-1	4.169508E0	-4.512845E-1
5.400000E-1	4.234148E0	-3.854740E-1
5.600000E-1	4.327303E0	-1.009504E-1
5.800000E-1	4.276120E0	3.824762E-2
6.000000E-1	4.273047E0	-4.104611E-2
6.200000E-1	4.285272E0	-9.094501E-2
6.400000E-1	4.239444E0	-4.423273E-2
6.600000E-1	4.240185E0	-1.687100E-2
6.800000E-1	4.271124E0	-1.374962E-3
7.000000E-1	4.312901E0	-6.300471E-3
7.200000E-1	4.360760E0	-1.117025E-2
7.400000E-1	4.563035E0	-1.215845E-2
7.600000E-1	4.676321E0	-6.393344E-2
7.800000E-1	4.975925E0	-1.083122E-1
8.000000E-1	5.256582E0	-3.957031E-2
8.200000E-1	5.520416E0	-3.200727E-2
8.400000E-1	5.554418E0	-7.385265E-3
8.600000E-1	5.442585E0	2.050350E-2
8.800000E-1	5.493111E0	-1.920430E-2
9.000000E-1	5.554479E0	-6.540519E-3
9.200000E-1	5.607595E0	8.472613E-2
9.400000E-1	5.617391E0	1.629177E-1
9.600000E-1	5.641885E0	1.535937E-1
9.800000E-1	5.802656E0	1.865297E-1
1.000000E0	6.259915E0	1.735936E-1
1.020000E0	6.521186E0	2.911009E-1
1.040000E0	6.426466E0	5.214908E-1
1.060000E0	6.361183E0	5.425207E-1
1.080000E0	6.378486E0	3.766091E-1
1.100000E0	6.490807E0	-1.031048E-1
1.120000E0	6.520190E0	-4.303871E-1
1.140000E0	6.551220E0	-4.440405E-1
1.160000E0	6.648304E0	-2.188173E-1
1.180000E0	6.886450E0	2.538001E-1
1.200000E0	7.217598E0	3.980829E-1
1.220000E0	7.243582E0	3.438714E-1
1.240000E0	7.318208E0	-7.526268E-2
1.260000E0	7.560512E0	-2.855858E-1
1.280000E0	8.047654E0	-3.590682E-1
1.300000E0	8.544613E0	-3.849868E-1
1.320000E0	8.703132E0	-2.573513E-1
1.340000E0	8.573052E0	-4.946655E-2
1.360000E0	8.436890E0	3.223080E-2
1.380000E0	8.370648E0	1.204798E-2
1.400000E0	8.755790E0	-2.800472E-2
1.420000E0	9.188685E0	-2.345849E-1
1.440000E0	9.569577E0	-5.952505E-1
1.460000E0	1.001172E1	-7.739737E-1
1.480000E0	1.026161E1	-7.672945E-1
1.500000E0	1.021835E1	-6.138391E-1
1.520000E0	1.023844E1	-4.857641E-1
1.540000E0	1.034463E1	-4.078714E-1
1.560000E0	1.042496E1	-4.335211E-1
1.580000E0	1.045288E1	-4.233371E-1
1.600000E0	1.077377E1	-3.730368E-1
1.620000E0	1.098516E1	-4.676009E-1
1.640000E0	1.140561E1	-4.867373E-1
1.660000E0	1.194852E1	-5.022931E-1
1.680000E0	1.260195E1	-4.124421E-1
1.700000E0	1.318363E1	-3.647269E-1
1.720000E0	1.371960E1	-3.764631E-1
1.740000E0	1.406608E1	-4.384083E-1
1.760000E0	1.391624E1	-5.394592E-1
1.780000E0	1.378501E1	-8.089459E-1
1.800000E0	1.378827E1	-9.706275E-1
1.820000E0	1.381011E1	-9.425553E-1
1.840000E0	1.381725E1	-8.835962E-1
1.860000E0	1.342358E1	-8.025631E-1
1.880000E0	1.306516E1	-7.490736E-1
1.900000E0	1.314068E1	-6.803828E-1
1.920000E0	1.350379E1	-6.480413E-1
1.940000E0	1.384506E1	-5.517515E-1
1.960000E0	1.420213E1	-2.064956E-1
1.980000E0	1.430218E1	6.293100E-2
2.000000E0	1.427407E1	7.330821E-2
2.020000E0	1.427950E1	-3.148128E-1
2.040000E0	1.440355E1	-9.612241E-1
2.060000E0	1.437321E1	-9.881415E-1
2.080000E0	1.440216E1	-7.100714E-1
2.100000E0	1.443098E1	-4.473142E-1
2.120000E0	1.439487E1	-4.988108E-1
2.140000E0	1.432762E1	-8.316460E-1
2.160000E0	1.437039E1	-1.090892E0
2.180000E0	1.451551E1	-1.043067E0
2.200000E0	1.453568E1	-1.024584E0
2.220000E0	1.450433E1	-1.037530E0
2.240000E0	1.457948E1	-1.101758E0
2.260000E0	1.463603E1	-1.118975E0
2.280000E0	1.476292E1	-1.025527E0
2.300000E0	1.475849E1	-8.159487E-1
2.320000E0	1.497519E1	-5.034358E-1
2.340000E0	1.537895E1	-3.229100E-1
2.360000E0	1.551427E1	-3.552346E-1
2.380000E0	1.555458E1	-4.885383E-1
2.400000E0	1.568018E1	-5.901993E-1
2.420000E0	1.606339E1	-6.499959E-1
2.440000E0	1.625210E1	-5.560899E-1
2.460000E0	1.635006E1	-4.589522E-1
2.480000E0	1.637205E1	-1.625999E-1
2.500000E0	1.629915E1	1.150812E-1
2.520000E0	1.637724E1	1.283680E-1
2.540000E0	1.662544E1	1.068608E-1
2.560000E0	1.656710E1	-1.980993E-2
2.580000E0	1.669423E1	-2.389013E-1
2.600000E0	1.718222E1	-2.848860E-1
2.620000E0	1.761260E1	-6.666971E-1
2.640000E0	1.807179E1	-8.514416E-1
2.660000E0	1.854329E1	-1.068852E0
2.680000E0	1.872324E1	-9.806753E-1
2.700000E0	1.892906E1	-7.043411E-1
2.720000E0	1.891729E1	-5.236877E-1
2.740000E0	1.892896E1	-5.174301E-1
2.760000E0	1.893803E1	-5.189129E-1
2.780000E0	1.891890E1	-5.148510E-1
2.800000E0	1.886936E1	-5.520064E-1
2.820000E0	1.888919E1	-5.297525E-1
2.840000E0	1.891852E1	-5.324935E-1
2.860000E0	1.925714E1	-4.853268E-1
2.880000E0	1.946529E1	-4.238422E-1
2.900000E0	1.938688E1	-3.537924E-1
2.920000E0	1.943613E1	-4.718591E-1
2.940000E0	1.955427E1	-9.019013E-1
2.960000E0	1.959221E1	-1.257795E0
2.980000E0	1.962625E1	-1.415100E0
3.000000E0	1.959297E1	-1.284543E0
3.020000E0	1.950819E1	-1.055586E0
3.040000E0	1.952088E1	-1.046886E0
3.060000E0	1.958925E1	-1.157032E0
3.080000E0	1.944428E1	-1.303893E0
3.100000E0	1.956206E1	-1.401185E0
3.120000E0	1.982266E1	-1.518889E0
3.140000E0	2.000654E1	-1.526835E0
3.160000E0	2.041490E1	-1.745239E0
3.180000E0	2.111201E1	-1.919709E0
3.200000E0	2.167321E1	-1.978050E0
3.220000E0	2.213709E1	-1.927646E0
3.240000E0	2.228093E1	-1.422279E0
3.260000E0	2.249658E1	-8.318538E-1
3.280000E0	2.274234E1	-5.122079E-1
3.300000E0	2.305515E1	-6.828027E-1
3.320000E0	2.320555E1	-1.185087E0
3.340000E0	2.326812E1	-1.750828E0
3.360000E0	2.334810E1	-1.807051E0
3.380000E0	2.350009E1	-1.452619E0
3.400000E0	2.354983E1	-9.290176E-1
3.420000E0	2.370969E1	-7.338971E-1
3.440000E0	2.390418E1	-5.386039E-1
3.460000E0	2.399342E1	-5.831575E-1
3.480000E0	2.407835E1	-7.492839E-1
3.500000E0	2.427937E1	-8.354553E-1
3.520000E0	2.455546E1	-1.014135E0
3.540000E0	2.477161E1	-1.010572E0
3.560000E0	2.490641E1	-1.096279E0
3.580000E0	2.519181E1	-1.321798E0
3.600000E0	2.541312E1	-1.667929E0
3.620000E0	2.547338E1	-1.639763E0
3.640000E0	2.545249E1	-1.418534E0
3.660000E0	2.545046E1	-1.382005E0
3.680000E0	2.548983E1	-1.394475E0
3.700000E0	2.549761E1	-1.572522E0
3.720000E0	2.540630E1	-1.667935E0
3.740000E0	2.543281E1	-1.770527E0
3.760000E0	2.549405E1	-1.717680E0
3.780000E0	2.552869E1	-1.604711E0
3.800000E0	2.560816E1	-1.416958E0
3.820000E0	2.565915E1	-1.294195E0
3.840000E0	2.557296E1	-1.174260E0
3.860000E0	2.554874E1	-1.173748E0
3.880000E0	2.553499E1	-1.172133E0
3.900000E0	2.553364E1	-1.154313E0
3.920000E0	2.560151E1	-1.069313E0
3.940000E0	2.564432E1	-9.974055E-1
3.960000E0	2.563809E1	-1.003350E0
3.980000E0	2.567447E1	-9.723248E-1
4.000000E0	2.564733E1	-9.671507E-1
4.020000E0	2.565450E1	-1.018190E0
4.040000E0	2.598146E1	-1.172966E0
4.060000E0	2.641804E1	-1.227842E0
4.080000E0	2.670496E1	-1.374867E0
4.100000E0	2.695723E1	-1.532615E0
4.120000E0	2.700980E1	-1.504845E0
4.140000E0	2.693313E1	-1.304989E0
4.160000E0	2.700570E1	-1.140335E0
4.180000E0	2.720846E1	-1.044491E0
4.200000E0	2.772140E1	-1.066096E0
4.220000E0	2.816274E1	-1.293049E0
4.240000E0	2.853475E1	-1.448362E0
4.260000E0	2.868567E1	-1.409276E0
4.280000E0	2.873696E1	-1.335378E0
4.300000E0	2.885861E1	-1.093141E0
4.320000E0	2.887761E1	-1.000738E0
4.340000E0	2.901628E1	-8.859583E-1
4.360000E0	2.917290E1	-8.951354E-1
4.380000E0	2.928987E1	-9.128645E-1
4.400000E0	2.955263E1	-8.963823E-1
4.420000E0	2.961455E1	-9.765258E-1
4.440000E0	2.987289E1	-1.092932E0
4.460000E0	3.001529E1	-1.219707E0
4.480000E0	3.032810E1	-1.299890E0
4.500000E0	3.077065E1	-1.410234E0
4.520000E0	3.126159E1	-1.724966E0
4.540000E0	3.178971E1	-1.826805E0
4.560000E0	3.179826E1	-1.891490E0
4.580000E0	3.170808E1	-1.881764E0
4.600000E0	3.169667E1	-1.916776E0
4.620000E0	3.169827E1	-1.946933E0
4.640000E0	3.163882E1	-2.031376E0
4.660000E0	3.149490E1	-2.240314E0
4.680000E0	3.157033E1	-2.293575E0
4.700000E0	3.162451E1	-2.217445E0
4.720000E0	3.181366E1	-1.962382E0
4.740000E0	3.214414E1	-1.705457E0
4.760000E0	3.240444E1	-1.518695E0
4.780000E0	3.237596E1	-1.498813E0
4.800000E0	3.231670E1	-1.571659E0
4.820000E0	3.232578E1	-1.594235E0
4.840000E0	3.260102E1	-1.549634E0
4.860000E0	3.295137E1	-1.307215E0
4.880000E0	3.348090E1	-1.145211E0
4.900000E0	3.377205E1	-1.084093E0
4.920000E0	3.366623E1	-1.288991E0
4.940000E0	3.350285E1	-1.689107E0
4.960000E0	3.370817E1	-2.002632E0
4.980000E0	3.400452E1	-2.098846E0
5.000000E0	3.411272E1	-2.056551E0
5.020000E0	3.442408E1	-2.110979E0
5.040000E0	3.456114E1	-2.051906E0
5.060000E0	3.479603E1	-1.901568E0
5.080000E0	3.490314E1	-1.602095E0
5.100000E0	3.486173E1	-1.166271E0
5.120000E0	3.528486E1	-1.030821E0
5.140000E0	3.580677E1	-1.155944E0
5.160000E0	3.596412E1	-1.587989E0
5.180000E0	3.598754E1	-1.973738E0
5.200000E0	3.597045E1	-2.086845E0
5.220000E0	3.602141E1	-1.999848E0
5.240000E0	3.601860E1	-1.743984E0
5.260000E0	3.599172E1	-1.662726E0
5.280000E0	3.595821E1	-1.644746E0
5.300000E0	3.596251E1	-1.656572E0
5.320000E0	3.606031E1	-1.645835E0
5.340000E0	3.608316E1	-1.604868E0
5.360000E0	3.625541E1	-1.600809E0
5.380000E0	3.634779E1	-1.617402E0
5.400000E0	3.637693E1	-1.626361E0
5.420000E0	3.640367E1	-1.622805E0
5.440000E0	3.658954E1	-1.628525E0
5.460000E0	3.690843E1	-1.598500E0
5.480000E0	3.703535E1	-1.560536E0
5.500000E0	3.720537E1	-1.543486E0
5.520000E0	3.712384E1	-1.539246E0
5.540000E0	3.710726E1	-1.574219E0
5.560000E0	3.716931E1	-1.600291E0
5.580000E0	3.721661E1	-1.595174E0
5.600000E0	3.722274E1	-1.563114E0
5.620000E0	3.728819E1	-1.518131E0
5.640000E0	3.743660E1	-1.444984E0
5.660000E0	3.786986E1	-1.311923E0
5.680000E0	3.821959E1	-1.027355E0
5.700000E0	3.815969E1	-7.900629E-1
5.720000E0	3.806587E1	-6.524453E-1
5.740000E0	3.794337E1	-6.793257E-1
5.760000E0	3.804190E1	-8.843709E-1
5.780000E0	3.817409E1	-1.401455E0
5.800000E0	3.823581E1	-1.714173E0
5.820000E0	3.820709E1	-1.738912E0
5.840000E0	3.838987E1	-1.599633E0
5.860000E0	3.863857E1	-1.369583E0
5.880000E0	3.866743E1	-1.384835E0
5.900000E0	3.887196E1	-1.601280E0
5.920000E0	3.909855E1	-1.889369E0
5.940000E0	3.953684E1	-2.129583E0
5.960000E0	3.996809E1	-2.120336E0
5.980000E0	4.009409E1	-1.905258E0
6.000000E0	4.026460E1	-1.590034E0
6.020000E0	4.033794E1	-1.217179E0
6.040000E0	4.032116E1	-1.126374E0
6.060000E0	4.033773E1	-1.052034E0
6.080000E0	4.065985E1	-1.299949E0
6.100000E0	4.092516E1	-1.555617E0
6.120000E0	4.123361E1	-1.933838E0
6.140000E0	4.173248E1	-2.205180E0
6.160000E0	4.187208E1	-2.170681E0
6.180000E0	4.232912E1	-2.118506E0
6.200000E0	4.223938E1	-1.805191E0
6.220000E0	4.226909E1	-1.675101E0
6.240000E0	4.241476E1	-1.712467E0
6.260000E0	4.262172E1	-1.775156E0
6.280000E0	4.257170E1	-1.773528E0
6.300000E0	4.277199E1	-1.660384E0
6.320000E0	4.324888E1	-1.676535E0
6.340000E0	4.378688E1	-1.662054E0
6.360000E0	4.434536E1	-1.664932E0
6.380000E0	4.487931E1	-1.688667E0
6.400000E0	4.540920E1	-1.703402E0
6.420000E0	4.591072E1	-1.680197E0
6.440000E0	4.588814E1	-1.506821E0
6.460000E0	4.580769E1	-1.368200E0
6.480000E0	4.594961E1	-1.389503E0
6.500000E0	4.605154E1	-1.648969E0
6.520000E0	4.560631E1	-2.100093E0
6.540000E0	4.541640E1	-2.451433E0
6.560000E0	4.560529E1	-2.469918E0
6.580000E0	4.567510E1	-2.159431E0
6.600000E0	4.564871E1	-1.689352E0
6.620000E0	4.565005E1	-1.392361E0
6.640000E0	4.587134E1	-1.173497E0
6.660000E0	4.596015E1	-1.126684E0
6.680000E0	4.602163E1	-1.130607E0
6.700000E0	4.613612E1	-1.306625E0
6.720000E0	4.621043E1	-1.461810E0
6.740000E0	4.625467E1	-1.526252E0
6.760000E0	4.631162E1	-1.710772E0
6.780000E0	4.629282E1	-1.880459E0
6.800000E0	4.612083E1	-1.924497E0
6.820000E0	4.607304E1	-1.988720E0
6.840000E0	4.616683E1	-2.104858E0
6.860000E0	4.621764E1	-2.244217E0
6.880000E0	4.623149E1	-2.320245E0
6.900000E0	4.629732E1	-2.362834E0
6.920000E0	4.627191E1	-2.439213E0
6.940000E0	4.640001E1	-2.368685E0
6.960000E0	4.648384E1	-2.174269E0
6.980000E0	4.654998E1	-1.858148E0
7.000000E0	4.693878E1	-1.776497E0
7.020000E0	4.717070E1	-1.804475E0
7.040000E0	4.718718E1	-1.738650E0
7.060000E0	4.724540E1	-1.690714E0
7.080000E0	4.749492E1	-1.576816E0
7.100000E0	4.762928E1	-1.526653E0
7.120000E0	4.768639E1	-1.487545E0
7.140000E0	4.767124E1	-1.460116E0
7.160000E0	4.765254E1	-1.353155E0
7.180000E0	4.769445E1	-1.333423E0
7.200000E0	4.787313E1	-1.217711E0
7.220000E0	4.817370E1	-1.160189E0
7.240000E0	4.841339E1	-1.131845E0
7.260000E0	4.874712E1	-1.124279E0
7.280000E0	4.898581E1	-1.094669E0
7.300000E0	4.926325E1	-1.119645E0
7.320000E0	4.971542E1	-1.193562E0
7.340000E0	5.005252E1	-1.539783E0
7.360000E0	5.047812E1	-1.917181E0
7.380000E0	5.051011E1	-2.076134E0
7.400000E0	5.048124E1	-2.048615E0
7.420000E0	5.051059E1	-1.746633E0
7.440000E0	5.057884E1	-1.527412E0
7.460000E0	5.057342E1	-1.510755E0
7.480000E0	5.051065E1	-1.632374E0
7.500000E0	5.036652E1	-1.922891E0
7.520000E0	5.051465E1	-2.105459E0
7.540000E0	5.096301E1	-2.007432E0
7.560000E0	5.146520E1	-1.620055E0
7.580000E0	5.135257E1	-1.170124E0
7.600000E0	5.114671E1	-1.036107E0
7.620000E0	5.127201E1	-1.267452E0
7.640000E0	5.144680E1	-1.780259E0
7.660000E0	5.158952E1	-2.294863E0
7.680000E0	5.172501E1	-2.286982E0
7.700000E0	5.189752E1	-2.000586E0
7.720000E0	5.192608E1	-1.727300E0
7.740000E0	5.196294E1	-1.753502E0
7.760000E0	5.192647E1	-2.201027E0
7.780000E0	5.208680E1	-2.517290E0
7.800000E0	5.227921E1	-2.602327E0
7.820000E0	5.247772E1	-2.512970E0
7.840000E0	5.272464E1	-2.611059E0
7.860000E0	5.308917E1	-2.617224E0
7.880000E0	5.360966E1	-2.663007E0
7.900000E0	5.409262E1	-2.654348E0
7.920000E0	5.435874E1	-2.402340E0
7.940000E0	5.469935E1	-2.051004E0
7.960000E0	5.501660E1	-1.691823E0
7.980000E0	5.555909E1	-1.651100E0
8.000000E0	5.594644E1	-1.736547E0
8.020000E0	5.595461E1	-1.981722E0
8.040000E0	5.593441E1	-2.356009E0
8.060000E0	5.590447E1	-2.491406E0
8.080000E0	5.591479E1	-2.420472E0
8.100000E0	5.611996E1	-2.073621E0
8.120000E0	5.623345E1	-1.955688E0
8.140000E0	5.639127E1	-1.992254E0
8.160000E0	5.638786E1	-2.014840E0
8.180000E0	5.638746E1	-2.034417E0
8.200000E0	5.644993E1	-2.123192E0
8.220000E0	5.662279E1	-2.224269E0
8.240000E0	5.684416E1	-2.381080E0
8.260000E0	5.727630E1	-2.587767E0
8.280000E0	5.779940E1	-2.643273E0
8.300000E0	5.808594E1	-2.837332E0
8.320000E0	5.802348E1	-2.842883E0
8.340000E0	5.783345E1	-2.904724E0
8.360000E0	5.784201E1	-2.906175E0
8.380000E0	5.775162E1	-2.976847E0
8.400000E0	5.753000E1	-3.154328E0
8.420000E0	5.740696E1	-3.293852E0
8.440000E0	5.745504E1	-3.243940E0
8.460000E0	5.771383E1	-3.098229E0
8.480000E0	5.781941E1	-2.963972E0
8.500000E0	5.783277E1	-2.795978E0
8.520000E0	5.783899E1	-2.636501E0
8.540000E0	5.783871E1	-2.559967E0
8.560000E0	5.780206E1	-2.570983E0
8.580000E0	5.783205E1	-2.590739E0
8.600000E0	5.790630E1	-2.528685E0
8.620000E0	5.793737E1	-2.373949E0
8.640000E0	5.797447E1	-2.290746E0
8.660000E0	5.795146E1	-2.248450E0
8.680000E0	5.788684E1	-2.331233E0
8.700000E0	5.792149E1	-2.598884E0
8.720000E0	5.824469E1	-2.618717E0
8.740000E0	5.855763E1	-2.562827E0
8.760000E0	5.885959E1	-2.554364E0
8.780000E0	5.901681E1	-2.600165E0
8.800000E0	5.915762E1	-2.643965E0
8.820000E0	5.930708E1	-2.617011E0
8.840000E0	5.928965E1	-2.502361E0
8.860000E0	5.940558E1	-2.161129E0
8.880000E0	5.986527E1	-2.054948E0
8.900000E0	6.030827E1	-2.206483E0
8.920000E0	6.071314E1	-2.557587E0
8.940000E0	6.086375E1	-2.690274E0
8.960000E0	6.087244E1	-2.589588E0
8.980000E0	6.111700E1	-2.275817E0
9.000000E0	6.112886E1	-2.023737E0
9.020000E0	6.121213E1	-1.968137E0
9.040000E0	6.134204E1	-1.996696E0
9.060000E0	6.147058E1	-2.036616E0
9.080000E0	6.148888E1	-2.045061E0
9.100000E0	6.177817E1	-2.000391E0
9.120000E0	6.213608E1	-2.017528E0
9.140000E0	6.228223E1	-2.097604E0
9.160000E0	6.256787E1	-2.222924E0
9.180000E0	6.285915E1	-2.411705E0
9.200000E0	6.341201E1	-2.870646E0
9.220000E0	6.390293E1	-3.216402E0
9.240000E0	6.409351E1	-3.340527E0
9.260000E0	6.403488E1	-3.248999E0
9.280000E0	6.394208E1	-3.051820E0
9.300000E0	6.397132E1	-3.023741E0
9.320000E0	6.384236E1	-3.146187E0
9.340000E0	6.370886E1	-3.525987E0
9.360000E0	6.367553E1	-3.752176E0
9.380000E0	6.375190E1	-3.649401E0
9.400000E0	6.398112E1	-3.334982E0
9.420000E0	6.415738E1	-3.056175E0
9.440000E0	6.445778E1	-2.865794E0
9.460000E0	6.446142E1	-2.895465E0
9.480000E0	6.446337E1	-2.976489E0
9.500000E0	6.455649E1	-3.181932E0
9.520000E0	6.466227E1	-3.107539E0
9.540000E0	6.496393E1	-2.953038E0
9.560000E0	6.543039E1	-2.652760E0
9.580000E0	6.591426E1	-2.446533E0
9.600000E0	6.641353E1	-2.448863E0
9.620000E0	6.646000E1	-2.596603E0
9.640000E0	6.644024E1	-3.226365E0
9.660000E0	6.662708E1	-3.557106E0
9.680000E0	6.692409E1	-3.714441E0
9.700000E0	6.712459E1	-3.676835E0
9.720000E0	6.734321E1	-3.546165E0
9.740000E0	6.753002E1	-3.340416E0
9.760000E0	6.758970E1	-3.028068E0
9.780000E0	6.754321E1	-2.639113E0
9.800000E0	6.788173E1	-2.284075E0
9.820000E0	6.841287E1	-2.148839E0
9.840000E0	6.868341E1	-2.398959E0
9.860000E0	6.892538E1	-2.810816E0
9.880000E0	6.908850E1	-3.040296E0
9.900000E0	6.916801E1	-3.184511E0
9.920000E0	6.912908E1	-3.143603E0
9.940000E0	6.917996E1	-3.033828E0
9.960000E0	6.918504E1	-2.927723E0
9.980000E0	6.914180E1	-2.970547E0
1.000000E1	6.916446E1	-3.049517E0
1.002000E1	6.916650E1	-3.045013E0
1.004000E1	6.925865E1	-3.054625E0
1.006000E1	6.939711E1	-3.080758E0
1.008000E1	6.953703E1	-3.155262E0
1.010000E1	6.954603E1	-3.155625E0
1.012000E1	6.957213E1	-3.216439E0
1.014000E1	6.969476E1	-3.214560E0
1.016000E1	7.011333E1	-3.183287E0
1.018000E1	7.011182E1	-3.130354E0
1.020000E1	7.008400E1	-3.001173E0
1.022000E1	7.009648E1	-2.870838E0
1.024000E1	7.012835E1	-2.770749E0
1.026000E1	7.007702E1	-2.744135E0
1.028000E1	6.992659E1	-2.977685E0
1.030000E1	6.987265E1	-3.487113E0
1.032000E1	6.996012E1	-3.656507E0
1.034000E1	7.016150E1	-3.476167E0
1.036000E1	7.060682E1	-2.897595E0
1.038000E1	7.104110E1	-2.158532E0
1.040000E1	7.094743E1	-1.767704E0
1.042000E1	7.088982E1	-1.857101E0
1.044000E1	7.091828E1	-2.500459E0
1.046000E1	7.097875E1	-2.878517E0
1.048000E1	7.100875E1	-2.911787E0
1.050000E1	7.116378E1	-2.754051E0
1.052000E1	7.116219E1	-2.680678E0
1.054000E1	7.120277E1	-2.658429E0
1.056000E1	7.154249E1	-2.873537E0
1.058000E1	7.170239E1	-3.492058E0
1.060000E1	7.186104E1	-3.704301E0
1.062000E1	7.210470E1	-3.576064E0
1.064000E1	7.231398E1	-3.365184E0
1.066000E1	7.267392E1	-3.211743E0
1.068000E1	7.291267E1	-3.059449E0
1.070000E1	7.298635E1	-2.993758E0
1.072000E1	7.302373E1	-2.899471E0
1.074000E1	7.306332E1	-2.780278E0
1.076000E1	7.329812E1	-2.579465E0
1.078000E1	7.331904E1	-2.635216E0
1.080000E1	7.374124E1	-2.874540E0
1.082000E1	7.431597E1	-3.313687E0
1.084000E1	7.439437E1	-3.598484E0
1.086000E1	7.462742E1	-3.715570E0
1.088000E1	7.457951E1	-3.624505E0
1.090000E1	7.464707E1	-3.437241E0
1.092000E1	7.468405E1	-3.422916E0
1.094000E1	7.473095E1	-3.481420E0
1.096000E1	7.485401E1	-3.605691E0
1.098000E1	7.490458E1	-3.715516E0
1.100000E1	7.496025E1	-3.647756E0
1.102000E1	7.548570E1	-3.617947E0
1.104000E1	7.608277E1	-3.657536E0
1.106000E1	7.667356E1	-3.805220E0
1.108000E1	7.722533E1	-3.795414E0
1.110000E1	7.775024E1	-3.744609E0
1.112000E1	7.790941E1	-3.598784E0
1.114000E1	7.786165E1	-3.304286E0
1.116000E1	7.784223E1	-3.122259E0
1.118000E1	7.803071E1	-3.112390E0
1.120000E1	7.809857E1	-3.521513E0
1.122000E1	7.767926E1	-4.023304E0
1.124000E1	7.760536E1	-4.351040E0
1.126000E1	7.798177E1	-4.237063E0
1.128000E1	7.805315E1	-3.780575E0
1.130000E1	7.807926E1	-3.309179E0
1.132000E1	7.807910E1	-2.917024E0
1.134000E1	7.825221E1	-2.684006E0
1.136000E1	7.830210E1	-2.659262E0
1.138000E1	7.839919E1	-2.729444E0
1.140000E1	7.851717E1	-2.920227E0
1.142000E1	7.859588E1	-3.053787E0
1.144000E1	7.872746E1	-3.185051E0
1.146000E1	7.877430E1	-3.434861E0
1.148000E1	7.872593E1	-3.607241E0
1.150000E1	7.868595E1	-3.644383E0
1.152000E1	7.870164E1	-3.649352E0
1.154000E1	7.887461E1	-3.671304E0
1.156000E1	7.892198E1	-3.831668E0
1.158000E1	7.891777E1	-3.917052E0
1.160000E1	7.904506E1	-4.142030E0
1.162000E1	7.913112E1	-4.129339E0
1.164000E1	7.917219E1	-3.978102E0
1.166000E1	7.920754E1	-3.704158E0
1.168000E1	7.946729E1	-3.414500E0
1.170000E1	7.985407E1	-3.315103E0
1.172000E1	7.988804E1	-3.282832E0
1.174000E1	7.990139E1	-3.298961E0
1.176000E1	7.990581E1	-3.262763E0
1.178000E1	8.021866E1	-3.142687E0
1.180000E1	8.047354E1	-2.919000E0
1.182000E1	8.078627E1	-2.856631E0
1.184000E1	8.077781E1	-2.938628E0
1.186000E1	8.067839E1	-3.021134E0
1.188000E1	8.079853E1	-3.026479E0
1.190000E1	8.089927E1	-2.947308E0
1.192000E1	8.115911E1	-2.793849E0
1.194000E1	8.162459E1	-2.736634E0
1.196000E1	8.209168E1	-2.736784E0
1.198000E1	8.226888E1	-2.879757E0
1.200000E1	8.252638E1	-3.014487E0
1.202000E1	8.284395E1	-3.160713E0
1.204000E1	8.300002E1	-3.471519E0
1.206000E1	8.308698E1	-3.785030E0
1.208000E1	8.293667E1	-3.776666E0
1.210000E1	8.292137E1	-3.676688E0
1.212000E1	8.298270E1	-3.329950E0
1.214000E1	8.295866E1	-3.174469E0
1.216000E1	8.283855E1	-3.186471E0
1.218000E1	8.279943E1	-3.437925E0
1.220000E1	8.281661E1	-3.726165E0
1.222000E1	8.315067E1	-3.692509E0
1.224000E1	8.371378E1	-3.540096E0
1.226000E1	8.394439E1	-2.955400E0
1.228000E1	8.371905E1	-2.652726E0
1.230000E1	8.373855E1	-2.720744E0
1.232000E1	8.381277E1	-3.181567E0
1.234000E1	8.393062E1	-3.776668E0
1.236000E1	8.402772E1	-4.133107E0
1.238000E1	8.440230E1	-4.115300E0
1.240000E1	8.454288E1	-3.897109E0
1.242000E1	8.466740E1	-3.807480E0
1.244000E1	8.459878E1	-3.980676E0
1.246000E1	8.457339E1	-4.491267E0
1.248000E1	8.473068E1	-4.555765E0
1.250000E1	8.500501E1	-4.537840E0
1.252000E1	8.496441E1	-4.536535E0
1.254000E1	8.505149E1	-4.596124E0
1.256000E1	8.523550E1	-4.622879E0
1.258000E1	8.582029E1	-4.652151E0
1.260000E1	8.631763E1	-4.622139E0
1.262000E1	8.679983E1	-4.313306E0
1.264000E1	8.714260E1	-3.970169E0
1.266000E1	8.756744E1	-3.880874E0
1.268000E1	8.802258E1	-3.933649E0
1.270000E1	8.848846E1	-3.958699E0
1.272000E1	8.851314E1	-4.012238E0
1.274000E1	8.845340E1	-4.137055E0
1.276000E1	8.851866E1	-4.485395E0
1.278000E1	8.864011E1	-4.662381E0
1.280000E1	8.881401E1	-4.596625E0
1.282000E1	8.901066E1	-4.384808E0
1.284000E1	8.909055E1	-4.260804E0
1.286000E1	8.912216E1	-4.166924E0
1.288000E1	8.920370E1	-4.145261E0
1.290000E1	8.920461E1	-4.146369E0
1.292000E1	8.929818E1	-4.320105E0
1.294000E1	8.949410E1	-4.567143E0
1.296000E1	9.001604E1	-4.696203E0
1.298000E1	9.052709E1	-4.672502E0
1.300000E1	9.063836E1	-4.545546E0
1.302000E1	9.054770E1	-4.539061E0
1.304000E1	9.050556E1	-4.597631E0
1.306000E1	9.050269E1	-4.627851E0
1.308000E1	9.036608E1	-4.754956E0
1.310000E1	9.020414E1	-4.950561E0
1.312000E1	9.017767E1	-5.058964E0
1.314000E1	9.026592E1	-5.042843E0
1.316000E1	9.048533E1	-4.925441E0
1.318000E1	9.054973E1	-4.793286E0
1.320000E1	9.053443E1	-4.520790E0
1.322000E1	9.054062E1	-4.525993E0
1.324000E1	9.051047E1	-4.572927E0
1.326000E1	9.050006E1	-4.602658E0
1.328000E1	9.052703E1	-4.581728E0
1.330000E1	9.060322E1	-4.451403E0
1.332000E1	9.062919E1	-4.371372E0
1.334000E1	9.064224E1	-4.277541E0
1.336000E1	9.061581E1	-4.277524E0
1.338000E1	9.048373E1	-4.506210E0
1.340000E1	9.060149E1	-4.678586E0
1.342000E1	9.104522E1	-4.586924E0
1.344000E1	9.133222E1	-4.418824E0
1.346000E1	9.152166E1	-4.435883E0
1.348000E1	9.175760E1	-4.572536E0
1.350000E1	9.185566E1	-4.616607E0
1.352000E1	9.209036E1	-4.574915E0
1.354000E1	9.231110E1	-4.359023E0
1.356000E1	9.234925E1	-3.912206E0
1.358000E1	9.248501E1	-3.877113E0
1.360000E1	9.277405E1	-4.211014E0
1.362000E1	9.308915E1	-4.808556E0
1.364000E1	9.363926E1	-5.123235E0
1.366000E1	9.369709E1	-5.046633E0
1.368000E1	9.368585E1	-4.673111E0
1.370000E1	9.367281E1	-4.226075E0
1.372000E1	9.389732E1	-4.007464E0
1.374000E1	9.422080E1	-4.064467E0
1.376000E1	9.439232E1	-4.193078E0
1.378000E1	9.446280E1	-4.198229E0
1.380000E1	9.455790E1	-4.177098E0
1.382000E1	9.496634E1	-4.075713E0
1.384000E1	9.540546E1	-4.073090E0
1.386000E1	9.552982E1	-4.068108E0
1.388000E1	9.569337E1	-4.125690E0
1.390000E1	9.596157E1	-4.195800E0
1.392000E1	9.644620E1	-4.521642E0
1.394000E1	9.671791E1	-4.912359E0
1.396000E1	9.670114E1	-5.009592E0
1.398000E1	9.669872E1	-5.018786E0
1.400000E1	9.666967E1	-5.003791E0
1.402000E1	9.647340E1	-5.063448E0
1.404000E1	9.644498E1	-5.336048E0
1.406000E1	9.650317E1	-5.446886E0
1.408000E1	9.657561E1	-5.443323E0
1.410000E1	9.686069E1	-5.256857E0
1.412000E1	9.695973E1	-4.927430E0
1.414000E1	9.705145E1	-4.830412E0
1.416000E1	9.707670E1	-4.758137E0
1.418000E1	9.705975E1	-4.946387E0
1.420000E1	9.705658E1	-5.037718E0
1.422000E1	9.712045E1	-5.024100E0
1.424000E1	9.718807E1	-4.935766E0
1.426000E1	9.719119E1	-4.960145E0
1.428000E1	9.717552E1	-5.022267E0
1.430000E1	9.717230E1	-5.051121E0
1.432000E1	9.713035E1	-5.228738E0
1.434000E1	9.749913E1	-5.320076E0
1.436000E1	9.805616E1	-5.301713E0
1.438000E1	9.900268E1	-5.302813E0
1.440000E1	9.964188E1	-5.276049E0
1.442000E1	1.001572E2	-5.161238E0
1.444000E1	1.001332E2	-4.771074E0
1.446000E1	9.996477E1	-4.456375E0
1.448000E1	9.991719E1	-4.480401E0
1.450000E1	1.003599E2	-4.740751E0
1.452000E1	1.005202E2	-5.112653E0
1.454000E1	1.004363E2	-5.111678E0
1.456000E1	1.005354E2	-4.889338E0
1.458000E1	1.007981E2	-4.622409E0
1.460000E1	1.008308E2	-4.269692E0
1.462000E1	1.008671E2	-4.150868E0
1.464000E1	1.008711E2	-4.114063E0
1.466000E1	1.009706E2	-4.200528E0
1.468000E1	1.013607E2	-4.304773E0
1.470000E1	1.015536E2	-4.392079E0
1.472000E1	1.016537E2	-4.499693E0
1.474000E1	1.017403E2	-4.752420E0
1.476000E1	1.018168E2	-5.017376E0
1.478000E1	1.018589E2	-5.141394E0
1.480000E1	1.019680E2	-5.124243E0
1.482000E1	1.022700E2	-5.081675E0
1.484000E1	1.023987E2	-5.068258E0
1.486000E1	1.024527E2	-5.061935E0
1.488000E1	1.024729E2	-5.082120E0
1.490000E1	1.023998E2	-5.090996E0
1.492000E1	1.023872E2	-5.085965E0
1.494000E1	1.023402E2	-5.097944E0
1.496000E1	1.019990E2	-5.226053E0
1.498000E1	1.019214E2	-5.405693E0
1.500000E1	1.019151E2	-5.516598E0
1.502000E1	1.018931E2	-5.517612E0
1.504000E1	1.020393E2	-5.278560E0
1.506000E1	1.022086E2	-4.953751E0
1.508000E1	1.022072E2	-4.670308E0
1.510000E1	1.022397E2	-4.657561E0
1.512000E1	1.022461E2	-4.797184E0
1.514000E1	1.022741E2	-4.935789E0
1.516000E1	1.023621E2	-4.857437E0
1.518000E1	1.024747E2	-4.486047E0
1.520000E1	1.025458E2	-4.248502E0
1.522000E1	1.025237E2	-4.168292E0
1.524000E1	1.025108E2	-4.175410E0
1.526000E1	1.025884E2	-4.516645E0
1.528000E1	1.029091E2	-4.856783E0
1.530000E1	1.031446E2	-4.993377E0
1.532000E1	1.036814E2	-5.046429E0
1.534000E1	1.039892E2	-5.060368E0
1.536000E1	1.039621E2	-5.068702E0
1.538000E1	1.039436E2	-5.084748E0
1.540000E1	1.039635E2	-5.082196E0
1.542000E1	1.042736E2	-4.834267E0
1.544000E1	1.048182E2	-4.603903E0
1.546000E1	1.052945E2	-4.569354E0
1.548000E1	1.053686E2	-4.665841E0
1.550000E1	1.054769E2	-4.746540E0
1.552000E1	1.056357E2	-4.727329E0
1.554000E1	1.057852E2	-4.653748E0
1.556000E1	1.060716E2	-4.460382E0
1.558000E1	1.061547E2	-4.176327E0
1.560000E1	1.061084E2	-4.060092E0
1.562000E1	1.061100E2	-4.069903E0
1.564000E1	1.062523E2	-4.234957E0
1.566000E1	1.067862E2	-4.625269E0
1.568000E1	1.073088E2	-5.156084E0
1.570000E1	1.076751E2	-5.237775E0
1.572000E1	1.077638E2	-5.171456E0
1.574000E1	1.080259E2	-4.983854E0
1.576000E1	1.082140E2	-4.977912E0
1.578000E1	1.083932E2	-5.079878E0
1.580000E1	1.085178E2	-5.119000E0
1.582000E1	1.084981E2	-5.101590E0
1.584000E1	1.084902E2	-5.032432E0
1.586000E1	1.084798E2	-5.045229E0
1.588000E1	1.083399E2	-5.151154E0
1.590000E1	1.080515E2	-5.395960E0
1.592000E1	1.080299E2	-5.464822E0
1.594000E1	1.082199E2	-5.377596E0
1.596000E1	1.087076E2	-5.108874E0
1.598000E1	1.091495E2	-4.799335E0
1.600000E1	1.094442E2	-4.528732E0
1.602000E1	1.093695E2	-4.453194E0
1.604000E1	1.093667E2	-4.504424E0
1.606000E1	1.094497E2	-4.548077E0
1.608000E1	1.096054E2	-4.545240E0
1.610000E1	1.099283E2	-4.516727E0
1.612000E1	1.101380E2	-4.581886E0
1.614000E1	1.102831E2	-4.737314E0
1.616000E1	1.102996E2	-4.981365E0
1.618000E1	1.103420E2	-5.103101E0
1.620000E1	1.104877E2	-5.112072E0
1.622000E1	1.108575E2	-5.035434E0
1.624000E1	1.109787E2	-4.991560E0
1.626000E1	1.111298E2	-4.998643E0
1.628000E1	1.113310E2	-5.050646E0
1.630000E1	1.115781E2	-5.108752E0
1.632000E1	1.116331E2	-5.010090E0
1.634000E1	1.119345E2	-4.690562E0
1.636000E1	1.123962E2	-4.584680E0
1.638000E1	1.126699E2	-4.815455E0
1.640000E1	1.127438E2	-5.317185E0
1.642000E1	1.126576E2	-5.568716E0
1.644000E1	1.126786E2	-5.428427E0
1.646000E1	1.127760E2	-5.086672E0
1.648000E1	1.127156E2	-5.018500E0
1.650000E1	1.127285E2	-5.140509E0
1.652000E1	1.126902E2	-5.146840E0
1.654000E1	1.126973E2	-5.120350E0
1.656000E1	1.127495E2	-5.094685E0
1.658000E1	1.127445E2	-5.101827E0
1.660000E1	1.129388E2	-5.175122E0
1.662000E1	1.129786E2	-5.184666E0
1.664000E1	1.130309E2	-5.150679E0
1.666000E1	1.130479E2	-5.135518E0
1.668000E1	1.130936E2	-5.119418E0
1.670000E1	1.134439E2	-5.075473E0
1.672000E1	1.139169E2	-4.967923E0
1.674000E1	1.140432E2	-4.733738E0
1.676000E1	1.139573E2	-4.522678E0
1.678000E1	1.139533E2	-4.580592E0
1.680000E1	1.139779E2	-4.718013E0
1.682000E1	1.138960E2	-4.857447E0
1.684000E1	1.137985E2	-4.969303E0
1.686000E1	1.137522E2	-5.005086E0
1.688000E1	1.138333E2	-4.856021E0
1.690000E1	1.141879E2	-4.482852E0
1.692000E1	1.146074E2	-4.112484E0
1.694000E1	1.146611E2	-3.824235E0
1.696000E1	1.144992E2	-3.640809E0
1.698000E1	1.143961E2	-3.868302E0
1.700000E1	1.145625E2	-4.328039E0
1.702000E1	1.147307E2	-4.721444E0
1.704000E1	1.146908E2	-4.739088E0
1.706000E1	1.146632E2	-4.689094E0
1.708000E1	1.147637E2	-4.591320E0
1.710000E1	1.148643E2	-4.520365E0
1.712000E1	1.150683E2	-4.606080E0
1.714000E1	1.151906E2	-4.713648E0
1.716000E1	1.155170E2	-4.711460E0
1.718000E1	1.160043E2	-4.766556E0
1.720000E1	1.165565E2	-4.802442E0
1.722000E1	1.167062E2	-4.770898E0
1.724000E1	1.167540E2	-4.600193E0
1.726000E1	1.166960E2	-4.455144E0
1.728000E1	1.166211E2	-4.208413E0
1.730000E1	1.168065E2	-4.059750E0
1.732000E1	1.171326E2	-4.184644E0
1.734000E1	1.173646E2	-4.463988E0
1.736000E1	1.177770E2	-4.819167E0
1.738000E1	1.180393E2	-5.078896E0
1.740000E1	1.182667E2	-5.167813E0
1.742000E1	1.185395E2	-5.056570E0
1.744000E1	1.185120E2	-4.941364E0
1.746000E1	1.185574E2	-5.000540E0
1.748000E1	1.186074E2	-5.038696E0
1.750000E1	1.187670E2	-4.996885E0
1.752000E1	1.190797E2	-5.020322E0
1.754000E1	1.192591E2	-5.029256E0
1.756000E1	1.196174E2	-5.060657E0
1.758000E1	1.201066E2	-5.085110E0
1.760000E1	1.206102E2	-5.060914E0
1.762000E1	1.210655E2	-5.079515E0
1.764000E1	1.216672E2	-5.019899E0
1.766000E1	1.220812E2	-4.817269E0
1.768000E1	1.221679E2	-4.529127E0
1.770000E1	1.221829E2	-4.529896E0
1.772000E1	1.221822E2	-4.693427E0
1.774000E1	1.221857E2	-5.006961E0
1.776000E1	1.218361E2	-5.284523E0
1.778000E1	1.217201E2	-5.338646E0
1.780000E1	1.218354E2	-5.274878E0
1.782000E1	1.218159E2	-5.140922E0
1.784000E1	1.219003E2	-4.870991E0
1.786000E1	1.219234E2	-4.592319E0
1.788000E1	1.220400E2	-4.252400E0
1.790000E1	1.221221E2	-4.059391E0
1.792000E1	1.222047E2	-4.084323E0
1.794000E1	1.223480E2	-4.101340E0
1.796000E1	1.224262E2	-4.182272E0
1.798000E1	1.225018E2	-4.321368E0
1.800000E1	1.225028E2	-4.587792E0
1.802000E1	1.224741E2	-4.810752E0
1.804000E1	1.223798E2	-4.815487E0
1.806000E1	1.223456E2	-4.691320E0
1.808000E1	1.223553E2	-4.752241E0
1.810000E1	1.225917E2	-4.922587E0
1.812000E1	1.227419E2	-5.203568E0
1.814000E1	1.228272E2	-5.217898E0
1.816000E1	1.228325E2	-5.205530E0
1.818000E1	1.228325E2	-5.072456E0
1.820000E1	1.227700E2	-4.831586E0
1.822000E1	1.229420E2	-4.566271E0
1.824000E1	1.233653E2	-4.521672E0
1.826000E1	1.234506E2	-4.577545E0
1.828000E1	1.235259E2	-4.627083E0
1.830000E1	1.236587E2	-4.688774E0
1.832000E1	1.239244E2	-4.649453E0
1.834000E1	1.240259E2	-4.557481E0
1.836000E1	1.239983E2	-4.477476E0
1.838000E1	1.239728E2	-4.455053E0
1.840000E1	1.239607E2	-4.394251E0
1.842000E1	1.240605E2	-4.300627E0
1.844000E1	1.242318E2	-4.172717E0
1.846000E1	1.244387E2	-4.008231E0
1.848000E1	1.246929E2	-3.951588E0
1.850000E1	1.250641E2	-3.953260E0
1.852000E1	1.254292E2	-3.980882E0
1.854000E1	1.254695E2	-3.959437E0
1.856000E1	1.259162E2	-4.035268E0
1.858000E1	1.264190E2	-4.458427E0
1.860000E1	1.266465E2	-4.766852E0
1.862000E1	1.267577E2	-4.793892E0
1.864000E1	1.268159E2	-4.663082E0
1.866000E1	1.268672E2	-4.385736E0
1.868000E1	1.269006E2	-4.318373E0
1.870000E1	1.268999E2	-4.317009E0
1.872000E1	1.268537E2	-4.342170E0
1.874000E1	1.268116E2	-4.416891E0
1.876000E1	1.270455E2	-4.512175E0
1.878000E1	1.273919E2	-4.417006E0
1.880000E1	1.275370E2	-4.073889E0
1.882000E1	1.273890E2	-3.874938E0
1.884000E1	1.273914E2	-3.918480E0
1.886000E1	1.274920E2	-4.375571E0
1.888000E1	1.276045E2	-5.004629E0
1.890000E1	1.276142E2	-5.163963E0
1.892000E1	1.277350E2	-5.101447E0
1.894000E1	1.279652E2	-4.909080E0
1.896000E1	1.280056E2	-4.945475E0
1.898000E1	1.279854E2	-5.093999E0
1.900000E1	1.279772E2	-5.208966E0
1.902000E1	1.280954E2	-5.216164E0
1.904000E1	1.283880E2	-5.295054E0
1.906000E1	1.285808E2	-5.453573E0
1.908000E1	1.288912E2	-5.687020E0
1.910000E1	1.292578E2	-5.725938E0
1.912000E1	1.296459E2	-5.609808E0
1.914000E1	1.299183E2	-5.269158E0
1.916000E1	1.303976E2	-4.727669E0
1.918000E1	1.307630E2	-4.310185E0
1.920000E1	1.313141E2	-4.241758E0
1.922000E1	1.318374E2	-4.319259E0
1.924000E1	1.321151E2	-4.511880E0
1.926000E1	1.320967E2	-4.705341E0
1.928000E1	1.320719E2	-4.763942E0
1.930000E1	1.320584E2	-4.754130E0
1.932000E1	1.320992E2	-4.770818E0
1.934000E1	1.323628E2	-4.691285E0
1.936000E1	1.325719E2	-4.521016E0
1.938000E1	1.327174E2	-4.406035E0
1.940000E1	1.327295E2	-4.353852E0
1.942000E1	1.328377E2	-4.293351E0
1.944000E1	1.329656E2	-4.351462E0
1.946000E1	1.330947E2	-4.575910E0
1.948000E1	1.333933E2	-4.838810E0
1.950000E1	1.339395E2	-4.805747E0
1.952000E1	1.344057E2	-4.551093E0
1.954000E1	1.344582E2	-4.534895E0
1.956000E1	1.343531E2	-4.684347E0
1.958000E1	1.343481E2	-4.799557E0
1.960000E1	1.343654E2	-4.770772E0
1.962000E1	1.342749E2	-4.747960E0
1.964000E1	1.340950E2	-4.848376E0
1.966000E1	1.340449E2	-4.994129E0
1.968000E1	1.341504E2	-5.078563E0
1.970000E1	1.343480E2	-4.953882E0
1.972000E1	1.344864E2	-4.750477E0
1.974000E1	1.345097E2	-4.582627E0
1.976000E1	1.345048E2	-4.586890E0
1.978000E1	1.344450E2	-4.666021E0
1.980000E1	1.344164E2	-4.712079E0
1.982000E1	1.344785E2	-4.657838E0
1.984000E1	1.346041E2	-4.501189E0
1.986000E1	1.346248E2	-4.447808E0
1.988000E1	1.346054E2	-4.490981E0
1.990000E1	1.345698E2	-4.618779E0
1.992000E1	1.344963E2	-4.750851E0
1.994000E1	1.347008E2	-4.753500E0
1.996000E1	1.350429E2	-4.644163E0
1.998000E1	1.354355E2	-4.575545E0
2.000000E1	1.356832E2	-4.583572E0
2.002000E1	1.359485E2	-4.668640E0
2.004000E1	1.360419E2	-4.652666E0
2.006000E1	1.360671E2	-4.554252E0
2.008000E1	1.360084E2	-4.197375E0
2.010000E1	1.362038E2	-3.907508E0
2.012000E1	1.366710E2	-4.073888E0
2.014000E1	1.372217E2	-4.537607E0
2.016000E1	1.376317E2	-4.857720E0
2.018000E1	1.377356E2	-4.850102E0
2.020000E1	1.377032E2	-4.594194E0
2.022000E1	1.377302E2	-4.311558E0
2.024000E1	1.377606E2	-4.164811E0
2.026000E1	1.379910E2	-4.052796E0
2.028000E1	1.381765E2	-4.075320E0
2.030000E1	1.381937E2	-4.040451E0
2.032000E1	1.382576E2	-4.021801E0
2.034000E1	1.384451E2	-4.018897E0
2.036000E1	1.388204E2	-4.032969E0
2.038000E1	1.389537E2	-4.056279E0
2.040000E1	1.391719E2	-4.052899E0
2.042000E1	1.395416E2	-4.167798E0
2.044000E1	1.401197E2	-4.493527E0
2.046000E1	1.405312E2	-4.795075E0
2.048000E1	1.406115E2	-4.831770E0
2.050000E1	1.405712E2	-4.740403E0
2.052000E1	1.405713E2	-4.677054E0
2.054000E1	1.405727E2	-4.684230E0
2.056000E1	1.403751E2	-4.929167E0
2.058000E1	1.402531E2	-5.179905E0
2.060000E1	1.402298E2	-5.191704E0
2.062000E1	1.402769E2	-5.111070E0
2.064000E1	1.405482E2	-4.864099E0
2.066000E1	1.407086E2	-4.643449E0
2.068000E1	1.406929E2	-4.539633E0
2.070000E1	1.406631E2	-4.549594E0
2.072000E1	1.406253E2	-4.745328E0
2.074000E1	1.406771E2	-4.788233E0
2.076000E1	1.407102E2	-4.693011E0
2.078000E1	1.407469E2	-4.595790E0
2.080000E1	1.407486E2	-4.615579E0
2.082000E1	1.407231E2	-4.644761E0
2.084000E1	1.406816E2	-4.710147E0
2.086000E1	1.406088E2	-4.882800E0
2.088000E1	1.408361E2	-4.926540E0
2.090000E1	1.413075E2	-4.986102E0
2.092000E1	1.419360E2	-5.068802E0
2.094000E1	1.427771E2	-5.097431E0
2.096000E1	1.432588E2	-5.114084E0
2.098000E1	1.434425E2	-4.848987E0
2.100000E1	1.433644E2	-4.482671E0
2.102000E1	1.434087E2	-4.339868E0
2.104000E1	1.438178E2	-4.437591E0
2.106000E1	1.438871E2	-4.884245E0
2.108000E1	1.438305E2	-5.003416E0
2.110000E1	1.439151E2	-5.004046E0
2.112000E1	1.440887E2	-4.836671E0
2.114000E1	1.444202E2	-4.573287E0
2.116000E1	1.443986E2	-4.420060E0
2.118000E1	1.443734E2	-4.427512E0
2.120000E1	1.444979E2	-4.427255E0
2.122000E1	1.446120E2	-4.403948E0
2.124000E1	1.450090E2	-4.488930E0
2.126000E1	1.452575E2	-4.593209E0
2.128000E1	1.455300E2	-4.688470E0
2.130000E1	1.455830E2	-4.855938E0
2.132000E1	1.456296E2	-5.050583E0
2.134000E1	1.458421E2	-5.228431E0
2.136000E1	1.460744E2	-5.072091E0
2.138000E1	1.463549E2	-4.851723E0
2.140000E1	1.462676E2	-4.772480E0
2.142000E1	1.462098E2	-4.894846E0
2.144000E1	1.462157E2	-5.055904E0
2.146000E1	1.462410E2	-5.003814E0
2.148000E1	1.462357E2	-5.072324E0
2.150000E1	1.460473E2	-5.199519E0
2.152000E1	1.459354E2	-5.373969E0
2.154000E1	1.459194E2	-5.311589E0
2.156000E1	1.460809E2	-5.102084E0
2.158000E1	1.461645E2	-4.900480E0
2.160000E1	1.462215E2	-4.706680E0
2.162000E1	1.462386E2	-4.666070E0
2.164000E1	1.462399E2	-4.657183E0
2.166000E1	1.461744E2	-4.702682E0
2.168000E1	1.462076E2	-4.696071E0
2.170000E1	1.463137E2	-4.655542E0
2.172000E1	1.464109E2	-4.425375E0
2.174000E1	1.464678E2	-4.276810E0
2.176000E1	1.464343E2	-4.054612E0
2.178000E1	1.463796E2	-4.127326E0
2.180000E1	1.465876E2	-4.342385E0
2.182000E1	1.470804E2	-4.586536E0
2.184000E1	1.475219E2	-4.824000E0
2.186000E1	1.478759E2	-4.838846E0
2.188000E1	1.478971E2	-4.671916E0
2.190000E1	1.478370E2	-4.401028E0
2.192000E1	1.477923E2	-4.425191E0
2.194000E1	1.478121E2	-4.541676E0
2.196000E1	1.483297E2	-4.604158E0
2.198000E1	1.489269E2	-4.563817E0
2.200000E1	1.493291E2	-4.480150E0
2.202000E1	1.496953E2	-4.443858E0
2.204000E1	1.498015E2	-4.451979E0
2.206000E1	1.498522E2	-4.496101E0
2.208000E1	1.498876E2	-4.470289E0
2.210000E1	1.499327E2	-4.260073E0
2.212000E1	1.499862E2	-3.856564E0
2.214000E1	1.500136E2	-3.671910E0
2.216000E1	1.501161E2	-3.653702E0
2.218000E1	1.502870E2	-3.863573E0
2.220000E1	1.506090E2	-4.202513E0
2.222000E1	1.508556E2	-4.437399E0
2.224000E1	1.512925E2	-4.809820E0
2.226000E1	1.517526E2	-4.931754E0
2.228000E1	1.521813E2	-5.026606E0
2.230000E1	1.524904E2	-4.923628E0
2.232000E1	1.524887E2	-4.915998E0
2.234000E1	1.524699E2	-5.024302E0
2.236000E1	1.524572E2	-5.148486E0
2.238000E1	1.524571E2	-5.087276E0
2.240000E1	1.524199E2	-5.051741E0
2.242000E1	1.522915E2	-5.148788E0
2.244000E1	1.521657E2	-5.226580E0
2.246000E1	1.521481E2	-5.274936E0
2.248000E1	1.523557E2	-5.192068E0
2.250000E1	1.526834E2	-4.995682E0
2.252000E1	1.530240E2	-4.669585E0
2.254000E1	1.531470E2	-4.463130E0
2.256000E1	1.531332E2	-4.466274E0
2.258000E1	1.531541E2	-4.515793E0
2.260000E1	1.532341E2	-4.508812E0
2.262000E1	1.536227E2	-4.373738E0
2.264000E1	1.540212E2	-4.171347E0
2.266000E1	1.543779E2	-4.118541E0
2.268000E1	1.544201E2	-4.349455E0
2.270000E1	1.542890E2	-4.549967E0
2.272000E1	1.544700E2	-4.721985E0
2.274000E1	1.547407E2	-4.819980E0
2.276000E1	1.550654E2	-4.825290E0
2.278000E1	1.553863E2	-4.745335E0
2.280000E1	1.554397E2	-4.709123E0
2.282000E1	1.555042E2	-4.610314E0
2.284000E1	1.556037E2	-4.401205E0
2.286000E1	1.557363E2	-4.123242E0
2.288000E1	1.562184E2	-3.963399E0
2.290000E1	1.566703E2	-4.082752E0
2.292000E1	1.566910E2	-4.545922E0
2.294000E1	1.566038E2	-4.951730E0
2.296000E1	1.567189E2	-5.096891E0
2.298000E1	1.568447E2	-4.981468E0
2.300000E1	1.569000E2	-4.822715E0
2.302000E1	1.569502E2	-4.781216E0
2.304000E1	1.569936E2	-4.790241E0
2.306000E1	1.570246E2	-4.760108E0
2.308000E1	1.571065E2	-4.662744E0
2.310000E1	1.571437E2	-4.653211E0
2.312000E1	1.572103E2	-4.680027E0
2.314000E1	1.573318E2	-4.734485E0
2.316000E1	1.574008E2	-4.702507E0
2.318000E1	1.574810E2	-4.638944E0
2.320000E1	1.575622E2	-4.691751E0
2.322000E1	1.578108E2	-4.816622E0
2.324000E1	1.581360E2	-4.704875E0
2.326000E1	1.584719E2	-4.416786E0
2.328000E1	1.585479E2	-4.173984E0
2.330000E1	1.585167E2	-4.170194E0
2.332000E1	1.584780E2	-4.271374E0
2.334000E1	1.584572E2	-4.467420E0
2.336000E1	1.584130E2	-4.545974E0
2.338000E1	1.584182E2	-4.521820E0
2.340000E1	1.585870E2	-4.388678E0
2.342000E1	1.589537E2	-4.176879E0
2.344000E1	1.594132E2	-3.833214E0
2.346000E1	1.594080E2	-3.400512E0
2.348000E1	1.592293E2	-3.406944E0
2.350000E1	1.591583E2	-3.649282E0
2.352000E1	1.592468E2	-4.201187E0
2.354000E1	1.592713E2	-4.588510E0
2.356000E1	1.592257E2	-4.652762E0
2.358000E1	1.592197E2	-4.593367E0
2.360000E1	1.593033E2	-4.384382E0
2.362000E1	1.594959E2	-4.177942E0
2.364000E1	1.595298E2	-4.165728E0
2.366000E1	1.596234E2	-4.296766E0
2.368000E1	1.599619E2	-4.450632E0
2.370000E1	1.604609E2	-4.671255E0
2.372000E1	1.608591E2	-4.680117E0
2.374000E1	1.610289E2	-4.549593E0
2.376000E1	1.611012E2	-4.158589E0
2.378000E1	1.610613E2	-3.872993E0
2.380000E1	1.610078E2	-3.756387E0
2.382000E1	1.611590E2	-3.680118E0
2.384000E1	1.615422E2	-3.847217E0
2.386000E1	1.619438E2	-4.209517E0
2.388000E1	1.622393E2	-4.597396E0
2.390000E1	1.625397E2	-4.821765E0
2.392000E1	1.628822E2	-4.696282E0
2.394000E1	1.628267E2	-4.560411E0
2.396000E1	1.627954E2	-4.572315E0
2.398000E1	1.628688E2	-4.590960E0
2.400000E1	1.629683E2	-4.584422E0
