	mass A		
t	x	y	
0.000000E0	-2.032786E-2	2.032786E-2
2.000000E-2	1.792315E-2	2.829040E-2
4.000000E-2	-6.024969E-2	1.696540E-1
6.000000E-2	4.390190E-1	-3.389646E-1
8.000000E-2	1.243533E0	-9.718748E-1
1.000000E-1	1.320071E0	-9.019440E-1
1.200000E-1	1.124193E0	-2.747647E-1
1.400000E-1	1.138102E0	2.730851E-1
1.600000E-1	1.467575E0	5.307599E-1
1.800000E-1	1.830569E0	7.555037E-1
2.000000E-1	1.440676E0	2.812317E-1
2.200000E-1	9.966417E-1	-3.581406E-1
2.400000E-1	8.462491E-1	-8.886542E-1
2.600000E-1	8.689483E-1	-9.566449E-1
2.800000E-1	9.912024E-1	-4.865022E-1
3.000000E-1	1.393443E0	3.906325E-1
3.200000E-1	1.254696E0	1.012189E0
3.400000E-1	1.121012E0	4.170987E-1
3.600000E-1	1.382475E0	5.571667E-2
3.800000E-1	1.234634E0	-7.813759E-1
4.000000E-1	1.159853E0	-8.072028E-1
4.200000E-1	1.416558E0	-6.110671E-1
4.400000E-1	1.544992E0	-3.418061E-3
4.600000E-1	1.958844E0	4.858455E-1
4.800000E-1	2.288621E0	9.854135E-1
5.000000E-1	2.642141E0	7.770854E-1
5.200000E-1	2.942700E0	1.220100E-1
5.400000E-1	3.186287E0	-2.213354E-1
5.600000E-1	3.124087E0	-4.364766E-1
5.800000E-1	3.467570E0	1.957962E-2
6.000000E-1	3.626821E0	4.577030E-1
6.200000E-1	3.476544E0	1.036170E0
6.400000E-1	3.503689E0	1.057515E0
6.600000E-1	3.835805E0	1.204163E0
6.800000E-1	4.056025E0	1.590360E0
7.000000E-1	3.789296E0	1.565203E0
7.200000E-1	3.885861E0	1.256881E0
7.400000E-1	3.941104E0	2.805112E-1
7.600000E-1	3.706298E0	-3.005554E-1
7.800000E-1	3.042223E0	-9.065047E-1
8.000000E-1	2.794119E0	-9.972164E-1
8.200000E-1	3.012268E0	-1.198385E0
8.400000E-1	3.085526E0	-1.269491E0
8.600000E-1	3.144058E0	-1.165806E0
8.800000E-1	3.079366E0	-1.107986E0
9.000000E-1	2.930728E0	-1.493738E0
9.200000E-1	3.096685E0	-1.834936E0
9.400000E-1	3.419389E0	-2.025813E0
9.600000E-1	2.925258E0	-2.054367E0
9.800000E-1	2.682738E0	-2.202983E0
1.000000E0	2.839547E0	-2.295751E0
1.020000E0	3.419035E0	-2.150973E0
1.040000E0	3.721263E0	-1.548093E0
1.060000E0	3.831426E0	-8.403230E-1
1.080000E0	4.177183E0	-1.917532E-2
1.100000E0	4.775239E0	1.199192E0
1.120000E0	5.004042E0	2.232421E0
1.140000E0	4.615041E0	2.521774E0
1.160000E0	3.754538E0	1.857150E0
1.180000E0	2.954838E0	5.206213E-2
1.200000E0	2.635925E0	-2.042854E0
1.220000E0	3.259295E0	-2.910575E0
1.240000E0	4.135886E0	-2.357050E0
1.260000E0	4.944374E0	-1.208635E0
1.280000E0	5.286803E0	-5.173202E-1
1.300000E0	4.925421E0	-5.048521E-1
1.320000E0	4.341020E0	-1.002219E0
1.340000E0	3.483382E0	-2.485854E0
1.360000E0	2.678757E0	-4.249613E0
1.380000E0	2.674904E0	-5.259138E0
1.400000E0	3.090242E0	-4.388562E0
1.420000E0	4.386520E0	-2.406898E0
1.440000E0	5.932124E0	-1.539791E0
1.460000E0	6.656370E0	-1.740857E0
1.480000E0	6.388477E0	-2.487215E0
1.500000E0	5.541436E0	-3.516147E0
1.520000E0	4.819761E0	-4.551944E0
1.540000E0	4.733066E0	-5.011288E0
1.560000E0	4.747754E0	-4.286716E0
1.580000E0	5.037579E0	-2.842372E0
1.600000E0	5.741367E0	-1.001495E0
1.620000E0	5.910966E0	-8.512409E-1
1.640000E0	5.432977E0	-2.042114E0
1.660000E0	4.727047E0	-3.705227E0
1.680000E0	4.377867E0	-4.424533E0
1.700000E0	3.921703E0	-4.428182E0
1.720000E0	3.941502E0	-3.740782E0
1.740000E0	4.538812E0	-3.259487E0
1.760000E0	5.574325E0	-2.856039E0
1.780000E0	5.770941E0	-2.589381E0
1.800000E0	5.183015E0	-2.124188E0
1.820000E0	4.489190E0	-1.702547E0
1.840000E0	4.784153E0	-1.382101E0
1.860000E0	5.346746E0	-1.288772E0
1.880000E0	4.869156E0	-1.949302E0
1.900000E0	4.430494E0	-2.622170E0
1.920000E0	4.527754E0	-2.966418E0
1.940000E0	5.289591E0	-2.950577E0
1.960000E0	5.732545E0	-2.306670E0
1.980000E0	6.059862E0	-1.348682E0
2.000000E0	6.139248E0	4.980396E-2
2.020000E0	6.147534E0	7.614619E-1
2.040000E0	6.121308E0	8.428449E-1
2.060000E0	6.232145E0	-1.379355E-1
2.080000E0	6.547632E0	-1.068910E0
2.100000E0	6.662223E0	-1.678272E0
2.120000E0	7.003559E0	-1.465929E0
2.140000E0	7.509398E0	-3.375940E-1
2.160000E0	6.806762E0	8.199909E-2
2.180000E0	6.788611E0	-7.924792E-1
2.200000E0	7.114832E0	-2.022414E0
2.220000E0	6.823486E0	-3.169582E0
2.240000E0	6.182877E0	-3.638102E0
2.260000E0	6.010466E0	-3.911310E0
2.280000E0	6.072456E0	-3.966812E0
2.300000E0	6.367140E0	-4.034588E0
2.320000E0	6.733037E0	-4.017107E0
2.340000E0	6.927234E0	-3.918968E0
2.360000E0	7.331388E0	-4.193804E0
2.380000E0	7.762347E0	-4.467399E0
2.400000E0	7.899021E0	-4.629476E0
2.420000E0	7.699454E0	-4.362726E0
2.440000E0	7.794994E0	-4.067036E0
2.460000E0	7.972011E0	-3.523593E0
2.480000E0	8.303125E0	-3.107855E0
2.500000E0	8.374350E0	-2.356112E0
2.520000E0	8.305301E0	-1.518931E0
2.540000E0	8.318271E0	-9.038969E-1
2.560000E0	8.323433E0	-1.077171E0
2.580000E0	8.371552E0	-2.157699E0
2.600000E0	8.675143E0	-3.738513E0
2.620000E0	8.614086E0	-5.083879E0
2.640000E0	8.706811E0	-5.571196E0
2.660000E0	9.313042E0	-5.074092E0
2.680000E0	9.791823E0	-4.468597E0
2.700000E0	8.962894E0	-3.794641E0
2.720000E0	8.140445E0	-3.657963E0
2.740000E0	7.748798E0	-3.982764E0
2.760000E0	8.092512E0	-4.527882E0
2.780000E0	8.381401E0	-4.719461E0
2.800000E0	8.087326E0	-4.372057E0
2.820000E0	8.268162E0	-3.932040E0
2.840000E0	8.916223E0	-4.555494E0
2.860000E0	9.861883E0	-5.343762E0
2.880000E0	9.794891E0	-5.309551E0
2.900000E0	9.763599E0	-4.323126E0
2.920000E0	9.892171E0	-3.884897E0
2.940000E0	1.001059E1	-4.013002E0
2.960000E0	9.416955E0	-4.500339E0
2.980000E0	8.775753E0	-5.047373E0
3.000000E0	8.477744E0	-5.389776E0
3.020000E0	8.943236E0	-5.401955E0
3.040000E0	9.649399E0	-4.994537E0
3.060000E0	1.016217E1	-4.543810E0
3.080000E0	1.015981E1	-3.926141E0
3.100000E0	9.394822E0	-4.038112E0
3.120000E0	9.463642E0	-4.557244E0
3.140000E0	9.434595E0	-5.204832E0
3.160000E0	9.433972E0	-5.583867E0
3.180000E0	9.708965E0	-5.634280E0
3.200000E0	9.795640E0	-5.255767E0
3.220000E0	1.008782E1	-4.758163E0
3.240000E0	1.051310E1	-3.849625E0
3.260000E0	1.097546E1	-3.346074E0
3.280000E0	1.140625E1	-3.452993E0
3.300000E0	1.148182E1	-4.295630E0
3.320000E0	1.113811E1	-4.971590E0
3.340000E0	1.111642E1	-5.143416E0
3.360000E0	1.111272E1	-5.064838E0
3.380000E0	1.119988E1	-4.201208E0
3.400000E0	1.123819E1	-3.684771E0
3.420000E0	1.167435E1	-3.388153E0
3.440000E0	1.190599E1	-3.174758E0
3.460000E0	1.176795E1	-3.169684E0
3.480000E0	1.171504E1	-3.656025E0
3.500000E0	1.177951E1	-4.389481E0
3.520000E0	1.212235E1	-4.496561E0
3.540000E0	1.183238E1	-4.564346E0
3.560000E0	1.164574E1	-4.287309E0
3.580000E0	1.177474E1	-4.262753E0
3.600000E0	1.164166E1	-4.571184E0
3.620000E0	1.112360E1	-4.847271E0
3.640000E0	1.050516E1	-4.849356E0
3.660000E0	1.009571E1	-5.089899E0
3.680000E0	1.040616E1	-5.369393E0
3.700000E0	1.113808E1	-5.918356E0
3.720000E0	1.055250E1	-6.247385E0
3.740000E0	1.033385E1	-6.578135E0
3.760000E0	1.065542E1	-6.431900E0
3.780000E0	1.128269E1	-5.888671E0
3.800000E0	1.149539E1	-5.071875E0
3.820000E0	1.183902E1	-4.386059E0
3.840000E0	1.212144E1	-3.771398E0
3.860000E0	1.256764E1	-3.362406E0
3.880000E0	1.259056E1	-3.053921E0
3.900000E0	1.186074E1	-3.189754E0
3.920000E0	1.090927E1	-3.869802E0
3.940000E0	9.895026E0	-4.786390E0
3.960000E0	9.777862E0	-5.703173E0
3.980000E0	1.080045E1	-5.599159E0
4.000000E0	1.214586E1	-5.261577E0
4.020000E0	1.290421E1	-4.599629E0
4.040000E0	1.334654E1	-4.688477E0
4.060000E0	1.345038E1	-5.197015E0
4.080000E0	1.225292E1	-5.900389E0
4.100000E0	1.098224E1	-7.284036E0
4.120000E0	9.867645E0	-8.908139E0
4.140000E0	9.689818E0	-9.232269E0
4.160000E0	1.042527E1	-8.471605E0
4.180000E0	1.166826E1	-6.437853E0
4.200000E0	1.275085E1	-5.132932E0
4.220000E0	1.363247E1	-5.205536E0
4.240000E0	1.393341E1	-6.414054E0
4.260000E0	1.307898E1	-7.963359E0
4.280000E0	1.263742E1	-8.443363E0
4.300000E0	1.253123E1	-8.571978E0
4.320000E0	1.262996E1	-7.576463E0
4.340000E0	1.251391E1	-6.063375E0
4.360000E0	1.303855E1	-5.046781E0
4.380000E0	1.322148E1	-5.302306E0
4.400000E0	1.294108E1	-6.580437E0
4.420000E0	1.261842E1	-7.441870E0
4.440000E0	1.255512E1	-7.614049E0
4.460000E0	1.241239E1	-7.210581E0
4.480000E0	1.226331E1	-6.683129E0
4.500000E0	1.258811E1	-6.240288E0
4.520000E0	1.304509E1	-5.968858E0
4.540000E0	1.307135E1	-5.690983E0
4.560000E0	1.277811E1	-5.266643E0
4.580000E0	1.237892E1	-5.043483E0
4.600000E0	1.251283E1	-4.725686E0
4.620000E0	1.285348E1	-4.701141E0
4.640000E0	1.244122E1	-5.224754E0
4.660000E0	1.218240E1	-5.884321E0
4.680000E0	1.262091E1	-6.197769E0
4.700000E0	1.302462E1	-5.937383E0
4.720000E0	1.315807E1	-4.933359E0
4.740000E0	1.339702E1	-3.918520E0
4.760000E0	1.407442E1	-3.253262E0
4.780000E0	1.400218E1	-3.086211E0
4.800000E0	1.394989E1	-3.420076E0
4.820000E0	1.391594E1	-4.050408E0
4.840000E0	1.407614E1	-4.573326E0
4.860000E0	1.425533E1	-4.863367E0
4.880000E0	1.468183E1	-4.608121E0
4.900000E0	1.536758E1	-3.673153E0
4.920000E0	1.519246E1	-2.910516E0
4.940000E0	1.505089E1	-3.471088E0
4.960000E0	1.523590E1	-4.399168E0
4.980000E0	1.521164E1	-5.296121E0
5.000000E0	1.468627E1	-5.859857E0
5.020000E0	1.448929E1	-6.042543E0
5.040000E0	1.422925E1	-6.037316E0
5.060000E0	1.402028E1	-5.976793E0
5.080000E0	1.418346E1	-5.955568E0
5.100000E0	1.474563E1	-5.745761E0
5.120000E0	1.543253E1	-6.069983E0
5.140000E0	1.563461E1	-6.391768E0
5.160000E0	1.557193E1	-6.810072E0
5.180000E0	1.541725E1	-7.126208E0
5.200000E0	1.546489E1	-7.350291E0
5.220000E0	1.540243E1	-7.102820E0
5.240000E0	1.520351E1	-6.452419E0
5.260000E0	1.488438E1	-5.759204E0
5.280000E0	1.507316E1	-5.435267E0
5.300000E0	1.553758E1	-5.346829E0
5.320000E0	1.596372E1	-5.408952E0
5.340000E0	1.591370E1	-5.706025E0
5.360000E0	1.586087E1	-6.063731E0
5.380000E0	1.565582E1	-6.303117E0
5.400000E0	1.588388E1	-6.268636E0
5.420000E0	1.630608E1	-6.167001E0
5.440000E0	1.673912E1	-6.105889E0
5.460000E0	1.686246E1	-6.061298E0
5.480000E0	1.697227E1	-6.385874E0
5.500000E0	1.692767E1	-6.660282E0
5.520000E0	1.633955E1	-6.489530E0
5.540000E0	1.587183E1	-6.202902E0
5.560000E0	1.540006E1	-6.234000E0
5.580000E0	1.545606E1	-6.656635E0
5.600000E0	1.587015E1	-6.717478E0
5.620000E0	1.626150E1	-6.200980E0
5.640000E0	1.704688E1	-5.545814E0
5.660000E0	1.758536E1	-5.698383E0
5.680000E0	1.786076E1	-6.084250E0
5.700000E0	1.789889E1	-6.050812E0
5.720000E0	1.754999E1	-5.998786E0
5.740000E0	1.696090E1	-6.509599E0
5.760000E0	1.648837E1	-7.099584E0
5.780000E0	1.626237E1	-7.401133E0
5.800000E0	1.659246E1	-7.002656E0
5.820000E0	1.732180E1	-6.534663E0
5.840000E0	1.780847E1	-6.254708E0
5.860000E0	1.734737E1	-6.563503E0
5.880000E0	1.676843E1	-7.915571E0
5.900000E0	1.649524E1	-8.688539E0
5.920000E0	1.616927E1	-8.924062E0
5.940000E0	1.656968E1	-8.281954E0
5.960000E0	1.735249E1	-7.159284E0
5.980000E0	1.783350E1	-5.800811E0
6.000000E0	1.829983E1	-4.722624E0
6.020000E0	1.858952E1	-4.436536E0
6.040000E0	1.904495E1	-4.787504E0
6.060000E0	1.932470E1	-5.326860E0
6.080000E0	1.922748E1	-5.514369E0
6.100000E0	1.915619E1	-5.550224E0
6.120000E0	1.906816E1	-5.588825E0
6.140000E0	1.866570E1	-5.598896E0
6.160000E0	1.865536E1	-5.505110E0
6.180000E0	1.865632E1	-5.522934E0
6.200000E0	1.898497E1	-5.026700E0
6.220000E0	1.917360E1	-4.544012E0
6.240000E0	1.933367E1	-4.580396E0
6.260000E0	1.941306E1	-5.238158E0
6.280000E0	1.970567E1	-5.751174E0
6.300000E0	1.973614E1	-5.960109E0
6.320000E0	1.983339E1	-5.684158E0
6.340000E0	1.998655E1	-5.095166E0
6.360000E0	1.984301E1	-4.878124E0
6.380000E0	1.941747E1	-5.014332E0
6.400000E0	1.899317E1	-5.417620E0
6.420000E0	1.824009E1	-5.854750E0
6.440000E0	1.795301E1	-5.898079E0
6.460000E0	1.826104E1	-6.143217E0
6.480000E0	1.816670E1	-6.758410E0
6.500000E0	1.816182E1	-7.440921E0
6.520000E0	1.859157E1	-7.647187E0
6.540000E0	1.894330E1	-7.225297E0
6.560000E0	1.932749E1	-6.417830E0
6.580000E0	1.982609E1	-5.666267E0
6.600000E0	1.992019E1	-4.952754E0
6.620000E0	1.995065E1	-4.350571E0
6.640000E0	1.971291E1	-4.175608E0
6.660000E0	1.932808E1	-4.844170E0
6.680000E0	1.898084E1	-6.156435E0
6.700000E0	1.852862E1	-7.430669E0
6.720000E0	1.834497E1	-7.296506E0
6.740000E0	1.870945E1	-6.031804E0
6.760000E0	1.970701E1	-4.446996E0
6.780000E0	2.118908E1	-3.624349E0
6.800000E0	2.179689E1	-3.740572E0
6.820000E0	2.135402E1	-5.076616E0
6.840000E0	2.039109E1	-7.314436E0
6.860000E0	1.947512E1	-9.816129E0
6.880000E0	1.882090E1	-1.102970E1
6.900000E0	1.831238E1	-1.040912E1
6.920000E0	1.828852E1	-8.702696E0
6.940000E0	1.877414E1	-6.921398E0
6.960000E0	1.992430E1	-6.184909E0
6.980000E0	2.108280E1	-6.379404E0
7.000000E0	2.143288E1	-6.988557E0
7.020000E0	2.099920E1	-7.655671E0
7.040000E0	2.025424E1	-8.793077E0
7.060000E0	2.023846E1	-9.762541E0
7.080000E0	2.036697E1	-9.326080E0
7.100000E0	2.036815E1	-7.530450E0
7.120000E0	2.083097E1	-6.125668E0
7.140000E0	2.062575E1	-6.017409E0
7.160000E0	1.994025E1	-7.302974E0
7.180000E0	1.979621E1	-8.643362E0
7.200000E0	1.977868E1	-9.130657E0
7.220000E0	1.989232E1	-8.553911E0
7.240000E0	2.018119E1	-7.757387E0
7.260000E0	2.038182E1	-7.363248E0
7.280000E0	2.071215E1	-7.253758E0
7.300000E0	2.060350E1	-7.322275E0
7.320000E0	2.020080E1	-7.012114E0
7.340000E0	1.962204E1	-6.871660E0
7.360000E0	1.967407E1	-6.453580E0
7.380000E0	2.019049E1	-6.054481E0
7.400000E0	1.971863E1	-6.387660E0
7.420000E0	1.947323E1	-6.724325E0
7.440000E0	2.012579E1	-7.151012E0
7.460000E0	2.079863E1	-6.967801E0
7.480000E0	2.085576E1	-6.225546E0
7.500000E0	2.061460E1	-5.449654E0
7.520000E0	2.073828E1	-4.444771E0
7.540000E0	2.147004E1	-3.863622E0
7.560000E0	2.110625E1	-4.265401E0
7.580000E0	2.104946E1	-5.179624E0
7.600000E0	2.112050E1	-5.986795E0
7.620000E0	2.118207E1	-6.405239E0
7.640000E0	2.173172E1	-6.141632E0
7.660000E0	2.252242E1	-5.296371E0
7.680000E0	2.266550E1	-4.128431E0
7.700000E0	2.246218E1	-4.488390E0
7.720000E0	2.280203E1	-5.236896E0
7.740000E0	2.273187E1	-6.024501E0
7.760000E0	2.240080E1	-6.627806E0
7.780000E0	2.208669E1	-7.011196E0
7.800000E0	2.168334E1	-7.292441E0
7.820000E0	2.125871E1	-7.400953E0
7.840000E0	2.122513E1	-7.348801E0
7.860000E0	2.166367E1	-6.799817E0
7.880000E0	2.250004E1	-6.788761E0
7.900000E0	2.313855E1	-6.975726E0
7.920000E0	2.279582E1	-7.478123E0
7.940000E0	2.260466E1	-7.953588E0
7.960000E0	2.262817E1	-8.597977E0
7.980000E0	2.253797E1	-8.616003E0
8.000000E0	2.207849E1	-8.106268E0
8.020000E0	2.179505E1	-7.279031E0
8.040000E0	2.199503E1	-6.859343E0
8.060000E0	2.235497E1	-6.498070E0
8.080000E0	2.308849E1	-6.538088E0
8.100000E0	2.309317E1	-7.056142E0
8.120000E0	2.287599E1	-7.379027E0
8.140000E0	2.282404E1	-7.806368E0
8.160000E0	2.268530E1	-7.406517E0
8.180000E0	2.313313E1	-7.128782E0
8.200000E0	2.395859E1	-6.609856E0
8.220000E0	2.411386E1	-7.012697E0
8.240000E0	2.402066E1	-7.487023E0
8.260000E0	2.371924E1	-7.940494E0
8.280000E0	2.398124E1	-7.910627E0
8.300000E0	2.369331E1	-7.362410E0
8.320000E0	2.280355E1	-7.265192E0
8.340000E0	2.240447E1	-7.516533E0
8.360000E0	2.269250E1	-8.158497E0
8.380000E0	2.327378E1	-7.943762E0
8.400000E0	2.393129E1	-7.172072E0
8.420000E0	2.460830E1	-6.420889E0
8.440000E0	2.479070E1	-6.581256E0
8.460000E0	2.499051E1	-7.306377E0
8.480000E0	2.477201E1	-7.858063E0
8.500000E0	2.434584E1	-7.932956E0
8.520000E0	2.395027E1	-7.977023E0
8.540000E0	2.385636E1	-8.415676E0
8.560000E0	2.384889E1	-8.454585E0
8.580000E0	2.423922E1	-8.032721E0
8.600000E0	2.491885E1	-7.789079E0
8.620000E0	2.449249E1	-7.953015E0
8.640000E0	2.393793E1	-9.586142E0
8.660000E0	2.346845E1	-1.078475E1
8.680000E0	2.298322E1	-1.132002E1
8.700000E0	2.302597E1	-1.063499E1
8.720000E0	2.385378E1	-9.415753E0
8.740000E0	2.457343E1	-7.781112E0
8.760000E0	2.508598E1	-6.170159E0
8.780000E0	2.549436E1	-5.452854E0
8.800000E0	2.581128E1	-6.026950E0
8.820000E0	2.611606E1	-6.925980E0
8.840000E0	2.596042E1	-7.255469E0
8.860000E0	2.598994E1	-7.046660E0
8.880000E0	2.623754E1	-6.412595E0
8.900000E0	2.591523E1	-5.985355E0
8.920000E0	2.551092E1	-6.213554E0
8.940000E0	2.551485E1	-6.764801E0
8.960000E0	2.581910E1	-6.901044E0
8.980000E0	2.579232E1	-6.547544E0
9.000000E0	2.597861E1	-6.338622E0
9.020000E0	2.621422E1	-6.746314E0
9.040000E0	2.667782E1	-7.043040E0
9.060000E0	2.666346E1	-7.312835E0
9.080000E0	2.667417E1	-7.263154E0
9.100000E0	2.715115E1	-6.738704E0
9.120000E0	2.746734E1	-6.144910E0
9.140000E0	2.706861E1	-5.958063E0
9.160000E0	2.671007E1	-5.731797E0
9.180000E0	2.600531E1	-5.897346E0
9.200000E0	2.578360E1	-6.310926E0
9.220000E0	2.571968E1	-7.058511E0
9.240000E0	2.504849E1	-7.728876E0
9.260000E0	2.472515E1	-8.195777E0
9.280000E0	2.509527E1	-8.399858E0
9.300000E0	2.602756E1	-8.352012E0
9.320000E0	2.649396E1	-7.980374E0
9.340000E0	2.654378E1	-7.430215E0
9.360000E0	2.688788E1	-7.092598E0
9.380000E0	2.730145E1	-6.688565E0
9.400000E0	2.683255E1	-6.345309E0
9.420000E0	2.608555E1	-6.718366E0
9.440000E0	2.547313E1	-7.556010E0
9.460000E0	2.537695E1	-8.750201E0
9.480000E0	2.555123E1	-8.991669E0
9.500000E0	2.616435E1	-8.245571E0
9.520000E0	2.721417E1	-6.652949E0
9.540000E0	2.810883E1	-5.401289E0
9.560000E0	2.854145E1	-4.728392E0
9.580000E0	2.888110E1	-4.654484E0
9.600000E0	2.834533E1	-5.575249E0
9.620000E0	2.761062E1	-7.644486E0
9.640000E0	2.674632E1	-1.023023E1
9.660000E0	2.619102E1	-1.179318E1
9.680000E0	2.626453E1	-1.120929E1
9.700000E0	2.690346E1	-9.080800E0
9.720000E0	2.731065E1	-7.007512E0
9.740000E0	2.770894E1	-6.281102E0
9.760000E0	2.817308E1	-6.388821E0
9.780000E0	2.845281E1	-7.160229E0
9.800000E0	2.784449E1	-8.278046E0
9.820000E0	2.689362E1	-9.163457E0
9.840000E0	2.631202E1	-9.386479E0
9.860000E0	2.687030E1	-8.967044E0
9.880000E0	2.793185E1	-8.239173E0
9.900000E0	2.830589E1	-7.679393E0
9.920000E0	2.787525E1	-8.061595E0
9.940000E0	2.723822E1	-9.490199E0
9.960000E0	2.708968E1	-1.002946E1
9.980000E0	2.700592E1	-1.021889E1
1.000000E1	2.708807E1	-9.333483E0
1.002000E1	2.755117E1	-8.644960E0
1.004000E1	2.810530E1	-8.428244E0
1.006000E1	2.803397E1	-8.566748E0
1.008000E1	2.761069E1	-8.879041E0
1.010000E1	2.703155E1	-8.891187E0
1.012000E1	2.700033E1	-8.818398E0
1.014000E1	2.709262E1	-8.218509E0
1.016000E1	2.666024E1	-8.294010E0
1.018000E1	2.651458E1	-8.566044E0
1.020000E1	2.700860E1	-8.649524E0
1.022000E1	2.791623E1	-8.150808E0
1.024000E1	2.815637E1	-7.142267E0
1.026000E1	2.798679E1	-5.942786E0
1.028000E1	2.817396E1	-4.915435E0
1.030000E1	2.840587E1	-4.492873E0
1.032000E1	2.799381E1	-4.539386E0
1.034000E1	2.791733E1	-5.995116E0
1.036000E1	2.791324E1	-7.274339E0
1.038000E1	2.794901E1	-8.185113E0
1.040000E1	2.842308E1	-8.438722E0
1.042000E1	2.913911E1	-7.183638E0
1.044000E1	2.953178E1	-5.943655E0
1.046000E1	2.955601E1	-6.161321E0
1.048000E1	2.989945E1	-6.770901E0
1.050000E1	2.983012E1	-7.547496E0
1.052000E1	2.978642E1	-7.850615E0
1.054000E1	2.982082E1	-7.752107E0
1.056000E1	2.978506E1	-7.161243E0
1.058000E1	2.989938E1	-6.868737E0
1.060000E1	2.968660E1	-6.613540E0
1.062000E1	2.974407E1	-6.678367E0
1.064000E1	3.002713E1	-7.229585E0
1.066000E1	3.000868E1	-7.336388E0
1.068000E1	2.993778E1	-7.547818E0
1.070000E1	3.003083E1	-7.694492E0
1.072000E1	3.027185E1	-8.094952E0
1.074000E1	3.000317E1	-8.218146E0
1.076000E1	2.946828E1	-8.604643E0
1.078000E1	2.923672E1	-8.845990E0
1.080000E1	2.935442E1	-8.975695E0
1.082000E1	2.985003E1	-8.627279E0
1.084000E1	2.979861E1	-8.126889E0
1.086000E1	2.971518E1	-8.297976E0
1.088000E1	2.971670E1	-8.802400E0
1.090000E1	2.928703E1	-9.541189E0
1.092000E1	2.928222E1	-9.693485E0
1.094000E1	2.972868E1	-9.353537E0
1.096000E1	3.009683E1	-8.006812E0
1.098000E1	3.045477E1	-6.798519E0
1.100000E1	3.028283E1	-6.207764E0
1.102000E1	2.991732E1	-6.489174E0
1.104000E1	3.008667E1	-7.643195E0
1.106000E1	3.035992E1	-8.816241E0
1.108000E1	3.024493E1	-9.482185E0
1.110000E1	3.030526E1	-9.108977E0
1.112000E1	3.068215E1	-8.556301E0
1.114000E1	3.109057E1	-8.344164E0
1.116000E1	3.063444E1	-8.123684E0
1.118000E1	3.020231E1	-7.895138E0
1.120000E1	3.028929E1	-7.149421E0
1.122000E1	3.059010E1	-6.797179E0
1.124000E1	3.080466E1	-7.046670E0
1.126000E1	3.015114E1	-7.859350E0
1.128000E1	2.992459E1	-9.059722E0
1.130000E1	3.040015E1	-9.732192E0
1.132000E1	3.140148E1	-9.406672E0
1.134000E1	3.199075E1	-8.168658E0
1.136000E1	3.179500E1	-8.053819E0
1.138000E1	3.081266E1	-8.999145E0
1.140000E1	2.980920E1	-1.060932E1
1.142000E1	2.921081E1	-1.214111E1
1.144000E1	2.923882E1	-1.227843E1
1.146000E1	2.975928E1	-1.150642E1
1.148000E1	3.006984E1	-1.049758E1
1.150000E1	3.038854E1	-9.793870E0
1.152000E1	3.053367E1	-9.617742E0
1.154000E1	3.106537E1	-9.251807E0
1.156000E1	3.145483E1	-8.645648E0
1.158000E1	3.192654E1	-8.055503E0
1.160000E1	3.239130E1	-7.755875E0
1.162000E1	3.244408E1	-7.366573E0
1.164000E1	3.244235E1	-7.359833E0
1.166000E1	3.190018E1	-7.474765E0
1.168000E1	3.144512E1	-7.614922E0
1.170000E1	3.152006E1	-7.530569E0
1.172000E1	3.180465E1	-6.932858E0
1.174000E1	3.164727E1	-6.297459E0
1.176000E1	3.138579E1	-6.766899E0
1.178000E1	3.135631E1	-7.952693E0
1.180000E1	3.168958E1	-8.743407E0
1.182000E1	3.130884E1	-9.406269E0
1.184000E1	3.121237E1	-9.110681E0
1.186000E1	3.182473E1	-8.517444E0
1.188000E1	3.252245E1	-7.830260E0
1.190000E1	3.252654E1	-7.244229E0
1.192000E1	3.212707E1	-6.907817E0
1.194000E1	3.168370E1	-6.842014E0
1.196000E1	3.202445E1	-6.632490E0
1.198000E1	3.201236E1	-6.787958E0
1.200000E1	3.168384E1	-7.455848E0
1.202000E1	3.149986E1	-7.974983E0
1.204000E1	3.151179E1	-8.205821E0
1.206000E1	3.165191E1	-8.136519E0
1.208000E1	3.169185E1	-7.397447E0
1.210000E1	3.173039E1	-6.524553E0
1.212000E1	3.204612E1	-5.962108E0
1.214000E1	3.254818E1	-6.237286E0
1.216000E1	3.209263E1	-7.393872E0
1.218000E1	3.131959E1	-8.834854E0
1.220000E1	3.098586E1	-9.863506E0
1.222000E1	3.114669E1	-9.871394E0
1.224000E1	3.162891E1	-9.030668E0
1.226000E1	3.249668E1	-8.021100E0
1.228000E1	3.293170E1	-7.185996E0
1.230000E1	3.254635E1	-7.143988E0
1.232000E1	3.236726E1	-7.910354E0
1.234000E1	3.240672E1	-8.896313E0
1.236000E1	3.240528E1	-9.964987E0
1.238000E1	3.229948E1	-1.111395E1
1.240000E1	3.218067E1	-1.115944E1
1.242000E1	3.216842E1	-1.032843E1
1.244000E1	3.249654E1	-8.640065E0
1.246000E1	3.345634E1	-6.947797E0
1.248000E1	3.494123E1	-6.309807E0
1.250000E1	3.570411E1	-6.542695E0
1.252000E1	3.514684E1	-7.577885E0
1.254000E1	3.431971E1	-9.107287E0
1.256000E1	3.378210E1	-1.060705E1
1.258000E1	3.291442E1	-1.124274E1
1.260000E1	3.223503E1	-1.066741E1
1.262000E1	3.166014E1	-9.184943E0
1.264000E1	3.189651E1	-8.015884E0
1.266000E1	3.279816E1	-7.454139E0
1.268000E1	3.325762E1	-7.877584E0
1.270000E1	3.259714E1	-9.130623E0
1.272000E1	3.258935E1	-1.014857E1
1.274000E1	3.302971E1	-1.074980E1
1.276000E1	3.378681E1	-1.034376E1
1.278000E1	3.417436E1	-9.541532E0
1.280000E1	3.428842E1	-9.001089E0
1.282000E1	3.397554E1	-9.321502E0
1.284000E1	3.334045E1	-9.853635E0
1.286000E1	3.293437E1	-9.784558E0
1.288000E1	3.329848E1	-9.378058E0
1.290000E1	3.375963E1	-9.269101E0
1.292000E1	3.337471E1	-9.387536E0
1.294000E1	3.321223E1	-9.881294E0
1.296000E1	3.333343E1	-9.870998E0
1.298000E1	3.365393E1	-9.411758E0
1.300000E1	3.396743E1	-8.610066E0
1.302000E1	3.430153E1	-7.460219E0
1.304000E1	3.429398E1	-6.464018E0
1.306000E1	3.454785E1	-5.878431E0
1.308000E1	3.420068E1	-6.031199E0
1.310000E1	3.371925E1	-6.949572E0
1.312000E1	3.312984E1	-7.878257E0
1.314000E1	3.323983E1	-8.554871E0
1.316000E1	3.376529E1	-8.424854E0
1.318000E1	3.464716E1	-7.096620E0
1.320000E1	3.437446E1	-6.246568E0
1.322000E1	3.424080E1	-7.111031E0
1.324000E1	3.423638E1	-8.475042E0
1.326000E1	3.395740E1	-9.334980E0
1.328000E1	3.384417E1	-9.670694E0
1.330000E1	3.421556E1	-9.397853E0
1.332000E1	3.432944E1	-8.623060E0
1.334000E1	3.463214E1	-7.982660E0
1.336000E1	3.486320E1	-7.547601E0
1.338000E1	3.537701E1	-7.194006E0
1.340000E1	3.578536E1	-7.133407E0
1.342000E1	3.592272E1	-7.260900E0
1.344000E1	3.604269E1	-7.658526E0
1.346000E1	3.609074E1	-7.669499E0
1.348000E1	3.579948E1	-7.634716E0
1.350000E1	3.532407E1	-7.550788E0
1.352000E1	3.487843E1	-7.815399E0
1.354000E1	3.492671E1	-7.868831E0
1.356000E1	3.458523E1	-7.787231E0
1.358000E1	3.447576E1	-7.560430E0
1.360000E1	3.473018E1	-8.079197E0
1.362000E1	3.467387E1	-9.093515E0
1.364000E1	3.482146E1	-9.983808E0
1.366000E1	3.448434E1	-1.072235E1
1.368000E1	3.451070E1	-1.065849E1
1.370000E1	3.498091E1	-1.013523E1
1.372000E1	3.550492E1	-9.425951E0
1.374000E1	3.540505E1	-8.868282E0
1.376000E1	3.507627E1	-8.778970E0
1.378000E1	3.461217E1	-8.862318E0
1.380000E1	3.441459E1	-9.050511E0
1.382000E1	3.469707E1	-8.659148E0
1.384000E1	3.480934E1	-8.178177E0
1.386000E1	3.448692E1	-7.668857E0
1.388000E1	3.455245E1	-7.681382E0
1.390000E1	3.516004E1	-8.121838E0
1.392000E1	3.580268E1	-8.479489E0
1.394000E1	3.615809E1	-8.514694E0
1.396000E1	3.649179E1	-8.036742E0
1.398000E1	3.705210E1	-7.468171E0
1.400000E1	3.645205E1	-6.952489E0
1.402000E1	3.523280E1	-7.499839E0
1.404000E1	3.403738E1	-8.701962E0
1.406000E1	3.363772E1	-1.010714E1
1.408000E1	3.402978E1	-1.011976E1
1.410000E1	3.488797E1	-8.807822E0
1.412000E1	3.566624E1	-7.459272E0
1.414000E1	3.574708E1	-6.767118E0
1.416000E1	3.577795E1	-8.080070E0
1.418000E1	3.554565E1	-1.050943E1
1.420000E1	3.480564E1	-1.273513E1
1.422000E1	3.449277E1	-1.308350E1
1.424000E1	3.476309E1	-1.227009E1
1.426000E1	3.499725E1	-1.087937E1
1.428000E1	3.526632E1	-9.857535E0
1.430000E1	3.579209E1	-9.454818E0
1.432000E1	3.598791E1	-9.903958E0
1.434000E1	3.592456E1	-1.093840E1
1.436000E1	3.579528E1	-1.141609E1
1.438000E1	3.573338E1	-1.143409E1
1.440000E1	3.619992E1	-1.067749E1
1.442000E1	3.659002E1	-9.263177E0
1.444000E1	3.686410E1	-7.318857E0
1.446000E1	3.665552E1	-6.605277E0
1.448000E1	3.672989E1	-6.606072E0
1.450000E1	3.655814E1	-7.258635E0
1.452000E1	3.634750E1	-8.298716E0
1.454000E1	3.637521E1	-8.793341E0
1.456000E1	3.671134E1	-8.812418E0
1.458000E1	3.642023E1	-8.393245E0
1.460000E1	3.630434E1	-8.278936E0
1.462000E1	3.666358E1	-8.205312E0
1.464000E1	3.710257E1	-8.203144E0
1.466000E1	3.701502E1	-8.396927E0
1.468000E1	3.654733E1	-8.402713E0
1.470000E1	3.617972E1	-8.439099E0
1.472000E1	3.648223E1	-8.217894E0
1.474000E1	3.696996E1	-8.054849E0
1.476000E1	3.655288E1	-8.186425E0
1.478000E1	3.632460E1	-8.711079E0
1.480000E1	3.688321E1	-8.645865E0
1.482000E1	3.745855E1	-8.116034E0
1.484000E1	3.755360E1	-6.997264E0
1.486000E1	3.720295E1	-5.585408E0
1.488000E1	3.719616E1	-4.458776E0
1.490000E1	3.729751E1	-4.477770E0
1.492000E1	3.727494E1	-5.658991E0
1.494000E1	3.673495E1	-7.363038E0
1.496000E1	3.594008E1	-8.996320E0
1.498000E1	3.542381E1	-9.786415E0
1.500000E1	3.563563E1	-9.699639E0
1.502000E1	3.666368E1	-9.119147E0
1.504000E1	3.746612E1	-8.082562E0
1.506000E1	3.738670E1	-8.210663E0
1.508000E1	3.736119E1	-9.215501E0
1.510000E1	3.707527E1	-1.024790E1
1.512000E1	3.641697E1	-1.127741E1
1.514000E1	3.591455E1	-1.207938E1
1.516000E1	3.577333E1	-1.231507E1
1.518000E1	3.576507E1	-1.182115E1
1.520000E1	3.645284E1	-1.087196E1
1.522000E1	3.775154E1	-9.452369E0
1.524000E1	3.920058E1	-8.183743E0
1.526000E1	4.024238E1	-7.132310E0
1.528000E1	4.044328E1	-6.295639E0
1.530000E1	4.014107E1	-6.387100E0
1.532000E1	3.951730E1	-7.606746E0
1.534000E1	3.867338E1	-9.645717E0
1.536000E1	3.783815E1	-1.137707E1
1.538000E1	3.773966E1	-1.149436E1
1.540000E1	3.765323E1	-1.048317E1
1.542000E1	3.788079E1	-8.894732E0
1.544000E1	3.750090E1	-8.524840E0
1.546000E1	3.706349E1	-9.201316E0
1.548000E1	3.667121E1	-1.058248E1
1.550000E1	3.660948E1	-1.137805E1
1.552000E1	3.694582E1	-1.111109E1
1.554000E1	3.762283E1	-9.643282E0
1.556000E1	3.851988E1	-8.995791E0
1.558000E1	3.872471E1	-9.748525E0
1.560000E1	3.824354E1	-1.046241E1
1.562000E1	3.763127E1	-1.056145E1
1.564000E1	3.790198E1	-1.011170E1
1.566000E1	3.776897E1	-9.929798E0
1.568000E1	3.724236E1	-1.005229E1
1.570000E1	3.725746E1	-1.033911E1
1.572000E1	3.774460E1	-1.029807E1
1.574000E1	3.851213E1	-9.708772E0
1.576000E1	3.870948E1	-9.362318E0
1.578000E1	3.870496E1	-8.931974E0
1.580000E1	3.881576E1	-8.491719E0
1.582000E1	3.879668E1	-7.404739E0
1.584000E1	3.867282E1	-7.054764E0
1.586000E1	3.842341E1	-7.261111E0
1.588000E1	3.812030E1	-8.256944E0
1.590000E1	3.799343E1	-9.060303E0
1.592000E1	3.828489E1	-8.972912E0
1.594000E1	3.883704E1	-7.638309E0
1.596000E1	3.878518E1	-7.341246E0
1.598000E1	3.897075E1	-7.942058E0
1.600000E1	3.907899E1	-8.408826E0
1.602000E1	3.873678E1	-9.366237E0
1.604000E1	3.861202E1	-9.655530E0
1.606000E1	3.870436E1	-9.682992E0
1.608000E1	3.866201E1	-9.543515E0
1.610000E1	3.905575E1	-9.074632E0
1.612000E1	3.974452E1	-8.345339E0
1.614000E1	4.039936E1	-7.624452E0
1.616000E1	4.068177E1	-7.680548E0
1.618000E1	4.068935E1	-7.807882E0
1.620000E1	4.079102E1	-8.172409E0
1.622000E1	4.082436E1	-8.133629E0
1.624000E1	4.025646E1	-8.057384E0
1.626000E1	3.982426E1	-7.906238E0
1.628000E1	3.967131E1	-7.911064E0
1.630000E1	3.985472E1	-8.062550E0
1.632000E1	3.959434E1	-8.007559E0
1.634000E1	3.900112E1	-8.165882E0
1.636000E1	3.909566E1	-8.958847E0
1.638000E1	3.934262E1	-9.871041E0
1.640000E1	3.941109E1	-1.095154E1
1.642000E1	3.919114E1	-1.125644E1
1.644000E1	3.924505E1	-1.105974E1
1.646000E1	3.989676E1	-1.025820E1
1.648000E1	4.012176E1	-9.722137E0
1.650000E1	3.990329E1	-9.198298E0
1.652000E1	3.933020E1	-9.329057E0
1.654000E1	3.892147E1	-9.432187E0
1.656000E1	3.909460E1	-9.678350E0
1.658000E1	3.935926E1	-9.394732E0
1.660000E1	3.910382E1	-8.986873E0
1.662000E1	3.908052E1	-8.556051E0
1.664000E1	3.930529E1	-8.332569E0
1.666000E1	4.017309E1	-8.345364E0
1.668000E1	4.091114E1	-8.298622E0
1.670000E1	4.097692E1	-8.309150E0
1.672000E1	4.130634E1	-8.106163E0
1.674000E1	4.133932E1	-8.109940E0
1.676000E1	4.046756E1	-8.574387E0
1.678000E1	3.930638E1	-9.490761E0
1.680000E1	3.846336E1	-1.022097E1
1.682000E1	3.852666E1	-1.032817E1
1.684000E1	3.934176E1	-9.680923E0
1.686000E1	4.013705E1	-8.734174E0
1.688000E1	4.014539E1	-8.041682E0
1.690000E1	4.017119E1	-8.708395E0
1.692000E1	4.026475E1	-1.072545E1
1.694000E1	3.988384E1	-1.293343E1
1.696000E1	3.943937E1	-1.369768E1
1.698000E1	3.946358E1	-1.299342E1
1.700000E1	3.966759E1	-1.158176E1
1.702000E1	4.005125E1	-1.061301E1
1.704000E1	4.049932E1	-1.012681E1
1.706000E1	4.073771E1	-1.059290E1
1.708000E1	4.058478E1	-1.152552E1
1.710000E1	4.041922E1	-1.223813E1
1.712000E1	4.031313E1	-1.234687E1
1.714000E1	4.067272E1	-1.166707E1
1.716000E1	4.104343E1	-1.038718E1
1.718000E1	4.137222E1	-8.516546E0
1.720000E1	4.127611E1	-7.234991E0
1.722000E1	4.136334E1	-7.120399E0
1.724000E1	4.130354E1	-7.627121E0
1.726000E1	4.108440E1	-8.993335E0
1.728000E1	4.105328E1	-9.934792E0
1.730000E1	4.121541E1	-1.002200E1
1.732000E1	4.093729E1	-9.566615E0
1.734000E1	4.103664E1	-9.069594E0
1.736000E1	4.155117E1	-8.676631E0
1.738000E1	4.191951E1	-8.575057E0
1.740000E1	4.168304E1	-8.851845E0
1.742000E1	4.127712E1	-9.061932E0
1.744000E1	4.093969E1	-9.268128E0
1.746000E1	4.131590E1	-9.052170E0
1.748000E1	4.160160E1	-8.891899E0
1.750000E1	4.117697E1	-8.980617E0
1.752000E1	4.111317E1	-9.230567E0
1.754000E1	4.167734E1	-9.357153E0
1.756000E1	4.224394E1	-8.948124E0
1.758000E1	4.236297E1	-7.980396E0
1.760000E1	4.194347E1	-6.657866E0
1.762000E1	4.192080E1	-5.659060E0
1.764000E1	4.191933E1	-5.662404E0
1.766000E1	4.182099E1	-6.944028E0
1.768000E1	4.121223E1	-8.634225E0
1.770000E1	4.043274E1	-1.035360E1
1.772000E1	4.009918E1	-1.142897E1
1.774000E1	4.043094E1	-1.130629E1
1.776000E1	4.139086E1	-1.050513E1
1.778000E1	4.213832E1	-9.578570E0
1.780000E1	4.201838E1	-9.858956E0
1.782000E1	4.203260E1	-1.101615E1
1.784000E1	4.156549E1	-1.215976E1
1.786000E1	4.079268E1	-1.320980E1
1.788000E1	4.025806E1	-1.418963E1
1.790000E1	4.013802E1	-1.440729E1
1.792000E1	4.027778E1	-1.381969E1
1.794000E1	4.098941E1	-1.280709E1
1.796000E1	4.241475E1	-1.144059E1
1.798000E1	4.386492E1	-1.022579E1
1.800000E1	4.483415E1	-9.178760E0
1.802000E1	4.483636E1	-8.541500E0
1.804000E1	4.437436E1	-8.837118E0
1.806000E1	4.366143E1	-1.040874E1
1.808000E1	4.282682E1	-1.269231E1
1.810000E1	4.207892E1	-1.421839E1
1.812000E1	4.201975E1	-1.395283E1
1.814000E1	4.199378E1	-1.277908E1
1.816000E1	4.202005E1	-1.128995E1
1.818000E1	4.157228E1	-1.122713E1
1.820000E1	4.116737E1	-1.224388E1
1.822000E1	4.090807E1	-1.349986E1
1.824000E1	4.087036E1	-1.415027E1
1.826000E1	4.130545E1	-1.350260E1
1.828000E1	4.204145E1	-1.220445E1
1.830000E1	4.287759E1	-1.169271E1
1.832000E1	4.291579E1	-1.254748E1
1.834000E1	4.247596E1	-1.318011E1
1.836000E1	4.210044E1	-1.314934E1
1.838000E1	4.250800E1	-1.260311E1
1.840000E1	4.217456E1	-1.254356E1
1.842000E1	4.169349E1	-1.267192E1
1.844000E1	4.181799E1	-1.287796E1
1.846000E1	4.237664E1	-1.288802E1
1.848000E1	4.305375E1	-1.230132E1
1.850000E1	4.315350E1	-1.212911E1
1.852000E1	4.315802E1	-1.172265E1
1.854000E1	4.325841E1	-1.126315E1
1.856000E1	4.314991E1	-1.024958E1
1.858000E1	4.305497E1	-9.891951E0
1.860000E1	4.280229E1	-1.012351E1
1.862000E1	4.258098E1	-1.106331E1
1.864000E1	4.247424E1	-1.165147E1
1.866000E1	4.275288E1	-1.137435E1
1.868000E1	4.315483E1	-1.008787E1
1.870000E1	4.308148E1	-1.000045E1
1.872000E1	4.346378E1	-1.073835E1
1.874000E1	4.346865E1	-1.120357E1
1.876000E1	4.320536E1	-1.180495E1
1.878000E1	4.311907E1	-1.197697E1
1.880000E1	4.312281E1	-1.228498E1
1.882000E1	4.309227E1	-1.220624E1
1.884000E1	4.333738E1	-1.175549E1
1.886000E1	4.407261E1	-1.103665E1
1.888000E1	4.466569E1	-1.020722E1
1.890000E1	4.506695E1	-1.008495E1
1.892000E1	4.510333E1	-1.026119E1
1.894000E1	4.515404E1	-1.059969E1
1.896000E1	4.529787E1	-1.056386E1
1.898000E1	4.484001E1	-1.032327E1
1.900000E1	4.452104E1	-9.999096E0
1.902000E1	4.441379E1	-9.826562E0
1.904000E1	4.440834E1	-1.000737E1
1.906000E1	4.424862E1	-1.021111E1
1.908000E1	4.371838E1	-1.062017E1
1.910000E1	4.369826E1	-1.111559E1
1.912000E1	4.380918E1	-1.158281E1
1.914000E1	4.384063E1	-1.238555E1
1.916000E1	4.366005E1	-1.297821E1
1.918000E1	4.377377E1	-1.302155E1
1.920000E1	4.420681E1	-1.260294E1
1.922000E1	4.440715E1	-1.229860E1
1.924000E1	4.435766E1	-1.186840E1
1.926000E1	4.399634E1	-1.189172E1
1.928000E1	4.387815E1	-1.204868E1
1.930000E1	4.397457E1	-1.203083E1
1.932000E1	4.367148E1	-1.214733E1
1.934000E1	4.332800E1	-1.223980E1
1.936000E1	4.363653E1	-1.227921E1
1.938000E1	4.376735E1	-1.161607E1
1.940000E1	4.459250E1	-1.049666E1
1.942000E1	4.528813E1	-9.293123E0
1.944000E1	4.555983E1	-8.054795E0
1.946000E1	4.594819E1	-7.236357E0
1.948000E1	4.593214E1	-7.267343E0
1.950000E1	4.535240E1	-8.812984E0
1.952000E1	4.455792E1	-1.146923E1
1.954000E1	4.398075E1	-1.369917E1
1.956000E1	4.426244E1	-1.380556E1
1.958000E1	4.511199E1	-1.194602E1
1.960000E1	4.556826E1	-9.817905E0
1.962000E1	4.525219E1	-8.440493E0
1.964000E1	4.471008E1	-8.829149E0
1.966000E1	4.476549E1	-1.014993E1
1.968000E1	4.468624E1	-1.242544E1
1.970000E1	4.396200E1	-1.493278E1
1.972000E1	4.318636E1	-1.583980E1
1.974000E1	4.316860E1	-1.496051E1
1.976000E1	4.447273E1	-1.338256E1
1.978000E1	4.580931E1	-1.193186E1
1.980000E1	4.617337E1	-1.124278E1
1.982000E1	4.598449E1	-1.218640E1
1.984000E1	4.540584E1	-1.348842E1
1.986000E1	4.499616E1	-1.487375E1
1.988000E1	4.494767E1	-1.513058E1
1.990000E1	4.497797E1	-1.445669E1
1.992000E1	4.538149E1	-1.285638E1
1.994000E1	4.581428E1	-1.106971E1
1.996000E1	4.621408E1	-1.037997E1
1.998000E1	4.591280E1	-1.042077E1
2.000000E1	4.558070E1	-1.157504E1
2.002000E1	4.503198E1	-1.257512E1
2.004000E1	4.500311E1	-1.313901E1
2.006000E1	4.505043E1	-1.291245E1
2.008000E1	4.493584E1	-1.219895E1
2.010000E1	4.551645E1	-1.146172E1
2.012000E1	4.622603E1	-1.065914E1
2.014000E1	4.607781E1	-1.037935E1
2.016000E1	4.560071E1	-1.014308E1
2.018000E1	4.523544E1	-1.038421E1
2.020000E1	4.525976E1	-1.041379E1
2.022000E1	4.536018E1	-1.059185E1
2.024000E1	4.474880E1	-1.109972E1
2.026000E1	4.452840E1	-1.159165E1
2.028000E1	4.528147E1	-1.183026E1
2.030000E1	4.594738E1	-1.165409E1
2.032000E1	4.629223E1	-1.082156E1
2.034000E1	4.632508E1	-9.558948E0
2.036000E1	4.646318E1	-8.327774E0
2.038000E1	4.664356E1	-7.431232E0
2.040000E1	4.648691E1	-7.310037E0
2.042000E1	4.655493E1	-8.019196E0
2.044000E1	4.687189E1	-9.079258E0
2.046000E1	4.716693E1	-9.824460E0
2.048000E1	4.730170E1	-9.887104E0
2.050000E1	4.719792E1	-9.284413E0
2.052000E1	4.713072E1	-8.667055E0
2.054000E1	4.700869E1	-9.210660E0
2.056000E1	4.710374E1	-9.874988E0
2.058000E1	4.694107E1	-1.084406E1
2.060000E1	4.689793E1	-1.160098E1
2.062000E1	4.690717E1	-1.240482E1
2.064000E1	4.686898E1	-1.300952E1
2.066000E1	4.667677E1	-1.305403E1
2.068000E1	4.662772E1	-1.296492E1
2.070000E1	4.725238E1	-1.266467E1
2.072000E1	4.787181E1	-1.232565E1
2.074000E1	4.829355E1	-1.170801E1
2.076000E1	4.849632E1	-1.119557E1
2.078000E1	4.875866E1	-1.093361E1
2.080000E1	4.931483E1	-1.073504E1
2.082000E1	4.945446E1	-1.056378E1
2.084000E1	4.896048E1	-1.021940E1
2.086000E1	4.842704E1	-9.606478E0
2.088000E1	4.812329E1	-8.994381E0
2.090000E1	4.857982E1	-8.941632E0
2.092000E1	4.894083E1	-9.781259E0
2.094000E1	4.871662E1	-1.164372E1
2.096000E1	4.872209E1	-1.301977E1
2.098000E1	4.888300E1	-1.332378E1
2.100000E1	4.914872E1	-1.249583E1
2.102000E1	4.901544E1	-1.119677E1
2.104000E1	4.888678E1	-1.057190E1
2.106000E1	4.840369E1	-1.085034E1
2.108000E1	4.802980E1	-1.156933E1
2.110000E1	4.800174E1	-1.199568E1
2.112000E1	4.839016E1	-1.156082E1
2.114000E1	4.870939E1	-1.102729E1
2.116000E1	4.870251E1	-1.137425E1
2.118000E1	4.911151E1	-1.226051E1
2.120000E1	4.940870E1	-1.251938E1
2.122000E1	4.948994E1	-1.191082E1
2.124000E1	4.978258E1	-1.118064E1
2.126000E1	4.972187E1	-1.105181E1
2.128000E1	4.962107E1	-1.080086E1
2.130000E1	4.968838E1	-1.073889E1
2.132000E1	4.947942E1	-1.098860E1
2.134000E1	4.919625E1	-1.145161E1
2.136000E1	4.890610E1	-1.201655E1
2.138000E1	4.894101E1	-1.199966E1
2.140000E1	4.926454E1	-1.155193E1
2.142000E1	4.977494E1	-1.051076E1
2.144000E1	4.956652E1	-9.730089E0
2.146000E1	4.938975E1	-9.845800E0
2.148000E1	4.971175E1	-1.035592E1
2.150000E1	4.952856E1	-1.113780E1
2.152000E1	4.952641E1	-1.124216E1
2.154000E1	4.968437E1	-1.118185E1
2.156000E1	4.972722E1	-1.056544E1
2.158000E1	5.008517E1	-1.004126E1
2.160000E1	5.046278E1	-9.357437E0
2.162000E1	5.063759E1	-9.023889E0
2.164000E1	5.091478E1	-9.658417E0
2.166000E1	5.111861E1	-1.019777E1
2.168000E1	5.111712E1	-1.055028E1
2.170000E1	5.132448E1	-1.003252E1
2.172000E1	5.146800E1	-9.502160E0
2.174000E1	5.138522E1	-8.901895E0
2.176000E1	5.119177E1	-8.666688E0
2.178000E1	5.154779E1	-8.632436E0
2.180000E1	5.177590E1	-8.442483E0
2.182000E1	5.164151E1	-8.522558E0
2.184000E1	5.167690E1	-8.904300E0
2.186000E1	5.172155E1	-9.511224E0
2.188000E1	5.150542E1	-1.004317E1
2.190000E1	5.111292E1	-1.068569E1
2.192000E1	5.087380E1	-1.077918E1
2.194000E1	5.085714E1	-1.070935E1
2.196000E1	5.092815E1	-1.031365E1
2.198000E1	5.082790E1	-1.007702E1
2.200000E1	5.083401E1	-1.064444E1
2.202000E1	5.060372E1	-1.112452E1
2.204000E1	5.091076E1	-1.128578E1
2.206000E1	5.089236E1	-1.097485E1
2.208000E1	5.050107E1	-1.099080E1
2.210000E1	5.060004E1	-1.121137E1
2.212000E1	5.090090E1	-1.103872E1
2.214000E1	5.110920E1	-1.049109E1
2.216000E1	5.169671E1	-9.724668E0
2.218000E1	5.211117E1	-8.995654E0
2.220000E1	5.253428E1	-7.800304E0
2.222000E1	5.280765E1	-6.604983E0
2.224000E1	5.252922E1	-6.136398E0
2.226000E1	5.200225E1	-6.631252E0
2.228000E1	5.127016E1	-8.467832E0
2.230000E1	5.082127E1	-1.091080E1
2.232000E1	5.093897E1	-1.227965E1
2.234000E1	5.177838E1	-1.135240E1
2.236000E1	5.265458E1	-9.631856E0
2.238000E1	5.270620E1	-8.292917E0
2.240000E1	5.277588E1	-8.334830E0
2.242000E1	5.219133E1	-9.158372E0
2.244000E1	5.128602E1	-1.080031E1
2.246000E1	5.048751E1	-1.316169E1
2.248000E1	5.017471E1	-1.454998E1
2.250000E1	5.033901E1	-1.385135E1
2.252000E1	5.129276E1	-1.171376E1
2.254000E1	5.280844E1	-1.022503E1
2.256000E1	5.363486E1	-1.008426E1
2.258000E1	5.353473E1	-1.094571E1
2.260000E1	5.291679E1	-1.224266E1
2.262000E1	5.228026E1	-1.321644E1
2.264000E1	5.210750E1	-1.355663E1
2.266000E1	5.205201E1	-1.297205E1
2.268000E1	5.213040E1	-1.166636E1
2.270000E1	5.269102E1	-1.001724E1
2.272000E1	5.306160E1	-9.546769E0
2.274000E1	5.280140E1	-1.012302E1
2.276000E1	5.222908E1	-1.160696E1
2.278000E1	5.201524E1	-1.246766E1
2.280000E1	5.194146E1	-1.244278E1
2.282000E1	5.167963E1	-1.166164E1
2.284000E1	5.179338E1	-1.080351E1
2.286000E1	5.255192E1	-1.028997E1
2.288000E1	5.306308E1	-9.885413E0
2.290000E1	5.270154E1	-9.783910E0
2.292000E1	5.212673E1	-9.405946E0
2.294000E1	5.187466E1	-9.471815E0
2.296000E1	5.237074E1	-9.137774E0
2.298000E1	5.210767E1	-9.631824E0
2.300000E1	5.169191E1	-1.020703E1
2.302000E1	5.172996E1	-1.055993E1
2.304000E1	5.225756E1	-1.045963E1
2.306000E1	5.291869E1	-1.008725E1
2.308000E1	5.329861E1	-9.462560E0
2.310000E1	5.324290E1	-8.225342E0
2.312000E1	5.356830E1	-7.053739E0
2.314000E1	5.355836E1	-6.470523E0
2.316000E1	5.351316E1	-6.903370E0
2.318000E1	5.375158E1	-7.704222E0
2.320000E1	5.398374E1	-8.580949E0
2.322000E1	5.422819E1	-8.990400E0
2.324000E1	5.446187E1	-8.495462E0
2.326000E1	5.450347E1	-7.473350E0
2.328000E1	5.408670E1	-7.430611E0
2.330000E1	5.440899E1	-8.395828E0
2.332000E1	5.422388E1	-9.644207E0
2.334000E1	5.377031E1	-1.031162E1
2.336000E1	5.356092E1	-1.083799E1
2.338000E1	5.384230E1	-1.125705E1
2.340000E1	5.376179E1	-1.160926E1
2.342000E1	5.366494E1	-1.164736E1
2.344000E1	5.375383E1	-1.163429E1
2.346000E1	5.420302E1	-1.153359E1
2.348000E1	5.491052E1	-1.143570E1
2.350000E1	5.528585E1	-1.114233E1
2.352000E1	5.529297E1	-1.052451E1
2.354000E1	5.544361E1	-1.022264E1
2.356000E1	5.579033E1	-9.895022E0
2.358000E1	5.577738E1	-9.852615E0
2.360000E1	5.554167E1	-9.472679E0
2.362000E1	5.523118E1	-8.953697E0
2.364000E1	5.523321E1	-8.284949E0
2.366000E1	5.528077E1	-8.231323E0
2.368000E1	5.539915E1	-9.150756E0
2.370000E1	5.558855E1	-1.061206E1
2.372000E1	5.554212E1	-1.179391E1
2.374000E1	5.566105E1	-1.177449E1
2.376000E1	5.614028E1	-1.115411E1
2.378000E1	5.666054E1	-1.006751E1
2.380000E1	5.599729E1	-9.728673E0
2.382000E1	5.521841E1	-1.016767E1
2.384000E1	5.460306E1	-1.078767E1
2.386000E1	5.481457E1	-1.092945E1
2.388000E1	5.524851E1	-1.039724E1
2.390000E1	5.535097E1	-1.013993E1
2.392000E1	5.527173E1	-1.032784E1
2.394000E1	5.576461E1	-1.110681E1
2.396000E1	5.645773E1	-1.112819E1
2.398000E1	5.658724E1	-1.051396E1
2.400000E1	5.679013E1	-9.974613E0
