	mass A		
t	x	y	
0.000000E0	-2.030770E-2	2.030770E-2
2.000000E-2	-4.567839E-2	-9.187336E-1
4.000000E-2	-2.737824E-1	-1.068007E0
6.000000E-2	-4.528983E-1	-3.434556E-1
8.000000E-2	-2.395515E-1	9.644847E-1
1.000000E-1	5.602322E-1	2.293705E0
1.200000E-1	1.918095E0	2.623193E0
1.400000E-1	2.791590E0	2.154049E0
1.600000E-1	2.489186E0	1.374300E0
1.800000E-1	2.004356E0	3.867034E-1
2.000000E-1	1.561258E0	-4.328419E-1
2.200000E-1	4.730069E-1	-9.956857E-1
2.400000E-1	-3.516282E-1	-9.119338E-1
2.600000E-1	-9.786212E-1	1.299210E-1
2.800000E-1	-7.364345E-1	1.016937E0
3.000000E-1	2.549398E-1	1.621952E0
3.200000E-1	9.270933E-1	1.497024E0
3.400000E-1	4.575454E-1	5.794227E-1
3.600000E-1	4.965414E-1	-7.654597E-1
3.800000E-1	1.277608E0	-1.666229E0
4.000000E-1	1.655433E0	-1.738285E0
4.200000E-1	1.551900E0	-9.448340E-1
4.400000E-1	1.846577E0	-4.012699E-1
4.600000E-1	1.430759E0	-6.248158E-1
4.800000E-1	8.723872E-1	-8.919291E-1
5.000000E-1	6.192668E-1	-5.677388E-1
5.200000E-1	9.699338E-1	9.741005E-2
5.400000E-1	1.473713E0	1.687067E-1
5.600000E-1	1.101435E0	-4.574472E-1
5.800000E-1	9.035290E-1	-9.383328E-1
6.000000E-1	1.084094E0	-1.049089E0
6.200000E-1	1.668227E0	-9.776279E-1
6.400000E-1	1.817961E0	-2.483151E-1
6.600000E-1	2.006710E0	8.578617E-1
6.800000E-1	2.304107E0	1.967528E0
7.000000E-1	2.317122E0	2.514125E0
7.200000E-1	2.010034E0	2.267346E0
7.400000E-1	1.508181E0	1.458782E0
7.600000E-1	1.106102E0	6.703431E-1
7.800000E-1	1.120712E0	4.489199E-2
8.000000E-1	1.948574E0	2.610211E-1
8.200000E-1	3.052013E0	1.450366E0
8.400000E-1	2.578094E0	1.714570E0
8.600000E-1	2.411108E0	7.472491E-1
8.800000E-1	2.286086E0	-7.924948E-2
9.000000E-1	2.349101E0	-8.145537E-1
9.200000E-1	2.259139E0	-9.541790E-1
9.400000E-1	2.671850E0	-6.048292E-1
9.600000E-1	2.819125E0	-1.474274E-1
9.800000E-1	3.046177E0	1.743749E-1
1.000000E0	3.479458E0	6.157655E-1
1.020000E0	3.628177E0	1.134467E0
1.040000E0	4.224613E0	1.259518E0
1.060000E0	4.449455E0	1.037718E0
1.080000E0	4.499694E0	4.079706E-1
1.100000E0	4.490891E0	3.740491E-1
1.120000E0	4.054446E0	4.589882E-1
1.140000E0	3.552091E0	6.343642E-1
1.160000E0	3.230442E0	7.407604E-1
1.180000E0	2.960050E0	7.810010E-1
1.200000E0	2.777881E0	9.021135E-1
1.220000E0	2.878645E0	8.596716E-1
1.240000E0	3.177529E0	3.065919E-1
1.260000E0	3.244995E0	-9.546707E-1
1.280000E0	3.216766E0	-2.066032E0
1.300000E0	3.130733E0	-2.766439E0
1.320000E0	3.097403E0	-2.817246E0
1.340000E0	3.416025E0	-2.533023E0
1.360000E0	3.831883E0	-1.926659E0
1.380000E0	3.603805E0	-1.429736E0
1.400000E0	3.408729E0	-1.022773E0
1.420000E0	2.965337E0	-3.923933E-1
1.440000E0	2.939248E0	2.261031E-1
1.460000E0	3.322230E0	6.720263E-1
1.480000E0	2.964179E0	6.891383E-1
1.500000E0	2.911039E0	2.016067E-2
1.520000E0	2.945889E0	-8.713710E-1
1.540000E0	3.407272E0	-1.614115E0
1.560000E0	3.894625E0	-1.245956E0
1.580000E0	4.867593E0	-3.038351E-1
1.600000E0	5.374918E0	7.597215E-1
1.620000E0	4.593795E0	1.672167E0
1.640000E0	3.440816E0	1.567071E0
1.660000E0	2.436686E0	1.490987E-1
1.680000E0	2.005670E0	-1.987921E0
1.700000E0	2.137476E0	-2.896404E0
1.720000E0	2.659433E0	-2.194942E0
1.740000E0	3.784918E0	-7.801668E-1
1.760000E0	4.447101E0	-7.917706E-2
1.780000E0	4.037646E0	-7.008405E-1
1.800000E0	3.830413E0	-2.488604E0
1.820000E0	3.086142E0	-4.085946E0
1.840000E0	2.661458E0	-4.915598E0
1.860000E0	2.836239E0	-4.835888E0
1.880000E0	3.163476E0	-4.216231E0
1.900000E0	3.242907E0	-3.517266E0
1.920000E0	3.556268E0	-2.919456E0
1.940000E0	4.023171E0	-2.457740E0
1.960000E0	4.429154E0	-2.462197E0
1.980000E0	4.374849E0	-3.083714E0
2.000000E0	4.390762E0	-3.621444E0
2.020000E0	4.394413E0	-3.563577E0
2.040000E0	4.892879E0	-2.923766E0
2.060000E0	5.503431E0	-1.596574E0
2.080000E0	5.676867E0	5.477132E-2
2.100000E0	5.369568E0	7.363846E-1
2.120000E0	5.302571E0	5.416703E-1
2.140000E0	5.280284E0	-1.712588E-1
2.160000E0	5.154734E0	-5.727016E-1
2.180000E0	5.167090E0	-9.526562E-1
2.200000E0	5.509457E0	-1.098109E0
2.220000E0	5.488604E0	-1.269149E0
2.240000E0	5.127091E0	-1.391895E0
2.260000E0	5.206127E0	-1.552713E0
2.280000E0	6.070915E0	-2.024929E0
2.300000E0	6.121085E0	-2.514190E0
2.320000E0	5.532651E0	-2.010716E0
2.340000E0	5.249206E0	-1.485732E0
2.360000E0	5.445102E0	-7.223978E-1
2.380000E0	6.028030E0	2.499989E-2
2.400000E0	5.789694E0	-2.608143E-1
2.420000E0	5.490789E0	-9.935960E-1
2.440000E0	5.617900E0	-1.644009E0
2.460000E0	6.128915E0	-1.652506E0
2.480000E0	6.148458E0	-9.369257E-1
2.500000E0	5.814755E0	3.894439E-1
2.520000E0	5.958369E0	1.143711E0
2.540000E0	6.086044E0	1.348491E0
2.560000E0	5.675462E0	8.218996E-1
2.580000E0	5.235579E0	-5.187295E-1
2.600000E0	4.878844E0	-2.125844E0
2.620000E0	4.790622E0	-3.396743E0
2.640000E0	4.965696E0	-3.498283E0
2.660000E0	5.650948E0	-2.666667E0
2.680000E0	6.703947E0	-1.595958E0
2.700000E0	6.668617E0	-1.429024E0
2.720000E0	6.614511E0	-2.071591E0
2.740000E0	6.324498E0	-2.767540E0
2.760000E0	5.972929E0	-3.769732E0
2.780000E0	5.582738E0	-4.759519E0
2.800000E0	5.616696E0	-5.592485E0
2.820000E0	5.656352E0	-5.595853E0
2.840000E0	5.948925E0	-4.300691E0
2.860000E0	6.852137E0	-2.400013E0
2.880000E0	8.065169E0	-6.384956E-1
2.900000E0	9.657197E0	1.807876E-1
2.920000E0	9.765618E0	4.467403E-2
2.940000E0	8.982657E0	-1.331632E0
2.960000E0	8.120982E0	-3.267037E0
2.980000E0	7.380439E0	-5.170544E0
3.000000E0	6.909365E0	-5.859777E0
3.020000E0	6.358083E0	-4.884484E0
3.040000E0	5.957320E0	-3.072266E0
3.060000E0	6.386934E0	-1.591350E0
3.080000E0	7.175498E0	-1.070864E0
3.100000E0	7.292969E0	-1.952435E0
3.120000E0	6.824767E0	-3.465444E0
3.140000E0	6.629460E0	-4.710444E0
3.160000E0	7.206261E0	-5.105665E0
3.180000E0	8.375114E0	-5.034397E0
3.200000E0	8.854766E0	-4.360063E0
3.220000E0	8.464652E0	-3.937740E0
3.240000E0	7.911253E0	-4.239475E0
3.260000E0	7.376774E0	-4.548561E0
3.280000E0	7.494058E0	-4.410910E0
3.300000E0	7.996102E0	-3.993542E0
3.320000E0	7.835343E0	-3.926836E0
3.340000E0	7.434173E0	-4.197815E0
3.360000E0	7.806164E0	-4.568227E0
3.380000E0	8.279529E0	-4.646530E0
3.400000E0	8.474570E0	-4.185281E0
3.420000E0	8.530959E0	-3.427491E0
3.440000E0	8.582360E0	-2.247082E0
3.460000E0	8.934111E0	-1.375005E0
3.480000E0	8.548888E0	-1.367848E0
3.500000E0	8.217268E0	-2.016624E0
3.520000E0	7.678354E0	-2.893073E0
3.540000E0	7.420045E0	-3.672499E0
3.560000E0	7.827612E0	-3.721096E0
3.580000E0	8.952721E0	-2.879889E0
3.600000E0	8.951750E0	-2.190951E0
3.620000E0	8.791835E0	-2.607289E0
3.640000E0	8.837927E0	-3.395379E0
3.660000E0	8.663999E0	-4.099461E0
3.680000E0	8.485962E0	-4.387189E0
3.700000E0	8.528689E0	-4.523246E0
3.720000E0	8.513058E0	-4.339768E0
3.740000E0	8.869725E0	-4.187760E0
3.760000E0	9.373953E0	-3.595951E0
3.780000E0	9.926515E0	-2.861561E0
3.800000E0	1.033321E1	-2.567750E0
3.820000E0	1.056673E1	-2.529836E0
3.840000E0	1.066741E1	-3.154395E0
3.860000E0	1.071243E1	-3.233969E0
3.880000E0	1.041117E1	-3.155299E0
3.900000E0	9.929740E0	-2.747240E0
3.920000E0	9.527960E0	-2.801704E0
3.940000E0	9.603592E0	-2.965281E0
3.960000E0	9.350277E0	-2.980777E0
3.980000E0	9.178185E0	-3.014516E0
4.000000E0	9.407830E0	-3.544926E0
4.020000E0	9.543193E0	-4.656064E0
4.040000E0	9.766212E0	-5.848563E0
4.060000E0	9.339535E0	-6.498736E0
4.080000E0	9.301005E0	-6.595233E0
4.100000E0	9.856522E0	-6.223422E0
4.120000E0	1.040357E1	-5.794661E0
4.140000E0	1.008402E1	-5.169876E0
4.160000E0	9.744359E0	-5.000147E0
4.180000E0	9.201560E0	-4.662171E0
4.200000E0	9.326182E0	-4.445908E0
4.220000E0	9.699630E0	-4.195708E0
4.240000E0	9.763528E0	-4.090714E0
4.260000E0	9.409669E0	-4.022993E0
4.280000E0	9.512235E0	-4.353065E0
4.300000E0	1.021752E1	-5.001545E0
4.320000E0	1.068594E1	-5.153796E0
4.340000E0	1.106483E1	-4.589091E0
4.360000E0	1.182856E1	-3.698355E0
4.380000E0	1.189154E1	-2.870295E0
4.400000E0	1.066376E1	-2.748673E0
4.420000E0	9.122915E0	-3.741039E0
4.440000E0	8.138590E0	-5.721169E0
4.460000E0	8.127758E0	-6.849302E0
4.480000E0	8.912497E0	-6.895349E0
4.500000E0	1.000138E1	-5.572160E0
4.520000E0	1.037951E1	-4.372853E0
4.540000E0	1.012616E1	-4.298620E0
4.560000E0	1.011599E1	-6.235525E0
4.580000E0	9.695934E0	-8.348992E0
4.600000E0	9.201296E0	-9.193878E0
4.620000E0	9.277698E0	-9.062472E0
4.640000E0	9.660019E0	-8.203909E0
4.660000E0	9.703353E0	-7.528601E0
4.680000E0	1.003487E1	-7.026091E0
4.700000E0	1.044461E1	-7.093941E0
4.720000E0	1.069777E1	-7.540255E0
4.740000E0	1.034191E1	-8.112334E0
4.760000E0	1.027639E1	-8.754962E0
4.780000E0	1.020273E1	-8.817512E0
4.800000E0	1.053590E1	-8.198146E0
4.820000E0	1.115773E1	-6.612569E0
4.840000E0	1.162497E1	-4.572390E0
4.860000E0	1.170653E1	-3.463671E0
4.880000E0	1.182644E1	-3.576931E0
4.900000E0	1.153672E1	-4.379075E0
4.920000E0	1.119800E1	-5.244343E0
4.940000E0	1.131021E1	-6.235171E0
4.960000E0	1.171868E1	-6.497421E0
4.980000E0	1.158864E1	-6.441254E0
5.000000E0	1.140027E1	-6.019993E0
5.020000E0	1.181098E1	-5.882875E0
5.040000E0	1.229544E1	-5.972316E0
5.060000E0	1.206958E1	-6.269562E0
5.080000E0	1.167332E1	-6.124855E0
5.100000E0	1.138894E1	-5.923688E0
5.120000E0	1.191789E1	-5.464507E0
5.140000E0	1.213670E1	-5.380280E0
5.160000E0	1.167936E1	-5.769114E0
5.180000E0	1.164470E1	-6.056704E0
5.200000E0	1.218134E1	-6.213373E0
5.220000E0	1.267186E1	-5.610538E0
5.240000E0	1.270044E1	-4.837822E0
5.260000E0	1.233906E1	-3.443816E0
5.280000E0	1.235394E1	-2.703606E0
5.300000E0	1.237395E1	-2.921124E0
5.320000E0	1.205691E1	-4.056424E0
5.340000E0	1.126513E1	-5.518103E0
5.360000E0	1.068378E1	-6.857917E0
5.380000E0	1.059950E1	-7.708298E0
5.400000E0	1.104215E1	-7.601786E0
5.420000E0	1.206688E1	-6.951724E0
5.440000E0	1.285256E1	-6.266628E0
5.460000E0	1.257124E1	-6.240003E0
5.480000E0	1.257506E1	-7.208385E0
5.500000E0	1.213761E1	-8.065643E0
5.520000E0	1.139801E1	-9.076370E0
5.540000E0	1.073996E1	-1.006262E1
5.560000E0	1.053402E1	-1.040922E1
5.580000E0	1.067046E1	-1.001542E1
5.600000E0	1.138248E1	-8.784968E0
5.620000E0	1.283251E1	-6.976251E0
5.640000E0	1.441492E1	-5.648775E0
5.660000E0	1.561765E1	-4.515545E0
5.680000E0	1.586759E1	-4.088001E0
5.700000E0	1.508772E1	-4.742976E0
5.720000E0	1.434429E1	-6.513365E0
5.740000E0	1.323001E1	-8.575069E0
5.760000E0	1.267155E1	-9.754169E0
5.780000E0	1.263605E1	-8.949024E0
5.800000E0	1.230536E1	-7.567608E0
5.820000E0	1.251782E1	-6.180793E0
5.840000E0	1.237200E1	-5.961036E0
5.860000E0	1.217318E1	-6.988344E0
5.880000E0	1.181492E1	-8.459601E0
5.900000E0	1.161938E1	-9.364677E0
5.920000E0	1.201016E1	-8.838916E0
5.940000E0	1.264763E1	-7.598764E0
5.960000E0	1.377806E1	-7.231446E0
5.980000E0	1.369554E1	-7.909271E0
6.000000E0	1.318405E1	-8.565059E0
6.020000E0	1.266117E1	-8.523524E0
6.040000E0	1.290922E1	-8.037251E0
6.060000E0	1.285773E1	-7.925903E0
6.080000E0	1.221981E1	-8.090264E0
6.100000E0	1.213323E1	-8.466275E0
6.120000E0	1.264054E1	-8.597790E0
6.140000E0	1.341454E1	-7.998404E0
6.160000E0	1.369797E1	-7.514314E0
6.180000E0	1.389854E1	-7.321199E0
6.200000E0	1.395620E1	-6.882475E0
6.220000E0	1.391732E1	-6.124178E0
6.240000E0	1.369666E1	-5.575705E0
6.260000E0	1.341138E1	-5.693249E0
6.280000E0	1.298495E1	-6.575291E0
6.300000E0	1.289572E1	-7.244973E0
6.320000E0	1.300027E1	-7.350143E0
6.340000E0	1.354068E1	-6.285434E0
6.360000E0	1.343399E1	-6.082069E0
6.380000E0	1.370202E1	-6.655172E0
6.400000E0	1.381535E1	-6.858845E0
6.420000E0	1.366825E1	-7.303898E0
6.440000E0	1.356384E1	-7.631432E0
6.460000E0	1.355564E1	-7.989943E0
6.480000E0	1.316770E1	-8.000394E0
6.500000E0	1.320376E1	-8.015801E0
6.520000E0	1.381639E1	-7.581200E0
6.540000E0	1.460876E1	-6.832381E0
6.560000E0	1.544581E1	-6.140537E0
6.580000E0	1.547659E1	-5.926349E0
6.600000E0	1.557890E1	-6.359267E0
6.620000E0	1.557218E1	-6.512641E0
6.640000E0	1.549888E1	-6.579798E0
6.660000E0	1.531961E1	-6.086245E0
6.680000E0	1.495930E1	-5.829434E0
6.700000E0	1.496705E1	-5.797589E0
6.720000E0	1.478718E1	-5.985288E0
6.740000E0	1.443710E1	-6.177185E0
6.760000E0	1.410984E1	-6.560191E0
6.780000E0	1.415020E1	-7.123348E0
6.800000E0	1.424684E1	-7.865787E0
6.820000E0	1.420539E1	-8.743119E0
6.840000E0	1.417069E1	-9.244794E0
6.860000E0	1.436968E1	-9.100469E0
6.880000E0	1.480422E1	-8.559827E0
6.900000E0	1.486394E1	-7.815518E0
6.920000E0	1.470017E1	-7.625076E0
6.940000E0	1.419856E1	-7.599382E0
6.960000E0	1.417423E1	-7.802287E0
6.980000E0	1.421766E1	-7.937537E0
7.000000E0	1.413806E1	-7.961520E0
7.020000E0	1.397666E1	-7.670780E0
7.040000E0	1.413456E1	-7.081053E0
7.060000E0	1.475413E1	-6.448198E0
7.080000E0	1.557765E1	-5.744019E0
7.100000E0	1.633204E1	-5.281032E0
7.120000E0	1.662814E1	-5.283253E0
7.140000E0	1.642523E1	-5.841027E0
7.160000E0	1.587571E1	-7.130029E0
7.180000E0	1.529598E1	-8.313465E0
7.200000E0	1.450293E1	-8.788567E0
7.220000E0	1.408482E1	-8.413406E0
7.240000E0	1.402180E1	-8.039856E0
7.260000E0	1.459459E1	-7.311955E0
7.280000E0	1.491165E1	-7.005972E0
7.300000E0	1.493929E1	-7.591734E0
7.320000E0	1.498584E1	-8.881353E0
7.340000E0	1.473858E1	-1.059623E1
7.360000E0	1.469642E1	-1.194855E1
7.380000E0	1.484929E1	-1.194972E1
7.400000E0	1.506437E1	-1.063410E1
7.420000E0	1.544329E1	-9.547450E0
7.440000E0	1.580012E1	-8.876690E0
7.460000E0	1.573814E1	-8.950983E0
7.480000E0	1.558787E1	-9.684090E0
7.500000E0	1.535829E1	-1.083621E1
7.520000E0	1.532937E1	-1.121978E1
7.540000E0	1.544259E1	-1.091778E1
7.560000E0	1.564913E1	-1.038795E1
7.580000E0	1.585689E1	-9.503760E0
7.600000E0	1.610121E1	-8.209563E0
7.620000E0	1.605752E1	-6.839484E0
7.640000E0	1.607765E1	-6.236785E0
7.660000E0	1.629736E1	-6.300762E0
7.680000E0	1.613184E1	-7.293742E0
7.700000E0	1.605850E1	-8.298114E0
7.720000E0	1.597999E1	-8.555372E0
7.740000E0	1.584368E1	-8.454751E0
7.760000E0	1.617288E1	-7.972178E0
7.780000E0	1.680494E1	-7.420015E0
7.800000E0	1.688104E1	-6.958307E0
7.820000E0	1.646540E1	-6.844727E0
7.840000E0	1.606703E1	-6.728109E0
7.860000E0	1.590709E1	-7.049391E0
7.880000E0	1.647069E1	-7.266764E0
7.900000E0	1.621687E1	-7.976523E0
7.920000E0	1.586558E1	-8.458751E0
7.940000E0	1.615620E1	-8.709493E0
7.960000E0	1.694767E1	-8.134382E0
7.980000E0	1.746174E1	-7.113331E0
8.000000E0	1.760681E1	-6.030124E0
8.020000E0	1.749874E1	-4.598988E0
8.040000E0	1.747983E1	-3.772072E0
8.060000E0	1.751132E1	-3.699809E0
8.080000E0	1.744884E1	-4.595190E0
8.100000E0	1.746999E1	-5.914052E0
8.120000E0	1.712483E1	-7.195078E0
8.140000E0	1.676274E1	-8.060463E0
8.160000E0	1.670065E1	-7.816691E0
8.180000E0	1.710181E1	-6.475784E0
8.200000E0	1.741887E1	-6.073851E0
8.220000E0	1.753202E1	-6.739068E0
8.240000E0	1.775217E1	-8.096939E0
8.260000E0	1.728663E1	-9.870830E0
8.280000E0	1.632822E1	-1.119277E1
8.300000E0	1.603733E1	-1.193871E1
8.320000E0	1.619816E1	-1.160522E1
8.340000E0	1.649739E1	-1.058808E1
8.360000E0	1.704854E1	-9.306980E0
8.380000E0	1.790796E1	-8.212557E0
8.400000E0	1.879651E1	-7.810230E0
8.420000E0	1.956824E1	-7.715124E0
8.440000E0	2.006439E1	-7.773710E0
8.460000E0	2.003897E1	-7.606087E0
8.480000E0	1.994320E1	-7.431835E0
8.500000E0	1.952724E1	-7.016461E0
8.520000E0	1.910957E1	-6.987958E0
8.540000E0	1.891684E1	-7.658370E0
8.560000E0	1.903264E1	-8.543035E0
8.580000E0	1.940644E1	-9.111640E0
8.600000E0	1.962687E1	-8.865619E0
8.620000E0	1.937354E1	-8.518309E0
8.640000E0	1.880671E1	-8.809118E0
8.660000E0	1.795268E1	-9.266913E0
8.680000E0	1.769387E1	-9.742978E0
8.700000E0	1.810416E1	-9.182266E0
8.720000E0	1.863289E1	-8.512618E0
8.740000E0	1.903407E1	-7.895924E0
8.760000E0	1.894209E1	-8.250244E0
8.780000E0	1.901519E1	-9.241249E0
8.800000E0	1.941275E1	-9.614915E0
8.820000E0	1.919512E1	-9.436896E0
8.840000E0	1.894546E1	-9.167694E0
8.860000E0	1.904508E1	-9.414513E0
8.880000E0	1.907426E1	-9.318343E0
8.900000E0	1.932008E1	-8.784882E0
8.920000E0	1.977001E1	-8.193026E0
8.940000E0	2.008612E1	-8.074870E0
8.960000E0	2.021610E1	-8.131007E0
8.980000E0	2.003925E1	-8.234989E0
9.000000E0	1.936962E1	-8.525807E0
9.020000E0	1.893515E1	-8.716876E0
9.040000E0	1.852744E1	-9.035131E0
9.060000E0	1.860300E1	-8.753433E0
9.080000E0	1.912110E1	-8.135417E0
9.100000E0	1.960708E1	-7.105276E0
9.120000E0	1.957357E1	-7.423504E0
9.140000E0	1.982747E1	-7.934858E0
9.160000E0	1.968530E1	-8.408111E0
9.180000E0	1.977763E1	-8.646429E0
9.200000E0	1.979630E1	-8.568732E0
9.220000E0	1.984607E1	-8.092635E0
9.240000E0	1.988948E1	-8.005793E0
9.260000E0	2.001017E1	-7.869672E0
9.280000E0	2.040317E1	-7.794452E0
9.300000E0	2.079731E1	-7.809966E0
9.320000E0	2.118643E1	-7.685961E0
9.340000E0	2.148147E1	-7.525287E0
9.360000E0	2.162668E1	-7.289145E0
9.380000E0	2.179673E1	-7.179471E0
9.400000E0	2.147661E1	-6.988309E0
9.420000E0	2.123933E1	-6.971277E0
9.440000E0	2.142036E1	-6.787944E0
9.460000E0	2.166441E1	-6.529675E0
9.480000E0	2.173152E1	-6.072295E0
9.500000E0	2.124146E1	-5.934753E0
9.520000E0	2.108992E1	-6.869387E0
9.540000E0	2.123697E1	-8.112327E0
9.560000E0	2.076417E1	-9.000021E0
9.580000E0	2.020931E1	-9.056948E0
9.600000E0	1.995760E1	-9.073993E0
9.620000E0	2.057618E1	-8.838586E0
9.640000E0	2.105326E1	-8.912806E0
9.660000E0	2.098080E1	-8.860919E0
9.680000E0	2.059756E1	-8.934181E0
9.700000E0	2.066818E1	-8.938727E0
9.720000E0	2.105615E1	-9.034615E0
9.740000E0	2.058091E1	-8.976964E0
9.760000E0	2.012899E1	-9.116651E0
9.780000E0	2.033100E1	-9.262302E0
9.800000E0	2.071519E1	-8.775582E0
9.820000E0	2.144610E1	-7.675428E0
9.840000E0	2.224851E1	-6.328038E0
9.860000E0	2.269288E1	-4.978693E0
9.880000E0	2.316567E1	-3.985774E0
9.900000E0	2.299312E1	-4.311161E0
9.920000E0	2.230906E1	-6.031655E0
9.940000E0	2.115628E1	-8.857708E0
9.960000E0	2.076431E1	-1.087785E1
9.980000E0	2.111893E1	-1.090861E1
1.000000E1	2.197527E1	-8.865433E0
1.002000E1	2.231631E1	-6.808915E0
1.004000E1	2.213173E1	-5.596727E0
1.006000E1	2.178203E1	-6.236615E0
1.008000E1	2.183686E1	-7.738373E0
1.010000E1	2.146289E1	-1.022364E1
1.012000E1	2.052292E1	-1.254619E1
1.014000E1	2.004093E1	-1.290357E1
1.016000E1	2.041577E1	-1.210865E1
1.018000E1	2.165953E1	-1.037308E1
1.020000E1	2.261285E1	-9.252838E0
1.022000E1	2.272146E1	-8.687708E0
1.024000E1	2.235501E1	-1.000592E1
1.026000E1	2.173210E1	-1.163339E1
1.028000E1	2.132289E1	-1.288014E1
1.030000E1	2.143430E1	-1.284980E1
1.032000E1	2.154132E1	-1.169176E1
1.034000E1	2.205375E1	-1.018551E1
1.036000E1	2.251656E1	-8.461784E0
1.038000E1	2.271890E1	-7.874231E0
1.040000E1	2.264287E1	-7.760516E0
1.042000E1	2.229985E1	-8.483058E0
1.044000E1	2.187588E1	-9.194828E0
1.046000E1	2.176960E1	-9.962100E0
1.048000E1	2.180725E1	-1.017441E1
1.050000E1	2.167743E1	-9.780469E0
1.052000E1	2.201858E1	-9.276731E0
1.054000E1	2.268296E1	-8.490074E0
1.056000E1	2.269485E1	-8.199187E0
1.058000E1	2.239872E1	-7.744742E0
1.060000E1	2.202376E1	-7.742048E0
1.062000E1	2.193409E1	-7.683961E0
1.064000E1	2.187078E1	-7.950293E0
1.066000E1	2.149009E1	-8.666008E0
1.068000E1	2.153028E1	-9.293539E0
1.070000E1	2.209037E1	-9.828531E0
1.072000E1	2.263095E1	-9.509438E0
1.074000E1	2.301517E1	-8.546538E0
1.076000E1	2.317031E1	-7.031685E0
1.078000E1	2.332431E1	-5.552566E0
1.080000E1	2.339686E1	-4.862331E0
1.082000E1	2.323058E1	-5.014857E0
1.084000E1	2.329266E1	-5.853050E0
1.086000E1	2.357296E1	-6.665369E0
1.088000E1	2.372327E1	-7.546846E0
1.090000E1	2.341347E1	-7.754179E0
1.092000E1	2.331721E1	-7.604017E0
1.094000E1	2.371046E1	-6.937936E0
1.096000E1	2.339109E1	-7.174536E0
1.098000E1	2.346124E1	-7.989097E0
1.100000E1	2.356857E1	-8.893718E0
1.102000E1	2.338409E1	-1.004144E1
1.104000E1	2.307855E1	-1.120744E1
1.106000E1	2.290031E1	-1.200700E1
1.108000E1	2.241624E1	-1.205317E1
1.110000E1	2.267672E1	-1.167311E1
1.112000E1	2.351925E1	-1.069664E1
1.114000E1	2.427208E1	-9.788911E0
1.116000E1	2.472874E1	-8.998111E0
1.118000E1	2.513741E1	-8.715898E0
1.120000E1	2.579972E1	-8.850718E0
1.122000E1	2.598450E1	-9.156439E0
1.124000E1	2.581586E1	-9.224097E0
1.126000E1	2.525531E1	-8.904195E0
1.128000E1	2.466078E1	-8.352388E0
1.130000E1	2.460072E1	-7.867445E0
1.132000E1	2.523901E1	-7.929134E0
1.134000E1	2.566695E1	-8.592479E0
1.136000E1	2.538267E1	-9.983477E0
1.138000E1	2.547957E1	-1.101601E1
1.140000E1	2.572135E1	-1.149844E1
1.142000E1	2.518984E1	-1.087494E1
1.144000E1	2.474302E1	-1.010122E1
1.146000E1	2.479717E1	-9.596494E0
1.148000E1	2.481650E1	-9.622013E0
1.150000E1	2.475884E1	-9.797853E0
1.152000E1	2.473655E1	-9.836027E0
1.154000E1	2.483142E1	-9.816989E0
1.156000E1	2.533887E1	-9.726387E0
1.158000E1	2.535500E1	-1.031747E1
1.160000E1	2.537314E1	-1.076551E1
1.162000E1	2.552418E1	-1.086775E1
1.164000E1	2.568873E1	-1.040794E1
1.166000E1	2.588692E1	-9.755061E0
1.168000E1	2.605621E1	-9.475612E0
1.170000E1	2.604727E1	-9.418848E0
1.172000E1	2.614981E1	-9.363834E0
1.174000E1	2.592320E1	-9.466762E0
1.176000E1	2.555192E1	-1.008083E1
1.178000E1	2.531997E1	-1.038044E1
1.180000E1	2.523291E1	-1.046648E1
1.182000E1	2.554357E1	-1.007965E1
1.184000E1	2.609068E1	-9.169672E0
1.186000E1	2.606255E1	-8.062822E0
1.188000E1	2.574184E1	-8.445108E0
1.190000E1	2.590507E1	-9.091691E0
1.192000E1	2.580927E1	-9.896259E0
1.194000E1	2.579661E1	-1.027033E1
1.196000E1	2.592336E1	-1.005116E1
1.198000E1	2.607977E1	-9.459559E0
1.200000E1	2.631896E1	-8.922860E0
1.202000E1	2.664980E1	-8.263368E0
1.204000E1	2.702832E1	-8.027264E0
1.206000E1	2.710031E1	-8.339983E0
1.208000E1	2.742829E1	-8.825208E0
1.210000E1	2.748246E1	-9.186089E0
1.212000E1	2.755289E1	-9.014896E0
1.214000E1	2.789024E1	-8.665071E0
1.216000E1	2.784858E1	-7.984287E0
1.218000E1	2.761666E1	-7.736709E0
1.220000E1	2.785138E1	-7.668864E0
1.222000E1	2.819250E1	-7.675455E0
1.224000E1	2.824429E1	-7.455696E0
1.226000E1	2.819397E1	-7.414344E0
1.228000E1	2.816090E1	-7.928084E0
1.230000E1	2.810297E1	-8.583607E0
1.232000E1	2.750035E1	-9.354328E0
1.234000E1	2.718194E1	-9.730965E0
1.236000E1	2.699011E1	-9.868875E0
1.238000E1	2.709887E1	-9.391093E0
1.240000E1	2.714392E1	-9.085603E0
1.242000E1	2.711094E1	-8.990108E0
1.244000E1	2.696804E1	-9.724568E0
1.246000E1	2.692097E1	-1.034935E1
1.248000E1	2.709769E1	-1.032114E1
1.250000E1	2.678153E1	-1.016468E1
1.252000E1	2.678445E1	-1.015424E1
1.254000E1	2.708864E1	-1.022462E1
1.256000E1	2.728832E1	-9.703976E0
1.258000E1	2.764188E1	-9.060555E0
1.260000E1	2.816012E1	-8.305353E0
1.262000E1	2.852628E1	-7.505825E0
1.264000E1	2.884429E1	-6.670351E0
1.266000E1	2.855599E1	-6.098992E0
1.268000E1	2.783431E1	-6.383717E0
1.270000E1	2.703240E1	-7.314368E0
1.272000E1	2.646952E1	-9.059488E0
1.274000E1	2.670418E1	-1.026787E1
1.276000E1	2.750335E1	-1.022763E1
1.278000E1	2.833680E1	-9.324852E0
1.280000E1	2.907461E1	-8.398586E0
1.282000E1	2.948833E1	-8.425213E0
1.284000E1	2.906090E1	-8.563141E0
1.286000E1	2.816080E1	-9.457029E0
1.288000E1	2.691916E1	-1.115146E1
1.290000E1	2.626835E1	-1.290597E1
1.292000E1	2.643187E1	-1.350212E1
1.294000E1	2.701401E1	-1.214192E1
1.296000E1	2.842326E1	-9.946039E0
1.298000E1	2.940571E1	-8.937643E0
1.300000E1	3.008132E1	-9.442331E0
1.302000E1	3.008472E1	-1.081583E1
1.304000E1	2.924206E1	-1.212680E1
1.306000E1	2.887952E1	-1.276024E1
1.308000E1	2.849456E1	-1.267505E1
1.310000E1	2.852579E1	-1.128615E1
1.312000E1	2.867566E1	-9.885829E0
1.314000E1	2.931065E1	-8.731740E0
1.316000E1	2.963138E1	-8.930288E0
1.318000E1	2.921938E1	-1.024985E1
1.320000E1	2.882560E1	-1.142630E1
1.322000E1	2.881611E1	-1.176458E1
1.324000E1	2.859574E1	-1.137270E1
1.326000E1	2.850080E1	-1.065876E1
1.328000E1	2.878763E1	-9.919034E0
1.330000E1	2.945115E1	-9.446960E0
1.332000E1	2.937661E1	-9.017547E0
1.334000E1	2.882700E1	-8.858633E0
1.336000E1	2.842435E1	-8.818944E0
1.338000E1	2.863032E1	-8.694851E0
1.340000E1	2.869408E1	-8.689295E0
1.342000E1	2.843475E1	-9.228875E0
1.344000E1	2.854736E1	-9.686336E0
1.346000E1	2.922183E1	-9.760265E0
1.348000E1	2.943084E1	-9.256412E0
1.350000E1	2.934901E1	-8.227429E0
1.352000E1	2.954955E1	-7.208308E0
1.354000E1	3.011913E1	-6.765774E0
1.356000E1	3.009157E1	-6.776525E0
1.358000E1	3.002366E1	-7.370015E0
1.360000E1	3.005881E1	-8.021556E0
1.362000E1	3.008567E1	-8.639652E0
1.364000E1	3.036524E1	-8.963037E0
1.366000E1	3.089740E1	-8.569308E0
1.368000E1	3.161956E1	-7.136252E0
1.370000E1	3.120237E1	-6.899927E0
1.372000E1	3.159145E1	-7.529480E0
1.374000E1	3.166728E1	-8.445748E0
1.376000E1	3.153836E1	-9.364532E0
1.378000E1	3.097917E1	-9.818818E0
1.380000E1	3.081518E1	-1.013549E1
1.382000E1	3.050984E1	-1.009354E1
1.384000E1	3.022821E1	-9.857539E0
1.386000E1	3.051061E1	-9.474950E0
1.388000E1	3.109312E1	-9.209430E0
1.390000E1	3.182290E1	-9.593431E0
1.392000E1	3.172422E1	-1.015589E1
1.394000E1	3.137476E1	-1.084651E1
1.396000E1	3.114749E1	-1.135340E1
1.398000E1	3.116376E1	-1.183468E1
1.400000E1	3.097900E1	-1.153010E1
1.402000E1	3.087439E1	-1.079909E1
1.404000E1	3.081775E1	-9.829970E0
1.406000E1	3.098468E1	-8.910379E0
1.408000E1	3.135438E1	-8.564489E0
1.410000E1	3.174376E1	-9.010295E0
1.412000E1	3.200637E1	-1.016201E1
1.414000E1	3.201027E1	-1.089272E1
1.416000E1	3.173632E1	-1.108914E1
1.418000E1	3.148859E1	-1.052273E1
1.420000E1	3.183762E1	-9.688004E0
1.422000E1	3.258729E1	-9.037331E0
1.424000E1	3.305104E1	-9.033013E0
1.426000E1	3.238286E1	-1.006489E1
1.428000E1	3.204686E1	-1.084154E1
1.430000E1	3.266770E1	-1.090215E1
1.432000E1	3.273491E1	-1.053303E1
1.434000E1	3.179460E1	-1.027370E1
1.436000E1	3.149892E1	-1.052419E1
1.438000E1	3.169977E1	-1.085521E1
1.440000E1	3.208788E1	-1.039800E1
1.442000E1	3.279913E1	-9.696358E0
1.444000E1	3.328738E1	-8.803990E0
1.446000E1	3.364084E1	-8.238993E0
1.448000E1	3.331997E1	-8.821533E0
1.450000E1	3.305838E1	-1.067545E1
1.452000E1	3.265033E1	-1.174539E1
1.454000E1	3.229156E1	-1.168261E1
1.456000E1	3.253402E1	-1.075497E1
1.458000E1	3.299585E1	-1.057146E1
1.460000E1	3.318102E1	-1.041152E1
1.462000E1	3.266528E1	-1.077915E1
1.464000E1	3.183583E1	-1.209198E1
1.466000E1	3.151881E1	-1.364031E1
1.468000E1	3.152976E1	-1.444782E1
1.470000E1	3.160440E1	-1.376999E1
1.472000E1	3.209567E1	-1.289892E1
1.474000E1	3.251692E1	-1.144835E1
1.476000E1	3.289619E1	-1.009485E1
1.478000E1	3.338118E1	-9.132693E0
1.480000E1	3.361043E1	-9.080977E0
1.482000E1	3.375985E1	-9.690224E0
1.484000E1	3.380699E1	-1.007326E1
1.486000E1	3.367315E1	-1.042623E1
1.488000E1	3.401551E1	-9.911103E0
1.490000E1	3.377062E1	-9.217974E0
1.492000E1	3.335072E1	-8.659561E0
1.494000E1	3.329093E1	-8.723050E0
1.496000E1	3.357895E1	-9.276417E0
1.498000E1	3.329737E1	-9.141358E0
1.500000E1	3.327937E1	-9.395706E0
1.502000E1	3.359200E1	-1.002313E1
1.504000E1	3.386344E1	-1.048409E1
1.506000E1	3.399757E1	-1.042535E1
1.508000E1	3.403219E1	-1.036048E1
1.510000E1	3.437197E1	-1.011559E1
1.512000E1	3.490151E1	-9.601493E0
1.514000E1	3.494787E1	-9.474919E0
1.516000E1	3.455440E1	-8.863882E0
1.518000E1	3.414723E1	-8.561276E0
1.520000E1	3.405415E1	-8.171745E0
1.522000E1	3.383421E1	-8.553379E0
1.524000E1	3.313986E1	-9.711464E0
1.526000E1	3.274289E1	-1.092766E1
1.528000E1	3.258417E1	-1.140637E1
1.530000E1	3.282079E1	-1.063455E1
1.532000E1	3.363871E1	-9.753450E0
1.534000E1	3.428814E1	-9.321202E0
1.536000E1	3.414109E1	-9.710394E0
1.538000E1	3.419587E1	-1.010557E1
1.540000E1	3.409101E1	-1.029552E1
1.542000E1	3.374052E1	-1.048212E1
1.544000E1	3.351843E1	-1.066183E1
1.546000E1	3.332941E1	-1.120391E1
1.548000E1	3.327906E1	-1.125997E1
1.550000E1	3.348809E1	-1.110332E1
1.552000E1	3.417487E1	-1.021954E1
1.554000E1	3.451030E1	-9.656566E0
1.556000E1	3.487156E1	-9.680069E0
1.558000E1	3.545409E1	-9.917448E0
1.560000E1	3.577809E1	-1.051943E1
1.562000E1	3.537107E1	-1.091623E1
1.564000E1	3.515400E1	-1.124035E1
1.566000E1	3.495927E1	-1.109291E1
1.568000E1	3.492920E1	-1.099909E1
1.570000E1	3.539637E1	-1.068255E1
1.572000E1	3.615390E1	-1.125010E1
1.574000E1	3.665957E1	-1.139308E1
1.576000E1	3.697929E1	-1.143740E1
1.578000E1	3.658522E1	-1.123882E1
1.580000E1	3.602732E1	-1.112770E1
1.582000E1	3.525879E1	-1.107864E1
1.584000E1	3.461351E1	-1.121320E1
1.586000E1	3.459310E1	-1.124081E1
1.588000E1	3.480324E1	-1.113943E1
1.590000E1	3.542881E1	-1.051341E1
1.592000E1	3.599972E1	-1.042883E1
1.594000E1	3.619608E1	-1.122083E1
1.596000E1	3.637948E1	-1.214190E1
1.598000E1	3.629854E1	-1.249522E1
1.600000E1	3.627596E1	-1.218026E1
1.602000E1	3.640168E1	-1.164750E1
1.604000E1	3.635492E1	-1.143621E1
1.606000E1	3.602444E1	-1.130388E1
1.608000E1	3.592292E1	-1.148203E1
1.610000E1	3.575806E1	-1.151846E1
1.612000E1	3.610575E1	-1.143648E1
1.614000E1	3.620650E1	-1.129661E1
1.616000E1	3.573979E1	-1.160951E1
1.618000E1	3.562180E1	-1.185348E1
1.620000E1	3.568822E1	-1.179974E1
1.622000E1	3.605205E1	-1.115164E1
1.624000E1	3.651396E1	-9.955732E0
1.626000E1	3.675609E1	-8.851590E0
1.628000E1	3.693356E1	-8.122570E0
1.630000E1	3.695625E1	-7.960865E0
1.632000E1	3.669711E1	-8.501698E0
1.634000E1	3.622835E1	-9.217130E0
1.636000E1	3.583253E1	-1.016584E1
1.638000E1	3.622928E1	-1.067358E1
1.640000E1	3.672292E1	-1.003968E1
1.642000E1	3.720034E1	-8.504406E0
1.644000E1	3.678332E1	-8.682294E0
1.646000E1	3.679642E1	-9.693325E0
1.648000E1	3.663985E1	-1.061870E1
1.650000E1	3.659292E1	-1.127022E1
1.652000E1	3.657519E1	-1.128279E1
1.654000E1	3.711281E1	-1.076340E1
1.656000E1	3.719320E1	-1.016959E1
1.658000E1	3.739297E1	-9.649742E0
1.660000E1	3.781751E1	-9.241440E0
1.662000E1	3.820302E1	-8.953026E0
1.664000E1	3.861162E1	-9.076519E0
1.666000E1	3.855047E1	-9.420625E0
1.668000E1	3.848387E1	-9.558481E0
1.670000E1	3.839292E1	-9.777885E0
1.672000E1	3.784403E1	-9.873779E0
1.674000E1	3.722001E1	-9.783592E0
1.676000E1	3.686025E1	-9.796965E0
1.678000E1	3.687564E1	-9.766321E0
1.680000E1	3.713914E1	-9.791639E0
1.682000E1	3.730031E1	-1.032217E1
1.684000E1	3.720015E1	-1.135153E1
1.686000E1	3.713164E1	-1.206471E1
1.688000E1	3.703947E1	-1.262945E1
1.690000E1	3.710673E1	-1.230576E1
1.692000E1	3.719952E1	-1.201701E1
1.694000E1	3.756642E1	-1.123422E1
1.696000E1	3.780119E1	-1.093230E1
1.698000E1	3.780116E1	-1.058136E1
1.700000E1	3.737273E1	-1.054304E1
1.702000E1	3.696661E1	-1.039374E1
1.704000E1	3.714167E1	-1.009795E1
1.706000E1	3.722433E1	-9.885402E0
1.708000E1	3.726373E1	-9.878104E0
1.710000E1	3.752810E1	-1.037740E1
1.712000E1	3.777887E1	-1.092970E1
1.714000E1	3.807251E1	-1.094673E1
1.716000E1	3.879332E1	-1.036602E1
1.718000E1	3.944839E1	-9.578909E0
1.720000E1	3.906033E1	-8.803683E0
1.722000E1	3.802081E1	-8.583264E0
1.724000E1	3.691760E1	-9.513532E0
1.726000E1	3.636145E1	-1.113981E1
1.728000E1	3.638979E1	-1.245604E1
1.730000E1	3.679040E1	-1.185442E1
1.732000E1	3.771113E1	-1.023637E1
1.734000E1	3.858580E1	-9.021602E0
1.736000E1	3.847805E1	-9.375286E0
1.738000E1	3.826707E1	-1.167016E1
1.740000E1	3.731569E1	-1.362679E1
1.742000E1	3.657762E1	-1.489355E1
1.744000E1	3.653766E1	-1.467930E1
1.746000E1	3.695436E1	-1.356235E1
1.748000E1	3.727031E1	-1.271613E1
1.750000E1	3.750217E1	-1.205653E1
1.752000E1	3.790496E1	-1.193762E1
1.754000E1	3.821416E1	-1.209205E1
1.756000E1	3.811260E1	-1.257698E1
1.758000E1	3.828084E1	-1.278341E1
1.760000E1	3.858642E1	-1.221346E1
1.762000E1	3.918439E1	-1.115221E1
1.764000E1	3.945137E1	-9.766928E0
1.766000E1	3.900633E1	-8.976213E0
1.768000E1	3.862441E1	-8.903439E0
1.770000E1	3.858670E1	-9.373580E0
1.772000E1	3.848126E1	-9.719579E0
1.774000E1	3.847848E1	-9.883027E0
1.776000E1	3.867063E1	-1.015629E1
1.778000E1	3.894035E1	-1.003050E1
1.780000E1	3.864157E1	-1.028431E1
1.782000E1	3.848191E1	-1.040794E1
1.784000E1	3.895566E1	-1.061463E1
1.786000E1	3.945102E1	-1.059844E1
1.788000E1	3.945545E1	-1.034230E1
1.790000E1	3.901373E1	-9.841455E0
1.792000E1	3.866347E1	-9.645499E0
1.794000E1	3.902274E1	-9.339898E0
1.796000E1	3.912264E1	-9.477537E0
1.798000E1	3.872448E1	-1.007267E1
1.800000E1	3.869068E1	-1.039825E1
1.802000E1	3.917005E1	-1.037260E1
1.804000E1	3.954359E1	-9.676881E0
1.806000E1	3.920856E1	-8.869319E0
1.808000E1	3.897497E1	-7.690074E0
1.810000E1	3.952170E1	-7.642180E0
1.812000E1	3.942228E1	-7.689773E0
1.814000E1	3.877239E1	-8.482143E0
1.816000E1	3.829101E1	-9.852292E0
1.818000E1	3.804713E1	-1.129314E1
1.820000E1	3.813505E1	-1.204648E1
1.822000E1	3.855770E1	-1.177741E1
1.824000E1	3.933931E1	-1.083423E1
1.826000E1	3.989656E1	-1.006730E1
1.828000E1	3.991902E1	-1.025995E1
1.830000E1	3.985890E1	-1.095686E1
1.832000E1	3.953786E1	-1.176962E1
1.834000E1	3.887335E1	-1.286821E1
1.836000E1	3.849927E1	-1.380134E1
1.838000E1	3.825903E1	-1.422654E1
1.840000E1	3.850417E1	-1.387438E1
1.842000E1	3.914719E1	-1.255313E1
1.844000E1	4.043764E1	-1.064641E1
1.846000E1	4.212612E1	-9.318624E0
1.848000E1	4.302190E1	-8.018634E0
1.850000E1	4.302752E1	-7.714678E0
1.852000E1	4.222564E1	-8.438375E0
1.854000E1	4.148707E1	-1.053058E1
1.856000E1	4.052268E1	-1.271111E1
1.858000E1	4.010772E1	-1.367086E1
1.860000E1	3.986354E1	-1.283482E1
1.862000E1	3.973079E1	-1.130084E1
1.864000E1	3.981454E1	-1.007821E1
1.866000E1	3.960948E1	-1.013107E1
1.868000E1	3.927797E1	-1.144100E1
1.870000E1	3.919586E1	-1.282047E1
1.872000E1	3.916552E1	-1.351867E1
1.874000E1	3.958707E1	-1.270770E1
1.876000E1	4.034711E1	-1.127905E1
1.878000E1	4.103631E1	-1.115320E1
1.880000E1	4.086719E1	-1.193435E1
1.882000E1	4.036249E1	-1.252119E1
1.884000E1	3.996352E1	-1.232705E1
1.886000E1	4.022555E1	-1.177920E1
1.888000E1	3.991124E1	-1.169448E1
1.890000E1	3.935751E1	-1.190879E1
1.892000E1	3.957406E1	-1.208821E1
1.894000E1	4.023444E1	-1.207545E1
1.896000E1	4.069053E1	-1.159657E1
1.898000E1	4.086025E1	-1.131080E1
1.900000E1	4.097419E1	-1.100360E1
1.902000E1	4.115533E1	-1.039190E1
1.904000E1	4.094120E1	-9.678913E0
1.906000E1	4.071289E1	-9.507992E0
1.908000E1	4.030732E1	-9.864940E0
1.910000E1	4.011042E1	-1.075562E1
1.912000E1	3.997639E1	-1.120839E1
1.914000E1	4.037894E1	-1.061561E1
1.916000E1	4.054603E1	-9.525121E0
1.918000E1	4.068537E1	-9.794736E0
1.920000E1	4.100430E1	-1.042953E1
1.922000E1	4.090385E1	-1.084329E1
1.924000E1	4.086178E1	-1.109168E1
1.926000E1	4.083551E1	-1.136344E1
1.928000E1	4.074223E1	-1.144508E1
1.930000E1	4.074092E1	-1.150666E1
1.932000E1	4.090541E1	-1.136704E1
1.934000E1	4.163037E1	-1.072104E1
1.936000E1	4.244260E1	-1.002606E1
1.938000E1	4.291073E1	-9.575718E0
1.940000E1	4.308139E1	-9.754143E0
1.942000E1	4.302623E1	-1.010303E1
1.944000E1	4.311716E1	-1.016218E1
1.946000E1	4.283414E1	-9.949579E0
1.948000E1	4.260318E1	-9.563573E0
1.950000E1	4.259948E1	-9.361049E0
1.952000E1	4.262378E1	-9.266169E0
1.954000E1	4.225488E1	-9.438528E0
1.956000E1	4.185350E1	-1.005305E1
1.958000E1	4.180957E1	-1.073580E1
1.960000E1	4.180682E1	-1.117632E1
1.962000E1	4.166691E1	-1.188525E1
1.964000E1	4.154802E1	-1.212757E1
1.966000E1	4.175487E1	-1.235160E1
1.968000E1	4.220195E1	-1.206551E1
1.970000E1	4.229087E1	-1.188739E1
1.972000E1	4.219922E1	-1.153822E1
1.974000E1	4.187129E1	-1.150896E1
1.976000E1	4.186743E1	-1.151212E1
1.978000E1	4.193248E1	-1.147052E1
1.980000E1	4.152020E1	-1.151042E1
1.982000E1	4.116923E1	-1.152935E1
1.984000E1	4.141773E1	-1.144569E1
1.986000E1	4.184639E1	-1.069369E1
1.988000E1	4.263529E1	-9.554679E0
1.990000E1	4.337356E1	-8.227856E0
1.992000E1	4.356458E1	-7.011342E0
1.994000E1	4.396179E1	-6.607340E0
1.996000E1	4.359590E1	-7.606833E0
1.998000E1	4.276764E1	-9.883169E0
2.000000E1	4.200118E1	-1.238494E1
2.002000E1	4.195027E1	-1.334631E1
2.004000E1	4.233096E1	-1.250374E1
2.006000E1	4.270599E1	-1.044679E1
2.008000E1	4.269340E1	-8.784843E0
2.010000E1	4.239888E1	-8.280879E0
2.012000E1	4.235166E1	-9.178013E0
2.014000E1	4.249677E1	-1.114190E1
2.016000E1	4.231816E1	-1.350827E1
2.018000E1	4.123673E1	-1.521020E1
2.020000E1	4.116346E1	-1.505235E1
2.022000E1	4.196430E1	-1.418361E1
2.024000E1	4.303611E1	-1.241902E1
2.026000E1	4.361664E1	-1.125850E1
2.028000E1	4.354194E1	-1.144855E1
2.030000E1	4.325754E1	-1.267815E1
2.032000E1	4.258088E1	-1.419445E1
2.034000E1	4.255849E1	-1.481933E1
2.036000E1	4.266093E1	-1.486156E1
2.038000E1	4.284998E1	-1.354426E1
2.040000E1	4.333141E1	-1.191652E1
2.042000E1	4.375943E1	-1.047339E1
2.044000E1	4.384842E1	-9.900293E0
2.046000E1	4.376689E1	-1.014075E1
2.048000E1	4.335059E1	-1.096996E1
2.050000E1	4.304204E1	-1.194494E1
2.052000E1	4.302041E1	-1.235411E1
2.054000E1	4.292679E1	-1.238584E1
2.056000E1	4.301062E1	-1.171299E1
2.058000E1	4.355063E1	-1.112220E1
2.060000E1	4.406831E1	-1.025219E1
2.062000E1	4.382023E1	-9.948889E0
2.064000E1	4.353928E1	-9.930966E0
2.066000E1	4.320994E1	-1.021269E1
2.068000E1	4.325677E1	-1.016529E1
2.070000E1	4.303228E1	-1.061151E1
2.072000E1	4.257666E1	-1.125189E1
2.074000E1	4.278532E1	-1.165958E1
2.076000E1	4.352641E1	-1.184593E1
2.078000E1	4.404081E1	-1.137756E1
2.080000E1	4.418272E1	-1.043406E1
2.082000E1	4.424111E1	-8.931630E0
2.084000E1	4.444487E1	-7.733001E0
2.086000E1	4.440641E1	-7.156390E0
2.088000E1	4.423285E1	-7.607255E0
2.090000E1	4.442772E1	-8.586417E0
2.092000E1	4.470384E1	-9.320373E0
2.094000E1	4.486776E1	-1.011608E1
2.096000E1	4.475721E1	-9.998127E0
2.098000E1	4.475967E1	-9.190533E0
2.100000E1	4.475141E1	-9.259034E0
2.102000E1	4.472004E1	-1.001129E1
2.104000E1	4.460913E1	-1.083066E1
2.106000E1	4.435190E1	-1.186341E1
2.108000E1	4.424124E1	-1.262579E1
2.110000E1	4.434668E1	-1.338440E1
2.112000E1	4.425595E1	-1.367166E1
2.114000E1	4.407714E1	-1.362780E1
2.116000E1	4.420231E1	-1.340784E1
2.118000E1	4.516383E1	-1.282907E1
2.120000E1	4.581800E1	-1.251837E1
2.122000E1	4.587785E1	-1.184647E1
2.124000E1	4.627593E1	-1.137751E1
2.126000E1	4.651344E1	-1.129614E1
2.128000E1	4.694373E1	-1.125876E1
2.130000E1	4.690131E1	-1.131722E1
2.132000E1	4.623037E1	-1.121848E1
2.134000E1	4.574412E1	-1.081462E1
2.136000E1	4.555713E1	-1.039547E1
2.138000E1	4.593654E1	-9.949677E0
2.140000E1	4.641313E1	-1.052878E1
2.142000E1	4.660636E1	-1.192503E1
2.144000E1	4.664465E1	-1.330686E1
2.146000E1	4.663914E1	-1.388438E1
2.148000E1	4.706385E1	-1.350111E1
2.150000E1	4.725970E1	-1.228409E1
2.152000E1	4.664514E1	-1.143190E1
2.154000E1	4.616381E1	-1.128677E1
2.156000E1	4.571616E1	-1.198403E1
2.158000E1	4.574574E1	-1.253129E1
2.160000E1	4.615765E1	-1.223908E1
2.162000E1	4.628093E1	-1.180304E1
2.164000E1	4.628749E1	-1.179219E1
2.166000E1	4.680890E1	-1.265094E1
2.168000E1	4.731714E1	-1.289680E1
2.170000E1	4.746711E1	-1.233426E1
2.172000E1	4.768421E1	-1.157737E1
2.174000E1	4.761990E1	-1.159002E1
2.176000E1	4.757570E1	-1.166517E1
2.178000E1	4.708139E1	-1.170376E1
2.180000E1	4.666616E1	-1.219567E1
2.182000E1	4.663131E1	-1.264482E1
2.184000E1	4.678015E1	-1.291970E1
2.186000E1	4.696149E1	-1.252183E1
2.188000E1	4.744140E1	-1.184548E1
2.190000E1	4.763412E1	-1.102387E1
2.192000E1	4.707830E1	-1.106789E1
2.194000E1	4.724511E1	-1.143983E1
2.196000E1	4.724220E1	-1.211054E1
2.198000E1	4.725404E1	-1.229842E1
2.200000E1	4.723751E1	-1.233241E1
2.202000E1	4.735537E1	-1.175162E1
2.204000E1	4.754932E1	-1.130961E1
2.206000E1	4.782602E1	-1.044173E1
2.208000E1	4.837459E1	-9.906183E0
2.210000E1	4.862060E1	-1.009274E1
2.212000E1	4.872087E1	-1.075161E1
2.214000E1	4.870795E1	-1.142276E1
2.216000E1	4.862375E1	-1.142899E1
2.218000E1	4.866892E1	-1.140013E1
2.220000E1	4.868431E1	-1.047540E1
2.222000E1	4.865454E1	-9.871032E0
2.224000E1	4.898587E1	-9.368725E0
2.226000E1	4.935776E1	-9.265846E0
2.228000E1	4.929369E1	-9.287406E0
2.230000E1	4.923573E1	-9.724273E0
2.232000E1	4.956517E1	-1.054114E1
2.234000E1	4.968415E1	-1.114461E1
2.236000E1	4.921162E1	-1.134027E1
2.238000E1	4.914666E1	-1.100786E1
2.240000E1	4.924594E1	-1.071683E1
2.242000E1	4.911691E1	-1.070589E1
2.244000E1	4.869268E1	-1.069425E1
2.246000E1	4.788945E1	-1.093291E1
2.248000E1	4.759468E1	-1.150668E1
2.250000E1	4.808189E1	-1.185832E1
2.252000E1	4.828942E1	-1.214959E1
2.254000E1	4.778107E1	-1.233799E1
2.256000E1	4.815046E1	-1.236690E1
2.258000E1	4.858539E1	-1.209285E1
2.260000E1	4.901723E1	-1.139773E1
2.262000E1	4.904660E1	-1.078935E1
2.264000E1	4.923464E1	-1.030435E1
2.266000E1	4.950900E1	-9.659446E0
2.268000E1	4.952000E1	-9.097687E0
2.270000E1	4.938029E1	-9.410687E0
2.272000E1	4.889556E1	-1.021328E1
2.274000E1	4.820924E1	-1.132392E1
2.276000E1	4.782039E1	-1.196317E1
2.278000E1	4.803477E1	-1.151737E1
2.280000E1	4.898236E1	-1.046865E1
2.282000E1	5.022332E1	-9.635972E0
2.284000E1	5.092652E1	-9.577404E0
2.286000E1	5.084406E1	-1.053873E1
2.288000E1	5.036964E1	-1.189823E1
2.290000E1	4.966100E1	-1.348021E1
2.292000E1	4.862451E1	-1.457092E1
2.294000E1	4.812967E1	-1.479042E1
2.296000E1	4.796654E1	-1.387784E1
2.298000E1	4.869655E1	-1.226913E1
2.300000E1	4.985164E1	-1.164715E1
2.302000E1	5.078002E1	-1.161383E1
2.304000E1	5.100588E1	-1.216191E1
2.306000E1	5.064920E1	-1.282250E1
2.308000E1	5.023887E1	-1.411867E1
2.310000E1	5.051213E1	-1.481198E1
2.312000E1	5.048223E1	-1.399211E1
2.314000E1	5.049106E1	-1.220871E1
2.316000E1	5.071555E1	-1.097070E1
2.318000E1	5.038325E1	-1.119704E1
2.320000E1	4.967939E1	-1.255504E1
2.322000E1	4.961439E1	-1.389378E1
2.324000E1	4.976384E1	-1.417658E1
2.326000E1	4.982232E1	-1.345881E1
2.328000E1	5.006892E1	-1.233206E1
2.330000E1	5.045403E1	-1.204691E1
2.332000E1	5.058778E1	-1.225849E1
2.334000E1	5.022539E1	-1.225440E1
2.336000E1	4.972665E1	-1.218709E1
2.338000E1	4.922187E1	-1.213386E1
2.340000E1	4.954222E1	-1.167486E1
2.342000E1	4.946529E1	-1.143870E1
2.344000E1	4.882773E1	-1.159603E1
2.346000E1	4.899508E1	-1.192575E1
2.348000E1	4.978729E1	-1.171958E1
2.350000E1	5.057343E1	-1.114887E1
2.352000E1	5.073700E1	-1.028276E1
2.354000E1	5.039120E1	-9.289300E0
2.356000E1	5.039444E1	-8.486710E0
2.358000E1	5.044054E1	-8.348718E0
2.360000E1	5.040412E1	-9.286006E0
2.362000E1	5.035885E1	-1.075029E1
2.364000E1	5.029458E1	-1.166652E1
2.366000E1	5.049630E1	-1.187980E1
2.368000E1	5.108909E1	-1.114894E1
2.370000E1	5.202221E1	-9.474502E0
2.372000E1	5.180111E1	-9.165975E0
2.374000E1	5.211523E1	-9.910011E0
2.376000E1	5.229185E1	-1.072648E1
2.378000E1	5.239609E1	-1.105953E1
2.380000E1	5.231912E1	-1.091695E1
2.382000E1	5.212007E1	-1.087132E1
2.384000E1	5.152720E1	-1.137118E1
2.386000E1	5.135534E1	-1.190323E1
2.388000E1	5.114227E1	-1.183491E1
2.390000E1	5.132398E1	-1.120535E1
2.392000E1	5.217875E1	-1.113389E1
2.394000E1	5.284055E1	-1.120080E1
2.396000E1	5.282215E1	-1.183030E1
2.398000E1	5.235641E1	-1.242475E1
2.400000E1	5.195236E1	-1.309768E1
