	mass C		
t	x	y	
0.000000E0	1.168881E2	-4.444235E1
2.000000E-2	1.168881E2	-4.444235E1
4.000000E-2	1.173950E2	-4.432773E1
6.000000E-2	1.178458E2	-4.377489E1
8.000000E-2	1.183978E2	-4.310669E1
1.000000E-1	1.184042E2	-4.283959E1
1.200000E-1	1.183635E2	-4.288833E1
1.400000E-1	1.182361E2	-4.277685E1
1.600000E-1	1.180857E2	-4.264943E1
1.800000E-1	1.180146E2	-4.227963E1
2.000000E-1	1.181924E2	-4.200222E1
2.200000E-1	1.183249E2	-4.192613E1
2.400000E-1	1.187187E2	-4.180361E1
2.600000E-1	1.188413E2	-4.159413E1
2.800000E-1	1.188596E2	-4.157053E1
3.000000E-1	1.188427E2	-4.156557E1
3.200000E-1	1.187701E2	-4.152868E1
3.400000E-1	1.187008E2	-4.146314E1
3.600000E-1	1.186109E2	-4.139972E1
3.800000E-1	1.186174E2	-4.129772E1
4.000000E-1	1.186399E2	-4.086671E1
4.200000E-1	1.186990E2	-4.013399E1
4.400000E-1	1.187262E2	-3.926120E1
4.600000E-1	1.187928E2	-3.837458E1
4.800000E-1	1.192228E2	-3.797418E1
5.000000E-1	1.197388E2	-3.785219E1
5.200000E-1	1.201651E2	-3.760516E1
5.400000E-1	1.201611E2	-3.703880E1
5.600000E-1	1.200416E2	-3.654515E1
5.800000E-1	1.201681E2	-3.658217E1
6.000000E-1	1.203784E2	-3.633771E1
6.200000E-1	1.203985E2	-3.563271E1
6.400000E-1	1.204347E2	-3.539854E1
6.600000E-1	1.203863E2	-3.525383E1
6.800000E-1	1.203768E2	-3.470277E1
7.000000E-1	1.204684E2	-3.479548E1
7.200000E-1	1.208144E2	-3.481021E1
7.400000E-1	1.209093E2	-3.434716E1
7.600000E-1	1.210412E2	-3.388082E1
7.800000E-1	1.211819E2	-3.374195E1
8.000000E-1	1.209209E2	-3.372829E1
8.200000E-1	1.209895E2	-3.358776E1
8.400000E-1	1.214708E2	-3.292042E1
8.600000E-1	1.218926E2	-3.191764E1
8.800000E-1	1.218988E2	-3.110073E1
9.000000E-1	1.219171E2	-3.036587E1
9.200000E-1	1.218656E2	-3.024982E1
9.400000E-1	1.220829E2	-3.025168E1
9.600000E-1	1.226228E2	-2.979726E1
9.800000E-1	1.231861E2	-2.896943E1
1.000000E0	1.233663E2	-2.793925E1
1.020000E0	1.228492E2	-2.657104E1
1.040000E0	1.225556E2	-2.602008E1
1.060000E0	1.223615E2	-2.605352E1
1.080000E0	1.222362E2	-2.596094E1
1.100000E0	1.222771E2	-2.568529E1
1.120000E0	1.227152E2	-2.547714E1
1.140000E0	1.227847E2	-2.546332E1
1.160000E0	1.229155E2	-2.522601E1
1.180000E0	1.230607E2	-2.460230E1
1.200000E0	1.230927E2	-2.446932E1
1.220000E0	1.230498E2	-2.464480E1
1.240000E0	1.228904E2	-2.455566E1
1.260000E0	1.224537E2	-2.444912E1
1.280000E0	1.223989E2	-2.442693E1
1.300000E0	1.223398E2	-2.439000E1
1.320000E0	1.222932E2	-2.437426E1
1.340000E0	1.222891E2	-2.442333E1
1.360000E0	1.223180E2	-2.437233E1
1.380000E0	1.223341E2	-2.435780E1
1.400000E0	1.223518E2	-2.433404E1
1.420000E0	1.225219E2	-2.412403E1
1.440000E0	1.225970E2	-2.404456E1
1.460000E0	1.225212E2	-2.373133E1
1.480000E0	1.223195E2	-2.301993E1
1.500000E0	1.222814E2	-2.220375E1
1.520000E0	1.222985E2	-2.087642E1
1.540000E0	1.223185E2	-1.964233E1
1.560000E0	1.223105E2	-1.915432E1
1.580000E0	1.222868E2	-1.901754E1
1.600000E0	1.225874E2	-1.856008E1
1.620000E0	1.230473E2	-1.858801E1
1.640000E0	1.231792E2	-1.788059E1
1.660000E0	1.235556E2	-1.701986E1
1.680000E0	1.235576E2	-1.691070E1
1.700000E0	1.235538E2	-1.679456E1
1.720000E0	1.235387E2	-1.670757E1
1.740000E0	1.235770E2	-1.670864E1
1.760000E0	1.241280E2	-1.589223E1
1.780000E0	1.241687E2	-1.494053E1
1.800000E0	1.242201E2	-1.448573E1
1.820000E0	1.242216E2	-1.469835E1
1.840000E0	1.243384E2	-1.499208E1
1.860000E0	1.246305E2	-1.441898E1
1.880000E0	1.250454E2	-1.361821E1
1.900000E0	1.252439E2	-1.319931E1
1.920000E0	1.252619E2	-1.288545E1
1.940000E0	1.252212E2	-1.280000E1
1.960000E0	1.250498E2	-1.263572E1
1.980000E0	1.250199E2	-1.255513E1
2.000000E0	1.250228E2	-1.241883E1
2.020000E0	1.249836E2	-1.209188E1
2.040000E0	1.250016E2	-1.151270E1
2.060000E0	1.253368E2	-1.132346E1
2.080000E0	1.254150E2	-1.089279E1
2.100000E0	1.253951E2	-1.083804E1
2.120000E0	1.249860E2	-1.012463E1
2.140000E0	1.244354E2	-9.375253E0
2.160000E0	1.240124E2	-9.355790E0
2.180000E0	1.238177E2	-9.534303E0
2.200000E0	1.239036E2	-9.545653E0
2.220000E0	1.242217E2	-9.494176E0
2.240000E0	1.244652E2	-9.505011E0
2.260000E0	1.245507E2	-9.485009E0
2.280000E0	1.245446E2	-9.400710E0
2.300000E0	1.245622E2	-9.161802E0
2.320000E0	1.249348E2	-8.581649E0
2.340000E0	1.249758E2	-8.518838E0
2.360000E0	1.246186E2	-8.419732E0
2.380000E0	1.243560E2	-8.108861E0
2.400000E0	1.242144E2	-7.903995E0
2.420000E0	1.242725E2	-7.422608E0
2.440000E0	1.244638E2	-7.011455E0
2.460000E0	1.243737E2	-6.516682E0
2.480000E0	1.244452E2	-6.053598E0
2.500000E0	1.245580E2	-5.624910E0
2.520000E0	1.247746E2	-5.329657E0
2.540000E0	1.249056E2	-4.801380E0
2.560000E0	1.249897E2	-4.135297E0
2.580000E0	1.249685E2	-3.329485E0
2.600000E0	1.249711E2	-2.715935E0
2.620000E0	1.247108E2	-2.507554E0
2.640000E0	1.247042E2	-2.391664E0
2.660000E0	1.250641E2	-2.041623E0
2.680000E0	1.252814E2	-1.376092E0
2.700000E0	1.253645E2	-7.077350E-1
2.720000E0	1.256097E2	3.314046E-2
2.740000E0	1.256957E2	3.298250E-1
2.760000E0	1.258188E2	5.959741E-1
2.780000E0	1.261252E2	1.142765E0
2.800000E0	1.262108E2	1.701325E0
2.820000E0	1.264668E2	2.002203E0
2.840000E0	1.265034E2	2.154196E0
2.860000E0	1.264514E2	2.175709E0
2.880000E0	1.261888E2	2.503478E0
2.900000E0	1.260935E2	2.696586E0
2.920000E0	1.261112E2	2.782407E0
2.940000E0	1.261090E2	2.743858E0
2.960000E0	1.261257E2	2.856159E0
2.980000E0	1.262822E2	3.377949E0
3.000000E0	1.262631E2	3.762402E0
3.020000E0	1.262222E2	3.713932E0
3.040000E0	1.261945E2	3.705128E0
3.060000E0	1.260297E2	4.111538E0
3.080000E0	1.259235E2	4.026758E0
3.100000E0	1.258512E2	3.946805E0
3.120000E0	1.256964E2	3.988845E0
3.140000E0	1.255968E2	4.135528E0
3.160000E0	1.255995E2	4.349974E0
3.180000E0	1.256077E2	4.487293E0
3.200000E0	1.255677E2	4.892648E0
3.220000E0	1.254021E2	5.666927E0
3.240000E0	1.246825E2	6.829343E0
3.260000E0	1.237486E2	8.131733E0
3.280000E0	1.233525E2	8.803018E0
3.300000E0	1.233719E2	8.880456E0
3.320000E0	1.236687E2	9.109713E0
3.340000E0	1.238522E2	9.334324E0
3.360000E0	1.238214E2	9.348509E0
3.380000E0	1.238237E2	9.377489E0
3.400000E0	1.239454E2	9.824343E0
3.420000E0	1.236630E2	1.075421E1
3.440000E0	1.240115E2	1.145357E1
3.460000E0	1.241110E2	1.159907E1
3.480000E0	1.238947E2	1.188147E1
3.500000E0	1.238192E2	1.205455E1
3.520000E0	1.236141E2	1.260504E1
3.540000E0	1.236528E2	1.278207E1
3.560000E0	1.237018E2	1.315142E1
3.580000E0	1.238991E2	1.349498E1
3.600000E0	1.240361E2	1.418503E1
3.620000E0	1.241358E2	1.475430E1
3.640000E0	1.241658E2	1.527537E1
3.660000E0	1.241751E2	1.561889E1
3.680000E0	1.241875E2	1.642932E1
3.700000E0	1.241962E2	1.763911E1
3.720000E0	1.241920E2	1.907544E1
3.740000E0	1.241561E2	2.000387E1
3.760000E0	1.240479E2	2.039565E1
3.780000E0	1.239898E2	2.044445E1
3.800000E0	1.238901E2	2.047621E1
3.820000E0	1.237577E2	2.065510E1
3.840000E0	1.237515E2	2.110697E1
3.860000E0	1.238409E2	2.116330E1
3.880000E0	1.238656E2	2.128703E1
3.900000E0	1.238015E2	2.154386E1
3.920000E0	1.237613E2	2.176663E1
3.940000E0	1.237366E2	2.184536E1
3.960000E0	1.237460E2	2.172332E1
3.980000E0	1.235880E2	2.180449E1
4.000000E0	1.231708E2	2.201081E1
4.020000E0	1.230866E2	2.217096E1
4.040000E0	1.231664E2	2.220239E1
4.060000E0	1.232048E2	2.232878E1
4.080000E0	1.231921E2	2.264340E1
4.100000E0	1.231908E2	2.281842E1
4.120000E0	1.232016E2	2.298208E1
4.140000E0	1.231921E2	2.299234E1
4.160000E0	1.231151E2	2.315102E1
4.180000E0	1.227936E2	2.330861E1
4.200000E0	1.227325E2	2.334957E1
4.220000E0	1.227104E2	2.349355E1
4.240000E0	1.226265E2	2.387624E1
4.260000E0	1.222915E2	2.428698E1
4.280000E0	1.221724E2	2.474764E1
4.300000E0	1.222936E2	2.485585E1
4.320000E0	1.222935E2	2.507944E1
4.340000E0	1.217901E2	2.580699E1
4.360000E0	1.210527E2	2.651846E1
4.380000E0	1.204197E2	2.743691E1
4.400000E0	1.198848E2	2.877155E1
4.420000E0	1.198764E2	2.913184E1
4.440000E0	1.198662E2	2.916691E1
4.460000E0	1.198630E2	2.911312E1
4.480000E0	1.204289E2	2.906132E1
4.500000E0	1.208907E2	2.911772E1
4.520000E0	1.209086E2	2.942483E1
4.540000E0	1.206278E2	3.009375E1
4.560000E0	1.206766E2	3.063520E1
4.580000E0	1.207209E2	3.088511E1
4.600000E0	1.205887E2	3.142939E1
4.620000E0	1.203441E2	3.203030E1
4.640000E0	1.204165E2	3.269773E1
4.660000E0	1.205549E2	3.293451E1
4.680000E0	1.205945E2	3.306326E1
4.700000E0	1.206038E2	3.311420E1
4.720000E0	1.205643E2	3.307551E1
4.740000E0	1.206663E2	3.315697E1
4.760000E0	1.205614E2	3.358993E1
4.780000E0	1.204944E2	3.382460E1
4.800000E0	1.204095E2	3.417749E1
4.820000E0	1.203081E2	3.463005E1
4.840000E0	1.202839E2	3.460664E1
4.860000E0	1.202483E2	3.461665E1
4.880000E0	1.198479E2	3.476458E1
4.900000E0	1.195984E2	3.507647E1
4.920000E0	1.196060E2	3.505814E1
4.940000E0	1.196865E2	3.503600E1
4.960000E0	1.197542E2	3.519082E1
4.980000E0	1.197487E2	3.557433E1
5.000000E0	1.196159E2	3.629244E1
5.020000E0	1.194937E2	3.675718E1
5.040000E0	1.193265E2	3.676646E1
5.060000E0	1.193192E2	3.670852E1
5.080000E0	1.193253E2	3.682742E1
5.100000E0	1.191788E2	3.701955E1
5.120000E0	1.189008E2	3.712667E1
5.140000E0	1.186114E2	3.759905E1
5.160000E0	1.185706E2	3.800667E1
5.180000E0	1.184514E2	3.818476E1
5.200000E0	1.184255E2	3.816710E1
5.220000E0	1.184087E2	3.824879E1
5.240000E0	1.182976E2	3.864392E1
5.260000E0	1.183079E2	3.865777E1
5.280000E0	1.183315E2	3.919710E1
5.300000E0	1.180547E2	3.980906E1
5.320000E0	1.178596E2	4.031522E1
5.340000E0	1.177013E2	4.036759E1
5.360000E0	1.177032E2	4.036858E1
5.380000E0	1.177863E2	4.040297E1
5.400000E0	1.180707E2	4.090392E1
5.420000E0	1.176885E2	4.177217E1
5.440000E0	1.175312E2	4.228944E1
5.460000E0	1.168861E2	4.289263E1
5.480000E0	1.158563E2	4.357162E1
5.500000E0	1.149895E2	4.447968E1
5.520000E0	1.150394E2	4.529159E1
5.540000E0	1.151118E2	4.586749E1
5.560000E0	1.155990E2	4.585239E1
5.580000E0	1.159636E2	4.552302E1
5.600000E0	1.161028E2	4.542850E1
5.620000E0	1.160426E2	4.534626E1
5.640000E0	1.157452E2	4.557554E1
5.660000E0	1.156207E2	4.624932E1
5.680000E0	1.157800E2	4.626708E1
5.700000E0	1.156160E2	4.628227E1
5.720000E0	1.153669E2	4.684091E1
5.740000E0	1.153794E2	4.702830E1
5.760000E0	1.153997E2	4.707092E1
5.780000E0	1.154227E2	4.710099E1
5.800000E0	1.152892E2	4.719647E1
5.820000E0	1.152418E2	4.716540E1
5.840000E0	1.152962E2	4.712881E1
5.860000E0	1.153721E2	4.730026E1
5.880000E0	1.153265E2	4.748586E1
5.900000E0	1.152672E2	4.765566E1
5.920000E0	1.149551E2	4.807101E1
5.940000E0	1.145752E2	4.843768E1
5.960000E0	1.142285E2	4.916620E1
5.980000E0	1.138806E2	4.976958E1
6.000000E0	1.135092E2	5.016871E1
6.020000E0	1.129368E2	5.054465E1
6.040000E0	1.123863E2	5.102983E1
6.060000E0	1.124041E2	5.143756E1
6.080000E0	1.122441E2	5.226005E1
6.100000E0	1.118384E2	5.273593E1
6.120000E0	1.119032E2	5.268471E1
6.140000E0	1.118989E2	5.276991E1
6.160000E0	1.118738E2	5.280277E1
6.180000E0	1.119562E2	5.323447E1
6.200000E0	1.116108E2	5.371257E1
6.220000E0	1.114755E2	5.388485E1
6.240000E0	1.113626E2	5.419159E1
6.260000E0	1.109752E2	5.433049E1
6.280000E0	1.111362E2	5.432137E1
6.300000E0	1.116163E2	5.435427E1
6.320000E0	1.115048E2	5.529071E1
6.340000E0	1.109964E2	5.592317E1
6.360000E0	1.110108E2	5.588112E1
6.380000E0	1.110952E2	5.590228E1
6.400000E0	1.110327E2	5.613177E1
6.420000E0	1.105681E2	5.712358E1
6.440000E0	1.100768E2	5.792896E1
6.460000E0	1.100353E2	5.863004E1
6.480000E0	1.100420E2	5.868167E1
6.500000E0	1.100688E2	5.854895E1
6.520000E0	1.100203E2	5.847664E1
6.540000E0	1.098552E2	5.848544E1
6.560000E0	1.093326E2	5.894372E1
6.580000E0	1.083297E2	5.960021E1
6.600000E0	1.073280E2	6.037383E1
6.620000E0	1.069804E2	6.052609E1
6.640000E0	1.073164E2	6.061128E1
6.660000E0	1.073069E2	6.072315E1
6.680000E0	1.072772E2	6.068793E1
6.700000E0	1.072793E2	6.070771E1
6.720000E0	1.072494E2	6.067456E1
6.740000E0	1.071539E2	6.058433E1
6.760000E0	1.071396E2	6.065070E1
6.780000E0	1.071725E2	6.079593E1
6.800000E0	1.071671E2	6.083655E1
6.820000E0	1.070504E2	6.087260E1
6.840000E0	1.067024E2	6.096899E1
6.860000E0	1.066770E2	6.093370E1
6.880000E0	1.066150E2	6.112613E1
6.900000E0	1.065425E2	6.116262E1
6.920000E0	1.064569E2	6.118902E1
6.940000E0	1.064009E2	6.127329E1
6.960000E0	1.063839E2	6.150947E1
6.980000E0	1.060656E2	6.184598E1
7.000000E0	1.055551E2	6.244661E1
7.020000E0	1.052176E2	6.278692E1
7.040000E0	1.046764E2	6.339179E1
7.060000E0	1.041423E2	6.411791E1
7.080000E0	1.037781E2	6.450319E1
7.100000E0	1.035467E2	6.488320E1
7.120000E0	1.031356E2	6.541754E1
7.140000E0	1.027305E2	6.610590E1
7.160000E0	1.024670E2	6.659226E1
7.180000E0	1.023312E2	6.667918E1
7.200000E0	1.024484E2	6.680115E1
7.220000E0	1.026967E2	6.728383E1
7.240000E0	1.022140E2	6.805529E1
7.260000E0	1.018120E2	6.856697E1
7.280000E0	1.018188E2	6.861149E1
7.300000E0	1.018442E2	6.866384E1
7.320000E0	1.016268E2	6.929795E1
7.340000E0	1.010683E2	7.018539E1
7.360000E0	1.009744E2	7.067282E1
7.380000E0	1.012500E2	7.081013E1
7.400000E0	1.013978E2	7.057457E1
7.420000E0	1.012500E2	7.072450E1
7.440000E0	1.008556E2	7.082338E1
7.460000E0	1.008360E2	7.088466E1
7.480000E0	1.007779E2	7.103932E1
7.500000E0	1.005552E2	7.132607E1
7.520000E0	1.003185E2	7.160712E1
7.540000E0	1.000125E2	7.189594E1
7.560000E0	1.000819E2	7.190343E1
7.580000E0	1.002191E2	7.165415E1
7.600000E0	1.002066E2	7.159030E1
7.620000E0	1.002168E2	7.153453E1
7.640000E0	9.987525E1	7.158636E1
7.660000E0	9.928147E1	7.173614E1
7.680000E0	9.791577E1	7.214849E1
7.700000E0	9.689637E1	7.250137E1
7.720000E0	9.670566E1	7.280773E1
7.740000E0	9.667103E1	7.305508E1
7.760000E0	9.677599E1	7.336254E1
7.780000E0	9.693277E1	7.372592E1
7.800000E0	9.694185E1	7.377032E1
7.820000E0	9.695456E1	7.375609E1
7.840000E0	9.688970E1	7.378991E1
7.860000E0	9.686078E1	7.384859E1
7.880000E0	9.657068E1	7.427270E1
7.900000E0	9.600193E1	7.447394E1
7.920000E0	9.539441E1	7.496018E1
7.940000E0	9.492087E1	7.554578E1
7.960000E0	9.477426E1	7.574085E1
7.980000E0	9.462086E1	7.587628E1
8.000000E0	9.456968E1	7.610143E1
8.020000E0	9.452924E1	7.655135E1
8.040000E0	9.414581E1	7.709769E1
8.060000E0	9.383977E1	7.744329E1
8.080000E0	9.347164E1	7.753994E1
8.100000E0	9.345483E1	7.771270E1
8.120000E0	9.342713E1	7.834421E1
8.140000E0	9.284901E1	7.908409E1
8.160000E0	9.182389E1	7.980173E1
8.180000E0	9.091916E1	8.037477E1
8.200000E0	9.023604E1	8.082206E1
8.220000E0	8.972771E1	8.129690E1
8.240000E0	8.948385E1	8.203541E1
8.260000E0	8.937260E1	8.285632E1
8.280000E0	8.939515E1	8.367325E1
8.300000E0	8.933521E1	8.377231E1
8.320000E0	8.926922E1	8.373267E1
8.340000E0	8.877426E1	8.373677E1
8.360000E0	8.849427E1	8.389128E1
8.380000E0	8.839207E1	8.402107E1
8.400000E0	8.818017E1	8.417884E1
8.420000E0	8.797233E1	8.441089E1
8.440000E0	8.756779E1	8.500145E1
8.460000E0	8.767634E1	8.505506E1
8.480000E0	8.776713E1	8.493971E1
8.500000E0	8.781202E1	8.491348E1
8.520000E0	8.769726E1	8.496289E1
8.540000E0	8.742336E1	8.491135E1
8.560000E0	8.734939E1	8.476626E1
8.580000E0	8.732014E1	8.472810E1
8.600000E0	8.714977E1	8.489869E1
8.620000E0	8.712569E1	8.502167E1
8.640000E0	8.705056E1	8.505655E1
8.660000E0	8.691398E1	8.509092E1
8.680000E0	8.687435E1	8.510272E1
8.700000E0	8.680239E1	8.514548E1
8.720000E0	8.669484E1	8.513026E1
8.740000E0	8.630245E1	8.509911E1
8.760000E0	8.533915E1	8.499428E1
8.780000E0	8.388382E1	8.520180E1
8.800000E0	8.252595E1	8.603322E1
8.820000E0	8.203871E1	8.654448E1
8.840000E0	8.201753E1	8.655278E1
8.860000E0	8.199560E1	8.661471E1
8.880000E0	8.205793E1	8.679925E1
8.900000E0	8.210939E1	8.695823E1
8.920000E0	8.203408E1	8.721094E1
8.940000E0	8.162709E1	8.775693E1
8.960000E0	8.123416E1	8.811849E1
8.980000E0	8.078817E1	8.819944E1
9.000000E0	8.085302E1	8.826547E1
9.020000E0	8.078886E1	8.841303E1
9.040000E0	8.073468E1	8.856763E1
9.060000E0	8.030646E1	8.890865E1
9.080000E0	7.962785E1	8.946679E1
9.100000E0	7.919860E1	8.973084E1
9.120000E0	7.910308E1	9.005762E1
9.140000E0	7.898076E1	9.076433E1
9.160000E0	7.844152E1	9.151067E1
9.180000E0	7.787663E1	9.227632E1
9.200000E0	7.736375E1	9.264609E1
9.220000E0	7.704805E1	9.272459E1
9.240000E0	7.702400E1	9.272906E1
9.260000E0	7.668355E1	9.272576E1
9.280000E0	7.613356E1	9.283726E1
9.300000E0	7.557325E1	9.299418E1
9.320000E0	7.541007E1	9.322205E1
9.340000E0	7.516712E1	9.359604E1
9.360000E0	7.522866E1	9.406556E1
9.380000E0	7.532700E1	9.409949E1
9.400000E0	7.538115E1	9.412679E1
9.420000E0	7.519164E1	9.417523E1
9.440000E0	7.471960E1	9.420986E1
9.460000E0	7.461976E1	9.411709E1
9.480000E0	7.456358E1	9.415356E1
9.500000E0	7.420679E1	9.430600E1
9.520000E0	7.378892E1	9.470995E1
9.540000E0	7.331437E1	9.486636E1
9.560000E0	7.329162E1	9.486998E1
9.580000E0	7.335051E1	9.497997E1
9.600000E0	7.306484E1	9.517423E1
9.620000E0	7.301727E1	9.521983E1
9.640000E0	7.281173E1	9.523943E1
9.660000E0	7.280059E1	9.515071E1
9.680000E0	7.269641E1	9.533114E1
9.700000E0	7.213577E1	9.557736E1
9.720000E0	7.133286E1	9.583907E1
9.740000E0	7.098590E1	9.601889E1
9.760000E0	7.087910E1	9.616058E1
9.780000E0	7.079789E1	9.618017E1
9.800000E0	7.072283E1	9.639765E1
9.820000E0	7.057793E1	9.670880E1
9.840000E0	7.012261E1	9.682806E1
9.860000E0	6.917455E1	9.683852E1
9.880000E0	6.766034E1	9.705029E1
9.900000E0	6.608206E1	9.733217E1
9.920000E0	6.548211E1	9.784989E1
9.940000E0	6.586308E1	9.805465E1
9.960000E0	6.620396E1	9.833214E1
9.980000E0	6.622543E1	9.860711E1
1.000000E1	6.623141E1	9.869261E1
1.002000E1	6.615159E1	9.869164E1
1.004000E1	6.572756E1	9.902556E1
1.006000E1	6.500426E1	9.977133E1
1.008000E1	6.446477E1	1.003806E2
1.010000E1	6.413524E1	1.004430E2
1.012000E1	6.401426E1	1.003552E2
1.014000E1	6.394729E1	1.003828E2
1.016000E1	6.393363E1	1.004190E2
1.018000E1	6.353671E1	1.002645E2
1.020000E1	6.350882E1	1.001960E2
1.022000E1	6.349673E1	1.003518E2
1.024000E1	6.329012E1	1.007342E2
1.026000E1	6.284197E1	1.010601E2
1.028000E1	6.289127E1	1.010996E2
1.030000E1	6.293461E1	1.010320E2
1.032000E1	6.293613E1	1.010223E2
1.034000E1	6.253968E1	1.009971E2
1.036000E1	6.211004E1	1.009668E2
1.038000E1	6.179468E1	1.007909E2
1.040000E1	6.129216E1	1.008811E2
1.042000E1	6.061642E1	1.010344E2
1.044000E1	6.023626E1	1.014987E2
1.046000E1	6.011366E1	1.017179E2
1.048000E1	5.997670E1	1.021360E2
1.050000E1	5.953460E1	1.024227E2
1.052000E1	5.886377E1	1.029450E2
1.054000E1	5.837057E1	1.029824E2
1.056000E1	5.833711E1	1.029468E2
1.058000E1	5.831459E1	1.028467E2
1.060000E1	5.824283E1	1.028851E2
1.062000E1	5.754455E1	1.032506E2
1.064000E1	5.681322E1	1.035133E2
1.066000E1	5.683704E1	1.035433E2
1.068000E1	5.682444E1	1.035214E2
1.070000E1	5.681712E1	1.035045E2
1.072000E1	5.670622E1	1.037011E2
1.074000E1	5.637650E1	1.040571E2
1.076000E1	5.620317E1	1.041268E2
1.078000E1	5.574402E1	1.043480E2
1.080000E1	5.518424E1	1.044174E2
1.082000E1	5.483074E1	1.044356E2
1.084000E1	5.482029E1	1.046139E2
1.086000E1	5.465480E1	1.049151E2
1.088000E1	5.422769E1	1.050213E2
1.090000E1	5.408492E1	1.050621E2
1.092000E1	5.401124E1	1.050256E2
1.094000E1	5.374214E1	1.050706E2
1.096000E1	5.253788E1	1.053636E2
1.098000E1	5.061452E1	1.054979E2
1.100000E1	4.956682E1	1.060299E2
1.102000E1	4.954331E1	1.060869E2
1.104000E1	4.968923E1	1.057219E2
1.106000E1	5.001282E1	1.057710E2
1.108000E1	5.000352E1	1.057973E2
1.110000E1	4.999958E1	1.058202E2
1.112000E1	4.975225E1	1.059492E2
1.114000E1	4.937044E1	1.061771E2
1.116000E1	4.891288E1	1.065426E2
1.118000E1	4.894300E1	1.066579E2
1.120000E1	4.893141E1	1.065590E2
1.122000E1	4.873006E1	1.063727E2
1.124000E1	4.866818E1	1.063564E2
1.126000E1	4.848106E1	1.063803E2
1.128000E1	4.842739E1	1.063389E2
1.130000E1	4.836297E1	1.060861E2
1.132000E1	4.831747E1	1.060781E2
1.134000E1	4.829743E1	1.061793E2
1.136000E1	4.829294E1	1.062538E2
1.138000E1	4.837046E1	1.062938E2
1.140000E1	4.829452E1	1.063266E2
1.142000E1	4.794466E1	1.063877E2
1.144000E1	4.752567E1	1.064421E2
1.146000E1	4.706639E1	1.063831E2
1.148000E1	4.651377E1	1.061905E2
1.150000E1	4.547099E1	1.061680E2
1.152000E1	4.440548E1	1.063225E2
1.154000E1	4.364130E1	1.066950E2
1.156000E1	4.338686E1	1.068571E2
1.158000E1	4.323805E1	1.068846E2
1.160000E1	4.269911E1	1.068866E2
1.162000E1	4.248447E1	1.073419E2
1.164000E1	4.223444E1	1.074897E2
1.166000E1	4.180452E1	1.075940E2
1.168000E1	4.154324E1	1.077654E2
1.170000E1	4.125360E1	1.077377E2
1.172000E1	4.087919E1	1.077152E2
1.174000E1	4.084630E1	1.078450E2
1.176000E1	4.073272E1	1.082095E2
1.178000E1	4.022835E1	1.085041E2
1.180000E1	3.980011E1	1.084454E2
1.182000E1	3.988913E1	1.084229E2
1.184000E1	3.994471E1	1.084846E2
1.186000E1	3.961351E1	1.086294E2
1.188000E1	3.885748E1	1.089917E2
1.190000E1	3.801236E1	1.095279E2
1.192000E1	3.737555E1	1.096885E2
1.194000E1	3.737143E1	1.097054E2
1.196000E1	3.736715E1	1.096585E2
1.198000E1	3.734426E1	1.096250E2
1.200000E1	3.723038E1	1.095767E2
1.202000E1	3.680761E1	1.096606E2
1.204000E1	3.637175E1	1.097981E2
1.206000E1	3.571034E1	1.097985E2
1.208000E1	3.475844E1	1.095941E2
1.210000E1	3.404643E1	1.093972E2
1.212000E1	3.380987E1	1.092685E2
1.214000E1	3.411100E1	1.092374E2
1.216000E1	3.405780E1	1.091892E2
1.218000E1	3.404619E1	1.092012E2
1.220000E1	3.406242E1	1.093080E2
1.222000E1	3.402961E1	1.093277E2
1.224000E1	3.399928E1	1.093032E2
1.226000E1	3.386407E1	1.093948E2
1.228000E1	3.385451E1	1.093686E2
1.230000E1	3.367739E1	1.093261E2
1.232000E1	3.311736E1	1.092916E2
1.234000E1	3.283881E1	1.091878E2
1.236000E1	3.289162E1	1.091882E2
1.238000E1	3.279507E1	1.090275E2
1.240000E1	3.266469E1	1.090527E2
1.242000E1	3.227923E1	1.091315E2
1.244000E1	3.186977E1	1.093141E2
1.246000E1	3.158866E1	1.094042E2
1.248000E1	3.117932E1	1.094466E2
1.250000E1	3.037021E1	1.094267E2
1.252000E1	2.961135E1	1.095757E2
1.254000E1	2.914050E1	1.097898E2
1.256000E1	2.849478E1	1.098640E2
1.258000E1	2.793458E1	1.097972E2
1.260000E1	2.753837E1	1.097742E2
1.262000E1	2.711037E1	1.097672E2
1.264000E1	2.703515E1	1.099559E2
1.266000E1	2.681848E1	1.105378E2
1.268000E1	2.595346E1	1.111421E2
1.270000E1	2.510990E1	1.111996E2
1.272000E1	2.464501E1	1.111985E2
1.274000E1	2.461692E1	1.113189E2
1.276000E1	2.456888E1	1.114200E2
1.278000E1	2.411412E1	1.116659E2
1.280000E1	2.345468E1	1.119092E2
1.282000E1	2.285717E1	1.119455E2
1.284000E1	2.239977E1	1.120364E2
1.286000E1	2.253958E1	1.121239E2
1.288000E1	2.255368E1	1.120455E2
1.290000E1	2.234319E1	1.120028E2
1.292000E1	2.195661E1	1.120774E2
1.294000E1	2.193344E1	1.121125E2
1.296000E1	2.189557E1	1.121617E2
1.298000E1	2.135161E1	1.123219E2
1.300000E1	2.082875E1	1.123129E2
1.302000E1	2.087738E1	1.122302E2
1.304000E1	2.095732E1	1.121024E2
1.306000E1	2.091566E1	1.120694E2
1.308000E1	2.090428E1	1.119942E2
1.310000E1	2.092716E1	1.119042E2
1.312000E1	2.078660E1	1.117656E2
1.314000E1	2.034545E1	1.117431E2
1.316000E1	1.971079E1	1.115414E2
1.318000E1	1.872201E1	1.108642E2
1.320000E1	1.764064E1	1.102836E2
1.322000E1	1.711164E1	1.102338E2
1.324000E1	1.682488E1	1.103456E2
1.326000E1	1.690616E1	1.102995E2
1.328000E1	1.682144E1	1.103501E2
1.330000E1	1.684343E1	1.103435E2
1.332000E1	1.681034E1	1.103111E2
1.334000E1	1.666806E1	1.104194E2
1.336000E1	1.612604E1	1.103570E2
1.338000E1	1.513185E1	1.103434E2
1.340000E1	1.472164E1	1.104405E2
1.342000E1	1.430764E1	1.102846E2
1.344000E1	1.419863E1	1.102452E2
1.346000E1	1.363702E1	1.103018E2
1.348000E1	1.313768E1	1.103657E2
1.350000E1	1.299618E1	1.103521E2
1.352000E1	1.268468E1	1.102985E2
1.354000E1	1.255194E1	1.104894E2
1.356000E1	1.201849E1	1.109467E2
1.358000E1	1.111465E1	1.110038E2
1.360000E1	1.053171E1	1.109925E2
1.362000E1	9.697929E0	1.110171E2
1.364000E1	9.130179E0	1.110483E2
1.366000E1	8.217536E0	1.112315E2
1.368000E1	7.249860E0	1.112909E2
1.370000E1	5.905370E0	1.112787E2
1.372000E1	4.928506E0	1.112109E2
1.374000E1	4.796560E0	1.111906E2
1.376000E1	4.880716E0	1.112916E2
1.378000E1	4.862317E0	1.112869E2
1.380000E1	4.395733E0	1.112515E2
1.382000E1	4.149263E0	1.112783E2
1.384000E1	3.945404E0	1.112937E2
1.386000E1	3.764829E0	1.112919E2
1.388000E1	3.606437E0	1.113932E2
1.390000E1	3.101213E0	1.113206E2
1.392000E1	3.038139E0	1.112846E2
1.394000E1	2.999335E0	1.112269E2
1.396000E1	2.650483E0	1.110434E2
1.398000E1	2.651530E0	1.109370E2
1.400000E1	2.590596E0	1.108611E2
1.402000E1	2.458870E0	1.108296E2
1.404000E1	2.074116E0	1.108566E2
1.406000E1	1.890661E0	1.108586E2
1.408000E1	1.830046E0	1.107430E2
1.410000E1	1.657744E0	1.107025E2
1.412000E1	1.209411E0	1.106775E2
1.414000E1	1.120513E0	1.106528E2
1.416000E1	1.070088E0	1.105395E2
1.418000E1	1.050698E0	1.103144E2
1.420000E1	7.548592E-1	1.100946E2
1.422000E1	5.215249E-1	1.100510E2
1.424000E1	1.258664E-1	1.101436E2
1.426000E1	-3.591638E-1	1.100696E2
1.428000E1	-1.277441E0	1.094061E2
1.430000E1	-2.885311E0	1.084416E2
1.432000E1	-4.288295E0	1.078623E2
1.434000E1	-4.563286E0	1.079077E2
1.436000E1	-4.864625E0	1.081944E2
1.438000E1	-5.156961E0	1.083407E2
1.440000E1	-5.156999E0	1.083343E2
1.442000E1	-5.074837E0	1.083712E2
1.444000E1	-5.117861E0	1.084065E2
1.446000E1	-5.539989E0	1.084769E2
1.448000E1	-6.400494E0	1.085461E2
1.450000E1	-6.866059E0	1.084391E2
1.452000E1	-7.255212E0	1.082396E2
1.454000E1	-7.658165E0	1.079687E2
1.456000E1	-7.844474E0	1.079556E2
1.458000E1	-8.366495E0	1.080190E2
1.460000E1	-9.186202E0	1.080975E2
1.462000E1	-9.712344E0	1.082036E2
1.464000E1	-9.818172E0	1.082699E2
1.466000E1	-9.779221E0	1.082872E2
1.468000E1	-9.732782E0	1.083051E2
1.470000E1	-9.784098E0	1.083021E2
1.472000E1	-1.030451E1	1.081626E2
1.474000E1	-1.078342E1	1.081108E2
1.476000E1	-1.117668E1	1.081037E2
1.478000E1	-1.162702E1	1.080074E2
1.480000E1	-1.161638E1	1.079324E2
1.482000E1	-1.163691E1	1.078673E2
1.484000E1	-1.166060E1	1.078470E2
1.486000E1	-1.209137E1	1.078379E2
1.488000E1	-1.212639E1	1.078301E2
1.490000E1	-1.208342E1	1.078274E2
1.492000E1	-1.214359E1	1.078085E2
1.494000E1	-1.264398E1	1.077642E2
1.496000E1	-1.307276E1	1.077385E2
1.498000E1	-1.311074E1	1.076679E2
1.500000E1	-1.316330E1	1.076342E2
1.502000E1	-1.350070E1	1.076703E2
1.504000E1	-1.402110E1	1.076782E2
1.506000E1	-1.430661E1	1.074824E2
1.508000E1	-1.425276E1	1.071808E2
1.510000E1	-1.413603E1	1.072484E2
1.512000E1	-1.450419E1	1.073666E2
1.514000E1	-1.510636E1	1.072776E2
1.516000E1	-1.554085E1	1.072402E2
1.518000E1	-1.542211E1	1.071916E2
1.520000E1	-1.579202E1	1.070834E2
1.522000E1	-1.666209E1	1.067520E2
1.524000E1	-1.709904E1	1.067561E2
1.526000E1	-1.739089E1	1.067758E2
1.528000E1	-1.775567E1	1.067022E2
1.530000E1	-1.803681E1	1.066100E2
1.532000E1	-1.792859E1	1.066472E2
1.534000E1	-1.788273E1	1.067242E2
1.536000E1	-1.816132E1	1.069026E2
1.538000E1	-1.919859E1	1.066274E2
1.540000E1	-2.034115E1	1.055944E2
1.542000E1	-2.131108E1	1.045333E2
1.544000E1	-2.197627E1	1.039258E2
1.546000E1	-2.250145E1	1.041051E2
1.548000E1	-2.307839E1	1.045708E2
1.550000E1	-2.344136E1	1.048782E2
1.552000E1	-2.316051E1	1.055180E2
1.554000E1	-2.309346E1	1.056398E2
1.556000E1	-2.336738E1	1.054324E2
1.558000E1	-2.375264E1	1.052387E2
1.560000E1	-2.373600E1	1.052270E2
1.562000E1	-2.374283E1	1.051146E2
1.564000E1	-2.420971E1	1.049175E2
1.566000E1	-2.466379E1	1.048621E2
1.568000E1	-2.502911E1	1.048884E2
1.570000E1	-2.508116E1	1.049731E2
1.572000E1	-2.508756E1	1.049146E2
1.574000E1	-2.537389E1	1.048900E2
1.576000E1	-2.536364E1	1.048902E2
1.578000E1	-2.501944E1	1.049156E2
1.580000E1	-2.505342E1	1.048917E2
1.582000E1	-2.535923E1	1.047593E2
1.584000E1	-2.575056E1	1.045365E2
1.586000E1	-2.638864E1	1.040500E2
1.588000E1	-2.707368E1	1.036127E2
1.590000E1	-2.778006E1	1.030743E2
1.592000E1	-2.858702E1	1.027479E2
1.594000E1	-2.912272E1	1.026346E2
1.596000E1	-2.930266E1	1.025826E2
1.598000E1	-2.925840E1	1.025445E2
1.600000E1	-2.946709E1	1.024243E2
1.602000E1	-3.010318E1	1.021603E2
1.604000E1	-3.072786E1	1.019061E2
1.606000E1	-3.105077E1	1.017116E2
1.608000E1	-3.091867E1	1.016612E2
1.610000E1	-3.105216E1	1.016175E2
1.612000E1	-3.154743E1	1.014357E2
1.614000E1	-3.193336E1	1.014023E2
1.616000E1	-3.208130E1	1.013333E2
1.618000E1	-3.254219E1	1.013047E2
1.620000E1	-3.256246E1	1.013236E2
1.622000E1	-3.256114E1	1.013500E2
1.624000E1	-3.249212E1	1.012876E2
1.626000E1	-3.259240E1	1.016169E2
1.628000E1	-3.322407E1	1.015772E2
1.630000E1	-3.383099E1	1.012467E2
1.632000E1	-3.443783E1	1.008066E2
1.634000E1	-3.474903E1	1.006387E2
1.636000E1	-3.482326E1	1.005960E2
1.638000E1	-3.532255E1	1.006006E2
1.640000E1	-3.585807E1	1.005637E2
1.642000E1	-3.645732E1	1.005432E2
1.644000E1	-3.684764E1	1.005426E2
1.646000E1	-3.684719E1	1.005373E2
1.648000E1	-3.703730E1	1.000412E2
1.650000E1	-3.741040E1	9.921414E1
1.652000E1	-3.784766E1	9.814625E1
1.654000E1	-3.794299E1	9.811947E1
1.656000E1	-3.808422E1	9.815109E1
1.658000E1	-3.857157E1	9.824837E1
1.660000E1	-3.890944E1	9.834817E1
1.662000E1	-3.877782E1	9.843053E1
1.664000E1	-3.878468E1	9.848161E1
1.666000E1	-3.895259E1	9.834234E1
1.668000E1	-3.909351E1	9.809849E1
1.670000E1	-3.908471E1	9.806062E1
1.672000E1	-3.910416E1	9.801542E1
1.674000E1	-3.923663E1	9.776807E1
1.676000E1	-3.928090E1	9.768352E1
1.678000E1	-3.927094E1	9.764474E1
1.680000E1	-3.927342E1	9.761801E1
1.682000E1	-3.935774E1	9.758540E1
1.684000E1	-3.940543E1	9.758399E1
1.686000E1	-3.943606E1	9.759939E1
1.688000E1	-3.939641E1	9.758492E1
1.690000E1	-3.934852E1	9.756136E1
1.692000E1	-3.952431E1	9.749618E1
1.694000E1	-4.020955E1	9.695004E1
1.696000E1	-4.111730E1	9.621352E1
1.698000E1	-4.188515E1	9.560440E1
1.700000E1	-4.238335E1	9.517955E1
1.702000E1	-4.293667E1	9.463825E1
1.704000E1	-4.334870E1	9.459308E1
1.706000E1	-4.359736E1	9.458690E1
1.708000E1	-4.446082E1	9.451575E1
1.710000E1	-4.499176E1	9.422691E1
1.712000E1	-4.537999E1	9.408289E1
1.714000E1	-4.546312E1	9.392484E1
1.716000E1	-4.537361E1	9.393647E1
1.718000E1	-4.584781E1	9.417485E1
1.720000E1	-4.661580E1	9.357953E1
1.722000E1	-4.697251E1	9.347758E1
1.724000E1	-4.702482E1	9.330899E1
1.726000E1	-4.722966E1	9.303735E1
1.728000E1	-4.736775E1	9.326175E1
1.730000E1	-4.788381E1	9.329723E1
1.732000E1	-4.840082E1	9.322703E1
1.734000E1	-4.889815E1	9.321716E1
1.736000E1	-4.882009E1	9.323617E1
1.738000E1	-4.887112E1	9.312110E1
1.740000E1	-4.890966E1	9.311186E1
1.742000E1	-4.897097E1	9.264772E1
1.744000E1	-4.908176E1	9.261825E1
1.746000E1	-4.946150E1	9.248139E1
1.748000E1	-4.953294E1	9.238030E1
1.750000E1	-4.976234E1	9.223777E1
1.752000E1	-4.963730E1	9.231550E1
1.754000E1	-4.957217E1	9.229866E1
1.756000E1	-4.971124E1	9.217993E1
1.758000E1	-5.025848E1	9.132451E1
1.760000E1	-5.060903E1	8.977948E1
1.762000E1	-5.070957E1	8.924836E1
1.764000E1	-5.097375E1	8.923170E1
1.766000E1	-5.120791E1	8.956924E1
1.768000E1	-5.134718E1	8.971683E1
1.770000E1	-5.135674E1	8.985416E1
1.772000E1	-5.144519E1	8.990656E1
1.774000E1	-5.148541E1	8.986888E1
1.776000E1	-5.164328E1	8.984685E1
1.778000E1	-5.179784E1	8.973386E1
1.780000E1	-5.178431E1	8.961779E1
1.782000E1	-5.190346E1	8.899443E1
1.784000E1	-5.228141E1	8.849330E1
1.786000E1	-5.267715E1	8.815511E1
1.788000E1	-5.309675E1	8.792481E1
1.790000E1	-5.340863E1	8.792567E1
1.792000E1	-5.380687E1	8.748986E1
1.794000E1	-5.432480E1	8.717863E1
1.796000E1	-5.476640E1	8.713575E1
1.798000E1	-5.501834E1	8.711596E1
1.800000E1	-5.547835E1	8.663912E1
1.802000E1	-5.579487E1	8.639000E1
1.804000E1	-5.620041E1	8.580748E1
1.806000E1	-5.647177E1	8.563080E1
1.808000E1	-5.707172E1	8.549658E1
1.810000E1	-5.769591E1	8.503238E1
1.812000E1	-5.833229E1	8.422342E1
1.814000E1	-5.906224E1	8.320905E1
1.816000E1	-5.965647E1	8.271569E1
1.818000E1	-6.013320E1	8.267135E1
1.820000E1	-6.064604E1	8.292836E1
1.822000E1	-6.116982E1	8.285352E1
1.824000E1	-6.156971E1	8.283498E1
1.826000E1	-6.177465E1	8.251177E1
1.828000E1	-6.158712E1	8.261067E1
1.830000E1	-6.156046E1	8.259318E1
1.832000E1	-6.158850E1	8.212795E1
1.834000E1	-6.193444E1	8.186957E1
1.836000E1	-6.211075E1	8.161582E1
1.838000E1	-6.205586E1	8.172603E1
1.840000E1	-6.208032E1	8.169362E1
1.842000E1	-6.255840E1	8.158544E1
1.844000E1	-6.256356E1	8.137297E1
1.846000E1	-6.250170E1	8.140040E1
1.848000E1	-6.249322E1	8.144137E1
1.850000E1	-6.252046E1	8.121597E1
1.852000E1	-6.244133E1	8.114660E1
1.854000E1	-6.245517E1	8.112548E1
1.856000E1	-6.251605E1	8.090082E1
1.858000E1	-6.258300E1	8.078471E1
1.860000E1	-6.256989E1	8.069479E1
1.862000E1	-6.259428E1	8.064790E1
1.864000E1	-6.271749E1	8.047844E1
1.866000E1	-6.310375E1	8.027319E1
1.868000E1	-6.321696E1	7.938457E1
1.870000E1	-6.313685E1	7.813187E1
1.872000E1	-6.336913E1	7.690267E1
1.874000E1	-6.388706E1	7.651303E1
1.876000E1	-6.449000E1	7.622421E1
1.878000E1	-6.492017E1	7.605745E1
1.880000E1	-6.495424E1	7.600441E1
1.882000E1	-6.504598E1	7.597144E1
1.884000E1	-6.516409E1	7.592007E1
1.886000E1	-6.528753E1	7.584672E1
1.888000E1	-6.582822E1	7.568354E1
1.890000E1	-6.655036E1	7.534993E1
1.892000E1	-6.664065E1	7.517729E1
1.894000E1	-6.662805E1	7.468725E1
1.896000E1	-6.660970E1	7.458787E1
1.898000E1	-6.701732E1	7.442049E1
1.900000E1	-6.763520E1	7.405270E1
1.902000E1	-6.801219E1	7.379334E1
1.904000E1	-6.817630E1	7.360897E1
1.906000E1	-6.827300E1	7.354116E1
1.908000E1	-6.867961E1	7.347187E1
1.910000E1	-6.931893E1	7.317996E1
1.912000E1	-7.026950E1	7.239488E1
1.914000E1	-7.124761E1	7.152119E1
1.916000E1	-7.191854E1	7.076809E1
1.918000E1	-7.207551E1	7.059414E1
1.920000E1	-7.202559E1	7.055243E1
1.922000E1	-7.197879E1	7.008775E1
1.924000E1	-7.214269E1	6.936613E1
1.926000E1	-7.239995E1	6.906578E1
1.928000E1	-7.249791E1	6.913919E1
1.930000E1	-7.297332E1	6.910964E1
1.932000E1	-7.302895E1	6.908672E1
1.934000E1	-7.307055E1	6.909773E1
1.936000E1	-7.316232E1	6.896051E1
1.938000E1	-7.315834E1	6.894864E1
1.940000E1	-7.305929E1	6.877839E1
1.942000E1	-7.300474E1	6.853217E1
1.944000E1	-7.314341E1	6.813892E1
1.946000E1	-7.356733E1	6.784496E1
1.948000E1	-7.373312E1	6.769464E1
1.950000E1	-7.373021E1	6.766512E1
1.952000E1	-7.371785E1	6.761255E1
1.954000E1	-7.382743E1	6.747564E1
1.956000E1	-7.398523E1	6.730340E1
1.958000E1	-7.405705E1	6.711998E1
1.960000E1	-7.408071E1	6.701769E1
1.962000E1	-7.396295E1	6.654853E1
1.964000E1	-7.422365E1	6.649359E1
1.966000E1	-7.453192E1	6.641320E1
1.968000E1	-7.456140E1	6.570460E1
1.970000E1	-7.494918E1	6.556514E1
1.972000E1	-7.507956E1	6.544462E1
1.974000E1	-7.522705E1	6.529811E1
1.976000E1	-7.531873E1	6.513103E1
1.978000E1	-7.528070E1	6.438839E1
1.980000E1	-7.568658E1	6.302901E1
1.982000E1	-7.622206E1	6.186103E1
1.984000E1	-7.653585E1	6.122400E1
1.986000E1	-7.653101E1	6.093277E1
1.988000E1	-7.689016E1	6.096583E1
1.990000E1	-7.733469E1	6.133502E1
1.992000E1	-7.772109E1	6.169398E1
1.994000E1	-7.766907E1	6.169363E1
1.996000E1	-7.763285E1	6.136536E1
1.998000E1	-7.806367E1	6.077770E1
2.000000E1	-7.869328E1	6.058132E1
2.002000E1	-7.907992E1	6.018649E1
2.004000E1	-7.913237E1	5.959181E1
2.006000E1	-7.912400E1	5.962546E1
2.008000E1	-7.922756E1	5.964734E1
2.010000E1	-7.918778E1	5.956119E1
2.012000E1	-7.893070E1	5.944981E1
2.014000E1	-7.897635E1	5.929633E1
2.016000E1	-7.912275E1	5.926676E1
2.018000E1	-7.948254E1	5.910078E1
2.020000E1	-7.950162E1	5.892141E1
2.022000E1	-7.964506E1	5.858163E1
2.024000E1	-7.967622E1	5.842472E1
2.026000E1	-7.967397E1	5.838013E1
2.028000E1	-7.955625E1	5.837758E1
2.030000E1	-7.953322E1	5.777000E1
2.032000E1	-7.952288E1	5.721731E1
2.034000E1	-7.943102E1	5.690671E1
2.036000E1	-7.952958E1	5.658952E1
2.038000E1	-7.974846E1	5.656120E1
2.040000E1	-8.025784E1	5.644423E1
2.042000E1	-8.071772E1	5.595159E1
2.044000E1	-8.122001E1	5.557882E1
2.046000E1	-8.151478E1	5.509518E1
2.048000E1	-8.178543E1	5.493712E1
2.050000E1	-8.177635E1	5.486641E1
2.052000E1	-8.177336E1	5.485933E1
2.054000E1	-8.164269E1	5.459810E1
2.056000E1	-8.184878E1	5.409506E1
2.058000E1	-8.201129E1	5.335927E1
2.060000E1	-8.239235E1	5.334552E1
2.062000E1	-8.213311E1	5.348807E1
2.064000E1	-8.208900E1	5.345926E1
2.066000E1	-8.229619E1	5.340777E1
2.068000E1	-8.254044E1	5.331527E1
2.070000E1	-8.278126E1	5.310296E1
2.072000E1	-8.323409E1	5.241565E1
2.074000E1	-8.339234E1	5.194511E1
2.076000E1	-8.326780E1	5.171096E1
2.078000E1	-8.328465E1	5.162037E1
2.080000E1	-8.342153E1	5.156476E1
2.082000E1	-8.397577E1	5.133278E1
2.084000E1	-8.408458E1	5.076971E1
2.086000E1	-8.417008E1	5.060153E1
2.088000E1	-8.417077E1	5.020032E1
2.090000E1	-8.433910E1	4.912651E1
2.092000E1	-8.462564E1	4.771367E1
2.094000E1	-8.518822E1	4.673080E1
2.096000E1	-8.575280E1	4.657159E1
2.098000E1	-8.574156E1	4.667247E1
2.100000E1	-8.562386E1	4.728384E1
2.102000E1	-8.558560E1	4.744484E1
2.104000E1	-8.560515E1	4.732424E1
2.106000E1	-8.562150E1	4.692069E1
2.108000E1	-8.610197E1	4.663717E1
2.110000E1	-8.622137E1	4.654169E1
2.112000E1	-8.631582E1	4.633978E1
2.114000E1	-8.628733E1	4.587555E1
2.116000E1	-8.622522E1	4.579184E1
2.118000E1	-8.622976E1	4.585732E1
2.120000E1	-8.627388E1	4.574737E1
2.122000E1	-8.640878E1	4.556394E1
2.124000E1	-8.584170E1	4.546259E1
2.126000E1	-8.583156E1	4.537496E1
2.128000E1	-8.607069E1	4.531561E1
2.130000E1	-8.619875E1	4.525772E1
2.132000E1	-8.620391E1	4.524437E1
2.134000E1	-8.621442E1	4.519785E1
2.136000E1	-8.630582E1	4.482433E1
2.138000E1	-8.645818E1	4.443073E1
2.140000E1	-8.653340E1	4.384052E1
2.142000E1	-8.645423E1	4.299850E1
2.144000E1	-8.628595E1	4.200117E1
2.146000E1	-8.636010E1	4.093218E1
2.148000E1	-8.671557E1	4.010493E1
2.150000E1	-8.717398E1	3.953927E1
2.152000E1	-8.723780E1	3.942817E1
2.154000E1	-8.723329E1	3.915619E1
2.156000E1	-8.747514E1	3.888444E1
2.158000E1	-8.771316E1	3.886743E1
2.160000E1	-8.777752E1	3.853556E1
2.162000E1	-8.797075E1	3.803534E1
2.164000E1	-8.803336E1	3.792816E1
2.166000E1	-8.794793E1	3.750133E1
2.168000E1	-8.788638E1	3.719863E1
2.170000E1	-8.807025E1	3.738010E1
2.172000E1	-8.857074E1	3.741442E1
2.174000E1	-8.881289E1	3.672857E1
2.176000E1	-8.889520E1	3.641998E1
2.178000E1	-8.877901E1	3.654666E1
2.180000E1	-8.876374E1	3.655150E1
2.182000E1	-8.924677E1	3.601881E1
2.184000E1	-8.976568E1	3.502353E1
2.186000E1	-9.019136E1	3.418288E1
2.188000E1	-9.020253E1	3.402984E1
2.190000E1	-9.013394E1	3.408742E1
2.192000E1	-9.009238E1	3.420926E1
2.194000E1	-9.009155E1	3.410380E1
2.196000E1	-8.996152E1	3.375548E1
2.198000E1	-9.011335E1	3.307597E1
2.200000E1	-9.010936E1	3.216272E1
2.202000E1	-9.002151E1	3.118102E1
2.204000E1	-9.010271E1	3.065772E1
2.206000E1	-9.005850E1	3.066051E1
2.208000E1	-9.008705E1	3.077250E1
2.210000E1	-9.007139E1	3.086634E1
2.212000E1	-9.003274E1	3.088084E1
2.214000E1	-9.005781E1	3.089752E1
2.216000E1	-9.007292E1	3.083660E1
2.218000E1	-9.014172E1	3.077982E1
2.220000E1	-9.031335E1	3.068259E1
2.222000E1	-9.025703E1	3.067973E1
2.224000E1	-9.004715E1	3.042289E1
2.226000E1	-9.015932E1	2.999828E1
2.228000E1	-9.012121E1	2.992719E1
2.230000E1	-9.013471E1	2.980670E1
2.232000E1	-8.997123E1	2.979648E1
2.234000E1	-9.000505E1	2.968548E1
2.236000E1	-9.001095E1	2.949144E1
2.238000E1	-9.020174E1	2.893356E1
2.240000E1	-9.044231E1	2.826108E1
2.242000E1	-9.060625E1	2.772929E1
2.244000E1	-9.061267E1	2.683310E1
2.246000E1	-9.085251E1	2.582097E1
2.248000E1	-9.102132E1	2.528445E1
2.250000E1	-9.108614E1	2.484118E1
2.252000E1	-9.105408E1	2.406869E1
2.254000E1	-9.120106E1	2.322491E1
2.256000E1	-9.150722E1	2.280716E1
2.258000E1	-9.161070E1	2.244393E1
2.260000E1	-9.180866E1	2.256589E1
2.262000E1	-9.226070E1	2.238010E1
2.264000E1	-9.236488E1	2.165573E1
2.266000E1	-9.253659E1	2.099789E1
2.268000E1	-9.254729E1	2.099439E1
2.270000E1	-9.260047E1	2.097933E1
2.272000E1	-9.300532E1	2.045792E1
2.274000E1	-9.336187E1	1.963822E1
2.276000E1	-9.359831E1	1.913851E1
2.278000E1	-9.360541E1	1.919897E1
2.280000E1	-9.361010E1	1.952854E1
2.282000E1	-9.358005E1	1.951150E1
2.284000E1	-9.338647E1	1.928407E1
2.286000E1	-9.336015E1	1.908787E1
2.288000E1	-9.336485E1	1.900135E1
2.290000E1	-9.350541E1	1.863311E1
2.292000E1	-9.359924E1	1.824492E1
2.294000E1	-9.360718E1	1.789112E1
2.296000E1	-9.348259E1	1.816000E1
2.298000E1	-9.346737E1	1.818299E1
2.300000E1	-9.335786E1	1.819117E1
2.302000E1	-9.335093E1	1.816836E1
2.304000E1	-9.324814E1	1.790374E1
2.306000E1	-9.269590E1	1.734825E1
2.308000E1	-9.222795E1	1.623651E1
2.310000E1	-9.187894E1	1.509403E1
2.312000E1	-9.199547E1	1.467256E1
2.314000E1	-9.243103E1	1.462129E1
2.316000E1	-9.258285E1	1.439761E1
2.318000E1	-9.266677E1	1.433218E1
2.320000E1	-9.268075E1	1.429726E1
2.322000E1	-9.260967E1	1.429542E1
2.324000E1	-9.247370E1	1.429536E1
2.326000E1	-9.258785E1	1.406893E1
2.328000E1	-9.278816E1	1.351048E1
2.330000E1	-9.259870E1	1.289121E1
2.332000E1	-9.253767E1	1.221157E1
2.334000E1	-9.253172E1	1.144311E1
2.336000E1	-9.272298E1	1.119869E1
2.338000E1	-9.271612E1	1.097322E1
2.340000E1	-9.282384E1	1.079770E1
2.342000E1	-9.291689E1	1.037782E1
2.344000E1	-9.311464E1	9.684277E0
2.346000E1	-9.314054E1	9.487409E0
2.348000E1	-9.311431E1	9.218740E0
2.350000E1	-9.312350E1	9.056436E0
2.352000E1	-9.358560E1	8.436833E0
2.354000E1	-9.367750E1	7.453016E0
2.356000E1	-9.363238E1	6.293561E0
2.358000E1	-9.342639E1	5.360091E0
2.360000E1	-9.341455E1	4.561730E0
2.362000E1	-9.359029E1	3.749156E0
2.364000E1	-9.401538E1	3.216578E0
2.366000E1	-9.461085E1	2.698249E0
2.368000E1	-9.502273E1	2.521182E0
2.370000E1	-9.499123E1	2.483865E0
2.372000E1	-9.499221E1	2.489992E0
2.374000E1	-9.459710E1	1.945245E0
2.376000E1	-9.449984E1	1.834778E0
2.378000E1	-9.452478E1	1.685951E0
2.380000E1	-9.456685E1	1.502916E0
2.382000E1	-9.459414E1	1.032235E0
2.384000E1	-9.460925E1	8.019833E-1
2.386000E1	-9.457707E1	8.302533E-1
2.388000E1	-9.457220E1	8.371375E-1
2.390000E1	-9.455830E1	7.973668E-1
2.392000E1	-9.435276E1	7.206701E-1
2.394000E1	-9.413249E1	7.122404E-1
2.396000E1	-9.410908E1	6.835449E-1
2.398000E1	-9.410301E1	6.289253E-1
2.400000E1	-9.412738E1	5.737177E-1
2.402000E1	-9.405496E1	3.502089E-1
2.404000E1	-9.399586E1	2.409746E-1
2.406000E1	-9.398488E1	1.564932E-1
2.408000E1	-9.403962E1	8.997865E-2
2.410000E1	-9.405843E1	-1.650131E-2
2.412000E1	-9.378851E1	-1.848996E-1
2.414000E1	-9.333365E1	-4.594286E-1
2.416000E1	-9.245611E1	-1.230226E0
2.418000E1	-9.203163E1	-2.709343E0
2.420000E1	-9.192151E1	-3.997077E0
2.422000E1	-9.206136E1	-4.628149E0
2.424000E1	-9.217005E1	-4.741788E0
2.426000E1	-9.230837E1	-4.819315E0
2.428000E1	-9.252793E1	-4.703843E0
2.430000E1	-9.254298E1	-4.718361E0
2.432000E1	-9.261081E1	-5.199653E0
2.434000E1	-9.263988E1	-5.991067E0
2.436000E1	-9.272669E1	-6.552381E0
2.438000E1	-9.251326E1	-6.746094E0
2.440000E1	-9.249671E1	-6.737815E0
2.442000E1	-9.254517E1	-6.800087E0
2.444000E1	-9.273289E1	-7.034720E0
2.446000E1	-9.266809E1	-7.729963E0
2.448000E1	-9.249940E1	-8.478321E0
2.450000E1	-9.245343E1	-8.810315E0
2.452000E1	-9.282258E1	-9.128240E0
2.454000E1	-9.302312E1	-9.672562E0
2.456000E1	-9.333421E1	-1.044825E1
2.458000E1	-9.341408E1	-1.132214E1
2.460000E1	-9.338210E1	-1.190681E1
2.462000E1	-9.340965E1	-1.192432E1
2.464000E1	-9.331375E1	-1.199072E1
2.466000E1	-9.295602E1	-1.224901E1
2.468000E1	-9.269432E1	-1.297606E1
2.470000E1	-9.251401E1	-1.347863E1
2.472000E1	-9.255858E1	-1.357191E1
2.474000E1	-9.276195E1	-1.388993E1
2.476000E1	-9.291541E1	-1.392817E1
2.478000E1	-9.302622E1	-1.388901E1
2.480000E1	-9.304853E1	-1.389456E1
2.482000E1	-9.302187E1	-1.407786E1
2.484000E1	-9.271926E1	-1.433234E1
2.486000E1	-9.243182E1	-1.430862E1
2.488000E1	-9.248844E1	-1.438308E1
2.490000E1	-9.246402E1	-1.467099E1
2.492000E1	-9.251624E1	-1.521961E1
2.494000E1	-9.242221E1	-1.544900E1
2.496000E1	-9.245660E1	-1.541287E1
2.498000E1	-9.248403E1	-1.542583E1
2.500000E1	-9.249979E1	-1.549369E1
2.502000E1	-9.230977E1	-1.570497E1
2.504000E1	-9.200849E1	-1.572712E1
2.506000E1	-9.202221E1	-1.578932E1
2.508000E1	-9.210905E1	-1.626027E1
2.510000E1	-9.196249E1	-1.683573E1
2.512000E1	-9.152106E1	-1.765526E1
2.514000E1	-9.152258E1	-1.813807E1
2.516000E1	-9.155205E1	-1.841712E1
2.518000E1	-9.153281E1	-1.857194E1
2.520000E1	-9.161737E1	-1.873163E1
2.522000E1	-9.166615E1	-1.910348E1
2.524000E1	-9.155565E1	-1.968699E1
2.526000E1	-9.081020E1	-2.070812E1
2.528000E1	-8.984862E1	-2.213205E1
2.530000E1	-8.925505E1	-2.335712E1
2.532000E1	-8.932511E1	-2.399793E1
2.534000E1	-8.979877E1	-2.401315E1
2.536000E1	-9.022038E1	-2.399694E1
2.538000E1	-9.020702E1	-2.403719E1
2.540000E1	-9.021139E1	-2.410716E1
2.542000E1	-9.021355E1	-2.425819E1
2.544000E1	-9.021597E1	-2.483194E1
2.546000E1	-9.029766E1	-2.582561E1
2.548000E1	-9.035560E1	-2.659871E1
2.550000E1	-9.023450E1	-2.662831E1
2.552000E1	-8.998841E1	-2.665516E1
2.554000E1	-8.992911E1	-2.662619E1
2.556000E1	-8.992965E1	-2.658019E1
2.558000E1	-8.955445E1	-2.674978E1
2.560000E1	-8.953509E1	-2.686669E1
2.562000E1	-8.967607E1	-2.713239E1
2.564000E1	-8.977482E1	-2.750006E1
2.566000E1	-8.974999E1	-2.781512E1
2.568000E1	-8.970315E1	-2.781062E1
2.570000E1	-8.969342E1	-2.783057E1
2.572000E1	-8.965704E1	-2.786175E1
2.574000E1	-8.935859E1	-2.812559E1
2.576000E1	-8.904822E1	-2.817833E1
2.578000E1	-8.865037E1	-2.830637E1
2.580000E1	-8.837388E1	-2.883620E1
2.582000E1	-8.792402E1	-2.952598E1
2.584000E1	-8.785234E1	-2.982947E1
2.586000E1	-8.785617E1	-3.028351E1
2.588000E1	-8.820727E1	-3.065093E1
2.590000E1	-8.828421E1	-3.126250E1
2.592000E1	-8.818486E1	-3.178505E1
2.594000E1	-8.786951E1	-3.223106E1
2.596000E1	-8.778040E1	-3.225502E1
2.598000E1	-8.778186E1	-3.224722E1
2.600000E1	-8.775883E1	-3.246407E1
2.602000E1	-8.733263E1	-3.322746E1
2.604000E1	-8.727356E1	-3.386067E1
2.606000E1	-8.727320E1	-3.383069E1
2.608000E1	-8.727485E1	-3.374887E1
2.610000E1	-8.729946E1	-3.368661E1
2.612000E1	-8.742186E1	-3.406377E1
2.614000E1	-8.734715E1	-3.463007E1
2.616000E1	-8.730777E1	-3.474821E1
2.618000E1	-8.721378E1	-3.506786E1
2.620000E1	-8.683338E1	-3.565900E1
2.622000E1	-8.666357E1	-3.599955E1
2.624000E1	-8.684366E1	-3.641086E1
2.626000E1	-8.684348E1	-3.694281E1
2.628000E1	-8.671105E1	-3.725119E1
2.630000E1	-8.668129E1	-3.723752E1
2.632000E1	-8.666566E1	-3.730121E1
2.634000E1	-8.669096E1	-3.761559E1
2.636000E1	-8.644518E1	-3.866642E1
2.638000E1	-8.548970E1	-4.009975E1
2.640000E1	-8.482381E1	-4.102665E1
2.642000E1	-8.470849E1	-4.114861E1
2.644000E1	-8.444174E1	-4.083548E1
2.646000E1	-8.444827E1	-4.074853E1
2.648000E1	-8.445120E1	-4.069902E1
2.650000E1	-8.447903E1	-4.073812E1
2.652000E1	-8.464683E1	-4.098732E1
2.654000E1	-8.455178E1	-4.130018E1
2.656000E1	-8.438529E1	-4.203106E1
2.658000E1	-8.445085E1	-4.216289E1
2.660000E1	-8.441350E1	-4.202466E1
2.662000E1	-8.402742E1	-4.194424E1
2.664000E1	-8.386175E1	-4.191697E1
2.666000E1	-8.374382E1	-4.203495E1
2.668000E1	-8.371736E1	-4.204805E1
2.670000E1	-8.360891E1	-4.209856E1
2.672000E1	-8.351428E1	-4.217771E1
2.674000E1	-8.349248E1	-4.219851E1
2.676000E1	-8.348922E1	-4.212517E1
2.678000E1	-8.345748E1	-4.210350E1
2.680000E1	-8.341941E1	-4.210534E1
2.682000E1	-8.339474E1	-4.231331E1
2.684000E1	-8.321101E1	-4.254537E1
2.686000E1	-8.279598E1	-4.290583E1
2.688000E1	-8.213541E1	-4.354743E1
2.690000E1	-8.143267E1	-4.438664E1
2.692000E1	-8.073666E1	-4.546604E1
2.694000E1	-8.033424E1	-4.633278E1
2.696000E1	-8.038032E1	-4.644614E1
2.698000E1	-8.040644E1	-4.679983E1
2.700000E1	-8.042774E1	-4.728929E1
2.702000E1	-8.055069E1	-4.754822E1
2.704000E1	-8.043417E1	-4.810959E1
2.706000E1	-8.009560E1	-4.864740E1
2.708000E1	-8.007580E1	-4.868297E1
2.710000E1	-7.993381E1	-4.905175E1
2.712000E1	-7.983189E1	-4.919118E1
2.714000E1	-7.992452E1	-4.970574E1
2.716000E1	-7.985621E1	-5.030507E1
2.718000E1	-7.989441E1	-5.030931E1
2.720000E1	-7.988296E1	-5.026325E1
2.722000E1	-7.990863E1	-5.030199E1
2.724000E1	-7.995320E1	-5.048492E1
2.726000E1	-7.982439E1	-5.105360E1
2.728000E1	-7.973118E1	-5.167143E1
2.730000E1	-7.962751E1	-5.227307E1
2.732000E1	-7.946500E1	-5.234835E1
2.734000E1	-7.936984E1	-5.231028E1
2.736000E1	-7.937781E1	-5.227000E1
2.738000E1	-7.928413E1	-5.224911E1
2.740000E1	-7.898119E1	-5.257260E1
2.742000E1	-7.882338E1	-5.285823E1
2.744000E1	-7.881956E1	-5.307861E1
2.746000E1	-7.854742E1	-5.365791E1
2.748000E1	-7.796741E1	-5.421517E1
2.750000E1	-7.696325E1	-5.458879E1
2.752000E1	-7.669917E1	-5.450254E1
2.754000E1	-7.670071E1	-5.422132E1
2.756000E1	-7.674176E1	-5.418660E1
2.758000E1	-7.682556E1	-5.416878E1
2.760000E1	-7.682770E1	-5.421556E1
2.762000E1	-7.681591E1	-5.421002E1
2.764000E1	-7.679098E1	-5.426582E1
2.766000E1	-7.669472E1	-5.442128E1
2.768000E1	-7.673516E1	-5.462676E1
2.770000E1	-7.664884E1	-5.483522E1
2.772000E1	-7.614483E1	-5.511379E1
2.774000E1	-7.583209E1	-5.522281E1
2.776000E1	-7.567015E1	-5.525625E1
2.778000E1	-7.546986E1	-5.537685E1
2.780000E1	-7.546431E1	-5.562673E1
2.782000E1	-7.513977E1	-5.607167E1
2.784000E1	-7.501007E1	-5.656378E1
2.786000E1	-7.502011E1	-5.698527E1
2.788000E1	-7.462020E1	-5.755697E1
2.790000E1	-7.436089E1	-5.800473E1
2.792000E1	-7.430881E1	-5.847713E1
2.794000E1	-7.383714E1	-5.920830E1
2.796000E1	-7.324429E1	-5.982308E1
2.798000E1	-7.276163E1	-6.013770E1
2.800000E1	-7.234755E1	-6.054250E1
2.802000E1	-7.228081E1	-6.072662E1
2.804000E1	-7.264660E1	-6.109279E1
2.806000E1	-7.262694E1	-6.185329E1
2.808000E1	-7.235497E1	-6.270289E1
2.810000E1	-7.198845E1	-6.328429E1
2.812000E1	-7.194966E1	-6.350265E1
2.814000E1	-7.191386E1	-6.355738E1
2.816000E1	-7.188564E1	-6.375236E1
2.818000E1	-7.173864E1	-6.448103E1
2.820000E1	-7.163837E1	-6.505292E1
2.822000E1	-7.140680E1	-6.523823E1
2.824000E1	-7.124938E1	-6.538348E1
2.826000E1	-7.121724E1	-6.531521E1
2.828000E1	-7.118567E1	-6.534615E1
2.830000E1	-7.107696E1	-6.544309E1
2.832000E1	-7.093789E1	-6.560816E1
2.834000E1	-7.089793E1	-6.567346E1
2.836000E1	-7.082652E1	-6.594312E1
2.838000E1	-7.058284E1	-6.640050E1
2.840000E1	-7.059714E1	-6.646909E1
2.842000E1	-7.046940E1	-6.629641E1
2.844000E1	-7.036562E1	-6.625508E1
2.846000E1	-7.026545E1	-6.617628E1
2.848000E1	-7.015941E1	-6.607216E1
2.850000E1	-7.010336E1	-6.614164E1
2.852000E1	-6.989523E1	-6.631104E1
2.854000E1	-6.977148E1	-6.650655E1
2.856000E1	-6.922131E1	-6.703520E1
2.858000E1	-6.801826E1	-6.759513E1
2.860000E1	-6.684857E1	-6.827191E1
2.862000E1	-6.636375E1	-6.860799E1
2.864000E1	-6.632935E1	-6.868354E1
2.866000E1	-6.633933E1	-6.874566E1
2.868000E1	-6.633181E1	-6.895008E1
2.870000E1	-6.635849E1	-6.904529E1
2.872000E1	-6.635052E1	-6.909734E1
2.874000E1	-6.630667E1	-6.932022E1
2.876000E1	-6.583186E1	-6.988772E1
2.878000E1	-6.532697E1	-7.062069E1
2.880000E1	-6.510741E1	-7.114481E1
2.882000E1	-6.483594E1	-7.112921E1
2.884000E1	-6.472399E1	-7.136126E1
2.886000E1	-6.440301E1	-7.194756E1
2.888000E1	-6.436916E1	-7.207803E1
2.890000E1	-6.406982E1	-7.233512E1
2.892000E1	-6.380975E1	-7.259493E1
2.894000E1	-6.409381E1	-7.322495E1
2.896000E1	-6.376058E1	-7.389073E1
2.898000E1	-6.345323E1	-7.453666E1
2.900000E1	-6.293839E1	-7.499899E1
2.902000E1	-6.245604E1	-7.536560E1
2.904000E1	-6.209611E1	-7.606979E1
2.906000E1	-6.159719E1	-7.689913E1
2.908000E1	-6.103839E1	-7.778666E1
2.910000E1	-6.047388E1	-7.853176E1
2.912000E1	-6.006332E1	-7.871585E1
2.914000E1	-6.007530E1	-7.879925E1
2.916000E1	-6.010111E1	-7.880139E1
2.918000E1	-5.998916E1	-7.886092E1
2.920000E1	-5.980739E1	-7.923273E1
2.922000E1	-5.961056E1	-7.946863E1
2.924000E1	-5.945446E1	-7.960222E1
2.926000E1	-5.938053E1	-7.974108E1
2.928000E1	-5.940532E1	-7.989570E1
2.930000E1	-5.921854E1	-8.009731E1
2.932000E1	-5.918459E1	-8.011503E1
2.934000E1	-5.874527E1	-8.021292E1
2.936000E1	-5.857655E1	-8.026151E1
2.938000E1	-5.858824E1	-8.015924E1
2.940000E1	-5.861890E1	-8.018920E1
2.942000E1	-5.858400E1	-8.037967E1
2.944000E1	-5.838906E1	-8.046850E1
2.946000E1	-5.831356E1	-8.043152E1
2.948000E1	-5.814577E1	-8.039098E1
2.950000E1	-5.803029E1	-8.051048E1
2.952000E1	-5.765666E1	-8.080169E1
2.954000E1	-5.760520E1	-8.079387E1
2.956000E1	-5.720261E1	-8.071941E1
2.958000E1	-5.704837E1	-8.072008E1
2.960000E1	-5.671379E1	-8.082909E1
2.962000E1	-5.652057E1	-8.105744E1
2.964000E1	-5.637355E1	-8.137014E1
2.966000E1	-5.592529E1	-8.158999E1
2.968000E1	-5.450207E1	-8.210355E1
2.970000E1	-5.285059E1	-8.289416E1
2.972000E1	-5.177814E1	-8.353106E1
2.974000E1	-5.176135E1	-8.380287E1
2.976000E1	-5.174281E1	-8.437881E1
2.978000E1	-5.175671E1	-8.442196E1
2.980000E1	-5.173315E1	-8.428724E1
2.982000E1	-5.186820E1	-8.425748E1
2.984000E1	-5.188835E1	-8.426260E1
2.986000E1	-5.148446E1	-8.502891E1
2.988000E1	-5.100075E1	-8.575774E1
2.990000E1	-5.046969E1	-8.603985E1
2.992000E1	-4.994105E1	-8.620230E1
2.994000E1	-4.961294E1	-8.631930E1
2.996000E1	-4.953418E1	-8.652922E1
2.998000E1	-4.914236E1	-8.721231E1
3.000000E1	-4.869933E1	-8.798391E1
3.002000E1	-4.844940E1	-8.824197E1
3.004000E1	-4.845230E1	-8.818384E1
3.006000E1	-4.856236E1	-8.805879E1
3.008000E1	-4.853543E1	-8.806035E1
3.010000E1	-4.820840E1	-8.813173E1
3.012000E1	-4.790129E1	-8.836563E1
3.014000E1	-4.774584E1	-8.864699E1
3.016000E1	-4.746109E1	-8.886784E1
3.018000E1	-4.723922E1	-8.912325E1
3.020000E1	-4.715580E1	-8.909428E1
3.022000E1	-4.710116E1	-8.906726E1
3.024000E1	-4.709962E1	-8.905401E1
3.026000E1	-4.692027E1	-8.931677E1
3.028000E1	-4.689044E1	-8.932815E1
3.030000E1	-4.696078E1	-8.926522E1
3.032000E1	-4.688893E1	-8.934041E1
3.034000E1	-4.652672E1	-8.960056E1
3.036000E1	-4.642152E1	-8.965954E1
3.038000E1	-4.638828E1	-8.960446E1
3.040000E1	-4.627526E1	-8.959170E1
3.042000E1	-4.604769E1	-8.984866E1
3.044000E1	-4.568605E1	-9.019285E1
3.046000E1	-4.528890E1	-9.015373E1
3.048000E1	-4.514248E1	-9.000153E1
3.050000E1	-4.513817E1	-8.999286E1
3.052000E1	-4.497018E1	-9.033052E1
3.054000E1	-4.442716E1	-9.096184E1
3.056000E1	-4.413977E1	-9.105758E1
3.058000E1	-4.419634E1	-9.090797E1
3.060000E1	-4.394269E1	-9.112233E1
3.062000E1	-4.323576E1	-9.165013E1
3.064000E1	-4.279277E1	-9.198616E1
3.066000E1	-4.249254E1	-9.229134E1
3.068000E1	-4.205425E1	-9.250588E1
3.070000E1	-4.183703E1	-9.272427E1
3.072000E1	-4.187485E1	-9.272789E1
3.074000E1	-4.198941E1	-9.275344E1
3.076000E1	-4.202008E1	-9.325918E1
3.078000E1	-4.109427E1	-9.386215E1
3.080000E1	-3.964995E1	-9.393149E1
3.082000E1	-3.826546E1	-9.403561E1
3.084000E1	-3.743151E1	-9.433687E1
3.086000E1	-3.718213E1	-9.500897E1
3.088000E1	-3.718741E1	-9.567711E1
3.090000E1	-3.735240E1	-9.618920E1
3.092000E1	-3.817330E1	-9.623965E1
3.094000E1	-3.826519E1	-9.619527E1
3.096000E1	-3.779693E1	-9.632233E1
3.098000E1	-3.741682E1	-9.640409E1
3.100000E1	-3.739563E1	-9.639070E1
3.102000E1	-3.716643E1	-9.636278E1
3.104000E1	-3.671377E1	-9.663877E1
3.106000E1	-3.646061E1	-9.689261E1
3.108000E1	-3.627602E1	-9.716786E1
3.110000E1	-3.630802E1	-9.730173E1
3.112000E1	-3.629324E1	-9.723676E1
3.114000E1	-3.609517E1	-9.736629E1
3.116000E1	-3.604215E1	-9.734225E1
3.118000E1	-3.623099E1	-9.721572E1
3.120000E1	-3.623629E1	-9.720927E1
3.122000E1	-3.588951E1	-9.728020E1
3.124000E1	-3.560282E1	-9.737505E1
3.126000E1	-3.501592E1	-9.749704E1
3.128000E1	-3.436510E1	-9.769624E1
3.130000E1	-3.363646E1	-9.790965E1
3.132000E1	-3.306705E1	-9.813802E1
3.134000E1	-3.288920E1	-9.836056E1
3.136000E1	-3.287876E1	-9.834552E1
3.138000E1	-3.271235E1	-9.831432E1
3.140000E1	-3.246240E1	-9.843196E1
3.142000E1	-3.197474E1	-9.890610E1
3.144000E1	-3.130963E1	-9.920782E1
3.146000E1	-3.097644E1	-9.928320E1
3.148000E1	-3.130374E1	-9.919085E1
3.150000E1	-3.104525E1	-9.938101E1
3.152000E1	-3.061366E1	-9.955736E1
3.154000E1	-3.043953E1	-9.985258E1
3.156000E1	-3.002456E1	-1.000346E2
3.158000E1	-2.983889E1	-1.003336E2
3.160000E1	-2.987988E1	-1.002895E2
3.162000E1	-2.986208E1	-1.002432E2
3.164000E1	-2.991598E1	-1.002176E2
3.166000E1	-2.998258E1	-1.005214E2
3.168000E1	-2.957317E1	-1.010811E2
3.170000E1	-2.887996E1	-1.011857E2
3.172000E1	-2.821174E1	-1.016002E2
3.174000E1	-2.780771E1	-1.016261E2
3.176000E1	-2.778253E1	-1.017614E2
3.178000E1	-2.749070E1	-1.021138E2
3.180000E1	-2.706012E1	-1.025435E2
3.182000E1	-2.682723E1	-1.030638E2
3.184000E1	-2.654658E1	-1.032455E2
3.186000E1	-2.656628E1	-1.032038E2
3.188000E1	-2.609997E1	-1.030567E2
3.190000E1	-2.509432E1	-1.028887E2
3.192000E1	-2.392869E1	-1.027153E2
3.194000E1	-2.381761E1	-1.028600E2
3.196000E1	-2.363984E1	-1.029541E2
3.198000E1	-2.344720E1	-1.034782E2
3.200000E1	-2.341610E1	-1.036573E2
3.202000E1	-2.346204E1	-1.036839E2
3.204000E1	-2.351576E1	-1.036157E2
3.206000E1	-2.336865E1	-1.036092E2
3.208000E1	-2.301750E1	-1.035704E2
3.210000E1	-2.312969E1	-1.035350E2
3.212000E1	-2.312779E1	-1.035452E2
3.214000E1	-2.292755E1	-1.035395E2
3.216000E1	-2.277977E1	-1.035393E2
3.218000E1	-2.269596E1	-1.035444E2
3.220000E1	-2.261204E1	-1.035653E2
3.222000E1	-2.235682E1	-1.035806E2
3.224000E1	-2.230806E1	-1.036066E2
3.226000E1	-2.228326E1	-1.036210E2
3.228000E1	-2.228440E1	-1.035856E2
3.230000E1	-2.224227E1	-1.036075E2
3.232000E1	-2.194629E1	-1.037259E2
3.234000E1	-2.103661E1	-1.039116E2
3.236000E1	-1.993182E1	-1.041393E2
3.238000E1	-1.918905E1	-1.043990E2
3.240000E1	-1.843285E1	-1.046288E2
3.242000E1	-1.771040E1	-1.048695E2
3.244000E1	-1.765185E1	-1.050458E2
3.246000E1	-1.716668E1	-1.054930E2
3.248000E1	-1.641426E1	-1.058762E2
3.250000E1	-1.600264E1	-1.060511E2
3.252000E1	-1.553069E1	-1.061709E2
3.254000E1	-1.550847E1	-1.061513E2
3.256000E1	-1.593687E1	-1.063148E2
3.258000E1	-1.544614E1	-1.069256E2
3.260000E1	-1.454421E1	-1.070425E2
3.262000E1	-1.444224E1	-1.070629E2
3.264000E1	-1.418215E1	-1.070653E2
3.266000E1	-1.394286E1	-1.071887E2
3.268000E1	-1.392711E1	-1.074791E2
3.270000E1	-1.364684E1	-1.078186E2
3.272000E1	-1.334544E1	-1.081755E2
3.274000E1	-1.326569E1	-1.082459E2
3.276000E1	-1.324492E1	-1.082638E2
3.278000E1	-1.309604E1	-1.082794E2
3.280000E1	-1.300258E1	-1.082517E2
3.282000E1	-1.259779E1	-1.083057E2
3.284000E1	-1.245908E1	-1.083751E2
3.286000E1	-1.229916E1	-1.085180E2
3.288000E1	-1.181268E1	-1.086109E2
3.290000E1	-1.176459E1	-1.085963E2
3.292000E1	-1.212545E1	-1.084746E2
3.294000E1	-1.210647E1	-1.084310E2
3.296000E1	-1.171106E1	-1.084233E2
3.298000E1	-1.049650E1	-1.081742E2
3.300000E1	-9.178996E0	-1.075929E2
3.302000E1	-8.427727E0	-1.074860E2
3.304000E1	-8.420375E0	-1.075660E2
3.306000E1	-8.527184E0	-1.080025E2
3.308000E1	-8.661674E0	-1.082964E2
3.310000E1	-8.816773E0	-1.086012E2
3.312000E1	-8.798405E0	-1.087207E2
3.314000E1	-8.719967E0	-1.087901E2
3.316000E1	-8.298278E0	-1.088096E2
3.318000E1	-8.285143E0	-1.088365E2
3.320000E1	-8.053647E0	-1.088329E2
3.322000E1	-7.574989E0	-1.086643E2
3.324000E1	-6.891174E0	-1.086091E2
3.326000E1	-6.232238E0	-1.087949E2
3.328000E1	-5.977932E0	-1.090060E2
3.330000E1	-5.493924E0	-1.091226E2
3.332000E1	-4.931709E0	-1.091729E2
3.334000E1	-4.572819E0	-1.094157E2
3.336000E1	-4.222864E0	-1.099473E2
3.338000E1	-3.772323E0	-1.100403E2
3.340000E1	-3.304606E0	-1.100396E2
3.342000E1	-2.830601E0	-1.101670E2
3.344000E1	-2.402544E0	-1.102593E2
3.346000E1	-2.112924E0	-1.105205E2
3.348000E1	-1.571546E0	-1.107722E2
3.350000E1	-5.288269E-1	-1.108683E2
3.352000E1	7.012907E-1	-1.109644E2
3.354000E1	1.652968E0	-1.111247E2
3.356000E1	2.089297E0	-1.115543E2
3.358000E1	2.273627E0	-1.119530E2
3.360000E1	2.529393E0	-1.122663E2
3.362000E1	2.850461E0	-1.126696E2
3.364000E1	3.260548E0	-1.127447E2
3.366000E1	3.220947E0	-1.127225E2
3.368000E1	3.201082E0	-1.127332E2
3.370000E1	3.519693E0	-1.126213E2
3.372000E1	3.948766E0	-1.126483E2
3.374000E1	4.375400E0	-1.126973E2
3.376000E1	4.316171E0	-1.127985E2
3.378000E1	4.327083E0	-1.128083E2
3.380000E1	4.437548E0	-1.129304E2
3.382000E1	4.820766E0	-1.128912E2
3.384000E1	4.809435E0	-1.128643E2
3.386000E1	4.652869E0	-1.128006E2
3.388000E1	4.752561E0	-1.127396E2
3.390000E1	4.860367E0	-1.126454E2
3.392000E1	4.901819E0	-1.126584E2
3.394000E1	5.138231E0	-1.126600E2
3.396000E1	5.282777E0	-1.127018E2
3.398000E1	5.310726E0	-1.127235E2
3.400000E1	5.402371E0	-1.127161E2
3.402000E1	5.481111E0	-1.127420E2
3.404000E1	5.910986E0	-1.127598E2
3.406000E1	6.440571E0	-1.127601E2
3.408000E1	7.449272E0	-1.120136E2
3.410000E1	8.740087E0	-1.113524E2
3.412000E1	9.749857E0	-1.112998E2
3.414000E1	1.021903E1	-1.117375E2
3.416000E1	1.064133E1	-1.118773E2
3.418000E1	1.068013E1	-1.120105E2
3.420000E1	1.069488E1	-1.121318E2
3.422000E1	1.073591E1	-1.122562E2
3.424000E1	1.106697E1	-1.123681E2
3.426000E1	1.129576E1	-1.124890E2
3.428000E1	1.191826E1	-1.128829E2
3.430000E1	1.243795E1	-1.129553E2
3.432000E1	1.273446E1	-1.126949E2
3.434000E1	1.289152E1	-1.126596E2
3.436000E1	1.344221E1	-1.127467E2
3.438000E1	1.402512E1	-1.131872E2
3.440000E1	1.474922E1	-1.133577E2
3.442000E1	1.510988E1	-1.134128E2
3.444000E1	1.517393E1	-1.135328E2
3.446000E1	1.532793E1	-1.136216E2
3.448000E1	1.586464E1	-1.137928E2
3.450000E1	1.675863E1	-1.142839E2
3.452000E1	1.807064E1	-1.145205E2
3.454000E1	1.909412E1	-1.148204E2
3.456000E1	1.951720E1	-1.148120E2
3.458000E1	1.946869E1	-1.147762E2
3.460000E1	1.947589E1	-1.146777E2
3.462000E1	2.000759E1	-1.145013E2
3.464000E1	2.068081E1	-1.143082E2
3.466000E1	2.078836E1	-1.143668E2
3.468000E1	2.092578E1	-1.145602E2
3.470000E1	2.134718E1	-1.147089E2
3.472000E1	2.125249E1	-1.147160E2
3.474000E1	2.127550E1	-1.147193E2
3.476000E1	2.136537E1	-1.147106E2
3.478000E1	2.140729E1	-1.146468E2
3.480000E1	2.141495E1	-1.145646E2
3.482000E1	2.174134E1	-1.142392E2
3.484000E1	2.197440E1	-1.142652E2
3.486000E1	2.243745E1	-1.143195E2
3.488000E1	2.245921E1	-1.143187E2
3.490000E1	2.241477E1	-1.143090E2
3.492000E1	2.242003E1	-1.143062E2
3.494000E1	2.275674E1	-1.142708E2
3.496000E1	2.280464E1	-1.142396E2
3.498000E1	2.290271E1	-1.142060E2
3.500000E1	2.318477E1	-1.139848E2
3.502000E1	2.337157E1	-1.138027E2
3.504000E1	2.374281E1	-1.138852E2
3.506000E1	2.421870E1	-1.137967E2
3.508000E1	2.475404E1	-1.137428E2
3.510000E1	2.514333E1	-1.137454E2
3.512000E1	2.516658E1	-1.137658E2
3.514000E1	2.523947E1	-1.138766E2
3.516000E1	2.556727E1	-1.139441E2
3.518000E1	2.635331E1	-1.136179E2
3.520000E1	2.786115E1	-1.130721E2
3.522000E1	2.922337E1	-1.130339E2
3.524000E1	2.995978E1	-1.127391E2
3.526000E1	3.016829E1	-1.127646E2
3.528000E1	3.015507E1	-1.132855E2
3.530000E1	3.005766E1	-1.137954E2
3.532000E1	3.000175E1	-1.141112E2
3.534000E1	3.009402E1	-1.141480E2
3.536000E1	3.057337E1	-1.140130E2
3.538000E1	3.123472E1	-1.140566E2
3.540000E1	3.186101E1	-1.143747E2
3.542000E1	3.248571E1	-1.143422E2
3.544000E1	3.291834E1	-1.141645E2
3.546000E1	3.292994E1	-1.141655E2
3.548000E1	3.294756E1	-1.141795E2
3.550000E1	3.297080E1	-1.141764E2
3.552000E1	3.295678E1	-1.140339E2
3.554000E1	3.310906E1	-1.140188E2
3.556000E1	3.338043E1	-1.140254E2
3.558000E1	3.354720E1	-1.139506E2
3.560000E1	3.393782E1	-1.139630E2
3.562000E1	3.419195E1	-1.138823E2
3.564000E1	3.411772E1	-1.138459E2
3.566000E1	3.405332E1	-1.138229E2
3.568000E1	3.405712E1	-1.137271E2
3.570000E1	3.442202E1	-1.135094E2
3.572000E1	3.445845E1	-1.132605E2
3.574000E1	3.452221E1	-1.132385E2
3.576000E1	3.453923E1	-1.132621E2
3.578000E1	3.470886E1	-1.134170E2
3.580000E1	3.512833E1	-1.133976E2
3.582000E1	3.543343E1	-1.133244E2
3.584000E1	3.584992E1	-1.133428E2
3.586000E1	3.626091E1	-1.133294E2
3.588000E1	3.641515E1	-1.132940E2
3.590000E1	3.644129E1	-1.132663E2
3.592000E1	3.652883E1	-1.130956E2
3.594000E1	3.668364E1	-1.131058E2
3.596000E1	3.744231E1	-1.131511E2
3.598000E1	3.802367E1	-1.130463E2
3.600000E1	3.806355E1	-1.129789E2
3.602000E1	3.792295E1	-1.129126E2
3.604000E1	3.795913E1	-1.128449E2
3.606000E1	3.823179E1	-1.130825E2
3.608000E1	3.856023E1	-1.131674E2
3.610000E1	3.899034E1	-1.132800E2
3.612000E1	3.978073E1	-1.132016E2
3.614000E1	4.027078E1	-1.131454E2
3.616000E1	4.029242E1	-1.129508E2
3.618000E1	4.027213E1	-1.128998E2
3.620000E1	4.041798E1	-1.130834E2
3.622000E1	4.113194E1	-1.131911E2
3.624000E1	4.159349E1	-1.131665E2
3.626000E1	4.162636E1	-1.131688E2
3.628000E1	4.171370E1	-1.131447E2
3.630000E1	4.284570E1	-1.127859E2
3.632000E1	4.446938E1	-1.120708E2
3.634000E1	4.587993E1	-1.118561E2
3.636000E1	4.640268E1	-1.119145E2
3.638000E1	4.617668E1	-1.118416E2
3.640000E1	4.568930E1	-1.120128E2
3.642000E1	4.555785E1	-1.120930E2
3.644000E1	4.559032E1	-1.121393E2
3.646000E1	4.597079E1	-1.120779E2
3.648000E1	4.647839E1	-1.120301E2
3.650000E1	4.698715E1	-1.119876E2
3.652000E1	4.711415E1	-1.120815E2
3.654000E1	4.713307E1	-1.118928E2
3.656000E1	4.717984E1	-1.117077E2
3.658000E1	4.711639E1	-1.117101E2
3.660000E1	4.722295E1	-1.117525E2
3.662000E1	4.755318E1	-1.116953E2
3.664000E1	4.736884E1	-1.112844E2
3.666000E1	4.742146E1	-1.113062E2
3.668000E1	4.755927E1	-1.114030E2
3.670000E1	4.758033E1	-1.113859E2
3.672000E1	4.755476E1	-1.113747E2
3.674000E1	4.753976E1	-1.113581E2
3.676000E1	4.770601E1	-1.113147E2
3.678000E1	4.812219E1	-1.113168E2
3.680000E1	4.842510E1	-1.111823E2
3.682000E1	4.877276E1	-1.106645E2
3.684000E1	4.958850E1	-1.100454E2
3.686000E1	5.068660E1	-1.095941E2
3.688000E1	5.155587E1	-1.094147E2
3.690000E1	5.206130E1	-1.094193E2
3.692000E1	5.218167E1	-1.093821E2
3.694000E1	5.259700E1	-1.093177E2
3.696000E1	5.300622E1	-1.093677E2
3.698000E1	5.308622E1	-1.096388E2
3.700000E1	5.352436E1	-1.094846E2
3.702000E1	5.397990E1	-1.094028E2
3.704000E1	5.421907E1	-1.093086E2
3.706000E1	5.446871E1	-1.092061E2
3.708000E1	5.454213E1	-1.091907E2
3.710000E1	5.461593E1	-1.093858E2
3.712000E1	5.524419E1	-1.095449E2
3.714000E1	5.589493E1	-1.094427E2
3.716000E1	5.592859E1	-1.094368E2
3.718000E1	5.583196E1	-1.094276E2
3.720000E1	5.595848E1	-1.094321E2
3.722000E1	5.676835E1	-1.094367E2
3.724000E1	5.776429E1	-1.094349E2
3.726000E1	5.863110E1	-1.093804E2
3.728000E1	5.869311E1	-1.092921E2
3.730000E1	5.868068E1	-1.092949E2
3.732000E1	5.869390E1	-1.092981E2
3.734000E1	5.871063E1	-1.091892E2
3.736000E1	5.902072E1	-1.089731E2
3.738000E1	5.949408E1	-1.089310E2
3.740000E1	6.001882E1	-1.088619E2
3.742000E1	6.079774E1	-1.082921E2
3.744000E1	6.141164E1	-1.076915E2
3.746000E1	6.182924E1	-1.070436E2
3.748000E1	6.171104E1	-1.070451E2
3.750000E1	6.154685E1	-1.071537E2
3.752000E1	6.153053E1	-1.071049E2
3.754000E1	6.151065E1	-1.072008E2
3.756000E1	6.154775E1	-1.071474E2
3.758000E1	6.158446E1	-1.071055E2
3.760000E1	6.175503E1	-1.071189E2
3.762000E1	6.177229E1	-1.070685E2
3.764000E1	6.180057E1	-1.070295E2
3.766000E1	6.227003E1	-1.068511E2
3.768000E1	6.267622E1	-1.064963E2
3.770000E1	6.269592E1	-1.064538E2
3.772000E1	6.279762E1	-1.063226E2
3.774000E1	6.278567E1	-1.062051E2
3.776000E1	6.309302E1	-1.061335E2
3.778000E1	6.349308E1	-1.059399E2
3.780000E1	6.401453E1	-1.059367E2
3.782000E1	6.449086E1	-1.059351E2
3.784000E1	6.503968E1	-1.055899E2
3.786000E1	6.579054E1	-1.053575E2
3.788000E1	6.637101E1	-1.053788E2
3.790000E1	6.704619E1	-1.051458E2
3.792000E1	6.759492E1	-1.047672E2
3.794000E1	6.800834E1	-1.045149E2
3.796000E1	6.844128E1	-1.043336E2
3.798000E1	6.876228E1	-1.042764E2
3.800000E1	6.902013E1	-1.044674E2
3.802000E1	6.985307E1	-1.046742E2
3.804000E1	7.077583E1	-1.046049E2
3.806000E1	7.144052E1	-1.043246E2
3.808000E1	7.178301E1	-1.041688E2
3.810000E1	7.174856E1	-1.042716E2
3.812000E1	7.211200E1	-1.042959E2
3.814000E1	7.266389E1	-1.042412E2
3.816000E1	7.353920E1	-1.041285E2
3.818000E1	7.400907E1	-1.039452E2
3.820000E1	7.409493E1	-1.039421E2
3.822000E1	7.408719E1	-1.039805E2
3.824000E1	7.412275E1	-1.039084E2
3.826000E1	7.431976E1	-1.037254E2
3.828000E1	7.441418E1	-1.036771E2
3.830000E1	7.440983E1	-1.036077E2
3.832000E1	7.474611E1	-1.036482E2
3.834000E1	7.529650E1	-1.035349E2
3.836000E1	7.545684E1	-1.033048E2
3.838000E1	7.520106E1	-1.032101E2
3.840000E1	7.516039E1	-1.031466E2
3.842000E1	7.512269E1	-1.030553E2
3.844000E1	7.503987E1	-1.029607E2
3.846000E1	7.508396E1	-1.029486E2
3.848000E1	7.516894E1	-1.028516E2
3.850000E1	7.558885E1	-1.026812E2
3.852000E1	7.609811E1	-1.020378E2
3.854000E1	7.680661E1	-1.010559E2
3.856000E1	7.757725E1	-1.001384E2
3.858000E1	7.806616E1	-9.973863E1
3.860000E1	7.820519E1	-9.972032E1
3.862000E1	7.818558E1	-9.970698E1
3.864000E1	7.826253E1	-9.971921E1
3.866000E1	7.825159E1	-9.969805E1
3.868000E1	7.833827E1	-9.970753E1
3.870000E1	7.876335E1	-9.968341E1
3.872000E1	7.915064E1	-9.938291E1
3.874000E1	8.001113E1	-9.896503E1
3.876000E1	8.049224E1	-9.887507E1
3.878000E1	8.059796E1	-9.859732E1
3.880000E1	8.085600E1	-9.856609E1
3.882000E1	8.145401E1	-9.834263E1
3.884000E1	8.192236E1	-9.828594E1
3.886000E1	8.198177E1	-9.817721E1
3.888000E1	8.227614E1	-9.783548E1
3.890000E1	8.268447E1	-9.808051E1
3.892000E1	8.354490E1	-9.815035E1
3.894000E1	8.424394E1	-9.783637E1
3.896000E1	8.485776E1	-9.742618E1
3.898000E1	8.539323E1	-9.700472E1
3.900000E1	8.607885E1	-9.669738E1
3.902000E1	8.690367E1	-9.656492E1
3.904000E1	8.783606E1	-9.616223E1
3.906000E1	8.883905E1	-9.562978E1
3.908000E1	8.942823E1	-9.523966E1
3.910000E1	8.938473E1	-9.523270E1
3.912000E1	8.937018E1	-9.526877E1
3.914000E1	8.937079E1	-9.528219E1
3.916000E1	8.978837E1	-9.515547E1
3.918000E1	9.008962E1	-9.511088E1
3.920000E1	9.017016E1	-9.498114E1
3.922000E1	9.043937E1	-9.485662E1
3.924000E1	9.073067E1	-9.482959E1
3.926000E1	9.077080E1	-9.480919E1
3.928000E1	9.073006E1	-9.474213E1
3.930000E1	9.069131E1	-9.465988E1
3.932000E1	9.075971E1	-9.426572E1
3.934000E1	9.067828E1	-9.427375E1
3.936000E1	9.066277E1	-9.431768E1
3.938000E1	9.075723E1	-9.432674E1
3.940000E1	9.123038E1	-9.417182E1
3.942000E1	9.133700E1	-9.415264E1
3.944000E1	9.137021E1	-9.414273E1
3.946000E1	9.147995E1	-9.390253E1
3.948000E1	9.196080E1	-9.365246E1
3.950000E1	9.219684E1	-9.344608E1
3.952000E1	9.210096E1	-9.307722E1
3.954000E1	9.211247E1	-9.291806E1
3.956000E1	9.222155E1	-9.279044E1
3.958000E1	9.262195E1	-9.259603E1
3.960000E1	9.279113E1	-9.243317E1
3.962000E1	9.294890E1	-9.233892E1
3.964000E1	9.349932E1	-9.163853E1
3.966000E1	9.448927E1	-9.009305E1
3.968000E1	9.539901E1	-8.902271E1
3.970000E1	9.602213E1	-8.838103E1
3.972000E1	9.662985E1	-8.839630E1
3.974000E1	9.706413E1	-8.842672E1
3.976000E1	9.695738E1	-8.844756E1
3.978000E1	9.695689E1	-8.850724E1
3.980000E1	9.699091E1	-8.871024E1
3.982000E1	9.740442E1	-8.870330E1
3.984000E1	9.798982E1	-8.847409E1
3.986000E1	9.863104E1	-8.811998E1
3.988000E1	9.897447E1	-8.765895E1
3.990000E1	9.925219E1	-8.718272E1
3.992000E1	9.961036E1	-8.705262E1
3.994000E1	1.000140E2	-8.696584E1
3.996000E1	1.005979E2	-8.685333E1
3.998000E1	1.012779E2	-8.661346E1
4.000000E1	1.013097E2	-8.659906E1
4.002000E1	1.013259E2	-8.662265E1
4.004000E1	1.013260E2	-8.661996E1
4.006000E1	1.013809E2	-8.655847E1
4.008000E1	1.017856E2	-8.631925E1
4.010000E1	1.021639E2	-8.602756E1
4.012000E1	1.024831E2	-8.590385E1
4.014000E1	1.027179E2	-8.568742E1
4.016000E1	1.026881E2	-8.570556E1
4.018000E1	1.026990E2	-8.566209E1
4.020000E1	1.027186E2	-8.558432E1
4.022000E1	1.028143E2	-8.550512E1
4.024000E1	1.028097E2	-8.546788E1
4.026000E1	1.027587E2	-8.547820E1
4.028000E1	1.028234E2	-8.545024E1
4.030000E1	1.032407E2	-8.524334E1
4.032000E1	1.037044E2	-8.499407E1
4.034000E1	1.038605E2	-8.474560E1
4.036000E1	1.038276E2	-8.466490E1
4.038000E1	1.038374E2	-8.465278E1
4.040000E1	1.041816E2	-8.455627E1
4.042000E1	1.042923E2	-8.429577E1
4.044000E1	1.042303E2	-8.369094E1
4.046000E1	1.043213E2	-8.369320E1
4.048000E1	1.046630E2	-8.367440E1
4.050000E1	1.050930E2	-8.335896E1
4.052000E1	1.053578E2	-8.313031E1
4.054000E1	1.053543E2	-8.315348E1
4.056000E1	1.053334E2	-8.304011E1
4.058000E1	1.058067E2	-8.283564E1
4.060000E1	1.060387E2	-8.251014E1
4.062000E1	1.065640E2	-8.241972E1
4.064000E1	1.069638E2	-8.202777E1
4.066000E1	1.071235E2	-8.173096E1
4.068000E1	1.071201E2	-8.169942E1
4.070000E1	1.070696E2	-8.177195E1
4.072000E1	1.073793E2	-8.189577E1
4.074000E1	1.081458E2	-8.136101E1
4.076000E1	1.086899E2	-8.056555E1
4.078000E1	1.091811E2	-7.935339E1
4.080000E1	1.094570E2	-7.792616E1
4.082000E1	1.100269E2	-7.715481E1
4.084000E1	1.110123E2	-7.711345E1
4.086000E1	1.115782E2	-7.697685E1
4.088000E1	1.118506E2	-7.756355E1
4.090000E1	1.117137E2	-7.816631E1
4.092000E1	1.116902E2	-7.822532E1
4.094000E1	1.118529E2	-7.793001E1
4.096000E1	1.118697E2	-7.769345E1
4.098000E1	1.119265E2	-7.768096E1
4.100000E1	1.121768E2	-7.754647E1
4.102000E1	1.125427E2	-7.718092E1
4.104000E1	1.129238E2	-7.679758E1
4.106000E1	1.129727E2	-7.682262E1
4.108000E1	1.130069E2	-7.686817E1
4.110000E1	1.130070E2	-7.687273E1
4.112000E1	1.131675E2	-7.664374E1
4.114000E1	1.130891E2	-7.659069E1
4.116000E1	1.129838E2	-7.658568E1
4.118000E1	1.130497E2	-7.648992E1
4.120000E1	1.132490E2	-7.632321E1
4.122000E1	1.133686E2	-7.608029E1
4.124000E1	1.136387E2	-7.553813E1
4.126000E1	1.139497E2	-7.496215E1
4.128000E1	1.142551E2	-7.454530E1
4.130000E1	1.147818E2	-7.405122E1
4.132000E1	1.150346E2	-7.392604E1
4.134000E1	1.149854E2	-7.382734E1
4.136000E1	1.149816E2	-7.382229E1
4.138000E1	1.154473E2	-7.365801E1
4.140000E1	1.159461E2	-7.295267E1
4.142000E1	1.166386E2	-7.235830E1
4.144000E1	1.166262E2	-7.233853E1
4.146000E1	1.164681E2	-7.242281E1
4.148000E1	1.164447E2	-7.241181E1
4.150000E1	1.169097E2	-7.228912E1
4.152000E1	1.171347E2	-7.208455E1
4.154000E1	1.174991E2	-7.156675E1
4.156000E1	1.177667E2	-7.131976E1
4.158000E1	1.180270E2	-7.108000E1
4.160000E1	1.178600E2	-7.110099E1
4.162000E1	1.178065E2	-7.130825E1
4.164000E1	1.184515E2	-7.107294E1
4.166000E1	1.191258E2	-7.051228E1
4.168000E1	1.194262E2	-7.043360E1
4.170000E1	1.194517E2	-6.999693E1
4.172000E1	1.198244E2	-6.966134E1
4.174000E1	1.202598E2	-6.945961E1
4.176000E1	1.208532E2	-6.885151E1
4.178000E1	1.213481E2	-6.860408E1
4.180000E1	1.215732E2	-6.838577E1
4.182000E1	1.215069E2	-6.850462E1
4.184000E1	1.215181E2	-6.859080E1
4.186000E1	1.215757E2	-6.841913E1
4.188000E1	1.216786E2	-6.745697E1
4.190000E1	1.221253E2	-6.623685E1
4.192000E1	1.224747E2	-6.541609E1
4.194000E1	1.226848E2	-6.503395E1
4.196000E1	1.229355E2	-6.502898E1
4.198000E1	1.229092E2	-6.495848E1
4.200000E1	1.228022E2	-6.505356E1
4.202000E1	1.227598E2	-6.536057E1
4.204000E1	1.227194E2	-6.526801E1
4.206000E1	1.226270E2	-6.521050E1
4.208000E1	1.225786E2	-6.516248E1
4.210000E1	1.226734E2	-6.518362E1
4.212000E1	1.227083E2	-6.519570E1
4.214000E1	1.227080E2	-6.493446E1
4.216000E1	1.227095E2	-6.446397E1
4.218000E1	1.227126E2	-6.437734E1
4.220000E1	1.230615E2	-6.425768E1
4.222000E1	1.231451E2	-6.419769E1
4.224000E1	1.230813E2	-6.416411E1
4.226000E1	1.230869E2	-6.414429E1
4.228000E1	1.233256E2	-6.410795E1
4.230000E1	1.235862E2	-6.382756E1
4.232000E1	1.240205E2	-6.304676E1
4.234000E1	1.242339E2	-6.243240E1
4.236000E1	1.245826E2	-6.188619E1
4.238000E1	1.250514E2	-6.107862E1
4.240000E1	1.254376E2	-6.040077E1
4.242000E1	1.255733E2	-6.023709E1
4.244000E1	1.260579E2	-5.951974E1
4.246000E1	1.265325E2	-5.880628E1
4.248000E1	1.270244E2	-5.862164E1
4.250000E1	1.270381E2	-5.840349E1
4.252000E1	1.270714E2	-5.835972E1
4.254000E1	1.275554E2	-5.848269E1
4.256000E1	1.281700E2	-5.769895E1
4.258000E1	1.285872E2	-5.701180E1
4.260000E1	1.286795E2	-5.698150E1
4.262000E1	1.287684E2	-5.699994E1
4.264000E1	1.291341E2	-5.651030E1
4.266000E1	1.298201E2	-5.571832E1
4.268000E1	1.304301E2	-5.552227E1
4.270000E1	1.305340E2	-5.558605E1
4.272000E1	1.304715E2	-5.578135E1
4.274000E1	1.304781E2	-5.564540E1
4.276000E1	1.304387E2	-5.539799E1
4.278000E1	1.304445E2	-5.526078E1
4.280000E1	1.304753E2	-5.512314E1
4.282000E1	1.308590E2	-5.464250E1
4.284000E1	1.309783E2	-5.441967E1
4.286000E1	1.310623E2	-5.415988E1
4.288000E1	1.309926E2	-5.422948E1
4.290000E1	1.309330E2	-5.435484E1
4.292000E1	1.308834E2	-5.427766E1
4.294000E1	1.308193E2	-5.425238E1
4.296000E1	1.307965E2	-5.373052E1
4.298000E1	1.307571E2	-5.310271E1
4.300000E1	1.306438E2	-5.200899E1
4.302000E1	1.306118E2	-5.097313E1
4.304000E1	1.307276E2	-5.035715E1
4.306000E1	1.311710E2	-5.023902E1
4.308000E1	1.315292E2	-5.023281E1
4.310000E1	1.319214E2	-5.023787E1
4.312000E1	1.319500E2	-5.024545E1
4.314000E1	1.319256E2	-5.024270E1
4.316000E1	1.318144E2	-5.015040E1
4.318000E1	1.318576E2	-5.007440E1
4.320000E1	1.323166E2	-4.971453E1
4.322000E1	1.323805E2	-4.912039E1
4.324000E1	1.325022E2	-4.840171E1
4.326000E1	1.328310E2	-4.772218E1
4.328000E1	1.331616E2	-4.733165E1
4.330000E1	1.333433E2	-4.720001E1
4.332000E1	1.337316E2	-4.711389E1
4.334000E1	1.338948E2	-4.683332E1
4.336000E1	1.342857E2	-4.615609E1
4.338000E1	1.345886E2	-4.600172E1
4.340000E1	1.345940E2	-4.576906E1
4.342000E1	1.347388E2	-4.551895E1
4.344000E1	1.352954E2	-4.495444E1
4.346000E1	1.359700E2	-4.394293E1
4.348000E1	1.363447E2	-4.291491E1
4.350000E1	1.364928E2	-4.183623E1
4.352000E1	1.368230E2	-4.102787E1
4.354000E1	1.372241E2	-4.042894E1
4.356000E1	1.377822E2	-4.018056E1
4.358000E1	1.384256E2	-3.971021E1
4.360000E1	1.390097E2	-3.953727E1
4.362000E1	1.391151E2	-3.953655E1
4.364000E1	1.391290E2	-3.952972E1
4.366000E1	1.390275E2	-3.887025E1
4.368000E1	1.390750E2	-3.867779E1
4.370000E1	1.391010E2	-3.863227E1
4.372000E1	1.392061E2	-3.836859E1
4.374000E1	1.394864E2	-3.798556E1
4.376000E1	1.397469E2	-3.740341E1
4.378000E1	1.397206E2	-3.741280E1
4.380000E1	1.396583E2	-3.758649E1
4.382000E1	1.395910E2	-3.779846E1
4.384000E1	1.395400E2	-3.755525E1
4.386000E1	1.394277E2	-3.747612E1
4.388000E1	1.390502E2	-3.742936E1
4.390000E1	1.391884E2	-3.740188E1
4.392000E1	1.393793E2	-3.719114E1
4.394000E1	1.393479E2	-3.705854E1
4.396000E1	1.393084E2	-3.676274E1
4.398000E1	1.392492E2	-3.668423E1
4.400000E1	1.392973E2	-3.662069E1
