	mass A		
t	x	y	
0.000000E0	2.797137E-2	-3.294704E-2
2.000000E-2	2.027273E-1	1.676970E0
4.000000E-2	1.064985E0	3.485449E0
6.000000E-2	1.176243E0	3.858649E0
8.000000E-2	1.763440E0	2.893501E0
1.000000E-1	1.967390E0	6.888137E-1
1.200000E-1	2.540368E0	-3.849476E-1
1.400000E-1	3.815930E0	5.386760E-1
1.600000E-1	5.565239E0	2.605485E0
1.800000E-1	5.581045E0	3.882735E0
2.000000E-1	5.803784E0	4.149145E0
2.200000E-1	6.212953E0	2.383210E0
2.400000E-1	6.554934E0	-3.046023E-1
2.600000E-1	6.331956E0	-2.326646E0
2.800000E-1	6.346203E0	-2.875503E0
3.000000E-1	6.337672E0	-2.288274E0
3.200000E-1	6.659521E0	-9.308051E-1
3.400000E-1	7.340357E0	9.081926E-1
3.600000E-1	7.800363E0	2.091875E0
3.800000E-1	8.275389E0	1.823766E0
4.000000E-1	8.813819E0	6.502724E-2
4.200000E-1	8.963287E0	-2.067730E0
4.400000E-1	8.464407E0	-3.048615E0
4.600000E-1	8.683215E0	-2.975093E0
4.800000E-1	9.035826E0	-1.992171E0
5.000000E-1	9.317209E0	-9.731244E-1
5.200000E-1	9.896892E0	-5.649062E-1
5.400000E-1	1.048485E1	-9.133025E-1
5.600000E-1	1.067240E1	-1.405439E0
5.800000E-1	1.044262E1	-1.627978E0
6.000000E-1	1.088744E1	-1.654536E0
6.200000E-1	1.147688E1	-1.465249E0
6.400000E-1	1.203962E1	-1.195500E0
6.600000E-1	1.254820E1	-1.154575E0
6.800000E-1	1.351491E1	-1.385798E0
7.000000E-1	1.418577E1	-1.734225E0
7.200000E-1	1.413921E1	-1.825738E0
7.400000E-1	1.366461E1	-1.604333E0
7.600000E-1	1.352791E1	-8.407579E-1
7.800000E-1	1.425937E1	-6.909676E-2
8.000000E-1	1.439527E1	-1.775891E-1
8.200000E-1	1.428360E1	-1.406065E0
8.400000E-1	1.380235E1	-2.560559E0
8.600000E-1	1.395129E1	-2.708843E0
8.800000E-1	1.499047E1	-1.551438E0
9.000000E-1	1.611451E1	3.746626E-1
9.200000E-1	1.534829E1	2.381501E0
9.400000E-1	1.461901E1	3.652904E0
9.600000E-1	1.486887E1	3.554865E0
9.800000E-1	1.556376E1	2.033671E0
1.000000E0	1.603583E1	3.154292E-1
1.020000E0	1.674017E1	-3.843422E-1
1.040000E0	1.773523E1	-2.977798E-1
1.060000E0	1.835081E1	2.112367E-3
1.080000E0	1.897220E1	-4.844384E-1
1.100000E0	1.990410E1	-1.257645E0
1.120000E0	2.108347E1	-9.508318E-1
1.140000E0	2.157068E1	-9.963260E-3
1.160000E0	2.125026E1	8.564544E-1
1.180000E0	2.134760E1	8.972923E-1
1.200000E0	2.163778E1	-2.109277E-1
1.220000E0	2.141623E1	-1.879700E0
1.240000E0	2.146874E1	-2.268248E0
1.260000E0	2.196771E1	-1.825381E0
1.280000E0	2.271038E1	-7.925435E-1
1.300000E0	2.353138E1	5.527634E-1
1.320000E0	2.366535E1	1.094493E0
1.340000E0	2.377133E1	7.303022E-1
1.360000E0	2.343146E1	-4.196457E-1
1.380000E0	2.301911E1	-2.201268E0
1.400000E0	2.343163E1	-2.804224E0
1.420000E0	2.412821E1	-2.508415E0
1.440000E0	2.453240E1	-1.255325E0
1.460000E0	2.451019E1	-1.137486E0
1.480000E0	2.459912E1	-1.936082E0
1.500000E0	2.498780E1	-2.976682E0
1.520000E0	2.533237E1	-3.645689E0
1.540000E0	2.552953E1	-3.376420E0
1.560000E0	2.618931E1	-2.925341E0
1.580000E0	2.731861E1	-2.702615E0
1.600000E0	2.795511E1	-2.820833E0
1.620000E0	2.792730E1	-2.860006E0
1.640000E0	2.784311E1	-2.795810E0
1.660000E0	2.802099E1	-2.424758E0
1.680000E0	2.867372E1	-1.536737E0
1.700000E0	2.887889E1	-1.233860E0
1.720000E0	2.888388E1	-2.074755E0
1.740000E0	2.886535E1	-2.931675E0
1.760000E0	2.906776E1	-3.014924E0
1.780000E0	2.955064E1	-2.244253E0
1.800000E0	3.007173E1	-5.966972E-1
1.820000E0	2.932866E1	1.383686E0
1.840000E0	2.919861E1	1.967143E0
1.860000E0	2.978450E1	1.227393E0
1.880000E0	3.052047E1	6.795242E-2
1.900000E0	3.098463E1	-1.089180E0
1.920000E0	3.155953E1	-1.251478E0
1.940000E0	3.213490E1	-1.271532E-1
1.960000E0	3.181499E1	1.515893E0
1.980000E0	3.165962E1	1.619750E0
2.000000E0	3.245166E1	1.599331E-1
2.020000E0	3.324114E1	-1.724766E0
2.040000E0	3.366229E1	-3.188442E0
2.060000E0	3.330931E1	-3.524293E0
2.080000E0	3.328410E1	-3.232327E0
2.100000E0	3.389830E1	-2.153253E0
2.120000E0	3.511971E1	-3.869674E-1
2.140000E0	3.621107E1	1.274149E0
2.160000E0	3.643623E1	1.530320E0
2.180000E0	3.687103E1	1.131058E0
2.200000E0	3.687397E1	-3.891526E-1
2.220000E0	3.670169E1	-2.571542E0
2.240000E0	3.646717E1	-3.548579E0
2.260000E0	3.634377E1	-3.383172E0
2.280000E0	3.625036E1	-2.077186E0
2.300000E0	3.663656E1	-1.941718E-1
2.320000E0	3.750697E1	7.830870E-1
2.340000E0	3.773944E1	2.361804E-1
2.360000E0	3.767604E1	-1.296541E0
2.380000E0	3.810746E1	-2.938000E0
2.400000E0	3.899109E1	-4.037106E0
2.420000E0	3.926678E1	-3.968579E0
2.440000E0	3.997142E1	-3.642294E0
2.460000E0	4.064759E1	-3.408177E0
2.480000E0	4.063160E1	-3.622083E0
2.500000E0	4.052130E1	-3.625608E0
2.520000E0	4.057409E1	-3.448470E0
2.540000E0	4.098876E1	-2.855187E0
2.560000E0	4.151240E1	-2.490180E0
2.580000E0	4.127128E1	-2.663633E0
2.600000E0	4.135627E1	-3.468692E0
2.620000E0	4.163153E1	-3.929763E0
2.640000E0	4.224787E1	-3.601802E0
2.660000E0	4.313246E1	-2.428938E0
2.680000E0	4.350801E1	-4.346505E-1
2.700000E0	4.286457E1	1.525446E0
2.720000E0	4.280635E1	2.505675E0
2.740000E0	4.326453E1	1.959507E0
2.760000E0	4.416919E1	4.823594E-1
2.780000E0	4.481077E1	-1.416660E0
2.800000E0	4.533457E1	-2.255686E0
2.820000E0	4.569433E1	-1.604159E0
2.840000E0	4.569686E1	-3.620752E-1
2.860000E0	4.569858E1	-5.121473E-1
2.880000E0	4.655497E1	-1.614056E0
2.900000E0	4.730634E1	-2.405465E0
2.920000E0	4.730776E1	-2.901726E0
2.940000E0	4.754379E1	-2.405783E0
2.960000E0	4.793786E1	-1.724359E0
2.980000E0	4.807788E1	-1.354853E0
3.000000E0	4.786649E1	-1.427253E0
3.020000E0	4.787781E1	-1.661840E0
3.040000E0	4.877285E1	-2.346948E0
3.060000E0	4.976523E1	-2.874849E0
3.080000E0	5.023988E1	-3.116753E0
3.100000E0	5.003289E1	-3.300597E0
3.120000E0	5.013796E1	-3.661660E0
3.140000E0	5.066588E1	-3.608267E0
3.160000E0	5.161683E1	-2.598839E0
3.180000E0	5.264492E1	-1.114958E0
3.200000E0	5.233660E1	-4.413022E-2
3.220000E0	5.173933E1	-5.158386E-2
3.240000E0	5.196091E1	-2.002083E0
3.260000E0	5.270723E1	-4.336626E0
3.280000E0	5.308424E1	-5.456581E0
3.300000E0	5.260914E1	-5.439707E0
3.320000E0	5.248791E1	-4.224809E0
3.340000E0	5.322983E1	-3.177154E0
3.360000E0	5.363341E1	-2.806484E0
3.380000E0	5.360809E1	-2.829384E0
3.400000E0	5.373162E1	-3.203755E0
3.420000E0	5.442005E1	-3.843121E0
3.440000E0	5.500179E1	-4.293636E0
3.460000E0	5.455166E1	-4.827006E0
3.480000E0	5.461124E1	-5.272650E0
3.500000E0	5.495543E1	-5.305413E0
3.520000E0	5.546759E1	-4.699614E0
3.540000E0	5.622233E1	-3.542892E0
3.560000E0	5.638160E1	-1.937120E0
3.580000E0	5.654903E1	-1.827980E0
3.600000E0	5.668387E1	-2.504289E0
3.620000E0	5.666089E1	-2.829374E0
3.640000E0	5.695930E1	-2.490759E0
3.660000E0	5.745167E1	-2.036860E0
3.680000E0	5.802406E1	-1.717795E0
3.700000E0	5.878595E1	-1.221153E0
3.720000E0	5.914495E1	-1.006950E0
3.740000E0	5.939435E1	-2.080915E0
3.760000E0	5.956561E1	-2.775554E0
3.780000E0	5.984229E1	-2.832021E0
3.800000E0	6.013367E1	-2.751619E0
3.820000E0	6.033899E1	-2.672129E0
3.840000E0	6.051456E1	-3.087050E0
3.860000E0	6.036738E1	-3.258478E0
3.880000E0	6.049632E1	-2.829619E0
3.900000E0	6.120832E1	-2.203940E0
3.920000E0	6.222583E1	-2.146395E0
3.940000E0	6.285461E1	-2.541553E0
3.960000E0	6.283645E1	-2.948945E0
3.980000E0	6.283047E1	-2.976470E0
4.000000E0	6.276483E1	-2.796314E0
4.020000E0	6.279272E1	-2.693205E0
4.040000E0	6.320336E1	-2.788369E0
4.060000E0	6.425640E1	-2.915747E0
4.080000E0	6.469286E1	-3.213820E0
4.100000E0	6.429884E1	-4.024535E0
4.120000E0	6.446694E1	-4.768800E0
4.140000E0	6.547759E1	-5.343262E0
4.160000E0	6.674609E1	-4.880317E0
4.180000E0	6.777852E1	-3.728886E0
4.200000E0	6.790132E1	-3.145765E0
4.220000E0	6.749598E1	-2.989582E0
4.240000E0	6.762923E1	-3.168810E0
4.260000E0	6.812022E1	-3.941917E0
4.280000E0	6.854868E1	-4.386895E0
4.300000E0	6.946528E1	-4.358093E0
4.320000E0	6.916295E1	-3.869019E0
4.340000E0	6.808710E1	-3.384560E0
4.360000E0	6.834936E1	-3.435855E0
4.380000E0	6.920631E1	-3.565180E0
4.400000E0	6.976272E1	-3.418607E0
4.420000E0	7.051734E1	-2.692662E0
4.440000E0	7.114094E1	-2.251404E0
4.460000E0	7.110016E1	-3.016782E0
4.480000E0	7.095815E1	-3.611987E0
4.500000E0	7.108416E1	-3.351819E0
4.520000E0	7.126608E1	-2.974467E0
4.540000E0	7.159676E1	-3.083515E0
4.560000E0	7.201492E1	-3.078734E0
4.580000E0	7.229440E1	-2.906258E0
4.600000E0	7.247138E1	-3.072988E0
4.620000E0	7.272559E1	-3.741543E0
4.640000E0	7.312771E1	-3.547560E0
4.660000E0	7.340682E1	-3.034752E0
4.680000E0	7.377881E1	-3.016070E0
4.700000E0	7.397828E1	-3.092976E0
4.720000E0	7.451997E1	-3.004338E0
4.740000E0	7.487089E1	-2.808262E0
4.760000E0	7.492184E1	-2.490395E0
4.780000E0	7.523665E1	-2.445085E0
4.800000E0	7.586641E1	-2.608668E0
4.820000E0	7.611413E1	-3.203198E0
4.840000E0	7.595622E1	-3.560743E0
4.860000E0	7.606103E1	-3.234148E0
4.880000E0	7.633725E1	-2.851971E0
4.900000E0	7.665014E1	-2.621277E0
4.920000E0	7.708188E1	-2.594011E0
4.940000E0	7.753421E1	-2.602929E0
4.960000E0	7.772900E1	-2.593545E0
4.980000E0	7.767593E1	-2.581899E0
5.000000E0	7.770754E1	-2.930370E0
5.020000E0	7.837289E1	-3.771446E0
5.040000E0	7.920588E1	-4.353288E0
5.060000E0	7.992249E1	-4.884987E0
5.080000E0	8.060357E1	-5.396470E0
5.100000E0	8.086489E1	-5.321735E0
5.120000E0	8.089511E1	-4.680770E0
5.140000E0	8.089720E1	-3.518907E0
5.160000E0	8.102141E1	-2.527662E0
5.180000E0	8.160596E1	-1.825227E0
5.200000E0	8.190009E1	-2.652171E0
5.220000E0	8.141934E1	-4.238500E0
5.240000E0	8.182515E1	-5.479435E0
5.260000E0	8.335350E1	-5.728024E0
5.280000E0	8.344593E1	-4.836288E0
5.300000E0	8.294588E1	-2.815014E0
5.320000E0	8.399605E1	-1.190059E0
5.340000E0	8.465811E1	-4.701322E-1
5.360000E0	8.474121E1	-1.014224E0
5.380000E0	8.464581E1	-2.511153E0
5.400000E0	8.467740E1	-4.100876E0
5.420000E0	8.514868E1	-4.534479E0
5.440000E0	8.569368E1	-3.782659E0
5.460000E0	8.596713E1	-3.222358E0
5.480000E0	8.603502E1	-3.903120E0
5.500000E0	8.608541E1	-4.910425E0
5.520000E0	8.657750E1	-5.387132E0
5.540000E0	8.759100E1	-5.378924E0
5.560000E0	8.797365E1	-5.169259E0
5.580000E0	8.818343E1	-5.416055E0
5.600000E0	8.811510E1	-5.422072E0
5.620000E0	8.829974E1	-5.120774E0
5.640000E0	8.866666E1	-4.238211E0
5.660000E0	8.913851E1	-3.332193E0
5.680000E0	8.990948E1	-3.411411E0
5.700000E0	9.054833E1	-4.016337E0
5.720000E0	9.098854E1	-4.599880E0
5.740000E0	9.111913E1	-4.518274E0
5.760000E0	9.099820E1	-3.978872E0
5.780000E0	9.102477E1	-3.314386E0
5.800000E0	9.158606E1	-3.274130E0
5.820000E0	9.220036E1	-3.453470E0
5.840000E0	9.202667E1	-4.007901E0
5.860000E0	9.168538E1	-4.291933E0
5.880000E0	9.213407E1	-4.382888E0
5.900000E0	9.298843E1	-4.496162E0
5.920000E0	9.387078E1	-4.359002E0
5.940000E0	9.403349E1	-4.353717E0
5.960000E0	9.420190E1	-4.167474E0
5.980000E0	9.432719E1	-3.955334E0
6.000000E0	9.424273E1	-4.178930E0
6.020000E0	9.431499E1	-4.240182E0
6.040000E0	9.396925E1	-4.233546E0
6.060000E0	9.411754E1	-3.963394E0
6.080000E0	9.472532E1	-4.144732E0
6.100000E0	9.485493E1	-4.931100E0
6.120000E0	9.455912E1	-5.264986E0
6.140000E0	9.510827E1	-4.644238E0
6.160000E0	9.604133E1	-3.201385E0
6.180000E0	9.700471E1	-1.672166E0
6.200000E0	9.753532E1	-8.079250E-1
6.220000E0	9.724309E1	-1.764027E0
6.240000E0	9.749499E1	-3.568841E0
6.260000E0	9.756192E1	-4.931027E0
6.280000E0	9.734776E1	-4.426989E0
6.300000E0	9.754001E1	-3.297830E0
6.320000E0	9.817881E1	-2.393595E0
6.340000E0	9.910090E1	-1.974039E0
6.360000E0	9.930137E1	-2.063231E0
6.380000E0	9.932560E1	-3.554388E0
6.400000E0	9.954560E1	-5.737798E0
6.420000E0	9.974929E1	-6.810616E0
6.440000E0	9.990863E1	-6.826190E0
6.460000E0	1.002131E2	-5.964159E0
6.480000E0	1.006161E2	-5.472219E0
6.500000E0	1.011670E2	-5.084861E0
6.520000E0	1.014524E2	-4.943614E0
6.540000E0	1.014955E2	-4.824834E0
6.560000E0	1.019110E2	-5.080323E0
6.580000E0	1.028695E2	-5.130495E0
6.600000E0	1.034972E2	-4.724173E0
6.620000E0	1.038519E2	-4.288584E0
6.640000E0	1.038973E2	-4.257200E0
6.660000E0	1.038470E2	-4.459380E0
6.680000E0	1.042941E2	-4.259651E0
6.700000E0	1.051858E2	-3.794902E0
6.720000E0	1.057229E2	-3.652886E0
6.740000E0	1.057244E2	-3.609301E0
6.760000E0	1.057394E2	-4.001450E0
6.780000E0	1.061622E2	-4.620452E0
6.800000E0	1.066763E2	-5.164735E0
6.820000E0	1.066788E2	-5.365781E0
6.840000E0	1.066693E2	-5.373685E0
6.860000E0	1.075794E2	-5.111273E0
6.880000E0	1.085302E2	-4.735824E0
6.900000E0	1.088583E2	-4.931013E0
6.920000E0	1.085581E2	-4.812908E0
6.940000E0	1.084469E2	-4.624992E0
6.960000E0	1.089394E2	-3.965466E0
6.980000E0	1.087934E2	-3.982064E0
7.000000E0	1.082852E2	-4.564021E0
7.020000E0	1.077696E2	-5.338483E0
7.040000E0	1.080210E2	-5.445335E0
7.060000E0	1.090307E2	-4.940429E0
7.080000E0	1.100783E2	-4.065038E0
7.100000E0	1.102866E2	-3.343918E0
7.120000E0	1.104533E2	-2.747011E0
7.140000E0	1.115306E2	-2.280769E0
7.160000E0	1.121636E2	-1.715924E0
7.180000E0	1.125741E2	-1.159263E0
7.200000E0	1.125486E2	-1.554600E0
7.220000E0	1.127007E2	-2.673491E0
7.240000E0	1.128962E2	-4.001227E0
7.260000E0	1.134092E2	-4.851713E0
7.280000E0	1.137890E2	-4.986725E0
7.300000E0	1.140917E2	-4.542819E0
7.320000E0	1.145065E2	-3.709941E0
7.340000E0	1.149523E2	-3.011529E0
7.360000E0	1.151148E2	-3.102214E0
7.380000E0	1.151283E2	-3.644609E0
7.400000E0	1.147661E2	-4.218963E0
7.420000E0	1.149537E2	-5.237733E0
7.440000E0	1.154353E2	-5.597999E0
7.460000E0	1.159015E2	-5.381079E0
7.480000E0	1.160708E2	-5.228529E0
7.500000E0	1.165056E2	-5.220757E0
7.520000E0	1.170574E2	-5.192377E0
7.540000E0	1.169347E2	-5.281655E0
7.560000E0	1.167781E2	-5.514490E0
7.580000E0	1.170400E2	-5.145241E0
7.600000E0	1.179674E2	-4.431904E0
7.620000E0	1.186687E2	-3.869304E0
7.640000E0	1.188331E2	-4.220679E0
7.660000E0	1.190342E2	-4.989981E0
7.680000E0	1.196139E2	-5.196190E0
7.700000E0	1.203833E2	-5.282688E0
7.720000E0	1.211204E2	-5.350456E0
7.740000E0	1.217870E2	-5.450964E0
7.760000E0	1.215984E2	-5.497942E0
7.780000E0	1.216479E2	-5.302909E0
7.800000E0	1.215562E2	-5.066257E0
7.820000E0	1.216942E2	-4.830585E0
7.840000E0	1.217458E2	-4.672210E0
7.860000E0	1.217097E2	-5.238439E0
7.880000E0	1.219379E2	-6.063923E0
7.900000E0	1.224748E2	-6.401880E0
7.920000E0	1.229349E2	-5.915795E0
7.940000E0	1.230349E2	-4.675889E0
7.960000E0	1.230363E2	-3.093117E0
7.980000E0	1.222175E2	-1.204943E0
8.000000E0	1.223393E2	-9.445188E-1
8.020000E0	1.231068E2	-1.753464E0
8.040000E0	1.237490E2	-3.791412E0
8.060000E0	1.242526E2	-5.380426E0
8.080000E0	1.247956E2	-5.428870E0
8.100000E0	1.254599E2	-4.529247E0
8.120000E0	1.264798E2	-3.203390E0
8.140000E0	1.280275E2	-2.537055E0
8.160000E0	1.292596E2	-2.199797E0
8.180000E0	1.291387E2	-2.322500E0
8.200000E0	1.288873E2	-3.008075E0
8.220000E0	1.289293E2	-4.421795E0
8.240000E0	1.289519E2	-5.867041E0
8.260000E0	1.290691E2	-6.022134E0
8.280000E0	1.290093E2	-4.941673E0
8.300000E0	1.290185E2	-3.708473E0
8.320000E0	1.296839E2	-2.992156E0
8.340000E0	1.308938E2	-2.763167E0
8.360000E0	1.315866E2	-3.071855E0
8.380000E0	1.314087E2	-3.490186E0
8.400000E0	1.310088E2	-4.243772E0
8.420000E0	1.307222E2	-5.832318E0
8.440000E0	1.308062E2	-6.495956E0
8.460000E0	1.313387E2	-5.852225E0
8.480000E0	1.318172E2	-4.452881E0
8.500000E0	1.319922E2	-4.239747E0
8.520000E0	1.324732E2	-5.091639E0
8.540000E0	1.328136E2	-6.019196E0
8.560000E0	1.329779E2	-6.425361E0
8.580000E0	1.333008E2	-6.375101E0
8.600000E0	1.339069E2	-5.940376E0
8.620000E0	1.353091E2	-5.718510E0
8.640000E0	1.358198E2	-5.397311E0
8.660000E0	1.357979E2	-5.496879E0
8.680000E0	1.355465E2	-5.332208E0
8.700000E0	1.359685E2	-5.032970E0
8.720000E0	1.365482E2	-4.535398E0
8.740000E0	1.362812E2	-4.901489E0
8.760000E0	1.362202E2	-5.452943E0
8.780000E0	1.366437E2	-5.869828E0
8.800000E0	1.369173E2	-5.775007E0
8.820000E0	1.368842E2	-5.306674E0
8.840000E0	1.367041E2	-3.757855E0
8.860000E0	1.365533E2	-2.043034E0
8.880000E0	1.368528E2	-1.272937E0
8.900000E0	1.373255E2	-1.543746E0
8.920000E0	1.378937E2	-2.426632E0
8.940000E0	1.382463E2	-3.387649E0
8.960000E0	1.387628E2	-4.147219E0
8.980000E0	1.390467E2	-3.471541E0
9.000000E0	1.391284E2	-2.309389E0
9.020000E0	1.397725E2	-2.723782E0
9.040000E0	1.410626E2	-4.295370E0
9.060000E0	1.412641E2	-6.010511E0
9.080000E0	1.412096E2	-6.833975E0
9.100000E0	1.417236E2	-6.387410E0
9.120000E0	1.430113E2	-4.977123E0
9.140000E0	1.440015E2	-2.669644E0
9.160000E0	1.436488E2	-7.434058E-1
9.180000E0	1.433660E2	-9.259175E-1
9.200000E0	1.438488E2	-3.058132E0
9.220000E0	1.446711E2	-5.639330E0
9.240000E0	1.447503E2	-6.547844E0
9.260000E0	1.447469E2	-5.761797E0
9.280000E0	1.447371E2	-4.295569E0
9.300000E0	1.447799E2	-2.946498E0
9.320000E0	1.451513E2	-2.472603E0
9.340000E0	1.455051E2	-2.830252E0
9.360000E0	1.456097E2	-3.793041E0
9.380000E0	1.456924E2	-5.065381E0
9.400000E0	1.464005E2	-6.098176E0
9.420000E0	1.467947E2	-6.330460E0
9.440000E0	1.470913E2	-6.210038E0
9.460000E0	1.471936E2	-6.101600E0
9.480000E0	1.476098E2	-6.291118E0
9.500000E0	1.486908E2	-6.594545E0
9.520000E0	1.491048E2	-6.405521E0
9.540000E0	1.489744E2	-6.220784E0
9.560000E0	1.489185E2	-6.033923E0
9.580000E0	1.492690E2	-5.684295E0
9.600000E0	1.501712E2	-5.172559E0
9.620000E0	1.502995E2	-5.133392E0
9.640000E0	1.502547E2	-5.876684E0
9.660000E0	1.503805E2	-6.546246E0
9.680000E0	1.509160E2	-6.455184E0
9.700000E0	1.517289E2	-5.271648E0
9.720000E0	1.524103E2	-3.603094E0
9.740000E0	1.518473E2	-1.943765E0
9.760000E0	1.513300E2	-8.071597E-1
9.780000E0	1.518497E2	-7.086858E-1
9.800000E0	1.526466E2	-1.612063E0
9.820000E0	1.529654E2	-3.379996E0
9.840000E0	1.530780E2	-4.881284E0
9.860000E0	1.533592E2	-4.753862E0
9.880000E0	1.539280E2	-3.123814E0
9.900000E0	1.542932E2	-2.206718E0
9.920000E0	1.548300E2	-2.700838E0
9.940000E0	1.550486E2	-3.540877E0
9.960000E0	1.550495E2	-4.391382E0
9.980000E0	1.551942E2	-4.495726E0
1.000000E1	1.556476E2	-3.951000E0
1.002000E1	1.559274E2	-3.480318E0
1.004000E1	1.561046E2	-3.151868E0
1.006000E1	1.564171E2	-3.732575E0
1.008000E1	1.568062E2	-5.258032E0
1.010000E1	1.574942E2	-5.833975E0
1.012000E1	1.587053E2	-5.161890E0
1.014000E1	1.598404E2	-3.714854E0
1.016000E1	1.597978E2	-2.226226E0
1.018000E1	1.592081E2	-1.876759E0
1.020000E1	1.589154E2	-2.670651E0
1.022000E1	1.591476E2	-4.347128E0
1.024000E1	1.597641E2	-5.858581E0
1.026000E1	1.598182E2	-6.126480E0
1.028000E1	1.594683E2	-5.642693E0
1.030000E1	1.592973E2	-4.765178E0
1.032000E1	1.597877E2	-4.405226E0
1.034000E1	1.605295E2	-4.919962E0
1.036000E1	1.613107E2	-5.817336E0
1.038000E1	1.617237E2	-6.336578E0
1.040000E1	1.620385E2	-6.545485E0
1.042000E1	1.624984E2	-6.506451E0
1.044000E1	1.626628E2	-6.170131E0
1.046000E1	1.629788E2	-5.712413E0
1.048000E1	1.626881E2	-5.445784E0
1.050000E1	1.622105E2	-5.914027E0
1.052000E1	1.626823E2	-6.692721E0
1.054000E1	1.632180E2	-6.942148E0
1.056000E1	1.636275E2	-6.162147E0
1.058000E1	1.642037E2	-4.706120E0
1.060000E1	1.646696E2	-3.130640E0
1.062000E1	1.646915E2	-2.581451E0
1.064000E1	1.645926E2	-3.150540E0
1.066000E1	1.648526E2	-3.964895E0
1.068000E1	1.654935E2	-4.725380E0
1.070000E1	1.661675E2	-4.750219E0
1.072000E1	1.668718E2	-3.842891E0
1.074000E1	1.673775E2	-2.995219E0
1.076000E1	1.671753E2	-2.384310E0
1.078000E1	1.674049E2	-2.982104E0
1.080000E1	1.681020E2	-3.931511E0
1.082000E1	1.681369E2	-4.846431E0
1.084000E1	1.680287E2	-5.452514E0
1.086000E1	1.682639E2	-5.259884E0
1.088000E1	1.689763E2	-4.656545E0
1.090000E1	1.693251E2	-3.949555E0
1.092000E1	1.695070E2	-3.762867E0
1.094000E1	1.697662E2	-4.020874E0
1.096000E1	1.704566E2	-4.386645E0
1.098000E1	1.709021E2	-4.379723E0
1.100000E1	1.709474E2	-4.258085E0
1.102000E1	1.709048E2	-4.320129E0
1.104000E1	1.709410E2	-4.609635E0
1.106000E1	1.710866E2	-4.832409E0
1.108000E1	1.715368E2	-4.903687E0
1.110000E1	1.722502E2	-5.031423E0
1.112000E1	1.723228E2	-5.300291E0
1.114000E1	1.724758E2	-5.776513E0
1.116000E1	1.732652E2	-5.844234E0
1.118000E1	1.744337E2	-5.375794E0
1.120000E1	1.751937E2	-4.636423E0
1.122000E1	1.752859E2	-4.043138E0
1.124000E1	1.753763E2	-4.235948E0
1.126000E1	1.757611E2	-5.151831E0
1.128000E1	1.761585E2	-6.047248E0
1.130000E1	1.765043E2	-6.557680E0
1.132000E1	1.763608E2	-6.018758E0
1.134000E1	1.759614E2	-4.651946E0
1.136000E1	1.757390E2	-3.935289E0
1.138000E1	1.760059E2	-4.424882E0
1.140000E1	1.764564E2	-5.138461E0
1.142000E1	1.767877E2	-5.247617E0
1.144000E1	1.775045E2	-4.794153E0
1.146000E1	1.782106E2	-4.074738E0
1.148000E1	1.779823E2	-4.222648E0
1.150000E1	1.779775E2	-4.959603E0
1.152000E1	1.781986E2	-5.227076E0
1.154000E1	1.783595E2	-4.754193E0
1.156000E1	1.786072E2	-4.500166E0
1.158000E1	1.790174E2	-4.584705E0
1.160000E1	1.794980E2	-4.797991E0
1.162000E1	1.800663E2	-4.610008E0
1.164000E1	1.804233E2	-4.761376E0
1.166000E1	1.809090E2	-5.249253E0
1.168000E1	1.813289E2	-5.000803E0
1.170000E1	1.815269E2	-4.913899E0
1.172000E1	1.818628E2	-4.787027E0
1.174000E1	1.822696E2	-4.807376E0
1.176000E1	1.825830E2	-4.688308E0
1.178000E1	1.825913E2	-4.261485E0
1.180000E1	1.828258E2	-3.988362E0
1.182000E1	1.834072E2	-4.048405E0
1.184000E1	1.837510E2	-4.852764E0
1.186000E1	1.837124E2	-5.606561E0
1.188000E1	1.839463E2	-5.193905E0
1.190000E1	1.843518E2	-4.601123E0
1.192000E1	1.846912E2	-4.210536E0
1.194000E1	1.850061E2	-4.268228E0
1.196000E1	1.854902E2	-4.320723E0
1.198000E1	1.856901E2	-4.131225E0
1.200000E1	1.855632E2	-3.887465E0
1.202000E1	1.855461E2	-4.197725E0
1.204000E1	1.860542E2	-5.307166E0
1.206000E1	1.869796E2	-6.123087E0
1.208000E1	1.873562E2	-6.553811E0
1.210000E1	1.876323E2	-7.017315E0
1.212000E1	1.884719E2	-6.759763E0
1.214000E1	1.892724E2	-6.546493E0
1.216000E1	1.896321E2	-5.713312E0
1.218000E1	1.893743E2	-4.537566E0
1.220000E1	1.895039E2	-3.571565E0
1.222000E1	1.900946E2	-3.259278E0
1.224000E1	1.900349E2	-4.428478E0
1.226000E1	1.897732E2	-5.881972E0
1.228000E1	1.905598E2	-6.482044E0
1.230000E1	1.919009E2	-6.435183E0
1.232000E1	1.917113E2	-5.246618E0
1.234000E1	1.917599E2	-3.435443E0
1.236000E1	1.927583E2	-1.967547E0
1.238000E1	1.931516E2	-1.852620E0
1.240000E1	1.931039E2	-2.622064E0
1.242000E1	1.930004E2	-4.183964E0
1.244000E1	1.932126E2	-5.685226E0
1.246000E1	1.939887E2	-5.893330E0
1.248000E1	1.943295E2	-5.213081E0
1.250000E1	1.944258E2	-5.050500E0
1.252000E1	1.944775E2	-6.178436E0
1.254000E1	1.948942E2	-6.918753E0
1.256000E1	1.955922E2	-6.893563E0
1.258000E1	1.961376E2	-6.413832E0
1.260000E1	1.963958E2	-6.282725E0
1.262000E1	1.964094E2	-6.452297E0
1.264000E1	1.965531E2	-6.235558E0
1.266000E1	1.968594E2	-5.388613E0
1.268000E1	1.972730E2	-4.696568E0
1.270000E1	1.979651E2	-4.769296E0
1.272000E1	1.986085E2	-5.254563E0
1.274000E1	1.988223E2	-5.723723E0
1.276000E1	1.988540E2	-5.686681E0
1.278000E1	1.988642E2	-5.076827E0
1.280000E1	1.988607E2	-4.778250E0
1.282000E1	1.992784E2	-4.863610E0
1.284000E1	1.994640E2	-5.173760E0
1.286000E1	1.993292E2	-5.514368E0
1.288000E1	1.993994E2	-5.483174E0
1.290000E1	2.002312E2	-5.592384E0
1.292000E1	2.011987E2	-5.737278E0
1.294000E1	2.017608E2	-5.748172E0
1.296000E1	2.019173E2	-5.593197E0
1.298000E1	2.021870E2	-5.221797E0
1.300000E1	2.021284E2	-5.265409E0
1.302000E1	2.020599E2	-5.600994E0
1.304000E1	2.018824E2	-5.688943E0
1.306000E1	2.019185E2	-5.647236E0
1.308000E1	2.027609E2	-5.504798E0
1.310000E1	2.030897E2	-6.122543E0
1.312000E1	2.028589E2	-6.917987E0
1.314000E1	2.031402E2	-6.629001E0
1.316000E1	2.041837E2	-5.132712E0
1.318000E1	2.049899E2	-3.248000E0
1.320000E1	2.055328E2	-2.142347E0
1.322000E1	2.059696E2	-2.135101E0
1.324000E1	2.057895E2	-3.588962E0
1.326000E1	2.060907E2	-5.085699E0
1.328000E1	2.062463E2	-5.392108E0
1.330000E1	2.064267E2	-4.648577E0
1.332000E1	2.065601E2	-3.821664E0
1.334000E1	2.070246E2	-3.265011E0
1.336000E1	2.076936E2	-2.999694E0
1.338000E1	2.080595E2	-3.411322E0
1.340000E1	2.084320E2	-4.579686E0
1.342000E1	2.087011E2	-6.229747E0
1.344000E1	2.087432E2	-7.377537E0
1.346000E1	2.087884E2	-7.369313E0
1.348000E1	2.090082E2	-6.890452E0
1.350000E1	2.091992E2	-6.437898E0
1.352000E1	2.094380E2	-6.183706E0
1.354000E1	2.098924E2	-5.928863E0
1.356000E1	2.103590E2	-5.923231E0
1.358000E1	2.109945E2	-6.177696E0
1.360000E1	2.117095E2	-6.518223E0
1.362000E1	2.119722E2	-6.362634E0
1.364000E1	2.122527E2	-5.860190E0
1.366000E1	2.124976E2	-5.537896E0
1.368000E1	2.126354E2	-5.502669E0
1.370000E1	2.132969E2	-5.226721E0
1.372000E1	2.140736E2	-4.759156E0
1.374000E1	2.146763E2	-4.572765E0
1.376000E1	2.146643E2	-4.910822E0
1.378000E1	2.148048E2	-5.478922E0
1.380000E1	2.153247E2	-5.856952E0
1.382000E1	2.159631E2	-5.595230E0
1.384000E1	2.162884E2	-5.534253E0
1.386000E1	2.162992E2	-5.713417E0
1.388000E1	2.166317E2	-5.759131E0
1.390000E1	2.169705E2	-5.865482E0
1.392000E1	2.173695E2	-5.697902E0
1.394000E1	2.173469E2	-5.377532E0
1.396000E1	2.175849E2	-4.835388E0
1.398000E1	2.174004E2	-4.575796E0
1.400000E1	2.170775E2	-5.153216E0
1.402000E1	2.170637E2	-6.033168E0
1.404000E1	2.170539E2	-6.373517E0
1.406000E1	2.172821E2	-5.587248E0
1.408000E1	2.182117E2	-3.991454E0
1.410000E1	2.185553E2	-3.248837E0
1.412000E1	2.186238E2	-3.487254E0
1.414000E1	2.191249E2	-3.563867E0
1.416000E1	2.196032E2	-2.897089E0
1.418000E1	2.204639E2	-2.021225E0
1.420000E1	2.208862E2	-1.702883E0
1.422000E1	2.209577E2	-2.363772E0
1.424000E1	2.209887E2	-3.759504E0
1.426000E1	2.212509E2	-5.052582E0
1.428000E1	2.216953E2	-5.853126E0
1.430000E1	2.223555E2	-5.903328E0
1.432000E1	2.227730E2	-5.157067E0
1.434000E1	2.230614E2	-4.227339E0
1.436000E1	2.233267E2	-3.828637E0
1.438000E1	2.235937E2	-4.135500E0
1.440000E1	2.233855E2	-4.342063E0
1.442000E1	2.231049E2	-5.235045E0
1.444000E1	2.236189E2	-6.249613E0
1.446000E1	2.242209E2	-7.016826E0
1.448000E1	2.245661E2	-6.911771E0
1.450000E1	2.247765E2	-6.458423E0
1.452000E1	2.253445E2	-5.957704E0
1.454000E1	2.257838E2	-5.837579E0
1.456000E1	2.257015E2	-6.153831E0
1.458000E1	2.259994E2	-6.103520E0
1.460000E1	2.264601E2	-5.793707E0
1.462000E1	2.270950E2	-5.152401E0
1.464000E1	2.275508E2	-5.206803E0
1.466000E1	2.279578E2	-5.692894E0
1.468000E1	2.285236E2	-6.108062E0
1.470000E1	2.288322E2	-6.078592E0
1.472000E1	2.294873E2	-5.789881E0
1.474000E1	2.306111E2	-5.364703E0
1.476000E1	2.309118E2	-5.260800E0
1.478000E1	2.306337E2	-5.375018E0
1.480000E1	2.306291E2	-5.277697E0
1.482000E1	2.308347E2	-5.233603E0
1.484000E1	2.309610E2	-5.175036E0
1.486000E1	2.306334E2	-5.548413E0
1.488000E1	2.304754E2	-6.370995E0
1.490000E1	2.306659E2	-6.982625E0
1.492000E1	2.315262E2	-6.845765E0
1.494000E1	2.319793E2	-5.823046E0
1.496000E1	2.322474E2	-4.408576E0
1.498000E1	2.317270E2	-2.707301E0
1.500000E1	2.308834E2	-9.989026E-1
1.502000E1	2.311471E2	-1.075186E0
1.504000E1	2.316308E2	-2.407947E0
1.506000E1	2.320387E2	-4.036923E0
1.508000E1	2.327200E2	-4.918366E0
1.510000E1	2.337706E2	-4.889515E0
1.512000E1	2.341862E2	-4.501657E0
1.514000E1	2.344839E2	-4.852731E0
1.516000E1	2.354573E2	-6.064735E0
1.518000E1	2.370391E2	-6.145843E0
1.520000E1	2.385382E2	-4.928648E0
1.522000E1	2.387979E2	-3.357164E0
1.524000E1	2.383324E2	-2.776957E0
1.526000E1	2.381550E2	-3.486176E0
1.528000E1	2.379609E2	-4.753379E0
1.530000E1	2.378472E2	-6.076853E0
1.532000E1	2.382249E2	-6.262482E0
1.534000E1	2.390673E2	-5.752286E0
1.536000E1	2.396024E2	-4.601347E0
1.538000E1	2.398464E2	-3.485777E0
1.540000E1	2.399107E2	-3.272882E0
1.542000E1	2.396078E2	-4.241330E0
1.544000E1	2.390869E2	-5.685359E0
1.546000E1	2.392727E2	-6.539356E0
1.548000E1	2.401023E2	-6.567924E0
1.550000E1	2.400803E2	-5.896557E0
1.552000E1	2.400885E2	-5.788291E0
1.554000E1	2.404650E2	-6.415352E0
1.556000E1	2.410210E2	-7.138250E0
1.558000E1	2.413917E2	-7.528447E0
1.560000E1	2.418212E2	-7.291981E0
1.562000E1	2.426353E2	-6.714326E0
1.564000E1	2.430324E2	-6.365069E0
1.566000E1	2.433573E2	-6.326814E0
1.568000E1	2.434408E2	-6.356290E0
1.570000E1	2.440353E2	-5.996520E0
1.572000E1	2.443929E2	-5.123459E0
1.574000E1	2.443475E2	-5.090392E0
1.576000E1	2.446057E2	-5.846126E0
1.578000E1	2.450454E2	-6.769889E0
1.580000E1	2.452676E2	-6.589388E0
1.582000E1	2.454600E2	-5.435510E0
1.584000E1	2.454136E2	-3.335938E0
1.586000E1	2.445557E2	-1.303231E0
1.588000E1	2.446404E2	-1.406455E0
1.590000E1	2.452082E2	-2.828207E0
1.592000E1	2.457806E2	-4.387725E0
1.594000E1	2.467807E2	-5.237037E0
1.596000E1	2.477938E2	-4.951080E0
1.598000E1	2.481807E2	-3.738873E0
1.600000E1	2.479693E2	-2.106021E0
1.602000E1	2.479234E2	-2.091919E0
1.604000E1	2.487032E2	-3.567835E0
1.606000E1	2.491623E2	-5.210007E0
1.608000E1	2.494545E2	-6.340109E0
1.610000E1	2.498068E2	-6.514962E0
1.612000E1	2.503225E2	-6.299696E0
1.614000E1	2.502197E2	-5.799794E0
1.616000E1	2.503205E2	-5.667157E0
1.618000E1	2.511961E2	-5.445988E0
1.620000E1	2.530725E2	-4.787199E0
1.622000E1	2.546598E2	-3.699974E0
1.624000E1	2.549564E2	-2.824678E0
1.626000E1	2.544702E2	-2.919891E0
1.628000E1	2.539897E2	-4.225328E0
1.630000E1	2.537011E2	-6.235124E0
1.632000E1	2.537393E2	-7.400491E0
1.634000E1	2.544489E2	-6.589177E0
1.636000E1	2.547444E2	-5.030321E0
1.638000E1	2.544300E2	-3.850214E0
1.640000E1	2.544812E2	-4.083064E0
1.642000E1	2.549511E2	-5.515953E0
1.644000E1	2.555721E2	-6.546526E0
1.646000E1	2.560393E2	-6.768263E0
1.648000E1	2.566310E2	-6.477719E0
1.650000E1	2.576077E2	-6.231652E0
1.652000E1	2.578954E2	-6.156203E0
1.654000E1	2.578367E2	-6.520523E0
1.656000E1	2.578288E2	-6.541852E0
1.658000E1	2.581238E2	-6.283792E0
1.660000E1	2.585026E2	-5.479337E0
1.662000E1	2.582562E2	-5.453460E0
1.664000E1	2.581440E2	-6.217615E0
1.666000E1	2.584909E2	-7.004251E0
1.668000E1	2.589757E2	-6.756489E0
1.670000E1	2.595423E2	-5.513617E0
1.672000E1	2.599672E2	-3.298465E0
1.674000E1	2.599208E2	-1.744364E0
1.676000E1	2.599776E2	-1.580254E0
1.678000E1	2.602571E2	-2.348929E0
1.680000E1	2.610071E2	-3.800430E0
1.682000E1	2.617132E2	-5.234237E0
1.684000E1	2.623105E2	-4.849442E0
1.686000E1	2.626832E2	-3.284929E0
1.688000E1	2.624853E2	-1.761794E0
1.690000E1	2.625314E2	-2.620498E0
1.692000E1	2.630449E2	-4.720361E0
1.694000E1	2.633199E2	-5.890385E0
1.696000E1	2.635549E2	-5.480378E0
1.698000E1	2.639694E2	-4.291163E0
1.700000E1	2.644525E2	-3.832348E0
1.702000E1	2.645816E2	-3.825430E0
1.704000E1	2.641347E2	-3.861741E0
1.706000E1	2.640749E2	-3.900567E0
1.708000E1	2.650226E2	-4.511982E0
1.710000E1	2.659539E2	-4.928146E0
1.712000E1	2.664907E2	-5.396467E0
1.714000E1	2.661756E2	-6.027943E0
1.716000E1	2.659004E2	-6.535296E0
1.718000E1	2.662768E2	-6.502926E0
1.720000E1	2.674318E2	-5.556293E0
1.722000E1	2.688371E2	-3.548329E0
1.724000E1	2.690592E2	-1.818267E0
1.726000E1	2.685963E2	-1.764339E0
1.728000E1	2.685963E2	-3.616495E0
1.730000E1	2.691333E2	-6.226496E0
1.732000E1	2.700242E2	-8.103713E0
1.734000E1	2.706386E2	-8.116975E0
1.736000E1	2.708621E2	-6.844765E0
1.738000E1	2.707452E2	-5.283007E0
1.740000E1	2.706283E2	-4.531325E0
1.742000E1	2.707425E2	-4.865259E0
1.744000E1	2.710024E2	-5.450498E0
1.746000E1	2.715159E2	-5.509188E0
1.748000E1	2.718228E2	-5.355079E0
1.750000E1	2.720145E2	-6.056691E0
1.752000E1	2.722642E2	-7.086319E0
1.754000E1	2.723514E2	-7.047503E0
1.756000E1	2.725330E2	-5.945938E0
1.758000E1	2.731610E2	-4.156727E0
1.760000E1	2.737126E2	-3.114704E0
1.762000E1	2.737625E2	-3.310565E0
1.764000E1	2.736063E2	-4.440230E0
1.766000E1	2.737586E2	-5.098499E0
1.768000E1	2.741970E2	-4.457846E0
1.770000E1	2.749527E2	-3.661526E0
1.772000E1	2.756007E2	-3.549621E0
1.774000E1	2.762320E2	-3.591474E0
1.776000E1	2.766387E2	-3.598791E0
1.778000E1	2.768951E2	-4.062945E0
1.780000E1	2.773105E2	-3.995948E0
1.782000E1	2.778879E2	-3.954400E0
1.784000E1	2.780983E2	-4.085128E0
1.786000E1	2.782882E2	-4.012983E0
1.788000E1	2.786595E2	-3.809328E0
1.790000E1	2.789012E2	-3.106485E0
1.792000E1	2.788476E2	-2.877480E0
1.794000E1	2.791613E2	-3.591843E0
1.796000E1	2.796792E2	-4.374187E0
1.798000E1	2.801867E2	-4.409898E0
1.800000E1	2.805878E2	-3.918675E0
1.802000E1	2.807209E2	-3.550841E0
1.804000E1	2.807412E2	-3.418022E0
1.806000E1	2.806323E2	-3.308950E0
1.808000E1	2.809875E2	-3.304877E0
1.810000E1	2.810465E2	-3.285949E0
1.812000E1	2.810910E2	-3.430688E0
1.814000E1	2.814075E2	-3.974266E0
1.816000E1	2.818554E2	-5.204897E0
1.818000E1	2.823680E2	-6.011391E0
1.820000E1	2.828495E2	-6.655813E0
1.822000E1	2.838787E2	-5.915215E0
1.824000E1	2.847892E2	-4.675022E0
1.826000E1	2.848674E2	-3.898403E0
1.828000E1	2.842406E2	-3.114037E0
1.830000E1	2.842156E2	-3.825104E0
1.832000E1	2.846117E2	-4.891126E0
1.834000E1	2.855522E2	-5.461072E0
1.836000E1	2.858141E2	-5.577691E0
1.838000E1	2.850866E2	-5.326652E0
1.840000E1	2.849782E2	-4.905032E0
1.842000E1	2.856269E2	-3.841853E0
1.844000E1	2.868369E2	-3.105102E0
1.846000E1	2.877108E2	-2.207324E0
1.848000E1	2.873943E2	-2.165085E0
1.850000E1	2.873466E2	-3.437004E0
1.852000E1	2.874524E2	-4.934290E0
1.854000E1	2.875348E2	-4.867118E0
1.856000E1	2.880659E2	-3.929295E0
1.858000E1	2.883509E2	-3.541570E0
1.860000E1	2.888572E2	-3.670995E0
1.862000E1	2.892888E2	-4.162478E0
1.864000E1	2.894135E2	-4.552032E0
1.866000E1	2.896627E2	-5.004681E0
1.868000E1	2.901448E2	-5.159354E0
1.870000E1	2.909848E2	-5.069909E0
1.872000E1	2.915997E2	-4.461924E0
1.874000E1	2.918446E2	-4.116579E0
1.876000E1	2.918729E2	-3.595667E0
1.878000E1	2.920822E2	-3.032764E0
1.880000E1	2.927156E2	-2.513040E0
1.882000E1	2.935721E2	-2.463896E0
1.884000E1	2.941016E2	-2.809822E0
1.886000E1	2.941677E2	-2.940755E0
1.888000E1	2.942852E2	-2.872230E0
1.890000E1	2.944906E2	-2.813737E0
1.892000E1	2.944537E2	-2.943647E0
1.894000E1	2.942742E2	-3.302331E0
1.896000E1	2.928800E2	-4.980583E0
1.898000E1	2.936598E2	-4.322259E0
1.900000E1	2.942168E2	-4.052413E0
1.902000E1	2.945214E2	-4.212115E0
1.904000E1	2.948422E2	-4.988745E0
1.906000E1	2.952271E2	-5.581283E0
1.908000E1	2.952765E2	-5.392463E0
1.910000E1	2.955022E2	-5.121040E0
1.912000E1	2.959367E2	-4.602902E0
1.914000E1	2.962984E2	-4.794053E0
1.916000E1	2.963425E2	-5.503662E0
1.918000E1	2.958227E2	-6.200098E0
1.920000E1	2.960478E2	-6.498244E0
1.922000E1	2.970824E2	-6.370198E0
1.924000E1	2.977568E2	-5.536840E0
1.926000E1	2.975213E2	-4.762567E0
1.928000E1	2.975319E2	-3.970758E0
1.930000E1	2.982075E2	-3.645592E0
1.932000E1	2.987211E2	-3.722917E0
1.934000E1	2.994695E2	-3.765137E0
1.936000E1	2.998701E2	-3.812814E0
1.938000E1	2.997698E2	-3.973063E0
1.940000E1	2.997864E2	-4.166408E0
1.942000E1	2.996665E2	-3.957072E0
1.944000E1	2.996843E2	-3.584335E0
1.946000E1	2.999785E2	-3.518729E0
1.948000E1	3.005639E2	-3.733384E0
1.950000E1	3.011717E2	-3.669325E0
1.952000E1	3.014358E2	-3.809335E0
1.954000E1	3.017228E2	-5.395501E0
1.956000E1	3.018527E2	-6.831072E0
1.958000E1	3.018500E2	-7.088983E0
1.960000E1	3.017908E2	-6.735858E0
1.962000E1	3.021066E2	-6.475449E0
1.964000E1	3.025589E2	-6.386601E0
1.966000E1	3.027704E2	-6.138771E0
1.968000E1	3.028956E2	-5.513992E0
1.970000E1	3.034810E2	-5.502764E0
1.972000E1	3.045142E2	-5.580144E0
1.974000E1	3.052289E2	-5.696426E0
1.976000E1	3.053254E2	-5.334958E0
1.978000E1	3.055894E2	-4.978133E0
1.980000E1	3.055206E2	-4.784209E0
1.982000E1	3.060124E2	-4.545088E0
1.984000E1	3.068839E2	-4.179946E0
1.986000E1	3.073465E2	-3.899169E0
1.988000E1	3.073984E2	-3.943879E0
1.990000E1	3.076372E2	-4.440009E0
1.992000E1	3.078847E2	-5.377917E0
1.994000E1	3.082355E2	-6.247738E0
1.996000E1	3.082642E2	-6.450763E0
1.998000E1	3.089922E2	-6.083051E0
2.000000E1	3.103446E2	-5.219908E0
2.002000E1	3.108855E2	-5.173015E0
2.004000E1	3.108650E2	-5.141219E0
2.006000E1	3.104355E2	-5.260515E0
2.008000E1	3.106435E2	-5.197055E0
2.010000E1	3.105812E2	-4.530021E0
2.012000E1	3.101339E2	-4.771400E0
2.014000E1	3.095962E2	-5.403316E0
2.016000E1	3.096479E2	-5.909388E0
2.018000E1	3.106424E2	-6.017933E0
2.020000E1	3.114381E2	-6.090574E0
2.022000E1	3.115969E2	-5.001734E0
2.024000E1	3.119586E2	-3.389622E0
2.026000E1	3.129416E2	-2.376785E0
2.028000E1	3.138915E2	-1.708797E0
2.030000E1	3.144163E2	-1.582885E0
2.032000E1	3.145063E2	-1.910874E0
2.034000E1	3.146299E2	-2.843718E0
2.036000E1	3.147681E2	-3.899389E0
2.038000E1	3.152124E2	-4.660449E0
2.040000E1	3.157018E2	-5.115996E0
2.042000E1	3.164996E2	-5.399897E0
2.044000E1	3.170007E2	-5.298168E0
2.046000E1	3.171409E2	-4.525233E0
2.048000E1	3.175055E2	-3.916074E0
2.050000E1	3.177889E2	-4.101072E0
2.052000E1	3.177739E2	-4.283956E0
2.054000E1	3.173953E2	-4.680048E0
2.056000E1	3.173711E2	-5.463944E0
2.058000E1	3.179231E2	-6.297961E0
2.060000E1	3.182068E2	-6.828868E0
2.062000E1	3.182543E2	-6.886599E0
2.064000E1	3.186758E2	-6.874055E0
2.066000E1	3.192451E2	-6.475134E0
2.068000E1	3.193881E2	-6.046184E0
2.070000E1	3.193295E2	-5.821342E0
2.072000E1	3.197341E2	-5.371543E0
2.074000E1	3.203465E2	-5.110425E0
2.076000E1	3.206516E2	-4.852211E0
2.078000E1	3.210815E2	-4.946712E0
2.080000E1	3.216987E2	-5.470186E0
2.082000E1	3.222050E2	-5.523681E0
2.084000E1	3.230646E2	-5.612851E0
2.086000E1	3.241327E2	-5.590836E0
2.088000E1	3.241604E2	-5.602924E0
2.090000E1	3.241056E2	-5.542832E0
2.092000E1	3.239313E2	-5.040012E0
2.094000E1	3.239870E2	-4.743600E0
2.096000E1	3.238805E2	-4.427129E0
2.098000E1	3.234736E2	-4.999419E0
2.100000E1	3.235813E2	-5.884557E0
2.102000E1	3.245267E2	-6.669637E0
2.104000E1	3.253198E2	-6.376276E0
2.106000E1	3.256431E2	-5.108196E0
2.108000E1	3.255315E2	-3.148388E0
2.110000E1	3.242818E2	-1.177832E0
2.112000E1	3.243300E2	-6.507612E-1
2.114000E1	3.249037E2	-1.591602E0
2.116000E1	3.254862E2	-3.701712E0
2.118000E1	3.260119E2	-4.895839E0
2.120000E1	3.266192E2	-4.759955E0
2.122000E1	3.272669E2	-4.077482E0
2.124000E1	3.282474E2	-3.470883E0
2.126000E1	3.297830E2	-3.098354E0
2.128000E1	3.311909E2	-2.649602E0
2.130000E1	3.315248E2	-2.581498E0
2.132000E1	3.310519E2	-2.884252E0
2.134000E1	3.310068E2	-4.241913E0
2.136000E1	3.307012E2	-5.592688E0
2.138000E1	3.306212E2	-5.973014E0
2.140000E1	3.306880E2	-5.045454E0
2.142000E1	3.309757E2	-3.760108E0
2.144000E1	3.316184E2	-2.882279E0
2.146000E1	3.331209E2	-2.658179E0
2.148000E1	3.336613E2	-2.841419E0
2.150000E1	3.336073E2	-3.499722E0
2.152000E1	3.331604E2	-4.132137E0
2.154000E1	3.325489E2	-5.405995E0
2.156000E1	3.322931E2	-6.341734E0
2.158000E1	3.326835E2	-6.259276E0
2.160000E1	3.330554E2	-4.988149E0
2.162000E1	3.335440E2	-4.060263E0
2.164000E1	3.339006E2	-4.417713E0
2.166000E1	3.343123E2	-5.517690E0
2.168000E1	3.345598E2	-6.713652E0
2.170000E1	3.348147E2	-7.278936E0
2.172000E1	3.352642E2	-7.014685E0
2.174000E1	3.361479E2	-6.375997E0
2.176000E1	3.370906E2	-5.620490E0
2.178000E1	3.374812E2	-5.507568E0
2.180000E1	3.375260E2	-5.549824E0
2.182000E1	3.376391E2	-5.571009E0
2.184000E1	3.382890E2	-4.828724E0
2.186000E1	3.388376E2	-4.729852E0
2.188000E1	3.387518E2	-5.467511E0
2.190000E1	3.387680E2	-6.186218E0
2.192000E1	3.389410E2	-6.030556E0
2.194000E1	3.393995E2	-5.228632E0
2.196000E1	3.395107E2	-3.657545E0
2.198000E1	3.385687E2	-2.019566E0
2.200000E1	3.388913E2	-2.029321E0
2.202000E1	3.395351E2	-2.771078E0
2.204000E1	3.399819E2	-3.460292E0
2.206000E1	3.405240E2	-3.829961E0
2.208000E1	3.413133E2	-3.650146E0
2.210000E1	3.417437E2	-2.766565E0
2.212000E1	3.412688E2	-1.870049E0
2.214000E1	3.412874E2	-2.260180E0
2.216000E1	3.421152E2	-3.801530E0
2.218000E1	3.428430E2	-5.074967E0
2.220000E1	3.431317E2	-5.595272E0
2.222000E1	3.429484E2	-5.621386E0
2.224000E1	3.429009E2	-5.605647E0
2.226000E1	3.434628E2	-5.385179E0
2.228000E1	3.444775E2	-4.418988E0
2.230000E1	3.454335E2	-2.693931E0
2.232000E1	3.460700E2	-1.697549E0
2.234000E1	3.465667E2	-1.930503E0
2.236000E1	3.462098E2	-3.473072E0
2.238000E1	3.456941E2	-5.340486E0
2.240000E1	3.453012E2	-6.404749E0
2.242000E1	3.453561E2	-6.397224E0
2.244000E1	3.456648E2	-5.273266E0
2.246000E1	3.457413E2	-3.565661E0
2.248000E1	3.463611E2	-2.735300E0
2.250000E1	3.464588E2	-3.334802E0
2.252000E1	3.464803E2	-4.965665E0
2.254000E1	3.471394E2	-6.370874E0
2.256000E1	3.477734E2	-7.286411E0
2.258000E1	3.481592E2	-7.291436E0
2.260000E1	3.487437E2	-6.746254E0
2.262000E1	3.491798E2	-6.143224E0
2.264000E1	3.494096E2	-6.067635E0
2.266000E1	3.494549E2	-6.180176E0
2.268000E1	3.498132E2	-6.115409E0
2.270000E1	3.499058E2	-5.702977E0
2.272000E1	3.497436E2	-5.327793E0
2.274000E1	3.497444E2	-5.897338E0
2.276000E1	3.501694E2	-6.743007E0
2.278000E1	3.506218E2	-6.914431E0
2.280000E1	3.511753E2	-5.964029E0
2.282000E1	3.520015E2	-3.912192E0
2.284000E1	3.519384E2	-1.761605E0
2.286000E1	3.516170E2	-9.190182E-1
2.288000E1	3.521282E2	-1.345198E0
2.290000E1	3.525673E2	-2.961983E0
2.292000E1	3.531206E2	-4.631057E0
2.294000E1	3.537024E2	-4.825284E0
2.296000E1	3.543551E2	-3.778931E0
2.298000E1	3.544214E2	-2.126900E0
2.300000E1	3.542779E2	-1.910211E0
2.302000E1	3.548468E2	-4.086111E0
2.304000E1	3.551544E2	-5.010809E0
2.306000E1	3.553278E2	-4.860567E0
2.308000E1	3.558460E2	-4.111868E0
2.310000E1	3.562603E2	-3.664923E0
2.312000E1	3.566929E2	-3.828302E0
2.314000E1	3.566897E2	-4.034084E0
2.316000E1	3.563817E2	-4.102091E0
2.318000E1	3.566916E2	-3.956297E0
2.320000E1	3.574960E2	-4.077572E0
2.322000E1	3.580448E2	-4.755890E0
2.324000E1	3.584498E2	-5.084487E0
2.326000E1	3.584609E2	-5.350139E0
2.328000E1	3.580588E2	-5.825693E0
2.330000E1	3.575537E2	-6.272081E0
2.332000E1	3.585114E2	-6.251029E0
2.334000E1	3.600944E2	-5.427146E0
2.336000E1	3.610970E2	-3.756591E0
2.338000E1	3.610660E2	-2.780654E0
2.340000E1	3.604759E2	-3.348204E0
2.342000E1	3.605339E2	-4.971788E0
2.344000E1	3.613760E2	-7.274132E0
2.346000E1	3.624032E2	-8.468485E0
2.348000E1	3.628294E2	-7.732218E0
2.350000E1	3.622979E2	-6.433973E0
2.352000E1	3.618436E2	-4.998745E0
2.354000E1	3.620248E2	-4.696050E0
2.356000E1	3.625160E2	-4.778413E0
2.358000E1	3.627562E2	-5.114512E0
2.360000E1	3.623334E2	-5.393708E0
2.362000E1	3.628150E2	-6.201603E0
2.364000E1	3.638279E2	-6.972814E0
2.366000E1	3.638629E2	-6.960684E0
2.368000E1	3.638569E2	-5.749534E0
2.370000E1	3.643619E2	-3.887690E0
2.372000E1	3.648728E2	-3.104496E0
2.374000E1	3.649273E2	-3.883223E0
2.376000E1	3.648137E2	-5.071814E0
2.378000E1	3.648398E2	-5.412186E0
2.380000E1	3.654066E2	-4.770455E0
2.382000E1	3.664175E2	-3.657447E0
2.384000E1	3.669636E2	-3.030363E0
2.386000E1	3.674391E2	-3.290745E0
2.388000E1	3.676534E2	-4.525814E0
2.390000E1	3.681500E2	-4.902093E0
2.392000E1	3.687145E2	-4.699104E0
2.394000E1	3.690651E2	-4.520456E0
2.396000E1	3.691284E2	-4.363368E0
2.398000E1	3.695684E2	-4.354193E0
2.400000E1	3.697524E2	-4.231152E0
