	mass A		
t	x	y	
0.000000E0	4.188567E-2	-1.319329E-2
2.000000E-2	2.958526E-1	-6.295648E-1
4.000000E-2	8.848325E-1	-9.828758E-1
6.000000E-2	1.589072E0	-4.840131E-1
8.000000E-2	2.244087E0	1.164625E0
1.000000E-1	2.204722E0	3.255718E0
1.200000E-1	1.568781E0	4.814719E0
1.400000E-1	1.663659E0	5.110295E0
1.600000E-1	2.243474E0	4.169455E0
1.800000E-1	3.052339E0	2.464359E0
2.000000E-1	3.489981E0	8.562165E-1
2.200000E-1	3.500493E0	8.136021E-1
2.400000E-1	3.657681E0	2.176585E0
2.600000E-1	3.947866E0	3.303165E0
2.800000E-1	4.663204E0	2.547811E0
3.000000E-1	5.205745E0	1.615397E0
3.200000E-1	5.652871E0	1.302016E0
3.400000E-1	5.843996E0	1.345705E0
3.600000E-1	6.032211E0	1.668058E0
3.800000E-1	6.279981E0	1.675381E0
4.000000E-1	6.432043E0	1.473691E0
4.200000E-1	6.647622E0	1.471087E0
4.400000E-1	7.435416E0	1.162845E0
4.600000E-1	8.080641E0	3.305548E-1
4.800000E-1	8.103644E0	-1.176220E-1
5.000000E-1	8.386516E0	7.928085E-2
5.200000E-1	9.410988E0	9.828334E-1
5.400000E-1	1.053148E1	1.858870E0
5.600000E-1	1.085361E1	2.751181E0
5.800000E-1	1.069802E1	3.347821E0
6.000000E-1	1.079908E1	2.895317E0
6.200000E-1	1.080236E1	1.187522E0
6.400000E-1	1.136467E1	-6.118309E-1
6.600000E-1	1.187579E1	-1.367406E0
6.800000E-1	1.172478E1	-1.249164E0
7.000000E-1	1.128282E1	-5.038103E-1
7.200000E-1	1.186103E1	3.620971E-1
7.400000E-1	1.284530E1	4.170821E-1
7.600000E-1	1.310162E1	2.271307E-1
7.800000E-1	1.306539E1	-1.186899E-1
8.000000E-1	1.347581E1	-4.253956E-1
8.200000E-1	1.470407E1	-9.646358E-1
8.400000E-1	1.478398E1	-9.527817E-1
8.600000E-1	1.432866E1	-1.304545E0
8.800000E-1	1.399808E1	-1.841430E0
9.000000E-1	1.452953E1	-1.865989E0
9.200000E-1	1.542244E1	-1.495384E0
9.400000E-1	1.598658E1	-5.566712E-1
9.600000E-1	1.640703E1	8.430041E-1
9.800000E-1	1.662448E1	1.467005E0
1.000000E0	1.697685E1	1.530511E0
1.020000E0	1.695396E1	1.307143E0
1.040000E0	1.718702E1	1.354386E0
1.060000E0	1.760148E1	1.380036E0
1.080000E0	1.801906E1	1.425487E0
1.100000E0	1.880470E1	2.342644E0
1.120000E0	1.943711E1	2.798440E0
1.140000E0	1.933746E1	1.941273E0
1.160000E0	1.954105E1	1.330814E0
1.180000E0	2.022150E1	1.127102E0
1.200000E0	2.044002E1	4.532200E-1
1.220000E0	2.020233E1	5.444729E-2
1.240000E0	1.996273E1	-8.101818E-2
1.260000E0	2.030056E1	4.778079E-1
1.280000E0	2.080562E1	1.336855E0
1.300000E0	2.121428E1	1.883044E0
1.320000E0	2.170765E1	1.597555E0
1.340000E0	2.192237E1	7.836692E-1
1.360000E0	2.187705E1	3.312748E-1
1.380000E0	2.187991E1	4.649736E-1
1.400000E0	2.193336E1	7.899465E-1
1.420000E0	2.201504E1	1.104515E0
1.440000E0	2.257477E1	1.115730E0
1.460000E0	2.296979E1	4.434626E-1
1.480000E0	2.254246E1	-4.541645E-1
1.500000E0	2.291407E1	-1.096639E0
1.520000E0	2.396732E1	-7.186878E-1
1.540000E0	2.519246E1	3.082599E-1
1.560000E0	2.571242E1	1.149570E0
1.580000E0	2.537223E1	1.327256E0
1.600000E0	2.544750E1	4.870186E-1
1.620000E0	2.593019E1	-8.218945E-1
1.640000E0	2.640778E1	-1.632238E0
1.660000E0	2.676540E1	-1.671081E0
1.680000E0	2.628712E1	-3.731344E-1
1.700000E0	2.619254E1	7.772928E-1
1.720000E0	2.613925E1	9.770547E-1
1.740000E0	2.655263E1	1.722551E-1
1.760000E0	2.692881E1	-5.277960E-1
1.780000E0	2.753500E1	-8.187831E-1
1.800000E0	2.857776E1	-5.634602E-1
1.820000E0	2.881455E1	4.128941E-1
1.840000E0	2.888960E1	7.951455E-1
1.860000E0	2.873707E1	1.522963E-1
1.880000E0	2.869578E1	-3.713292E-1
1.900000E0	2.892409E1	-8.527325E-2
1.920000E0	2.920942E1	3.395543E-1
1.940000E0	2.960543E1	3.380384E-1
1.960000E0	2.984836E1	1.228604E-1
1.980000E0	3.042076E1	1.065517E-1
2.000000E0	3.068751E1	-7.474494E-3
2.020000E0	3.096311E1	-3.732182E-1
2.040000E0	3.114480E1	-2.719536E-1
2.060000E0	3.126242E1	-3.205548E-1
2.080000E0	3.168576E1	-2.450120E-1
2.100000E0	3.211207E1	-2.077909E-1
2.120000E0	3.248065E1	-2.754443E-1
2.140000E0	3.262598E1	-1.729756E-1
2.160000E0	3.283090E1	1.956306E-1
2.180000E0	3.334888E1	3.157806E-1
2.200000E0	3.368582E1	-1.472666E-1
2.220000E0	3.363096E1	-1.054271E0
2.240000E0	3.358918E1	-1.149657E0
2.260000E0	3.388182E1	-5.299502E-1
2.280000E0	3.431138E1	1.407486E-1
2.300000E0	3.468698E1	3.384554E-1
2.320000E0	3.523717E1	2.613053E-1
2.340000E0	3.559837E1	7.998132E-3
2.360000E0	3.556745E1	-1.854671E-1
2.380000E0	3.562767E1	-4.469992E-1
2.400000E0	3.588437E1	-8.914036E-1
2.420000E0	3.646971E1	-1.132637E0
2.440000E0	3.708065E1	-1.476483E0
2.460000E0	3.779154E1	-1.868089E0
2.480000E0	3.820172E1	-2.674285E0
2.500000E0	3.808774E1	-2.881172E0
2.520000E0	3.801563E1	-2.276000E0
2.540000E0	3.813111E1	-6.903324E-1
2.560000E0	3.882985E1	1.136186E0
2.580000E0	3.909113E1	1.532032E0
2.600000E0	3.844690E1	4.889739E-1
2.620000E0	3.852624E1	-1.771348E0
2.640000E0	3.943425E1	-2.989838E0
2.660000E0	4.076093E1	-2.980309E0
2.680000E0	4.087101E1	-1.351331E0
2.700000E0	4.088995E1	1.150894E0
2.720000E0	4.142552E1	2.855431E0
2.740000E0	4.168160E1	2.444046E0
2.760000E0	4.161654E1	7.724069E-1
2.780000E0	4.140360E1	-1.081881E0
2.800000E0	4.171277E1	-2.060300E0
2.820000E0	4.263581E1	-1.742279E0
2.840000E0	4.297905E1	-1.127961E0
2.860000E0	4.285011E1	-1.229753E0
2.880000E0	4.297577E1	-2.478420E0
2.900000E0	4.334778E1	-3.124741E0
2.920000E0	4.398841E1	-3.076897E0
2.940000E0	4.436114E1	-2.917429E0
2.960000E0	4.448969E1	-2.899149E0
2.980000E0	4.483319E1	-2.572205E0
3.000000E0	4.505118E1	-1.801502E0
3.020000E0	4.534019E1	-9.121979E-1
3.040000E0	4.567274E1	-3.954481E-1
3.060000E0	4.645554E1	-7.072378E-1
3.080000E0	4.699999E1	-1.304585E0
3.100000E0	4.705279E1	-1.868394E0
3.120000E0	4.701678E1	-1.402914E0
3.140000E0	4.715518E1	-9.605064E-1
3.160000E0	4.741162E1	-7.957715E-1
3.180000E0	4.779072E1	-1.272102E0
3.200000E0	4.786677E1	-1.449606E0
3.220000E0	4.794525E1	-1.323911E0
3.240000E0	4.831865E1	-1.176444E0
3.260000E0	4.911346E1	-1.589696E0
3.280000E0	4.994749E1	-1.970253E0
3.300000E0	5.024810E1	-2.047529E0
3.320000E0	5.048626E1	-1.917251E0
3.340000E0	5.084775E1	-1.535238E0
3.360000E0	5.087900E1	-1.512390E0
3.380000E0	5.094898E1	-1.779544E0
3.400000E0	5.079547E1	-2.070574E0
3.420000E0	5.075143E1	-2.303385E0
3.440000E0	5.164042E1	-2.355839E0
3.460000E0	5.202109E1	-2.889372E0
3.480000E0	5.183179E1	-3.621659E0
3.500000E0	5.183046E1	-3.969972E0
3.520000E0	5.277686E1	-2.937524E0
3.540000E0	5.377877E1	-1.090183E0
3.560000E0	5.440223E1	8.343625E-1
3.580000E0	5.502299E1	2.082631E0
3.600000E0	5.501086E1	1.351108E0
3.620000E0	5.526561E1	-6.301876E-1
3.640000E0	5.550876E1	-2.597628E0
3.660000E0	5.565229E1	-2.991217E0
3.680000E0	5.561635E1	-1.864496E0
3.700000E0	5.618763E1	-5.610090E-1
3.720000E0	5.712567E1	4.042162E-1
3.740000E0	5.759629E1	4.107254E-1
3.760000E0	5.772043E1	-5.280998E-1
3.780000E0	5.798389E1	-2.313099E0
3.800000E0	5.776961E1	-4.223560E0
3.820000E0	5.751778E1	-5.221009E0
3.840000E0	5.787320E1	-4.829827E0
3.860000E0	5.810316E1	-3.634444E0
3.880000E0	5.856484E1	-2.619729E0
3.900000E0	5.908835E1	-2.181644E0
3.920000E0	5.930602E1	-2.355214E0
3.940000E0	5.971784E1	-3.179480E0
3.960000E0	6.005161E1	-3.600110E0
3.980000E0	6.058600E1	-3.054067E0
4.000000E0	6.099252E1	-1.968902E0
4.020000E0	6.106126E1	-1.434179E0
4.040000E0	6.102718E1	-1.478617E0
4.060000E0	6.166303E1	-1.711579E0
4.080000E0	6.212930E1	-1.659663E0
4.100000E0	6.226765E1	-1.519506E0
4.120000E0	6.239786E1	-1.501479E0
4.140000E0	6.276561E1	-2.000204E0
4.160000E0	6.326299E1	-2.675364E0
4.180000E0	6.321225E1	-3.283299E0
4.200000E0	6.352109E1	-3.207960E0
4.220000E0	6.440728E1	-2.634369E0
4.240000E0	6.498807E1	-2.370613E0
4.260000E0	6.519004E1	-2.074896E0
4.280000E0	6.513259E1	-2.016223E0
4.300000E0	6.523385E1	-1.850279E0
4.320000E0	6.500548E1	-1.879379E0
4.340000E0	6.455106E1	-2.352687E0
4.360000E0	6.426363E1	-2.913647E0
4.380000E0	6.453269E1	-3.022465E0
4.400000E0	6.548554E1	-2.968631E0
4.420000E0	6.640052E1	-2.805208E0
4.440000E0	6.680398E1	-1.837692E0
4.460000E0	6.719114E1	-2.422004E-1
4.480000E0	6.810421E1	1.145800E0
4.500000E0	6.885663E1	1.542612E0
4.520000E0	6.911148E1	1.314591E0
4.540000E0	6.918066E1	1.543133E-1
4.560000E0	6.921625E1	-1.575016E0
4.580000E0	6.974629E1	-2.618692E0
4.600000E0	7.051809E1	-2.366810E0
4.620000E0	7.075799E1	-2.285448E0
4.640000E0	7.078803E1	-1.892607E0
4.660000E0	7.133530E1	-1.374123E0
4.680000E0	7.182596E1	-1.165770E0
4.700000E0	7.207203E1	-1.568888E0
4.720000E0	7.206975E1	-2.133902E0
4.740000E0	7.203997E1	-3.141977E0
4.760000E0	7.172689E1	-3.930513E0
4.780000E0	7.206503E1	-3.685305E0
4.800000E0	7.261975E1	-3.075515E0
4.820000E0	7.301004E1	-2.796536E0
4.840000E0	7.353225E1	-2.771102E0
4.860000E0	7.415876E1	-2.812558E0
4.880000E0	7.438985E1	-3.035591E0
4.900000E0	7.406295E1	-3.341449E0
4.920000E0	7.406298E1	-3.589202E0
4.940000E0	7.471003E1	-3.040259E0
4.960000E0	7.561558E1	-2.012532E0
4.980000E0	7.604407E1	-1.343823E0
5.000000E0	7.622321E1	-1.857333E0
5.020000E0	7.646325E1	-2.742367E0
5.040000E0	7.701644E1	-3.180268E0
5.060000E0	7.783184E1	-3.332645E0
5.080000E0	7.866889E1	-3.359741E0
5.100000E0	7.893853E1	-3.156832E0
5.120000E0	7.889874E1	-3.088663E0
5.140000E0	7.891773E1	-2.935685E0
5.160000E0	7.887218E1	-2.957440E0
5.180000E0	7.888761E1	-2.842191E0
5.200000E0	7.881133E1	-2.773607E0
5.220000E0	7.892316E1	-3.249516E0
5.240000E0	7.935410E1	-4.008153E0
5.260000E0	7.994277E1	-4.141789E0
5.280000E0	8.018734E1	-3.524100E0
5.300000E0	8.013504E1	-2.278392E0
5.320000E0	7.991142E1	-6.406741E-1
5.340000E0	7.918974E1	1.104723E0
5.360000E0	7.944633E1	9.459596E-1
5.380000E0	8.019720E1	-1.416200E-1
5.400000E0	8.052278E1	-2.289529E0
5.420000E0	8.065459E1	-3.718234E0
5.440000E0	8.131771E1	-3.590476E0
5.460000E0	8.270152E1	-1.437163E0
5.480000E0	8.371424E1	4.102219E-1
5.500000E0	8.457826E1	8.966910E-1
5.520000E0	8.492799E1	4.473778E-1
5.540000E0	8.483237E1	-1.031538E0
5.560000E0	8.475199E1	-3.137337E0
5.580000E0	8.452105E1	-4.572984E0
5.600000E0	8.447841E1	-4.599867E0
5.620000E0	8.452574E1	-3.475985E0
5.640000E0	8.464404E1	-1.599986E0
5.660000E0	8.547583E1	-9.494745E-2
5.680000E0	8.651675E1	1.649830E-1
5.700000E0	8.728247E1	-4.294596E-1
5.720000E0	8.717202E1	-1.879397E0
5.740000E0	8.642159E1	-3.631971E0
5.760000E0	8.593974E1	-4.677111E0
5.780000E0	8.639607E1	-4.645554E0
5.800000E0	8.675761E1	-3.425421E0
5.820000E0	8.725045E1	-2.118544E0
5.840000E0	8.785209E1	-1.878272E0
5.860000E0	8.820562E1	-2.844720E0
5.880000E0	8.830177E1	-4.056195E0
5.900000E0	8.869269E1	-4.852209E0
5.920000E0	8.921138E1	-4.859102E0
5.940000E0	9.027236E1	-4.436137E0
5.960000E0	9.152052E1	-3.658566E0
5.980000E0	9.182203E1	-3.273457E0
6.000000E0	9.155958E1	-3.037409E0
6.020000E0	9.164642E1	-3.017274E0
6.040000E0	9.255450E1	-3.039623E0
6.060000E0	9.289566E1	-2.958494E0
6.080000E0	9.257362E1	-3.348840E0
6.100000E0	9.237255E1	-3.986860E0
6.120000E0	9.265908E1	-4.290354E0
6.140000E0	9.278764E1	-4.173299E0
6.160000E0	9.298306E1	-3.486623E0
6.180000E0	9.304335E1	-2.078682E0
6.200000E0	9.283889E1	-3.041009E-1
6.220000E0	9.284392E1	6.148046E-1
6.240000E0	9.318024E1	5.072832E-1
6.260000E0	9.365392E1	-4.386024E-1
6.280000E0	9.420096E1	-1.805941E0
6.300000E0	9.478068E1	-2.937950E0
6.320000E0	9.520979E1	-2.691681E0
6.340000E0	9.492690E1	-1.008366E0
6.360000E0	9.456246E1	-1.462712E-1
6.380000E0	9.563747E1	-1.345036E0
6.400000E0	9.679882E1	-3.148147E0
6.420000E0	9.686183E1	-4.519413E0
6.440000E0	9.624467E1	-5.347231E0
6.460000E0	9.657403E1	-5.303429E0
6.480000E0	9.790468E1	-3.974344E0
6.500000E0	9.927302E1	-1.729049E0
6.520000E0	9.949470E1	6.015341E-1
6.540000E0	9.947912E1	9.785960E-1
6.560000E0	1.001726E2	-1.621741E-1
6.580000E0	1.003464E2	-2.325638E0
6.600000E0	9.995937E1	-4.438770E0
6.620000E0	9.953693E1	-5.088597E0
6.640000E0	9.948585E1	-4.316531E0
6.660000E0	9.961979E1	-2.718306E0
6.680000E0	1.001308E2	-1.068099E0
6.700000E0	1.006252E2	-4.798534E-1
6.720000E0	1.004571E2	-1.460507E0
6.740000E0	1.005258E2	-3.212600E0
6.760000E0	1.010759E2	-4.761762E0
6.780000E0	1.017497E2	-5.665335E0
6.800000E0	1.018078E2	-5.687771E0
6.820000E0	1.024430E2	-5.180580E0
6.840000E0	1.027521E2	-4.915150E0
6.860000E0	1.029926E2	-4.783295E0
6.880000E0	1.030712E2	-4.822875E0
6.900000E0	1.031864E2	-4.537111E0
6.920000E0	1.036715E2	-4.101194E0
6.940000E0	1.034991E2	-3.844346E0
6.960000E0	1.035518E2	-4.433886E0
6.980000E0	1.038406E2	-5.032907E0
7.000000E0	1.045129E2	-5.246352E0
7.020000E0	1.052204E2	-4.382343E0
7.040000E0	1.058128E2	-2.451893E0
7.060000E0	1.053201E2	-4.756776E-1
7.080000E0	1.048302E2	7.349343E-1
7.100000E0	1.051895E2	6.400757E-1
7.120000E0	1.061394E2	-5.222385E-1
7.140000E0	1.068149E2	-2.199901E0
7.160000E0	1.067609E2	-3.555050E0
7.180000E0	1.069755E2	-3.307044E0
7.200000E0	1.074476E2	-1.794297E0
7.220000E0	1.078581E2	-1.039476E0
7.240000E0	1.085507E2	-1.714895E0
7.260000E0	1.087349E2	-2.552416E0
7.280000E0	1.087782E2	-3.160573E0
7.300000E0	1.089804E2	-2.956609E0
7.320000E0	1.094488E2	-2.671464E0
7.340000E0	1.096899E2	-2.358318E0
7.360000E0	1.096978E2	-2.288950E0
7.380000E0	1.098428E2	-2.423168E0
7.400000E0	1.107328E2	-3.167645E0
7.420000E0	1.115928E2	-3.873361E0
7.440000E0	1.116622E2	-4.195500E0
7.460000E0	1.117482E2	-4.021192E0
7.480000E0	1.126969E2	-3.237740E0
7.500000E0	1.137344E2	-2.593043E0
7.520000E0	1.142542E2	-1.637077E0
7.540000E0	1.143653E2	-3.882812E-1
7.560000E0	1.142111E2	-3.294265E-1
7.580000E0	1.143150E2	-1.734008E0
7.600000E0	1.144964E2	-3.950626E0
7.620000E0	1.152478E2	-5.376662E0
7.640000E0	1.155498E2	-5.572887E0
7.660000E0	1.154086E2	-5.059373E0
7.680000E0	1.154491E2	-4.029293E0
7.700000E0	1.164169E2	-3.220797E0
7.720000E0	1.166550E2	-3.254231E0
7.740000E0	1.165963E2	-3.618725E0
7.760000E0	1.168315E2	-3.899958E0
7.780000E0	1.176887E2	-4.186896E0
7.800000E0	1.181135E2	-4.313040E0
7.820000E0	1.176174E2	-4.708620E0
7.840000E0	1.175393E2	-5.439018E0
7.860000E0	1.179925E2	-5.683349E0
7.880000E0	1.185504E2	-4.983321E0
7.900000E0	1.189992E2	-3.749191E0
7.920000E0	1.194686E2	-2.174644E0
7.940000E0	1.197085E2	-1.963090E0
7.960000E0	1.197784E2	-2.705514E0
7.980000E0	1.198320E2	-3.064967E0
8.000000E0	1.201871E2	-2.558616E0
8.020000E0	1.207843E2	-2.266908E0
8.040000E0	1.214758E2	-2.149945E0
8.060000E0	1.222814E2	-1.709813E0
8.080000E0	1.226707E2	-1.344139E0
8.100000E0	1.225863E2	-1.990929E0
8.120000E0	1.230514E2	-2.530029E0
8.140000E0	1.234063E2	-2.711903E0
8.160000E0	1.234130E2	-3.006886E0
8.180000E0	1.233586E2	-3.112096E0
8.200000E0	1.234855E2	-3.178866E0
8.220000E0	1.239064E2	-2.622779E0
8.240000E0	1.241570E2	-2.035520E0
8.260000E0	1.244420E2	-1.928227E0
8.280000E0	1.249286E2	-2.295245E0
8.300000E0	1.253249E2	-2.782495E0
8.320000E0	1.253916E2	-2.916646E0
8.340000E0	1.253213E2	-2.722583E0
8.360000E0	1.253655E2	-2.847457E0
8.380000E0	1.255738E2	-2.976659E0
8.400000E0	1.261765E2	-2.971806E0
8.420000E0	1.266756E2	-3.237794E0
8.440000E0	1.265542E2	-3.799223E0
8.460000E0	1.270169E2	-4.284265E0
8.480000E0	1.281094E2	-4.171161E0
8.500000E0	1.292771E2	-3.485115E0
8.520000E0	1.297702E2	-2.781050E0
8.540000E0	1.297414E2	-2.556851E0
8.560000E0	1.298520E2	-2.993432E0
8.580000E0	1.302099E2	-3.953161E0
8.600000E0	1.304159E2	-4.652632E0
8.620000E0	1.310116E2	-4.834774E0
8.640000E0	1.313410E2	-4.346736E0
8.660000E0	1.307434E2	-3.274734E0
8.680000E0	1.302011E2	-2.950127E0
8.700000E0	1.305192E2	-3.463256E0
8.720000E0	1.312264E2	-3.921156E0
8.740000E0	1.317201E2	-3.732452E0
8.760000E0	1.322174E2	-3.024543E0
8.780000E0	1.331130E2	-2.807114E0
8.800000E0	1.328760E2	-3.356719E0
8.820000E0	1.328535E2	-3.812573E0
8.840000E0	1.330106E2	-3.618098E0
8.860000E0	1.331214E2	-3.228914E0
8.880000E0	1.333492E2	-3.340815E0
8.900000E0	1.337136E2	-3.513926E0
8.920000E0	1.340501E2	-3.225572E0
8.940000E0	1.345119E2	-3.254122E0
8.960000E0	1.347071E2	-3.829068E0
8.980000E0	1.350649E2	-4.472294E0
9.000000E0	1.356471E2	-4.051194E0
9.020000E0	1.360225E2	-3.477456E0
9.040000E0	1.362736E2	-3.290793E0
9.060000E0	1.365400E2	-3.445734E0
9.080000E0	1.370225E2	-3.404847E0
9.100000E0	1.372336E2	-3.209440E0
9.120000E0	1.373639E2	-2.840165E0
9.140000E0	1.378528E2	-2.613613E0
9.160000E0	1.383524E2	-2.777693E0
9.180000E0	1.385102E2	-3.521446E0
9.200000E0	1.384490E2	-3.955709E0
9.220000E0	1.385394E2	-3.715799E0
9.240000E0	1.388338E2	-3.041086E0
9.260000E0	1.392454E2	-2.700133E0
9.280000E0	1.397093E2	-2.707881E0
9.300000E0	1.401243E2	-2.931697E0
9.320000E0	1.401739E2	-3.005994E0
9.340000E0	1.403479E2	-3.263536E0
9.360000E0	1.406566E2	-3.536195E0
9.380000E0	1.411642E2	-3.623759E0
9.400000E0	1.416803E2	-3.982036E0
9.420000E0	1.422410E2	-4.373138E0
9.440000E0	1.425060E2	-5.183204E0
9.460000E0	1.424006E2	-5.513558E0
9.480000E0	1.422640E2	-4.988036E0
9.500000E0	1.423258E2	-3.366099E0
9.520000E0	1.430022E2	-1.510934E0
9.540000E0	1.432978E2	-9.351297E-1
9.560000E0	1.428206E2	-1.916570E0
9.580000E0	1.428701E2	-4.139968E0
9.600000E0	1.437716E2	-5.068963E0
9.620000E0	1.448875E2	-4.869340E0
9.640000E0	1.453213E2	-3.236716E0
9.660000E0	1.450820E2	-1.008129E0
9.680000E0	1.455091E2	4.524212E-1
9.700000E0	1.458552E2	-8.698306E-2
9.720000E0	1.458979E2	-1.583745E0
9.740000E0	1.457575E2	-2.999560E0
9.760000E0	1.458446E2	-3.688366E0
9.780000E0	1.467238E2	-3.837429E0
9.800000E0	1.469678E2	-3.693707E0
9.820000E0	1.470079E2	-3.832701E0
9.840000E0	1.470613E2	-4.690144E0
9.860000E0	1.476182E2	-5.397641E0
9.880000E0	1.484113E2	-5.510882E0
9.900000E0	1.490225E2	-5.106139E0
9.920000E0	1.492136E2	-4.887370E0
9.940000E0	1.491934E2	-5.128622E0
9.960000E0	1.492488E2	-4.932432E0
9.980000E0	1.496182E2	-4.050977E0
1.000000E1	1.501770E2	-2.966744E0
1.002000E1	1.508926E2	-2.837845E0
1.004000E1	1.513493E2	-3.337916E0
1.006000E1	1.518349E2	-3.920621E0
1.008000E1	1.521228E2	-3.801307E0
1.010000E1	1.521436E2	-3.362774E0
1.012000E1	1.521487E2	-3.049323E0
1.014000E1	1.527255E2	-3.003873E0
1.016000E1	1.533493E2	-2.762980E0
1.018000E1	1.533677E2	-3.098989E0
1.020000E1	1.531481E2	-3.706361E0
1.022000E1	1.534503E2	-4.308099E0
1.024000E1	1.542869E2	-4.280685E0
1.026000E1	1.551543E2	-3.903350E0
1.028000E1	1.556581E2	-3.801186E0
1.030000E1	1.561190E2	-3.798149E0
1.032000E1	1.564689E2	-3.777988E0
1.034000E1	1.561891E2	-3.957735E0
1.036000E1	1.559553E2	-3.842624E0
1.038000E1	1.556655E2	-3.666671E0
1.040000E1	1.556939E2	-3.176284E0
1.042000E1	1.559239E2	-2.898576E0
1.044000E1	1.558259E2	-3.722162E0
1.046000E1	1.559859E2	-4.886263E0
1.048000E1	1.568328E2	-5.744191E0
1.050000E1	1.574534E2	-5.700787E0
1.052000E1	1.577639E2	-4.163204E0
1.054000E1	1.590359E2	-1.413105E0
1.056000E1	1.596200E2	6.294670E-1
1.058000E1	1.600874E2	1.308622E0
1.060000E1	1.601025E2	1.972553E-1
1.062000E1	1.601845E2	-1.970503E0
1.064000E1	1.603324E2	-3.795930E0
1.066000E1	1.611216E2	-4.230979E0
1.068000E1	1.616932E2	-3.481532E0
1.070000E1	1.618350E2	-2.051176E0
1.072000E1	1.621798E2	-1.541662E0
1.074000E1	1.628962E2	-2.064901E0
1.076000E1	1.635980E2	-2.823797E0
1.078000E1	1.637628E2	-3.163555E0
1.080000E1	1.636215E2	-3.944671E0
1.082000E1	1.632736E2	-5.362763E0
1.084000E1	1.630257E2	-5.822587E0
1.086000E1	1.634364E2	-5.094049E0
1.088000E1	1.638441E2	-3.862354E0
1.090000E1	1.646780E2	-3.628882E0
1.092000E1	1.655954E2	-3.881932E0
1.094000E1	1.658135E2	-4.385395E0
1.096000E1	1.657374E2	-4.558188E0
1.098000E1	1.657536E2	-4.350248E0
1.100000E1	1.658734E2	-4.060278E0
1.102000E1	1.665056E2	-3.423443E0
1.104000E1	1.671234E2	-2.672260E0
1.106000E1	1.676535E2	-2.458635E0
1.108000E1	1.679839E2	-2.783943E0
1.110000E1	1.685375E2	-3.859067E0
1.112000E1	1.690606E2	-4.299424E0
1.114000E1	1.693973E2	-4.260158E0
1.116000E1	1.700403E2	-3.914310E0
1.118000E1	1.707279E2	-3.525874E0
1.120000E1	1.705822E2	-3.936235E0
1.122000E1	1.702393E2	-4.430199E0
1.124000E1	1.701760E2	-4.454319E0
1.126000E1	1.708370E2	-4.126908E0
1.128000E1	1.716127E2	-3.341466E0
1.130000E1	1.715806E2	-3.381767E0
1.132000E1	1.713455E2	-4.177761E0
1.134000E1	1.713835E2	-4.799662E0
1.136000E1	1.714516E2	-4.913059E0
1.138000E1	1.714773E2	-3.832495E0
1.140000E1	1.714565E2	-2.052110E0
1.142000E1	1.721232E2	-8.835520E-1
1.144000E1	1.723241E2	-7.917639E-1
1.146000E1	1.728870E2	-1.939675E0
1.148000E1	1.729110E2	-4.054569E0
1.150000E1	1.734503E2	-4.615738E0
1.152000E1	1.745139E2	-3.487510E0
1.154000E1	1.761846E2	-1.566823E0
1.156000E1	1.771414E2	-6.242132E-2
1.158000E1	1.775517E2	1.886610E-2
1.160000E1	1.778028E2	-1.207590E0
1.162000E1	1.780200E2	-2.998863E0
1.164000E1	1.780170E2	-4.587377E0
1.166000E1	1.780176E2	-5.116079E0
1.168000E1	1.781963E2	-4.757893E0
1.170000E1	1.784872E2	-4.246265E0
1.172000E1	1.783403E2	-3.120273E0
1.174000E1	1.784293E2	-1.829654E0
1.176000E1	1.791345E2	-1.505345E0
1.178000E1	1.803085E2	-2.099054E0
1.180000E1	1.809885E2	-2.906908E0
1.182000E1	1.807372E2	-4.096208E0
1.184000E1	1.800452E2	-5.110203E0
1.186000E1	1.800368E2	-5.201119E0
1.188000E1	1.804563E2	-4.812291E0
1.190000E1	1.809279E2	-3.955642E0
1.192000E1	1.813842E2	-3.466321E0
1.194000E1	1.817569E2	-3.644508E0
1.196000E1	1.818546E2	-4.378923E0
1.198000E1	1.820994E2	-5.152196E0
1.200000E1	1.826475E2	-5.308887E0
1.202000E1	1.831711E2	-4.970040E0
1.204000E1	1.842670E2	-4.408384E0
1.206000E1	1.853238E2	-3.903585E0
1.208000E1	1.854871E2	-3.891098E0
1.210000E1	1.854569E2	-3.864425E0
1.212000E1	1.855096E2	-3.851181E0
1.214000E1	1.858522E2	-3.632232E0
1.216000E1	1.857756E2	-3.349812E0
1.218000E1	1.857842E2	-3.815657E0
1.220000E1	1.858643E2	-4.654693E0
1.222000E1	1.857811E2	-5.228770E0
1.224000E1	1.856994E2	-4.937800E0
1.226000E1	1.862016E2	-3.639810E0
1.228000E1	1.866367E2	-1.695459E0
1.230000E1	1.861571E2	-6.631474E-2
1.232000E1	1.860737E2	5.049416E-1
1.234000E1	1.864881E2	-8.707210E-2
1.236000E1	1.871132E2	-1.436034E0
1.238000E1	1.874813E2	-2.773887E0
1.240000E1	1.881172E2	-3.121354E0
1.242000E1	1.884549E2	-2.100912E0
1.244000E1	1.892116E2	-1.710466E0
1.246000E1	1.897692E2	-2.984407E0
1.248000E1	1.900031E2	-4.810517E0
1.250000E1	1.904788E2	-5.617613E0
1.252000E1	1.915469E2	-4.825704E0
1.254000E1	1.930084E2	-3.121548E0
1.256000E1	1.934944E2	-1.294365E0
1.258000E1	1.933215E2	-3.941079E-1
1.260000E1	1.927832E2	-1.026515E0
1.262000E1	1.928633E2	-3.021667E0
1.264000E1	1.938208E2	-5.081822E0
1.266000E1	1.943181E2	-5.168777E0
1.268000E1	1.946949E2	-4.163612E0
1.270000E1	1.948963E2	-2.547629E0
1.272000E1	1.950741E2	-1.194446E0
1.274000E1	1.949353E2	-1.322987E0
1.276000E1	1.948961E2	-2.428924E0
1.278000E1	1.951571E2	-3.516429E0
1.280000E1	1.955525E2	-4.228435E0
1.282000E1	1.960257E2	-4.567591E0
1.284000E1	1.961619E2	-4.504437E0
1.286000E1	1.965122E2	-4.615781E0
1.288000E1	1.966285E2	-4.796704E0
1.290000E1	1.969143E2	-5.108382E0
1.292000E1	1.978155E2	-5.239596E0
1.294000E1	1.986188E2	-4.862515E0
1.296000E1	1.989189E2	-4.623236E0
1.298000E1	1.987908E2	-4.542149E0
1.300000E1	1.989477E2	-4.572680E0
1.302000E1	1.996183E2	-4.257069E0
1.304000E1	2.003773E2	-3.575851E0
1.306000E1	2.003884E2	-3.647665E0
1.308000E1	2.003418E2	-4.373029E0
1.310000E1	2.004462E2	-4.790316E0
1.312000E1	2.012539E2	-4.668980E0
1.314000E1	2.018786E2	-3.999619E0
1.316000E1	2.018712E2	-2.402237E0
1.318000E1	2.010379E2	-3.818043E-1
1.320000E1	2.007242E2	8.463277E-1
1.322000E1	2.010651E2	4.721390E-1
1.324000E1	2.016765E2	-1.496750E0
1.326000E1	2.022809E2	-3.841689E0
1.328000E1	2.033569E2	-4.088529E0
1.330000E1	2.041976E2	-2.467777E0
1.332000E1	2.043754E2	-6.831931E-1
1.334000E1	2.043119E2	-3.837148E-1
1.336000E1	2.050931E2	-1.457845E0
1.338000E1	2.051565E2	-2.927034E0
1.340000E1	2.050920E2	-3.614381E0
1.342000E1	2.055525E2	-3.409691E0
1.344000E1	2.063129E2	-3.073961E0
1.346000E1	2.067973E2	-2.905238E0
1.348000E1	2.062147E2	-3.390658E0
1.350000E1	2.062083E2	-4.034130E0
1.352000E1	2.074061E2	-3.887728E0
1.354000E1	2.095860E2	-3.039650E0
1.356000E1	2.104828E2	-1.450219E0
1.358000E1	2.100009E2	-3.256578E-1
1.360000E1	2.092994E2	-8.052203E-1
1.362000E1	2.087842E2	-2.579107E0
1.364000E1	2.090380E2	-4.463317E0
1.366000E1	2.096955E2	-4.689587E0
1.368000E1	2.097041E2	-3.648524E0
1.370000E1	2.091767E2	-2.252985E0
1.372000E1	2.093439E2	-2.078957E0
1.374000E1	2.101068E2	-2.907845E0
1.376000E1	2.105768E2	-4.085095E0
1.378000E1	2.109673E2	-4.923828E0
1.380000E1	2.117993E2	-4.916501E0
1.382000E1	2.126177E2	-4.800872E0
1.384000E1	2.126728E2	-4.605716E0
1.386000E1	2.126126E2	-4.643163E0
1.388000E1	2.126473E2	-4.715376E0
1.390000E1	2.129598E2	-4.362748E0
1.392000E1	2.129645E2	-4.078393E0
1.394000E1	2.126711E2	-4.628023E0
1.396000E1	2.129184E2	-5.308343E0
1.398000E1	2.134432E2	-5.347173E0
1.400000E1	2.139441E2	-4.496694E0
1.402000E1	2.146535E2	-2.828101E0
1.404000E1	2.148464E2	-1.311679E0
1.406000E1	2.147476E2	-4.693935E-1
1.408000E1	2.148536E2	-4.726885E-1
1.410000E1	2.153188E2	-1.458968E0
1.412000E1	2.162110E2	-2.751813E0
1.414000E1	2.168445E2	-3.871308E0
1.416000E1	2.173425E2	-3.307318E0
1.418000E1	2.175941E2	-1.739340E0
1.420000E1	2.175234E2	-3.422704E-1
1.422000E1	2.176209E2	-7.245899E-1
1.424000E1	2.180361E2	-2.753253E0
1.426000E1	2.179676E2	-4.425737E0
1.428000E1	2.181341E2	-4.417028E0
1.430000E1	2.188017E2	-3.082478E0
1.432000E1	2.195695E2	-2.308959E0
1.434000E1	2.199593E2	-2.266520E0
1.436000E1	2.198603E2	-2.556402E0
1.438000E1	2.198974E2	-2.712761E0
1.440000E1	2.203590E2	-2.777635E0
1.442000E1	2.205921E2	-2.917600E0
1.444000E1	2.209732E2	-3.052095E0
1.446000E1	2.213687E2	-3.183072E0
1.448000E1	2.215187E2	-3.694932E0
1.450000E1	2.214423E2	-4.036967E0
1.452000E1	2.213693E2	-4.259538E0
1.454000E1	2.218282E2	-4.290560E0
1.456000E1	2.226552E2	-3.929296E0
1.458000E1	2.234745E2	-3.203917E0
1.460000E1	2.242527E2	-2.760466E0
1.462000E1	2.246297E2	-2.595424E0
1.464000E1	2.247914E2	-3.023890E0
1.466000E1	2.250351E2	-3.928782E0
1.468000E1	2.257123E2	-4.714341E0
1.470000E1	2.260891E2	-5.352888E0
1.472000E1	2.263493E2	-5.249001E0
1.474000E1	2.257974E2	-4.873521E0
1.476000E1	2.252084E2	-3.859067E0
1.478000E1	2.257091E2	-3.118906E0
1.480000E1	2.259553E2	-3.111524E0
1.482000E1	2.258739E2	-3.533819E0
1.484000E1	2.263140E2	-4.141792E0
1.486000E1	2.270687E2	-4.521739E0
1.488000E1	2.279921E2	-4.672024E0
1.490000E1	2.280598E2	-3.580072E0
1.492000E1	2.280203E2	-2.665481E0
1.494000E1	2.282480E2	-2.889380E0
1.496000E1	2.282045E2	-3.577205E0
1.498000E1	2.281867E2	-3.897568E0
1.500000E1	2.286102E2	-3.539451E0
1.502000E1	2.290754E2	-3.228899E0
1.504000E1	2.296765E2	-2.947499E0
1.506000E1	2.302765E2	-2.871055E0
1.508000E1	2.306079E2	-3.168623E0
1.510000E1	2.309779E2	-3.567263E0
1.512000E1	2.312516E2	-3.319730E0
1.514000E1	2.317813E2	-3.254045E0
1.516000E1	2.319589E2	-3.336150E0
1.518000E1	2.320116E2	-3.508686E0
1.520000E1	2.324186E2	-3.128615E0
1.522000E1	2.325755E2	-2.632278E0
1.524000E1	2.325947E2	-2.398849E0
1.526000E1	2.328663E2	-2.720020E0
1.528000E1	2.330020E2	-3.584016E0
1.530000E1	2.334709E2	-3.809422E0
1.532000E1	2.342979E2	-3.400315E0
1.534000E1	2.344887E2	-2.984898E0
1.536000E1	2.343377E2	-2.725661E0
1.538000E1	2.343733E2	-2.777554E0
1.540000E1	2.348958E2	-2.645405E0
1.542000E1	2.351202E2	-2.413206E0
1.544000E1	2.349961E2	-2.348984E0
1.546000E1	2.350255E2	-2.917780E0
1.548000E1	2.357934E2	-3.924269E0
1.550000E1	2.366482E2	-4.830167E0
1.552000E1	2.367130E2	-5.678724E0
1.554000E1	2.370343E2	-5.707173E0
1.556000E1	2.382608E2	-5.076838E0
1.558000E1	2.394225E2	-4.123761E0
1.560000E1	2.396438E2	-3.260138E0
1.562000E1	2.387943E2	-2.662220E0
1.564000E1	2.387314E2	-2.760677E0
1.566000E1	2.394826E2	-3.314065E0
1.568000E1	2.400816E2	-4.144898E0
1.570000E1	2.398632E2	-4.706444E0
1.572000E1	2.402729E2	-5.081103E0
1.574000E1	2.408133E2	-4.908464E0
1.576000E1	2.405177E2	-3.847860E0
1.578000E1	2.411533E2	-2.578595E0
1.580000E1	2.422455E2	-1.314590E0
1.582000E1	2.423435E2	-7.374973E-1
1.584000E1	2.421213E2	-1.310024E0
1.586000E1	2.421775E2	-3.285730E0
1.588000E1	2.427080E2	-4.910069E0
1.590000E1	2.431840E2	-4.744051E0
1.592000E1	2.433869E2	-3.542156E0
1.594000E1	2.434132E2	-3.357026E0
1.596000E1	2.439571E2	-4.129203E0
1.598000E1	2.440990E2	-5.141514E0
1.600000E1	2.444539E2	-5.495683E0
1.602000E1	2.451878E2	-5.288546E0
1.604000E1	2.457606E2	-5.081269E0
1.606000E1	2.460954E2	-4.718481E0
1.608000E1	2.462592E2	-4.465502E0
1.610000E1	2.462449E2	-4.092096E0
1.612000E1	2.463076E2	-3.543321E0
1.614000E1	2.467989E2	-3.243155E0
1.616000E1	2.475328E2	-3.363131E0
1.618000E1	2.479446E2	-4.001964E0
1.620000E1	2.480357E2	-4.268161E0
1.622000E1	2.480506E2	-4.291393E0
1.624000E1	2.481645E2	-3.629427E0
1.626000E1	2.479311E2	-3.211318E0
1.628000E1	2.481638E2	-3.376917E0
1.630000E1	2.486046E2	-3.656955E0
1.632000E1	2.492491E2	-3.837517E0
1.634000E1	2.495203E2	-3.932344E0
1.636000E1	2.500441E2	-4.116831E0
1.638000E1	2.505202E2	-3.871715E0
1.640000E1	2.506239E2	-3.770439E0
1.642000E1	2.509224E2	-3.736744E0
1.644000E1	2.513658E2	-3.796845E0
1.646000E1	2.514370E2	-4.281579E0
1.648000E1	2.514509E2	-4.736520E0
1.650000E1	2.514931E2	-5.240868E0
1.652000E1	2.521140E2	-5.291065E0
1.654000E1	2.526697E2	-4.795888E0
1.656000E1	2.527421E2	-4.008992E0
1.658000E1	2.524663E2	-3.025731E0
1.660000E1	2.528511E2	-2.466675E0
1.662000E1	2.533968E2	-2.637733E0
1.664000E1	2.539847E2	-3.063270E0
1.666000E1	2.545551E2	-3.010319E0
1.668000E1	2.549197E2	-2.641441E0
1.670000E1	2.548959E2	-2.581660E0
1.672000E1	2.548904E2	-2.602856E0
1.674000E1	2.547776E2	-2.269056E0
1.676000E1	2.548600E2	-2.049142E0
1.678000E1	2.552434E2	-2.176656E0
1.680000E1	2.557008E2	-2.609189E0
1.682000E1	2.563937E2	-2.648141E0
1.684000E1	2.566337E2	-2.921161E0
1.686000E1	2.570542E2	-4.360446E0
1.688000E1	2.573712E2	-5.316262E0
1.690000E1	2.574637E2	-5.147133E0
1.692000E1	2.576057E2	-4.805750E0
1.694000E1	2.580766E2	-4.908175E0
1.696000E1	2.587003E2	-5.051975E0
1.698000E1	2.588322E2	-4.757143E0
1.700000E1	2.588294E2	-4.413138E0
1.702000E1	2.591814E2	-4.199743E0
1.704000E1	2.601074E2	-4.458062E0
1.706000E1	2.610153E2	-4.430105E0
1.708000E1	2.614953E2	-4.013983E0
1.710000E1	2.617360E2	-3.556626E0
1.712000E1	2.617098E2	-3.560113E0
1.714000E1	2.617643E2	-3.733088E0
1.716000E1	2.623225E2	-3.566527E0
1.718000E1	2.629565E2	-2.945258E0
1.720000E1	2.632596E2	-2.526948E0
1.722000E1	2.633025E2	-2.472758E0
1.724000E1	2.635238E2	-2.908369E0
1.726000E1	2.639398E2	-4.151073E0
1.728000E1	2.642898E2	-4.790285E0
1.730000E1	2.642328E2	-4.816787E0
1.732000E1	2.649849E2	-4.150732E0
1.734000E1	2.661171E2	-3.460841E0
1.736000E1	2.666157E2	-3.518787E0
1.738000E1	2.664374E2	-3.682959E0
1.740000E1	2.659732E2	-3.720066E0
1.742000E1	2.659969E2	-3.243793E0
1.744000E1	2.660043E2	-2.944456E0
1.746000E1	2.655244E2	-3.248956E0
1.748000E1	2.651938E2	-3.809222E0
1.750000E1	2.656773E2	-4.279663E0
1.752000E1	2.664870E2	-4.852888E0
1.754000E1	2.670643E2	-4.860517E0
1.756000E1	2.675687E2	-2.933278E0
1.758000E1	2.681206E2	-6.092784E-1
1.760000E1	2.688630E2	9.907215E-1
1.762000E1	2.689293E2	8.281936E-1
1.764000E1	2.689517E2	-7.242097E-1
1.766000E1	2.689854E2	-2.513719E0
1.768000E1	2.694891E2	-3.649058E0
1.770000E1	2.699848E2	-3.580948E0
1.772000E1	2.704594E2	-2.803451E0
1.774000E1	2.707306E2	-2.317919E0
1.776000E1	2.714324E2	-2.001447E0
1.778000E1	2.722781E2	-1.884744E0
1.780000E1	2.727176E2	-2.238040E0
1.782000E1	2.727219E2	-3.013544E0
1.784000E1	2.724022E2	-4.265200E0
1.786000E1	2.720819E2	-5.318526E0
1.788000E1	2.721576E2	-5.036308E0
1.790000E1	2.725007E2	-4.095842E0
1.792000E1	2.727667E2	-3.805586E0
1.794000E1	2.735280E2	-4.256692E0
1.796000E1	2.744279E2	-4.629135E0
1.798000E1	2.744246E2	-4.617050E0
1.800000E1	2.742008E2	-4.393146E0
1.802000E1	2.739201E2	-4.503215E0
1.804000E1	2.744435E2	-4.466662E0
1.806000E1	2.753980E2	-3.761545E0
1.808000E1	2.758545E2	-2.876449E0
1.810000E1	2.761521E2	-2.466746E0
1.812000E1	2.765588E2	-3.044488E0
1.814000E1	2.772118E2	-3.888181E0
1.816000E1	2.780140E2	-4.337989E0
1.818000E1	2.780344E2	-4.343512E0
1.820000E1	2.785103E2	-3.769427E0
1.822000E1	2.795309E2	-3.019058E0
1.824000E1	2.800227E2	-2.963294E0
1.826000E1	2.797726E2	-3.673137E0
1.828000E1	2.790715E2	-4.274347E0
1.830000E1	2.791901E2	-4.389721E0
1.832000E1	2.801036E2	-3.655877E0
1.834000E1	2.802521E2	-3.283949E0
1.836000E1	2.802933E2	-3.948503E0
1.838000E1	2.803227E2	-4.611750E0
1.840000E1	2.806952E2	-4.623749E0
1.842000E1	2.807417E2	-3.856652E0
1.844000E1	2.806786E2	-2.756273E0
1.846000E1	2.797322E2	-6.296188E-1
1.848000E1	2.798398E2	1.538090E-1
1.850000E1	2.802870E2	-3.041118E-1
1.852000E1	2.807595E2	-2.116747E0
1.854000E1	2.810619E2	-4.230824E0
1.856000E1	2.813967E2	-4.592437E0
1.858000E1	2.823194E2	-3.413619E0
1.860000E1	2.833548E2	-1.904359E0
1.862000E1	2.848647E2	-1.379583E0
1.864000E1	2.858627E2	-1.451780E0
1.866000E1	2.859687E2	-1.874571E0
1.868000E1	2.859208E2	-2.367099E0
1.870000E1	2.860198E2	-3.214742E0
1.872000E1	2.858863E2	-4.606982E0
1.874000E1	2.856532E2	-5.138689E0
1.876000E1	2.856807E2	-4.502484E0
1.878000E1	2.857022E2	-3.345816E0
1.880000E1	2.862543E2	-2.306294E0
1.882000E1	2.874932E2	-1.736470E0
1.884000E1	2.880319E2	-2.104903E0
1.886000E1	2.879326E2	-2.755720E0
1.888000E1	2.874612E2	-3.630889E0
1.890000E1	2.869821E2	-5.083276E0
1.892000E1	2.869672E2	-5.460700E0
1.894000E1	2.872057E2	-4.821760E0
1.896000E1	2.875788E2	-3.368444E0
1.898000E1	2.879759E2	-3.026102E0
1.900000E1	2.885456E2	-3.622759E0
1.902000E1	2.888891E2	-4.459692E0
1.904000E1	2.891512E2	-5.162679E0
1.906000E1	2.896798E2	-5.602970E0
1.908000E1	2.903906E2	-5.300003E0
1.910000E1	2.916269E2	-4.510268E0
1.912000E1	2.922052E2	-3.691060E0
1.914000E1	2.922284E2	-3.448985E0
1.916000E1	2.924248E2	-3.323139E0
1.918000E1	2.932078E2	-3.409261E0
1.920000E1	2.932787E2	-3.492995E0
1.922000E1	2.930079E2	-4.176806E0
1.924000E1	2.928080E2	-4.813308E0
1.926000E1	2.933155E2	-4.711334E0
1.928000E1	2.935330E2	-4.381412E0
1.930000E1	2.934228E2	-3.660764E0
1.932000E1	2.930910E2	-2.178459E0
1.934000E1	2.931670E2	-1.016754E0
1.936000E1	2.936118E2	-8.887915E-1
1.938000E1	2.940118E2	-1.522596E0
1.940000E1	2.944635E2	-2.430574E0
1.942000E1	2.949122E2	-3.149439E0
1.944000E1	2.952880E2	-3.051248E0
1.946000E1	2.953792E2	-1.923433E0
1.948000E1	2.949803E2	-8.766190E-1
1.950000E1	2.954883E2	-1.812984E0
1.952000E1	2.968294E2	-3.765173E0
1.954000E1	2.971868E2	-4.856084E0
1.956000E1	2.968206E2	-4.953099E0
1.958000E1	2.971503E2	-4.576823E0
1.960000E1	2.980072E2	-3.969254E0
1.962000E1	2.996077E2	-3.468333E0
1.964000E1	3.001639E2	-2.507641E0
1.966000E1	3.002113E2	-1.217974E0
1.968000E1	3.002574E2	-1.043449E0
1.970000E1	3.012200E2	-1.950557E0
1.972000E1	3.015955E2	-3.636120E0
1.974000E1	3.011445E2	-4.523572E0
1.976000E1	3.011078E2	-4.321604E0
1.978000E1	3.013612E2	-3.559831E0
1.980000E1	3.013967E2	-2.832835E0
1.982000E1	3.016527E2	-2.463259E0
1.984000E1	3.017820E2	-2.069559E0
1.986000E1	3.017926E2	-2.511311E0
1.988000E1	3.018034E2	-3.484040E0
1.990000E1	3.025129E2	-4.434805E0
1.992000E1	3.033515E2	-5.011569E0
1.994000E1	3.034122E2	-4.981009E0
1.996000E1	3.039171E2	-4.909226E0
1.998000E1	3.047439E2	-4.620192E0
2.000000E1	3.053467E2	-4.415217E0
2.002000E1	3.053654E2	-4.442559E0
2.004000E1	3.052797E2	-4.588628E0
2.006000E1	3.055355E2	-4.334044E0
2.008000E1	3.060398E2	-3.596265E0
2.010000E1	3.059860E2	-3.361943E0
2.012000E1	3.060025E2	-4.102677E0
2.014000E1	3.063527E2	-4.830066E0
2.016000E1	3.071243E2	-4.914790E0
2.018000E1	3.078498E2	-3.754950E0
2.020000E1	3.083812E2	-1.684793E0
2.022000E1	3.075550E2	-1.891102E-1
2.024000E1	3.072862E2	5.851849E-1
2.026000E1	3.079093E2	1.346848E-1
2.028000E1	3.086719E2	-1.297612E0
2.030000E1	3.090499E2	-3.027545E0
2.032000E1	3.092255E2	-3.498260E0
2.034000E1	3.093071E2	-2.462815E0
2.036000E1	3.097517E2	-1.181136E0
2.038000E1	3.103444E2	-1.206840E0
2.040000E1	3.110789E2	-2.386774E0
2.042000E1	3.112529E2	-2.968073E0
2.044000E1	3.114263E2	-2.978197E0
2.046000E1	3.115277E2	-2.736348E0
2.048000E1	3.118607E2	-2.756617E0
2.050000E1	3.120602E2	-2.982711E0
2.052000E1	3.120027E2	-3.038094E0
2.054000E1	3.120798E2	-3.119054E0
2.056000E1	3.126265E2	-3.701125E0
2.058000E1	3.135547E2	-4.086455E0
2.060000E1	3.146501E2	-3.748305E0
2.062000E1	3.159040E2	-3.124278E0
2.064000E1	3.163133E2	-2.309681E0
2.066000E1	3.160611E2	-1.394980E0
2.068000E1	3.158146E2	-1.176911E0
2.070000E1	3.158326E2	-1.860834E0
2.072000E1	3.161962E2	-3.199422E0
2.074000E1	3.165057E2	-4.410790E0
2.076000E1	3.169660E2	-4.715698E0
2.078000E1	3.169569E2	-4.728448E0
2.080000E1	3.168704E2	-4.245115E0
2.082000E1	3.171305E2	-4.012931E0
2.084000E1	3.179200E2	-3.912432E0
2.086000E1	3.186862E2	-3.954304E0
2.088000E1	3.189008E2	-4.125773E0
2.090000E1	3.187743E2	-4.411005E0
2.092000E1	3.192415E2	-4.805186E0
2.094000E1	3.195745E2	-4.754037E0
2.096000E1	3.196502E2	-4.147384E0
2.098000E1	3.194629E2	-3.991030E0
2.100000E1	3.195054E2	-4.822639E0
2.102000E1	3.200416E2	-5.602736E0
2.104000E1	3.203650E2	-5.122919E0
2.106000E1	3.206805E2	-3.695187E0
2.108000E1	3.212763E2	-2.194828E0
2.110000E1	3.213699E2	-2.042382E0
2.112000E1	3.214197E2	-2.823479E0
2.114000E1	3.214819E2	-3.164602E0
2.116000E1	3.218847E2	-2.911670E0
2.118000E1	3.225741E2	-2.616739E0
2.120000E1	3.232534E2	-2.381522E0
2.122000E1	3.239974E2	-2.095203E0
2.124000E1	3.245114E2	-1.610332E0
2.126000E1	3.246489E2	-1.730710E0
2.128000E1	3.249551E2	-2.870368E0
2.130000E1	3.254607E2	-3.072639E0
2.132000E1	3.256093E2	-3.285215E0
2.134000E1	3.256570E2	-3.452376E0
2.136000E1	3.256409E2	-3.604180E0
2.138000E1	3.259279E2	-3.294140E0
2.140000E1	3.260707E2	-2.721275E0
2.142000E1	3.264719E2	-2.374589E0
2.144000E1	3.269945E2	-2.631990E0
2.146000E1	3.274918E2	-3.123573E0
2.148000E1	3.275841E2	-3.162753E0
2.150000E1	3.277525E2	-3.027193E0
2.152000E1	3.276474E2	-2.957370E0
2.154000E1	3.275333E2	-2.983531E0
2.156000E1	3.276291E2	-3.049344E0
2.158000E1	3.282114E2	-3.097302E0
2.160000E1	3.281639E2	-3.795746E0
2.162000E1	3.280389E2	-4.127363E0
2.164000E1	3.288694E2	-4.286766E0
2.166000E1	3.301197E2	-3.893407E0
2.168000E1	3.311314E2	-3.100617E0
2.170000E1	3.313977E2	-2.500315E0
2.172000E1	3.313057E2	-2.616287E0
2.174000E1	3.311597E2	-3.649119E0
2.176000E1	3.316105E2	-4.565342E0
2.178000E1	3.320127E2	-5.022873E0
2.180000E1	3.323664E2	-4.827583E0
2.182000E1	3.319967E2	-3.541084E0
2.184000E1	3.315237E2	-2.734932E0
2.186000E1	3.316061E2	-2.975445E0
2.188000E1	3.321712E2	-3.786391E0
2.190000E1	3.326075E2	-3.941321E0
2.192000E1	3.330661E2	-3.666937E0
2.194000E1	3.339418E2	-2.988534E0
2.196000E1	3.339345E2	-3.027120E0
2.198000E1	3.338426E2	-3.655376E0
2.200000E1	3.338265E2	-3.627106E0
2.202000E1	3.339358E2	-3.466941E0
2.204000E1	3.342455E2	-3.347607E0
2.206000E1	3.345922E2	-3.334621E0
2.208000E1	3.350758E2	-3.259357E0
2.210000E1	3.355672E2	-3.152593E0
2.212000E1	3.360854E2	-3.181305E0
2.214000E1	3.366064E2	-3.744233E0
2.216000E1	3.371957E2	-3.736537E0
2.218000E1	3.375575E2	-3.252534E0
2.220000E1	3.377939E2	-3.189279E0
2.222000E1	3.382487E2	-3.181774E0
2.224000E1	3.387226E2	-3.184887E0
2.226000E1	3.389480E2	-3.005661E0
2.228000E1	3.390296E2	-2.540905E0
2.230000E1	3.394681E2	-2.187201E0
2.232000E1	3.401872E2	-2.192663E0
2.234000E1	3.405545E2	-2.875915E0
2.236000E1	3.405524E2	-3.694687E0
2.238000E1	3.405629E2	-3.631361E0
2.240000E1	3.407350E2	-2.906342E0
2.242000E1	3.409491E2	-2.478371E0
2.244000E1	3.415191E2	-2.545003E0
2.246000E1	3.420410E2	-2.586538E0
2.248000E1	3.425296E2	-2.607639E0
2.250000E1	3.425604E2	-2.596953E0
2.252000E1	3.426029E2	-2.705096E0
2.254000E1	3.428689E2	-3.269732E0
2.256000E1	3.433890E2	-3.418169E0
2.258000E1	3.436237E2	-3.781033E0
2.260000E1	3.440614E2	-3.885508E0
2.262000E1	3.446615E2	-4.225803E0
2.264000E1	3.445594E2	-4.948045E0
2.266000E1	3.447443E2	-5.195304E0
2.268000E1	3.452108E2	-4.880382E0
2.270000E1	3.456766E2	-3.365026E0
2.272000E1	3.462872E2	-1.741404E0
2.274000E1	3.461256E2	-1.539510E0
2.276000E1	3.455339E2	-2.394465E0
2.278000E1	3.459545E2	-4.010763E0
2.280000E1	3.468832E2	-4.657733E0
2.282000E1	3.474849E2	-4.092373E0
2.284000E1	3.480484E2	-2.801877E0
2.286000E1	3.479750E2	-1.354007E0
2.288000E1	3.480622E2	-5.349056E-1
2.290000E1	3.483841E2	-7.135044E-1
2.292000E1	3.483778E2	-1.645423E0
2.294000E1	3.484026E2	-2.702217E0
2.296000E1	3.483929E2	-3.432481E0
2.298000E1	3.490220E2	-3.890691E0
2.300000E1	3.495247E2	-4.061433E0
2.302000E1	3.495559E2	-4.545539E0
2.304000E1	3.496615E2	-4.878667E0
2.306000E1	3.501892E2	-5.322221E0
2.308000E1	3.507829E2	-5.398710E0
2.310000E1	3.512921E2	-5.360467E0
2.312000E1	3.514002E2	-5.461516E0
2.314000E1	3.514107E2	-5.522867E0
2.316000E1	3.515090E2	-4.956220E0
2.318000E1	3.517977E2	-3.999185E0
2.320000E1	3.526184E2	-3.428479E0
2.322000E1	3.535767E2	-3.703654E0
2.324000E1	3.540850E2	-4.374966E0
2.326000E1	3.545059E2	-4.593342E0
2.328000E1	3.544071E2	-4.283858E0
2.330000E1	3.543681E2	-3.588124E0
2.332000E1	3.547245E2	-3.494607E0
2.334000E1	3.554497E2	-3.354029E0
2.336000E1	3.557258E2	-3.151724E0
2.338000E1	3.553839E2	-3.524153E0
2.340000E1	3.554299E2	-4.233636E0
2.342000E1	3.562255E2	-4.647547E0
2.344000E1	3.572659E2	-4.581729E0
2.346000E1	3.578732E2	-4.194877E0
2.348000E1	3.583145E2	-3.991988E0
2.350000E1	3.586893E2	-3.688683E0
2.352000E1	3.586393E2	-3.751741E0
2.354000E1	3.585370E2	-3.866217E0
2.356000E1	3.582032E2	-3.976728E0
2.358000E1	3.578002E2	-4.017552E0
2.360000E1	3.581688E2	-3.643483E0
2.362000E1	3.585526E2	-4.003431E0
2.364000E1	3.587562E2	-5.135834E0
2.366000E1	3.589873E2	-6.351181E0
2.368000E1	3.596062E2	-6.269866E0
2.370000E1	3.600298E2	-4.677049E0
2.372000E1	3.609623E2	-2.224631E0
2.374000E1	3.621851E2	-4.718424E-2
2.376000E1	3.623839E2	8.739620E-1
2.378000E1	3.624691E2	3.696398E-1
2.380000E1	3.625418E2	-1.439140E0
2.382000E1	3.625539E2	-3.165292E0
2.384000E1	3.629511E2	-4.053386E0
2.386000E1	3.636113E2	-3.963511E0
2.388000E1	3.640744E2	-3.115064E0
2.390000E1	3.644462E2	-2.121328E0
2.392000E1	3.649596E2	-1.815853E0
2.394000E1	3.658196E2	-2.115113E0
2.396000E1	3.663441E2	-2.910644E0
2.398000E1	3.664700E2	-3.639516E0
2.400000E1	3.661421E2	-4.728171E0
