	mass A		
t	x	y	
0.000000E0	2.282987E-2	9.969469E-3
2.000000E-2	2.282987E-2	9.969469E-3
4.000000E-2	5.193155E-1	2.265679E-1
6.000000E-2	1.247733E0	-1.040036E0
8.000000E-2	1.736942E0	-2.606213E0
1.000000E-1	2.054775E0	-3.078833E0
1.200000E-1	2.940396E0	-2.414595E0
1.400000E-1	4.158710E0	-1.045842E0
1.600000E-1	4.611829E0	5.007252E-1
1.800000E-1	4.377774E0	1.416417E0
2.000000E-1	4.095651E0	1.398311E0
2.200000E-1	4.117096E0	-1.032622E-2
2.400000E-1	4.826219E0	-2.160715E0
2.600000E-1	5.338571E0	-3.013321E0
2.800000E-1	5.529758E0	-2.805531E0
3.000000E-1	5.450275E0	-1.494908E0
3.200000E-1	5.719723E0	3.868817E-1
3.400000E-1	5.819660E0	1.201102E0
3.600000E-1	5.989411E0	5.755659E-1
3.800000E-1	6.327688E0	-2.867898E-1
4.000000E-1	6.599753E0	-1.494583E0
4.200000E-1	7.129607E0	-2.451410E0
4.400000E-1	7.570240E0	-2.819506E0
4.600000E-1	8.009329E0	-2.666290E0
4.800000E-1	8.209857E0	-2.642956E0
5.000000E-1	8.479143E0	-3.055186E0
5.200000E-1	9.261301E0	-3.463145E0
5.400000E-1	1.000083E1	-3.721248E0
5.600000E-1	9.893632E0	-3.528942E0
5.800000E-1	9.781733E0	-3.239812E0
6.000000E-1	1.012691E1	-2.882380E0
6.200000E-1	1.116350E1	-2.293637E0
6.400000E-1	1.158533E1	-1.735623E0
6.600000E-1	1.144909E1	-2.473413E0
6.800000E-1	1.126799E1	-3.117194E0
7.000000E-1	1.166168E1	-3.384942E0
7.200000E-1	1.244819E1	-3.038541E0
7.400000E-1	1.298172E1	-1.886060E0
7.600000E-1	1.295130E1	3.893507E-3
7.800000E-1	1.222865E1	1.948825E0
8.000000E-1	1.211163E1	2.602511E0
8.200000E-1	1.268969E1	1.505684E0
8.400000E-1	1.345127E1	-6.596078E-1
8.600000E-1	1.397078E1	-2.262720E0
8.800000E-1	1.479053E1	-2.067628E0
9.000000E-1	1.559418E1	-5.175487E-1
9.200000E-1	1.568618E1	1.248071E0
9.400000E-1	1.554044E1	1.618074E0
9.600000E-1	1.622983E1	3.239714E-1
9.800000E-1	1.632297E1	-1.391881E0
1.000000E0	1.640878E1	-2.597353E0
1.020000E0	1.691338E1	-2.561172E0
1.040000E0	1.772471E1	-1.882509E0
1.060000E0	1.796663E1	-1.504002E0
1.080000E0	1.783431E1	-1.616485E0
1.100000E0	1.811765E1	-1.819813E0
1.120000E0	1.942075E1	-1.647131E0
1.140000E0	2.097656E1	-6.956165E-1
1.160000E0	2.131023E1	6.055568E-1
1.180000E0	2.080329E1	1.169888E0
1.200000E0	2.037105E1	2.223266E-1
1.220000E0	2.013735E1	-1.858690E0
1.240000E0	2.044284E1	-3.561346E0
1.260000E0	2.070434E1	-3.255769E0
1.280000E0	2.057669E1	-1.832958E0
1.300000E0	2.021762E1	-1.869038E-1
1.320000E0	2.070543E1	-5.700155E-2
1.340000E0	2.134475E1	-1.278703E0
1.360000E0	2.150916E1	-2.586801E0
1.380000E0	2.188508E1	-3.666031E0
1.400000E0	2.307167E1	-4.223237E0
1.420000E0	2.371310E1	-4.021962E0
1.440000E0	2.377342E1	-3.566952E0
1.460000E0	2.384111E1	-3.144571E0
1.480000E0	2.405716E1	-3.140109E0
1.500000E0	2.455138E1	-2.887333E0
1.520000E0	2.427934E1	-2.895735E0
1.540000E0	2.390889E1	-3.467936E0
1.560000E0	2.428949E1	-4.039235E0
1.580000E0	2.480746E1	-3.996291E0
1.600000E0	2.563905E1	-3.316213E0
1.620000E0	2.624012E1	-1.756377E0
1.640000E0	2.625857E1	9.084316E-2
1.660000E0	2.604067E1	1.268461E0
1.680000E0	2.627624E1	1.538676E0
1.700000E0	2.680050E1	3.757514E-1
1.720000E0	2.720600E1	-1.432066E0
1.740000E0	2.777761E1	-2.544314E0
1.760000E0	2.836834E1	-2.172865E0
1.780000E0	2.891244E1	-4.840796E-1
1.800000E0	2.875606E1	5.291455E-1
1.820000E0	2.889438E1	-4.816379E-1
1.840000E0	2.933228E1	-2.297607E0
1.860000E0	2.972409E1	-3.110606E0
1.880000E0	3.011152E1	-3.040520E0
1.900000E0	3.044312E1	-2.221664E0
1.920000E0	3.075704E1	-1.679805E0
1.940000E0	3.093598E1	-1.449224E0
1.960000E0	3.079837E1	-1.502238E0
1.980000E0	3.077596E1	-1.546016E0
2.000000E0	3.137383E1	-1.975199E0
2.020000E0	3.216481E1	-2.534522E0
2.040000E0	3.268172E1	-2.761684E0
2.060000E0	3.299168E1	-2.971284E0
2.080000E0	3.269122E1	-3.501767E0
2.100000E0	3.237050E1	-4.211285E0
2.120000E0	3.296147E1	-4.266336E0
2.140000E0	3.464670E1	-2.737053E0
2.160000E0	3.573788E1	-9.062881E-1
2.180000E0	3.548713E1	5.870558E-2
2.200000E0	3.493492E1	-4.476827E-1
2.220000E0	3.519601E1	-2.337929E0
2.240000E0	3.585018E1	-4.814406E0
2.260000E0	3.656601E1	-6.448021E0
2.280000E0	3.729524E1	-6.354098E0
2.300000E0	3.682887E1	-5.185473E0
2.320000E0	3.613119E1	-3.294467E0
2.340000E0	3.633366E1	-2.273291E0
2.360000E0	3.698048E1	-2.450498E0
2.380000E0	3.750283E1	-3.012772E0
2.400000E0	3.702075E1	-3.586243E0
2.420000E0	3.705135E1	-4.347773E0
2.440000E0	3.840716E1	-5.255051E0
2.460000E0	3.852395E1	-5.438232E0
2.480000E0	3.868387E1	-5.064841E0
2.500000E0	3.907829E1	-3.383793E0
2.520000E0	3.935850E1	-1.859999E0
2.540000E0	3.974714E1	-1.802147E0
2.560000E0	3.980312E1	-2.887929E0
2.580000E0	3.970670E1	-3.761434E0
2.600000E0	4.008553E1	-3.360603E0
2.620000E0	4.078308E1	-2.482755E0
2.640000E0	4.157023E1	-1.440754E0
2.660000E0	4.229870E1	-1.048200E0
2.680000E0	4.256244E1	-1.597690E0
2.700000E0	4.269698E1	-2.792668E0
2.720000E0	4.283934E1	-3.309399E0
2.740000E0	4.311399E1	-3.066586E0
2.760000E0	4.347656E1	-2.503715E0
2.780000E0	4.376683E1	-2.298711E0
2.800000E0	4.389028E1	-2.940896E0
2.820000E0	4.368982E1	-3.394009E0
2.840000E0	4.378186E1	-3.161687E0
2.860000E0	4.450533E1	-2.446976E0
2.880000E0	4.555059E1	-2.082797E0
2.900000E0	4.613288E1	-2.211685E0
2.920000E0	4.611946E1	-2.903583E0
2.940000E0	4.600484E1	-3.236868E0
2.960000E0	4.583993E1	-3.203862E0
2.980000E0	4.597464E1	-2.844346E0
3.000000E0	4.677358E1	-2.591978E0
3.020000E0	4.745780E1	-2.466057E0
3.040000E0	4.763813E1	-3.211212E0
3.060000E0	4.752656E1	-4.513880E0
3.080000E0	4.793745E1	-5.687366E0
3.100000E0	4.879744E1	-5.902951E0
3.120000E0	4.989732E1	-4.934547E0
3.140000E0	5.110669E1	-3.508476E0
3.160000E0	5.136658E1	-2.910934E0
3.180000E0	5.064531E1	-2.739358E0
3.200000E0	5.053443E1	-2.903190E0
3.220000E0	5.107965E1	-4.188252E0
3.240000E0	5.187320E1	-4.812877E0
3.260000E0	5.274246E1	-4.880271E0
3.280000E0	5.177550E1	-4.842549E0
3.300000E0	5.095862E1	-4.701688E0
3.320000E0	5.157685E1	-4.079904E0
3.340000E0	5.241311E1	-3.507278E0
3.360000E0	5.321177E1	-3.015013E0
3.380000E0	5.390057E1	-2.382663E0
3.400000E0	5.421154E1	-2.307560E0
3.420000E0	5.413689E1	-3.450069E0
3.440000E0	5.396107E1	-4.091663E0
3.460000E0	5.408724E1	-3.833073E0
3.480000E0	5.433800E1	-3.618218E0
3.500000E0	5.473286E1	-3.635926E0
3.520000E0	5.525646E1	-3.515252E0
3.540000E0	5.561530E1	-3.428641E0
3.560000E0	5.577363E1	-4.043167E0
3.580000E0	5.602216E1	-4.862426E0
3.600000E0	5.657256E1	-4.836678E0
3.620000E0	5.703398E1	-4.038706E0
3.640000E0	5.728278E1	-3.320867E0
3.660000E0	5.769626E1	-3.102606E0
3.680000E0	5.820319E1	-3.340858E0
3.700000E0	5.817984E1	-3.524561E0
3.720000E0	5.819865E1	-3.112726E0
3.740000E0	5.866302E1	-2.794740E0
3.760000E0	5.921420E1	-3.097825E0
3.780000E0	5.917227E1	-3.930978E0
3.800000E0	5.895335E1	-4.283899E0
3.820000E0	5.920783E1	-3.954702E0
3.840000E0	5.954826E1	-3.268384E0
3.860000E0	6.001729E1	-2.600324E0
3.880000E0	6.051375E1	-2.493173E0
3.900000E0	6.082697E1	-2.845955E0
3.920000E0	6.069889E1	-3.354555E0
3.940000E0	6.077164E1	-3.859533E0
3.960000E0	6.141380E1	-4.325649E0
3.980000E0	6.210055E1	-4.678122E0
4.000000E0	6.270276E1	-5.098396E0
4.020000E0	6.333079E1	-5.816563E0
4.040000E0	6.345750E1	-6.058943E0
4.060000E0	6.338405E1	-5.505519E0
4.080000E0	6.354827E1	-4.054918E0
4.100000E0	6.387752E1	-2.698849E0
4.120000E0	6.446747E1	-1.861994E0
4.140000E0	6.440542E1	-2.498216E0
4.160000E0	6.393475E1	-4.313837E0
4.180000E0	6.431936E1	-5.936247E0
4.200000E0	6.571329E1	-6.320817E0
4.220000E0	6.645326E1	-5.629871E0
4.240000E0	6.593327E1	-3.583800E0
4.260000E0	6.659273E1	-1.663750E0
4.280000E0	6.738792E1	-7.866220E-1
4.300000E0	6.762614E1	-1.285807E0
4.320000E0	6.732791E1	-2.647431E0
4.340000E0	6.721824E1	-4.229964E0
4.360000E0	6.783521E1	-5.211305E0
4.380000E0	6.859428E1	-4.900594E0
4.400000E0	6.879137E1	-4.247718E0
4.420000E0	6.882131E1	-4.568253E0
4.440000E0	6.886404E1	-5.657408E0
4.460000E0	6.933051E1	-6.006208E0
4.480000E0	7.009228E1	-5.733938E0
4.500000E0	7.052712E1	-5.273153E0
4.520000E0	7.106116E1	-5.394328E0
4.540000E0	7.095467E1	-5.895158E0
4.560000E0	7.114347E1	-5.715247E0
4.580000E0	7.143479E1	-4.955997E0
4.600000E0	7.178967E1	-3.987842E0
4.620000E0	7.233116E1	-3.887817E0
4.640000E0	7.321232E1	-4.341603E0
4.660000E0	7.350868E1	-4.974831E0
4.680000E0	7.350094E1	-5.214423E0
4.700000E0	7.359134E1	-4.629265E0
4.720000E0	7.396110E1	-4.005541E0
4.740000E0	7.425209E1	-3.808087E0
4.760000E0	7.448107E1	-4.222259E0
4.780000E0	7.453558E1	-4.809880E0
4.800000E0	7.473084E1	-4.906262E0
4.820000E0	7.526092E1	-4.887182E0
4.840000E0	7.617159E1	-4.936869E0
4.860000E0	7.676416E1	-4.886968E0
4.880000E0	7.685038E1	-4.881207E0
4.900000E0	7.710410E1	-4.789718E0
4.920000E0	7.732261E1	-4.565403E0
4.940000E0	7.734451E1	-4.749499E0
4.960000E0	7.738091E1	-4.807139E0
4.980000E0	7.715303E1	-4.957489E0
5.000000E0	7.764773E1	-4.953756E0
5.020000E0	7.829191E1	-5.418635E0
5.040000E0	7.793571E1	-5.914127E0
5.060000E0	7.759388E1	-5.662482E0
5.080000E0	7.828406E1	-4.708592E0
5.100000E0	7.907864E1	-3.340277E0
5.120000E0	7.988091E1	-2.196078E0
5.140000E0	8.063129E1	-1.883339E0
5.160000E0	8.042028E1	-2.898629E0
5.180000E0	8.053974E1	-4.394235E0
5.200000E0	8.058007E1	-5.387207E0
5.220000E0	8.036208E1	-4.818153E0
5.240000E0	8.049345E1	-3.823388E0
5.260000E0	8.102881E1	-3.135805E0
5.280000E0	8.186080E1	-2.930236E0
5.300000E0	8.230679E1	-2.934739E0
5.320000E0	8.235647E1	-3.974453E0
5.340000E0	8.249249E1	-5.985475E0
5.360000E0	8.283678E1	-7.243652E0
5.380000E0	8.297920E1	-7.521216E0
5.400000E0	8.311167E1	-6.771241E0
5.420000E0	8.363551E1	-6.358850E0
5.440000E0	8.427287E1	-5.896282E0
5.460000E0	8.451978E1	-5.805784E0
5.480000E0	8.465571E1	-5.518040E0
5.500000E0	8.515695E1	-5.533232E0
5.520000E0	8.619615E1	-5.294212E0
5.540000E0	8.684722E1	-5.044081E0
5.560000E0	8.688059E1	-4.959639E0
5.580000E0	8.684919E1	-4.942714E0
5.600000E0	8.698482E1	-4.917891E0
5.620000E0	8.760938E1	-4.719233E0
5.640000E0	8.831664E1	-4.326260E0
5.660000E0	8.856021E1	-3.880804E0
5.680000E0	8.892726E1	-3.866319E0
5.700000E0	8.901143E1	-4.707048E0
5.720000E0	8.930754E1	-5.991297E0
5.740000E0	8.956749E1	-6.296638E0
5.760000E0	9.001858E1	-6.016315E0
5.780000E0	9.092310E1	-5.313102E0
5.800000E0	9.216327E1	-5.039483E0
5.820000E0	9.223130E1	-5.179272E0
5.840000E0	9.204298E1	-5.434544E0
5.860000E0	9.156949E1	-5.405840E0
5.880000E0	9.169040E1	-5.070467E0
5.900000E0	9.196122E1	-4.464833E0
5.920000E0	9.159646E1	-4.758505E0
5.940000E0	9.118185E1	-5.336195E0
5.960000E0	9.120250E1	-6.034589E0
5.980000E0	9.235571E1	-6.374431E0
6.000000E0	9.339004E1	-6.388739E0
6.020000E0	9.376211E1	-5.315652E0
6.040000E0	9.376094E1	-3.515353E0
6.060000E0	9.468150E1	-1.923739E0
6.080000E0	9.558115E1	-1.284137E0
6.100000E0	9.583312E1	-1.463686E0
6.120000E0	9.592539E1	-2.288684E0
6.140000E0	9.613927E1	-3.800213E0
6.160000E0	9.642719E1	-5.104453E0
6.180000E0	9.698437E1	-5.399332E0
6.200000E0	9.735409E1	-5.319870E0
6.220000E0	9.746987E1	-5.267620E0
6.240000E0	9.795459E1	-4.767655E0
6.260000E0	9.863377E1	-4.074371E0
6.280000E0	9.894420E1	-3.977329E0
6.300000E0	9.885523E1	-4.300939E0
6.320000E0	9.882291E1	-5.333497E0
6.340000E0	9.851482E1	-6.670978E0
6.360000E0	9.889738E1	-6.650204E0
6.380000E0	9.943961E1	-6.164472E0
6.400000E0	9.977868E1	-5.804775E0
6.420000E0	1.002515E2	-6.130156E0
6.440000E0	1.008372E2	-6.344746E0
6.460000E0	1.011408E2	-6.299229E0
6.480000E0	1.008733E2	-6.438646E0
6.500000E0	1.007241E2	-6.409620E0
6.520000E0	1.013885E2	-5.788164E0
6.540000E0	1.023536E2	-4.937700E0
6.560000E0	1.028467E2	-4.470677E0
6.580000E0	1.028872E2	-4.937995E0
6.600000E0	1.033529E2	-5.803342E0
6.620000E0	1.040334E2	-6.169117E0
6.640000E0	1.044893E2	-6.230049E0
6.660000E0	1.050345E2	-5.756635E0
6.680000E0	1.055008E2	-5.722202E0
6.700000E0	1.052857E2	-5.923463E0
6.720000E0	1.050958E2	-6.193299E0
6.740000E0	1.050167E2	-6.245677E0
6.760000E0	1.057717E2	-5.792721E0
6.780000E0	1.059722E2	-5.520406E0
6.800000E0	1.061485E2	-5.955097E0
6.820000E0	1.061797E2	-6.460031E0
6.840000E0	1.063864E2	-6.501279E0
6.860000E0	1.063111E2	-6.209601E0
6.880000E0	1.063585E2	-4.939152E0
6.900000E0	1.063460E2	-2.873758E0
6.920000E0	1.066001E2	-2.433516E0
6.940000E0	1.073376E2	-2.543837E0
6.960000E0	1.075205E2	-4.787398E0
6.980000E0	1.078915E2	-6.499549E0
7.000000E0	1.084854E2	-6.406031E0
7.020000E0	1.096603E2	-4.488931E0
7.040000E0	1.112794E2	-2.383944E0
7.060000E0	1.115517E2	-1.550590E0
7.080000E0	1.118957E2	-2.163745E0
7.100000E0	1.122722E2	-3.946463E0
7.120000E0	1.121943E2	-6.241552E0
7.140000E0	1.119718E2	-7.611043E0
7.160000E0	1.122878E2	-7.589308E0
7.180000E0	1.124970E2	-6.897833E0
7.200000E0	1.126194E2	-5.757212E0
7.220000E0	1.126023E2	-4.152690E0
7.240000E0	1.130969E2	-3.309955E0
7.260000E0	1.140444E2	-3.710852E0
7.280000E0	1.149938E2	-4.628645E0
7.300000E0	1.151564E2	-5.996223E0
7.320000E0	1.145402E2	-7.292016E0
7.340000E0	1.142989E2	-7.645207E0
7.360000E0	1.147795E2	-7.231463E0
7.380000E0	1.152922E2	-6.428263E0
7.400000E0	1.158425E2	-5.748474E0
7.420000E0	1.163971E2	-5.627152E0
7.440000E0	1.166465E2	-6.026053E0
7.460000E0	1.167686E2	-6.788272E0
7.480000E0	1.172586E2	-7.318551E0
7.500000E0	1.179173E2	-7.319132E0
7.520000E0	1.187970E2	-6.986862E0
7.540000E0	1.199527E2	-6.631528E0
7.560000E0	1.205582E2	-6.506421E0
7.580000E0	1.204243E2	-6.377019E0
7.600000E0	1.203351E2	-6.341845E0
7.620000E0	1.203308E2	-6.249741E0
7.640000E0	1.208188E2	-5.605531E0
7.660000E0	1.208038E2	-5.649899E0
7.680000E0	1.206118E2	-6.396641E0
7.700000E0	1.205327E2	-7.417222E0
7.720000E0	1.205215E2	-7.747956E0
7.740000E0	1.209596E2	-7.026451E0
7.760000E0	1.218256E2	-5.397830E0
7.780000E0	1.215221E2	-3.463413E0
7.800000E0	1.207073E2	-1.800371E0
7.820000E0	1.208779E2	-1.330610E0
7.840000E0	1.213674E2	-2.355157E0
7.860000E0	1.216221E2	-4.176257E0
7.880000E0	1.220322E2	-5.567784E0
7.900000E0	1.230774E2	-5.588183E0
7.920000E0	1.238642E2	-5.108332E0
7.940000E0	1.240839E2	-5.284792E0
7.960000E0	1.246411E2	-6.610104E0
7.980000E0	1.257543E2	-7.289638E0
8.000000E0	1.269431E2	-6.677959E0
8.020000E0	1.275638E2	-4.899471E0
8.040000E0	1.275828E2	-3.615399E0
8.060000E0	1.274263E2	-3.738242E0
8.080000E0	1.273145E2	-4.990117E0
8.100000E0	1.271227E2	-6.716928E0
8.120000E0	1.276961E2	-7.461200E0
8.140000E0	1.284118E2	-6.922015E0
8.160000E0	1.290766E2	-5.649752E0
8.180000E0	1.293800E2	-4.276885E0
8.200000E0	1.294009E2	-3.761673E0
8.220000E0	1.291909E2	-4.480242E0
8.240000E0	1.287981E2	-5.889069E0
8.260000E0	1.290967E2	-6.845568E0
8.280000E0	1.298404E2	-7.203664E0
8.300000E0	1.302929E2	-6.688540E0
8.320000E0	1.304321E2	-6.745430E0
8.340000E0	1.306411E2	-7.246852E0
8.360000E0	1.310957E2	-7.923212E0
8.380000E0	1.315311E2	-8.344800E0
8.400000E0	1.320557E2	-8.446309E0
8.420000E0	1.327908E2	-8.118129E0
8.440000E0	1.331327E2	-7.786852E0
8.460000E0	1.332918E2	-7.644864E0
8.480000E0	1.335936E2	-7.709820E0
8.500000E0	1.341881E2	-7.492497E0
8.520000E0	1.349980E2	-6.702815E0
8.540000E0	1.349429E2	-6.625389E0
8.560000E0	1.347742E2	-7.131728E0
8.580000E0	1.349469E2	-7.814357E0
8.600000E0	1.354705E2	-8.125298E0
8.620000E0	1.358990E2	-7.403571E0
8.640000E0	1.362117E2	-5.813416E0
8.660000E0	1.355522E2	-3.704802E0
8.680000E0	1.349353E2	-2.503989E0
8.700000E0	1.354102E2	-3.321496E0
8.720000E0	1.361230E2	-5.032836E0
8.740000E0	1.365034E2	-6.547349E0
8.760000E0	1.372556E2	-7.022468E0
8.780000E0	1.383344E2	-5.994181E0
8.800000E0	1.385796E2	-4.106535E0
8.820000E0	1.380094E2	-2.753340E0
8.840000E0	1.383928E2	-3.496540E0
8.860000E0	1.391577E2	-5.363613E0
8.880000E0	1.394540E2	-7.067639E0
8.900000E0	1.397229E2	-7.507728E0
8.920000E0	1.402848E2	-7.062961E0
8.940000E0	1.408141E2	-6.819207E0
8.960000E0	1.405045E2	-6.826053E0
8.980000E0	1.405283E2	-6.719422E0
9.000000E0	1.418568E2	-6.092948E0
9.020000E0	1.436823E2	-5.311216E0
9.040000E0	1.442822E2	-4.193695E0
9.060000E0	1.438388E2	-3.669797E0
9.080000E0	1.432425E2	-4.471715E0
9.100000E0	1.428847E2	-6.505818E0
9.120000E0	1.430361E2	-8.385395E0
9.140000E0	1.433696E2	-8.129860E0
9.160000E0	1.432934E2	-6.436761E0
9.180000E0	1.431633E2	-4.711150E0
9.200000E0	1.436350E2	-4.406065E0
9.220000E0	1.441558E2	-5.690845E0
9.240000E0	1.443620E2	-7.087763E0
9.260000E0	1.445971E2	-8.259722E0
9.280000E0	1.456617E2	-8.818858E0
9.300000E0	1.465288E2	-8.409221E0
9.320000E0	1.466365E2	-7.828782E0
9.340000E0	1.465428E2	-7.661455E0
9.360000E0	1.466587E2	-7.716452E0
9.380000E0	1.472005E2	-7.521334E0
9.400000E0	1.472097E2	-7.229590E0
9.420000E0	1.467861E2	-7.508494E0
9.440000E0	1.470202E2	-8.283222E0
9.460000E0	1.475702E2	-8.514992E0
9.480000E0	1.482943E2	-7.975383E0
9.500000E0	1.490081E2	-6.279275E0
9.520000E0	1.489918E2	-4.500036E0
9.540000E0	1.486622E2	-3.124807E0
9.560000E0	1.488943E2	-2.428672E0
9.580000E0	1.494249E2	-3.200756E0
9.600000E0	1.500013E2	-4.972569E0
9.620000E0	1.504869E2	-6.536646E0
9.640000E0	1.513400E2	-6.755165E0
9.660000E0	1.515122E2	-5.433344E0
9.680000E0	1.511063E2	-3.894519E0
9.700000E0	1.513077E2	-4.399918E0
9.720000E0	1.523238E2	-5.872842E0
9.740000E0	1.525393E2	-6.905469E0
9.760000E0	1.525324E2	-6.890248E0
9.780000E0	1.528989E2	-6.108600E0
9.800000E0	1.533772E2	-5.428519E0
9.820000E0	1.533975E2	-5.095444E0
9.840000E0	1.531468E2	-5.069884E0
9.860000E0	1.532361E2	-5.419418E0
9.880000E0	1.541367E2	-6.052996E0
9.900000E0	1.550343E2	-6.388003E0
9.920000E0	1.556753E2	-6.654788E0
9.940000E0	1.557185E2	-6.978268E0
9.960000E0	1.553883E2	-7.380921E0
9.980000E0	1.554459E2	-7.813884E0
1.000000E1	1.561601E2	-7.335603E0
1.002000E1	1.578354E2	-5.897097E0
1.004000E1	1.588663E2	-3.951988E0
1.006000E1	1.583649E2	-3.077500E0
1.008000E1	1.578887E2	-3.894190E0
1.010000E1	1.583464E2	-6.072599E0
1.012000E1	1.590670E2	-8.471617E0
1.014000E1	1.596850E2	-9.500711E0
1.016000E1	1.602872E2	-8.731935E0
1.018000E1	1.602528E2	-7.101532E0
1.020000E1	1.597796E2	-5.798168E0
1.022000E1	1.598277E2	-5.648755E0
1.024000E1	1.600654E2	-6.296796E0
1.026000E1	1.604989E2	-6.585749E0
1.028000E1	1.606535E2	-6.420698E0
1.030000E1	1.605509E2	-6.792625E0
1.032000E1	1.613201E2	-8.066370E0
1.034000E1	1.617732E2	-8.719614E0
1.036000E1	1.618844E2	-8.243082E0
1.038000E1	1.622245E2	-6.493356E0
1.040000E1	1.625729E2	-4.696045E0
1.042000E1	1.627942E2	-4.488816E0
1.044000E1	1.628734E2	-5.829548E0
1.046000E1	1.627407E2	-7.402751E0
1.048000E1	1.632407E2	-7.234337E0
1.050000E1	1.639416E2	-5.816984E0
1.052000E1	1.644795E2	-4.471697E0
1.054000E1	1.650767E2	-3.674884E0
1.056000E1	1.653667E2	-4.157844E0
1.058000E1	1.657761E2	-5.675418E0
1.060000E1	1.659246E2	-6.580558E0
1.062000E1	1.661291E2	-6.541094E0
1.064000E1	1.665804E2	-5.899774E0
1.066000E1	1.669704E2	-5.483381E0
1.068000E1	1.670003E2	-5.901281E0
1.070000E1	1.666671E2	-6.140108E0
1.072000E1	1.668627E2	-6.060891E0
1.074000E1	1.676367E2	-5.754393E0
1.076000E1	1.686688E2	-5.473317E0
1.078000E1	1.692046E2	-5.511179E0
1.080000E1	1.690334E2	-5.701460E0
1.082000E1	1.689201E2	-5.850333E0
1.084000E1	1.687132E2	-5.704705E0
1.086000E1	1.690094E2	-5.543810E0
1.088000E1	1.698637E2	-5.378547E0
1.090000E1	1.702834E2	-5.416875E0
1.092000E1	1.705194E2	-6.319194E0
1.094000E1	1.705626E2	-7.314302E0
1.096000E1	1.712673E2	-8.306900E0
1.098000E1	1.724489E2	-7.956129E0
1.100000E1	1.735870E2	-6.799027E0
1.102000E1	1.741843E2	-5.888717E0
1.104000E1	1.740129E2	-5.310366E0
1.106000E1	1.734867E2	-5.217808E0
1.108000E1	1.738132E2	-6.442346E0
1.110000E1	1.743082E2	-7.416352E0
1.112000E1	1.752995E2	-7.346203E0
1.114000E1	1.752984E2	-7.127299E0
1.116000E1	1.741146E2	-6.706071E0
1.118000E1	1.738869E2	-6.645822E0
1.120000E1	1.748456E2	-6.279205E0
1.122000E1	1.756745E2	-5.893048E0
1.124000E1	1.762812E2	-5.284695E0
1.126000E1	1.768123E2	-5.019153E0
1.128000E1	1.768737E2	-5.712639E0
1.130000E1	1.768472E2	-6.725158E0
1.132000E1	1.768490E2	-6.724383E0
1.134000E1	1.769041E2	-6.168706E0
1.136000E1	1.770622E2	-6.310360E0
1.138000E1	1.775504E2	-6.544965E0
1.140000E1	1.779236E2	-6.130817E0
1.142000E1	1.780430E2	-5.883147E0
1.144000E1	1.782963E2	-6.858589E0
1.146000E1	1.786851E2	-7.820337E0
1.148000E1	1.793581E2	-7.522377E0
1.150000E1	1.795550E2	-6.545895E0
1.152000E1	1.798817E2	-5.882913E0
1.154000E1	1.802513E2	-5.893198E0
1.156000E1	1.806487E2	-5.909871E0
1.158000E1	1.808684E2	-5.894750E0
1.160000E1	1.808601E2	-5.530259E0
1.162000E1	1.814209E2	-5.109439E0
1.164000E1	1.819927E2	-5.263389E0
1.166000E1	1.821578E2	-5.765907E0
1.168000E1	1.820510E2	-6.517531E0
1.170000E1	1.819801E2	-6.745319E0
1.172000E1	1.820770E2	-6.229080E0
1.174000E1	1.824999E2	-5.653284E0
1.176000E1	1.833213E2	-5.220927E0
1.178000E1	1.837562E2	-5.255756E0
1.180000E1	1.837343E2	-5.631476E0
1.182000E1	1.837515E2	-6.244491E0
1.184000E1	1.841648E2	-6.624336E0
1.186000E1	1.845317E2	-6.781727E0
1.188000E1	1.850099E2	-6.849910E0
1.190000E1	1.856167E2	-7.158068E0
1.192000E1	1.857451E2	-8.037054E0
1.194000E1	1.856855E2	-8.386775E0
1.196000E1	1.856672E2	-7.910880E0
1.198000E1	1.859666E2	-6.155766E0
1.200000E1	1.867607E2	-4.428762E0
1.202000E1	1.867011E2	-4.035918E0
1.204000E1	1.860993E2	-5.292280E0
1.206000E1	1.864733E2	-7.261075E0
1.208000E1	1.875222E2	-8.198985E0
1.210000E1	1.885384E2	-7.870210E0
1.212000E1	1.888165E2	-6.051262E0
1.214000E1	1.886342E2	-3.976240E0
1.216000E1	1.890748E2	-2.813410E0
1.218000E1	1.892086E2	-3.374293E0
1.220000E1	1.891992E2	-4.907014E0
1.222000E1	1.891733E2	-6.282624E0
1.224000E1	1.892691E2	-6.828667E0
1.226000E1	1.901187E2	-6.805285E0
1.228000E1	1.903370E2	-6.873960E0
1.230000E1	1.903884E2	-7.101742E0
1.232000E1	1.904621E2	-7.920307E0
1.234000E1	1.909353E2	-8.413518E0
1.236000E1	1.914297E2	-8.369788E0
1.238000E1	1.918211E2	-8.190354E0
1.240000E1	1.920311E2	-8.215690E0
1.242000E1	1.920590E2	-8.511572E0
1.244000E1	1.924887E2	-8.386651E0
1.246000E1	1.929313E2	-7.252419E0
1.248000E1	1.932964E2	-5.957613E0
1.250000E1	1.940479E2	-5.694562E0
1.252000E1	1.944292E2	-6.161992E0
1.254000E1	1.947273E2	-6.854510E0
1.256000E1	1.950774E2	-6.879613E0
1.258000E1	1.950662E2	-6.333972E0
1.260000E1	1.950386E2	-5.629814E0
1.262000E1	1.955091E2	-5.585887E0
1.264000E1	1.959674E2	-5.699212E0
1.266000E1	1.960851E2	-6.260805E0
1.268000E1	1.958292E2	-6.936528E0
1.270000E1	1.961838E2	-7.233147E0
1.272000E1	1.971159E2	-6.952884E0
1.274000E1	1.980740E2	-6.537997E0
1.276000E1	1.987058E2	-6.404420E0
1.278000E1	1.992564E2	-6.649742E0
1.280000E1	1.996217E2	-6.669469E0
1.282000E1	1.992730E2	-6.849593E0
1.284000E1	1.990973E2	-6.737660E0
1.286000E1	1.987918E2	-6.584627E0
1.288000E1	1.987196E2	-6.240426E0
1.290000E1	1.991668E2	-6.013907E0
1.292000E1	1.994212E2	-7.039911E0
1.294000E1	1.996586E2	-8.498575E0
1.296000E1	2.002943E2	-9.284388E0
1.298000E1	2.006162E2	-8.336215E0
1.300000E1	2.012868E2	-5.799698E0
1.302000E1	2.027660E2	-3.076214E0
1.304000E1	2.027495E2	-1.495279E0
1.306000E1	2.028450E2	-1.829801E0
1.308000E1	2.028094E2	-4.159764E0
1.310000E1	2.027742E2	-6.712040E0
1.312000E1	2.033734E2	-7.477703E0
1.314000E1	2.041476E2	-6.739589E0
1.316000E1	2.043609E2	-5.139384E0
1.318000E1	2.047125E2	-4.020046E0
1.320000E1	2.050603E2	-4.257172E0
1.322000E1	2.057644E2	-5.458413E0
1.324000E1	2.062835E2	-6.508659E0
1.326000E1	2.062865E2	-7.368044E0
1.328000E1	2.056946E2	-8.373654E0
1.330000E1	2.054180E2	-9.175465E0
1.332000E1	2.056858E2	-8.966389E0
1.334000E1	2.058208E2	-7.695688E0
1.336000E1	2.065663E2	-6.366978E0
1.338000E1	2.076773E2	-6.122232E0
1.340000E1	2.088233E2	-6.605887E0
1.342000E1	2.091813E2	-7.425629E0
1.344000E1	2.088454E2	-7.635132E0
1.346000E1	2.091067E2	-7.322934E0
1.348000E1	2.095806E2	-6.605443E0
1.350000E1	2.100995E2	-5.944999E0
1.352000E1	2.106877E2	-5.671168E0
1.354000E1	2.114950E2	-5.966548E0
1.356000E1	2.117053E2	-6.736809E0
1.358000E1	2.118431E2	-7.189996E0
1.360000E1	2.125137E2	-7.019830E0
1.362000E1	2.129983E2	-6.818416E0
1.364000E1	2.134110E2	-7.062913E0
1.366000E1	2.136057E2	-7.296677E0
1.368000E1	2.135335E2	-7.420166E0
1.370000E1	2.138506E2	-7.247115E0
1.372000E1	2.144058E2	-6.999223E0
1.374000E1	2.149490E2	-6.592969E0
1.376000E1	2.151168E2	-6.260717E0
1.378000E1	2.148399E2	-6.837309E0
1.380000E1	2.145950E2	-7.805780E0
1.382000E1	2.145974E2	-8.241430E0
1.384000E1	2.146076E2	-7.854073E0
1.386000E1	2.147702E2	-6.660730E0
1.388000E1	2.156839E2	-5.287378E0
1.390000E1	2.160732E2	-4.812108E0
1.392000E1	2.161487E2	-5.626387E0
1.394000E1	2.162942E2	-6.881125E0
1.396000E1	2.168756E2	-6.842885E0
1.398000E1	2.181306E2	-5.740604E0
1.400000E1	2.195267E2	-4.469409E0
1.402000E1	2.205136E2	-3.419534E0
1.404000E1	2.205456E2	-3.411475E0
1.406000E1	2.208181E2	-4.779419E0
1.408000E1	2.212005E2	-6.894116E0
1.410000E1	2.214812E2	-8.286628E0
1.412000E1	2.219118E2	-8.315863E0
1.414000E1	2.221790E2	-7.672261E0
1.416000E1	2.223170E2	-7.102492E0
1.418000E1	2.225393E2	-6.419565E0
1.420000E1	2.225049E2	-5.443210E0
1.422000E1	2.225852E2	-5.197486E0
1.424000E1	2.231635E2	-5.869670E0
1.426000E1	2.240340E2	-7.253408E0
1.428000E1	2.239128E2	-8.553784E0
1.430000E1	2.236064E2	-9.052890E0
1.432000E1	2.238116E2	-8.690996E0
1.434000E1	2.240546E2	-7.944167E0
1.436000E1	2.242332E2	-7.625272E0
1.438000E1	2.246658E2	-7.323672E0
1.440000E1	2.248879E2	-7.011384E0
1.442000E1	2.253826E2	-6.963568E0
1.444000E1	2.259102E2	-7.433340E0
1.446000E1	2.266507E2	-7.977525E0
1.448000E1	2.270136E2	-7.814562E0
1.450000E1	2.273923E2	-7.528656E0
1.452000E1	2.283225E2	-6.802011E0
1.454000E1	2.295017E2	-6.317920E0
1.456000E1	2.298071E2	-6.751601E0
1.458000E1	2.293594E2	-6.923986E0
1.460000E1	2.289945E2	-6.856589E0
1.462000E1	2.295408E2	-6.312700E0
1.464000E1	2.296382E2	-6.434105E0
1.466000E1	2.290920E2	-7.273055E0
1.468000E1	2.287956E2	-8.269084E0
1.470000E1	2.293752E2	-8.482694E0
1.472000E1	2.303693E2	-7.450591E0
1.474000E1	2.310613E2	-5.744638E0
1.476000E1	2.304330E2	-3.873125E0
1.478000E1	2.295604E2	-2.444042E0
1.480000E1	2.298367E2	-2.952111E0
1.482000E1	2.303988E2	-4.473400E0
1.484000E1	2.308412E2	-5.938510E0
1.486000E1	2.316518E2	-6.541318E0
1.488000E1	2.326941E2	-6.258931E0
1.490000E1	2.329669E2	-5.911253E0
1.492000E1	2.335549E2	-6.103199E0
1.494000E1	2.347401E2	-6.643363E0
1.496000E1	2.362657E2	-6.341614E0
1.498000E1	2.371039E2	-5.306342E0
1.500000E1	2.369039E2	-4.583807E0
1.502000E1	2.365558E2	-5.166185E0
1.504000E1	2.366371E2	-6.780486E0
1.506000E1	2.364169E2	-7.768153E0
1.508000E1	2.362109E2	-7.681240E0
1.510000E1	2.367123E2	-6.812809E0
1.512000E1	2.377190E2	-6.051161E0
1.514000E1	2.387010E2	-5.354673E0
1.516000E1	2.388454E2	-4.907228E0
1.518000E1	2.386448E2	-5.009319E0
1.520000E1	2.382054E2	-5.765099E0
1.522000E1	2.378863E2	-7.141600E0
1.524000E1	2.383147E2	-8.019752E0
1.526000E1	2.387830E2	-7.965988E0
1.528000E1	2.391861E2	-7.155786E0
1.530000E1	2.391479E2	-7.066089E0
1.532000E1	2.394143E2	-7.837809E0
1.534000E1	2.400151E2	-8.574496E0
1.536000E1	2.405850E2	-8.723905E0
1.538000E1	2.408316E2	-8.471873E0
1.540000E1	2.415211E2	-8.047482E0
1.542000E1	2.423398E2	-7.822217E0
1.544000E1	2.428334E2	-7.836530E0
1.546000E1	2.429392E2	-7.914680E0
1.548000E1	2.431810E2	-7.797890E0
1.550000E1	2.439314E2	-7.136321E0
1.552000E1	2.442732E2	-6.572831E0
1.554000E1	2.443016E2	-7.130002E0
1.556000E1	2.444559E2	-8.151794E0
1.558000E1	2.447452E2	-8.615786E0
1.560000E1	2.449752E2	-7.995362E0
1.562000E1	2.453114E2	-6.663451E0
1.564000E1	2.449940E2	-4.589522E0
1.566000E1	2.444008E2	-3.243312E0
1.568000E1	2.448749E2	-4.055583E0
1.570000E1	2.454653E2	-5.175173E0
1.572000E1	2.460182E2	-6.309848E0
1.574000E1	2.468465E2	-6.801920E0
1.576000E1	2.475366E2	-6.298456E0
1.578000E1	2.476156E2	-4.787579E0
1.580000E1	2.471019E2	-3.427525E0
1.582000E1	2.474806E2	-3.993824E0
1.584000E1	2.484210E2	-5.719410E0
1.586000E1	2.488917E2	-7.383160E0
1.588000E1	2.490143E2	-8.182427E0
1.590000E1	2.490995E2	-8.339644E0
1.592000E1	2.491529E2	-7.998056E0
1.594000E1	2.495415E2	-7.248985E0
1.596000E1	2.504447E2	-5.840361E0
1.598000E1	2.515435E2	-4.388938E0
1.600000E1	2.525190E2	-3.635928E0
1.602000E1	2.528840E2	-3.988283E0
1.604000E1	2.524965E2	-5.043705E0
1.606000E1	2.520718E2	-6.370305E0
1.608000E1	2.520104E2	-7.700120E0
1.610000E1	2.520970E2	-7.855641E0
1.612000E1	2.522326E2	-6.968890E0
1.614000E1	2.522802E2	-5.353635E0
1.616000E1	2.527515E2	-4.596834E0
1.618000E1	2.530319E2	-5.156066E0
1.620000E1	2.531919E2	-6.605436E0
1.622000E1	2.537240E2	-7.774126E0
1.624000E1	2.544441E2	-8.675938E0
1.626000E1	2.553196E2	-8.851432E0
1.628000E1	2.558485E2	-8.121817E0
1.630000E1	2.559139E2	-7.795584E0
1.632000E1	2.558147E2	-7.806582E0
1.634000E1	2.558506E2	-7.927657E0
1.636000E1	2.563096E2	-7.895048E0
1.638000E1	2.565771E2	-7.569565E0
1.640000E1	2.562820E2	-7.607944E0
1.642000E1	2.562991E2	-8.400578E0
1.644000E1	2.568551E2	-8.721616E0
1.646000E1	2.574800E2	-8.247332E0
1.648000E1	2.583695E2	-6.975093E0
1.650000E1	2.585214E2	-5.157383E0
1.652000E1	2.581726E2	-3.597487E0
1.654000E1	2.584083E2	-2.877235E0
1.656000E1	2.589845E2	-3.457435E0
1.658000E1	2.595028E2	-5.179983E0
1.660000E1	2.600417E2	-6.815894E0
1.662000E1	2.606680E2	-6.978626E0
1.664000E1	2.610939E2	-5.708491E0
1.666000E1	2.609600E2	-4.053852E0
1.668000E1	2.609628E2	-4.046107E0
1.670000E1	2.616793E2	-5.852421E0
1.672000E1	2.621985E2	-6.944920E0
1.674000E1	2.622161E2	-7.191882E0
1.676000E1	2.625779E2	-6.428368E0
1.678000E1	2.628500E2	-5.688278E0
1.680000E1	2.633711E2	-5.259661E0
1.682000E1	2.633562E2	-5.227619E0
1.684000E1	2.630212E2	-5.327374E0
1.686000E1	2.635737E2	-5.862142E0
1.688000E1	2.645207E2	-6.452983E0
1.690000E1	2.652178E2	-6.642984E0
1.692000E1	2.654359E2	-6.981258E0
1.694000E1	2.651478E2	-7.587248E0
1.696000E1	2.646875E2	-8.377194E0
1.698000E1	2.651349E2	-8.359771E0
1.700000E1	2.665317E2	-7.177021E0
1.702000E1	2.677566E2	-4.903657E0
1.704000E1	2.678736E2	-3.322566E0
1.706000E1	2.675451E2	-3.718137E0
1.708000E1	2.674656E2	-5.778135E0
1.710000E1	2.681037E2	-8.429569E0
1.712000E1	2.688294E2	-1.016975E1
1.714000E1	2.695121E2	-9.871340E0
1.716000E1	2.693201E2	-8.172503E0
1.718000E1	2.686396E2	-6.479876E0
1.720000E1	2.687779E2	-5.825176E0
1.722000E1	2.692373E2	-6.451454E0
1.724000E1	2.696084E2	-6.781997E0
1.726000E1	2.696641E2	-6.839330E0
1.728000E1	2.695484E2	-7.258293E0
1.730000E1	2.703673E2	-8.277225E0
1.732000E1	2.708714E2	-8.888648E0
1.734000E1	2.709169E2	-8.523554E0
1.736000E1	2.710373E2	-6.850773E0
1.738000E1	2.714548E2	-5.129762E0
1.740000E1	2.717931E2	-4.868170E0
1.742000E1	2.718665E2	-5.946162E0
1.744000E1	2.717940E2	-7.411334E0
1.746000E1	2.723286E2	-7.230115E0
1.748000E1	2.730509E2	-6.008238E0
1.750000E1	2.738543E2	-5.011752E0
1.752000E1	2.745370E2	-4.309761E0
1.754000E1	2.748544E2	-4.634239E0
1.756000E1	2.752545E2	-5.675762E0
1.758000E1	2.756327E2	-6.254391E0
1.760000E1	2.757449E2	-6.402119E0
1.762000E1	2.761140E2	-6.212953E0
1.764000E1	2.765937E2	-6.090370E0
1.766000E1	2.766941E2	-6.088641E0
1.768000E1	2.766037E2	-6.225488E0
1.770000E1	2.764276E2	-6.352831E0
1.772000E1	2.771645E2	-6.287098E0
1.774000E1	2.781824E2	-6.172693E0
1.776000E1	2.787910E2	-6.086509E0
1.778000E1	2.789035E2	-6.011682E0
1.780000E1	2.789585E2	-5.939033E0
1.782000E1	2.789232E2	-5.896011E0
1.784000E1	2.788001E2	-5.826322E0
1.786000E1	2.791975E2	-5.899572E0
1.788000E1	2.796751E2	-5.902708E0
1.790000E1	2.800326E2	-5.981246E0
1.792000E1	2.801143E2	-6.893432E0
1.794000E1	2.804126E2	-8.260753E0
1.796000E1	2.810234E2	-8.847167E0
1.798000E1	2.817435E2	-8.698916E0
1.800000E1	2.827563E2	-7.699580E0
1.802000E1	2.840873E2	-6.490288E0
1.804000E1	2.842985E2	-5.884798E0
1.806000E1	2.835287E2	-5.509566E0
1.808000E1	2.834275E2	-6.235988E0
1.810000E1	2.839685E2	-7.406086E0
1.812000E1	2.846570E2	-7.538090E0
1.814000E1	2.850544E2	-7.122886E0
1.816000E1	2.845866E2	-7.347220E0
1.818000E1	2.840726E2	-7.692173E0
1.820000E1	2.845321E2	-7.257631E0
1.822000E1	2.852069E2	-6.115422E0
1.824000E1	2.861493E2	-5.233241E0
1.826000E1	2.866251E2	-4.667082E0
1.828000E1	2.864285E2	-5.325927E0
1.830000E1	2.863921E2	-6.831785E0
1.832000E1	2.864024E2	-7.700927E0
1.834000E1	2.866868E2	-7.392564E0
1.836000E1	2.869079E2	-6.452029E0
1.838000E1	2.873715E2	-6.254937E0
1.840000E1	2.879061E2	-6.520044E0
1.842000E1	2.880198E2	-7.079318E0
1.844000E1	2.880367E2	-7.886726E0
1.846000E1	2.885938E2	-8.306543E0
1.848000E1	2.894171E2	-7.885593E0
1.850000E1	2.898071E2	-7.238029E0
1.852000E1	2.898605E2	-6.688930E0
1.854000E1	2.903500E2	-6.540246E0
1.856000E1	2.905613E2	-6.169325E0
1.858000E1	2.908741E2	-5.752814E0
1.860000E1	2.913830E2	-5.679276E0
1.862000E1	2.919691E2	-5.760890E0
1.864000E1	2.923569E2	-5.908151E0
1.866000E1	2.922837E2	-6.320497E0
1.868000E1	2.920745E2	-6.640044E0
1.870000E1	2.920790E2	-6.704255E0
1.872000E1	2.923049E2	-6.313614E0
1.874000E1	2.933178E2	-5.675970E0
1.876000E1	2.938264E2	-5.114843E0
1.878000E1	2.939446E2	-5.088253E0
1.880000E1	2.940767E2	-5.644974E0
1.882000E1	2.944043E2	-6.779819E0
1.884000E1	2.948720E2	-7.154288E0
1.886000E1	2.951975E2	-7.265687E0
1.888000E1	2.958721E2	-7.117797E0
1.890000E1	2.965283E2	-7.328771E0
1.892000E1	2.965031E2	-8.133270E0
1.894000E1	2.964894E2	-8.474207E0
1.896000E1	2.967348E2	-7.777950E0
1.898000E1	2.972015E2	-6.046029E0
1.900000E1	2.980903E2	-4.650677E0
1.902000E1	2.975962E2	-4.662499E0
1.904000E1	2.970965E2	-6.062743E0
1.906000E1	2.977352E2	-7.574458E0
1.908000E1	2.986565E2	-7.966711E0
1.910000E1	2.995072E2	-7.193847E0
1.912000E1	2.997273E2	-5.709361E0
1.914000E1	2.996721E2	-4.340463E0
1.916000E1	3.000651E2	-3.666362E0
1.918000E1	3.003380E2	-3.915849E0
1.920000E1	3.003611E2	-4.907651E0
1.922000E1	3.001792E2	-6.138475E0
1.924000E1	3.003482E2	-6.785146E0
1.926000E1	3.011185E2	-6.952862E0
1.928000E1	3.014583E2	-7.030720E0
1.930000E1	3.014237E2	-7.697717E0
1.932000E1	3.013960E2	-8.533855E0
1.934000E1	3.016194E2	-8.928540E0
1.936000E1	3.021175E2	-8.715270E0
1.938000E1	3.029490E2	-8.700430E0
1.940000E1	3.032228E2	-8.705510E0
1.942000E1	3.030954E2	-8.533009E0
1.944000E1	3.031206E2	-8.078309E0
1.946000E1	3.037240E2	-7.636255E0
1.948000E1	3.046346E2	-7.188074E0
1.950000E1	3.054185E2	-6.638278E0
1.952000E1	3.057803E2	-6.566648E0
1.954000E1	3.060215E2	-6.526943E0
1.956000E1	3.063540E2	-6.700949E0
1.958000E1	3.062923E2	-6.675128E0
1.960000E1	3.062235E2	-6.555695E0
1.962000E1	3.069892E2	-6.177443E0
1.964000E1	3.076996E2	-5.623439E0
1.966000E1	3.076884E2	-5.757639E0
1.968000E1	3.074224E2	-6.797130E0
1.970000E1	3.076787E2	-8.044179E0
1.972000E1	3.085157E2	-8.033699E0
1.974000E1	3.093185E2	-7.533948E0
1.976000E1	3.101761E2	-6.925147E0
1.978000E1	3.106907E2	-6.532316E0
1.980000E1	3.105939E2	-6.766831E0
1.982000E1	3.102579E2	-7.186489E0
1.984000E1	3.097005E2	-7.123605E0
1.986000E1	3.094571E2	-6.571803E0
1.988000E1	3.095059E2	-6.029246E0
1.990000E1	3.096444E2	-6.853163E0
1.992000E1	3.098506E2	-7.996216E0
1.994000E1	3.107798E2	-9.170583E0
1.996000E1	3.112213E2	-9.023298E0
1.998000E1	3.115802E2	-6.684903E0
2.000000E1	3.130896E2	-3.655996E0
2.002000E1	3.134156E2	-1.928626E0
2.004000E1	3.133942E2	-2.100028E0
2.006000E1	3.133941E2	-4.598820E0
2.008000E1	3.133898E2	-7.354987E0
2.010000E1	3.139447E2	-8.008073E0
2.012000E1	3.147017E2	-7.033855E0
2.014000E1	3.151402E2	-5.298949E0
2.016000E1	3.154489E2	-4.180374E0
2.018000E1	3.159554E2	-4.653995E0
2.020000E1	3.165970E2	-5.852402E0
2.022000E1	3.169035E2	-6.862026E0
2.024000E1	3.169017E2	-7.601734E0
2.026000E1	3.162587E2	-8.918637E0
2.028000E1	3.163575E2	-9.763701E0
2.030000E1	3.165833E2	-9.179531E0
2.032000E1	3.166259E2	-7.770110E0
2.034000E1	3.171805E2	-6.942844E0
2.036000E1	3.182324E2	-7.062363E0
2.038000E1	3.190572E2	-7.654788E0
2.040000E1	3.192223E2	-8.526691E0
2.042000E1	3.189595E2	-9.040751E0
2.044000E1	3.191926E2	-8.887678E0
2.046000E1	3.196183E2	-7.935904E0
2.048000E1	3.203152E2	-6.760322E0
2.050000E1	3.210465E2	-5.663626E0
2.052000E1	3.216387E2	-5.520226E0
2.054000E1	3.221699E2	-6.190210E0
2.056000E1	3.225084E2	-7.306105E0
2.058000E1	3.228609E2	-8.034301E0
2.060000E1	3.230673E2	-7.703742E0
2.062000E1	3.237332E2	-7.190986E0
2.064000E1	3.245238E2	-6.765012E0
2.066000E1	3.245628E2	-7.066905E0
2.068000E1	3.242231E2	-7.779940E0
2.070000E1	3.242517E2	-7.751358E0
2.072000E1	3.246456E2	-7.558253E0
2.074000E1	3.252724E2	-6.838187E0
2.076000E1	3.254426E2	-6.240176E0
2.078000E1	3.254335E2	-7.015588E0
2.080000E1	3.255470E2	-7.842650E0
2.082000E1	3.255596E2	-8.264739E0
2.084000E1	3.253120E2	-7.629868E0
2.086000E1	3.249350E2	-6.132321E0
2.088000E1	3.255673E2	-4.418904E0
2.090000E1	3.260125E2	-3.865871E0
2.092000E1	3.264908E2	-4.440189E0
2.094000E1	3.264679E2	-6.262096E0
2.096000E1	3.267004E2	-7.643425E0
2.098000E1	3.277517E2	-7.077688E0
2.100000E1	3.293218E2	-5.323115E0
2.102000E1	3.307013E2	-3.625739E0
2.104000E1	3.310842E2	-2.880924E0
2.106000E1	3.311887E2	-4.046546E0
2.108000E1	3.313927E2	-6.084607E0
2.110000E1	3.314535E2	-8.043107E0
2.112000E1	3.312101E2	-8.898116E0
2.114000E1	3.313268E2	-8.518557E0
2.116000E1	3.317822E2	-7.642034E0
2.118000E1	3.321038E2	-6.266150E0
2.120000E1	3.320663E2	-4.860745E0
2.122000E1	3.323774E2	-4.682733E0
2.124000E1	3.332595E2	-5.461523E0
2.126000E1	3.339233E2	-6.932840E0
2.128000E1	3.335610E2	-8.212196E0
2.130000E1	3.328015E2	-9.162475E0
2.132000E1	3.329810E2	-9.181526E0
2.134000E1	3.330397E2	-8.511912E0
2.136000E1	3.333841E2	-7.631077E0
2.138000E1	3.340070E2	-6.913330E0
2.140000E1	3.344400E2	-6.963190E0
2.142000E1	3.345444E2	-7.787766E0
2.144000E1	3.349252E2	-8.773824E0
2.146000E1	3.357664E2	-8.812014E0
2.148000E1	3.365124E2	-8.278375E0
2.150000E1	3.373949E2	-7.472785E0
2.152000E1	3.383610E2	-6.863522E0
2.154000E1	3.388035E2	-6.833779E0
2.156000E1	3.386252E2	-7.028832E0
2.158000E1	3.385985E2	-7.291005E0
2.160000E1	3.389503E2	-6.896822E0
2.162000E1	3.391022E2	-6.464548E0
2.164000E1	3.391799E2	-7.034388E0
2.166000E1	3.389065E2	-8.107727E0
2.168000E1	3.387825E2	-8.746177E0
2.170000E1	3.391080E2	-8.103253E0
2.172000E1	3.399866E2	-6.719364E0
2.174000E1	3.402327E2	-4.715838E0
2.176000E1	3.394475E2	-3.169376E0
2.178000E1	3.393952E2	-2.565911E0
2.180000E1	3.399155E2	-3.395073E0
2.182000E1	3.403067E2	-5.011978E0
2.184000E1	3.405274E2	-6.425207E0
2.186000E1	3.412338E2	-6.833365E0
2.188000E1	3.418707E2	-5.922771E0
2.190000E1	3.424460E2	-5.250946E0
2.192000E1	3.429792E2	-6.186522E0
2.194000E1	3.432314E2	-8.026058E0
2.196000E1	3.438243E2	-9.024866E0
2.198000E1	3.451432E2	-8.218881E0
2.200000E1	3.466542E2	-6.682498E0
2.202000E1	3.474891E2	-5.096531E0
2.204000E1	3.474634E2	-4.286897E0
2.206000E1	3.466075E2	-4.357478E0
2.208000E1	3.463189E2	-5.815235E0
2.210000E1	3.470072E2	-7.725989E0
2.212000E1	3.474917E2	-8.551142E0
2.214000E1	3.479929E2	-8.219149E0
2.216000E1	3.484549E2	-6.750941E0
2.218000E1	3.489181E2	-5.222251E0
2.220000E1	3.489386E2	-4.385232E0
2.222000E1	3.484641E2	-5.077345E0
2.224000E1	3.484280E2	-6.017682E0
2.226000E1	3.488956E2	-6.971459E0
2.228000E1	3.494678E2	-7.750123E0
2.230000E1	3.495163E2	-8.003247E0
2.232000E1	3.497437E2	-8.374731E0
2.234000E1	3.501889E2	-8.503179E0
2.236000E1	3.505648E2	-8.573326E0
2.238000E1	3.512614E2	-8.494152E0
2.240000E1	3.522017E2	-8.384288E0
2.242000E1	3.523587E2	-8.372823E0
2.244000E1	3.523924E2	-8.436574E0
2.246000E1	3.526090E2	-8.445312E0
2.248000E1	3.532204E2	-7.827104E0
2.250000E1	3.537196E2	-6.928315E0
2.252000E1	3.539008E2	-7.106531E0
2.254000E1	3.541899E2	-7.795109E0
2.256000E1	3.547867E2	-8.429180E0
2.258000E1	3.553152E2	-8.481867E0
2.260000E1	3.553759E2	-7.616712E0
2.262000E1	3.552872E2	-5.289445E0
2.264000E1	3.544084E2	-3.082351E0
2.266000E1	3.543571E2	-2.564906E0
2.268000E1	3.547934E2	-4.108286E0
2.270000E1	3.552823E2	-6.229827E0
2.272000E1	3.561590E2	-7.260359E0
2.274000E1	3.572222E2	-6.875633E0
2.276000E1	3.580536E2	-5.132145E0
2.278000E1	3.579600E2	-3.694049E0
2.280000E1	3.580944E2	-3.779722E0
2.282000E1	3.587047E2	-5.374866E0
2.284000E1	3.590946E2	-7.114620E0
2.286000E1	3.591998E2	-7.941844E0
2.288000E1	3.597626E2	-7.777666E0
2.290000E1	3.600892E2	-7.545252E0
2.292000E1	3.598104E2	-7.451690E0
2.294000E1	3.597622E2	-7.487723E0
2.296000E1	3.608258E2	-7.035829E0
2.298000E1	3.628885E2	-6.206791E0
2.300000E1	3.644436E2	-5.035922E0
2.302000E1	3.644321E2	-4.268381E0
2.304000E1	3.635814E2	-4.733469E0
2.306000E1	3.631309E2	-6.331900E0
2.308000E1	3.629652E2	-8.335243E0
2.310000E1	3.635046E2	-8.826339E0
2.312000E1	3.638341E2	-7.571791E0
2.314000E1	3.637904E2	-5.883513E0
2.316000E1	3.636738E2	-5.122425E0
2.318000E1	3.640489E2	-5.964335E0
2.320000E1	3.644846E2	-7.472142E0
2.322000E1	3.648971E2	-8.387429E0
2.324000E1	3.654475E2	-8.573166E0
2.326000E1	3.664603E2	-8.252862E0
2.328000E1	3.669068E2	-7.896843E0
2.330000E1	3.670421E2	-8.305570E0
2.332000E1	3.670572E2	-8.475713E0
2.334000E1	3.670757E2	-8.463015E0
2.336000E1	3.674783E2	-7.715804E0
2.338000E1	3.675582E2	-7.349493E0
2.340000E1	3.673577E2	-7.871466E0
2.342000E1	3.674919E2	-8.693396E0
2.344000E1	3.680272E2	-8.711182E0
2.346000E1	3.685279E2	-7.828725E0
2.348000E1	3.689402E2	-6.143642E0
2.350000E1	3.693341E2	-4.509533E0
2.352000E1	3.693659E2	-3.706353E0
2.354000E1	3.693905E2	-3.720704E0
2.356000E1	3.698794E2	-4.709318E0
2.358000E1	3.706815E2	-5.849041E0
2.360000E1	3.713337E2	-6.673007E0
2.362000E1	3.717410E2	-5.989290E0
2.364000E1	3.720578E2	-4.408221E0
2.366000E1	3.720331E2	-3.358494E0
2.368000E1	3.723371E2	-4.673011E0
2.370000E1	3.723853E2	-6.554700E0
2.372000E1	3.723807E2	-7.439473E0
2.374000E1	3.728921E2	-6.767745E0
2.376000E1	3.733962E2	-5.724296E0
2.378000E1	3.740330E2	-4.937414E0
2.380000E1	3.742044E2	-4.676690E0
2.382000E1	3.741311E2	-4.763057E0
2.384000E1	3.743460E2	-5.149860E0
2.386000E1	3.751553E2	-5.683404E0
2.388000E1	3.756984E2	-6.476330E0
2.390000E1	3.760544E2	-6.796584E0
2.392000E1	3.761463E2	-7.109924E0
2.394000E1	3.755393E2	-7.608033E0
2.396000E1	3.752437E2	-7.960923E0
2.398000E1	3.762537E2	-7.338744E0
2.400000E1	3.776839E2	-5.775537E0
