	mass A		
t	x	y	
0.000000E0	2.433484E-2	-4.866969E-2
2.000000E-2	3.209280E-1	-5.918662E-1
4.000000E-2	7.886605E-1	-3.585284E-1
6.000000E-2	1.221863E0	-1.307290E-1
8.000000E-2	1.976751E0	-4.301056E-2
1.000000E-1	1.937101E0	-7.447576E-1
1.200000E-1	1.541824E0	-1.148355E0
1.400000E-1	1.731997E0	-1.034590E0
1.600000E-1	2.224044E0	-5.340868E-1
1.800000E-1	3.048174E0	-4.063507E-3
2.000000E-1	2.928454E0	-1.285619E-2
2.200000E-1	2.794973E0	-8.723694E-1
2.400000E-1	2.790751E0	-1.653628E0
2.600000E-1	2.773234E0	-1.696863E0
2.800000E-1	2.672663E0	-9.709508E-1
3.000000E-1	2.868053E0	2.180410E-1
3.200000E-1	3.419513E0	1.547358E0
3.400000E-1	3.391905E0	1.630311E0
3.600000E-1	4.007080E0	1.130882E0
3.800000E-1	3.978001E0	-5.549251E-1
4.000000E-1	4.320417E0	-1.528621E0
4.200000E-1	4.971702E0	-1.041825E0
4.400000E-1	5.909177E0	9.994270E-2
4.600000E-1	7.004407E0	1.126893E0
4.800000E-1	8.141430E0	1.295960E0
5.000000E-1	8.867808E0	5.683999E-1
5.200000E-1	9.035345E0	8.584600E-2
5.400000E-1	9.016598E0	-4.366129E-1
5.600000E-1	9.158153E0	-1.128410E0
5.800000E-1	9.094954E0	-1.884558E0
6.000000E-1	9.092184E0	-2.359483E0
6.200000E-1	9.268912E0	-1.851698E0
6.400000E-1	9.633987E0	-8.708438E-1
6.600000E-1	1.006598E1	1.355417E-1
6.800000E-1	1.096502E1	1.067660E0
7.000000E-1	1.135982E1	1.346432E0
7.200000E-1	1.160214E1	1.125186E0
7.400000E-1	1.126028E1	4.650748E-1
7.600000E-1	1.085334E1	-7.463188E-1
7.800000E-1	1.098017E1	-1.578444E0
8.000000E-1	1.165716E1	-1.538574E0
8.200000E-1	1.226112E1	-7.587045E-1
8.400000E-1	1.227702E1	-5.934924E-1
8.600000E-1	1.238181E1	-1.538304E0
8.800000E-1	1.292229E1	-2.448779E0
9.000000E-1	1.338196E1	-3.002183E0
9.200000E-1	1.381978E1	-2.932459E0
9.400000E-1	1.456106E1	-2.667467E0
9.600000E-1	1.480104E1	-2.422032E0
9.800000E-1	1.526342E1	-1.926018E0
1.000000E0	1.554224E1	-1.500488E0
1.020000E0	1.622440E1	-1.101535E0
1.040000E0	1.635040E1	-8.012273E-1
1.060000E0	1.625269E1	-1.643342E0
1.080000E0	1.628949E1	-2.595536E0
1.100000E0	1.651512E1	-2.856509E0
1.120000E0	1.689044E1	-2.129770E0
1.140000E0	1.742405E1	-6.744269E-1
1.160000E0	1.717659E1	1.148206E0
1.180000E0	1.653023E1	2.172243E0
1.200000E0	1.706409E1	1.322884E0
1.220000E0	1.784787E1	-4.953017E-2
1.240000E0	1.842082E1	-1.106699E0
1.260000E0	1.913194E1	-1.033823E0
1.280000E0	1.971933E1	-5.604765E-2
1.300000E0	1.946513E1	1.229929E0
1.320000E0	1.909267E1	1.294616E0
1.340000E0	1.986719E1	-2.118698E-1
1.360000E0	2.085067E1	-2.024036E0
1.380000E0	2.135957E1	-2.938326E0
1.400000E0	2.124653E1	-3.001976E0
1.420000E0	2.122849E1	-2.568253E0
1.440000E0	2.174583E1	-2.016960E0
1.460000E0	2.274626E1	-1.017314E0
1.480000E0	2.412837E1	9.801675E-2
1.500000E0	2.470774E1	6.960125E-1
1.520000E0	2.501718E1	9.689512E-1
1.540000E0	2.491961E1	2.508072E-1
1.560000E0	2.469961E1	-1.122083E0
1.580000E0	2.443807E1	-2.453720E0
1.600000E0	2.445851E1	-2.546748E0
1.620000E0	2.489769E1	-1.280708E0
1.640000E0	2.518912E1	5.023018E-1
1.660000E0	2.548027E1	1.439764E0
1.680000E0	2.546074E1	6.312981E-1
1.700000E0	2.558953E1	-1.171417E0
1.720000E0	2.579790E1	-2.481911E0
1.740000E0	2.671070E1	-3.304644E0
1.760000E0	2.810430E1	-3.392757E0
1.780000E0	2.808204E1	-2.831844E0
1.800000E0	2.821281E1	-2.781786E0
1.820000E0	2.823835E1	-2.828519E0
1.840000E0	2.842115E1	-3.111786E0
1.860000E0	2.889034E1	-2.950807E0
1.880000E0	2.870822E1	-2.912258E0
1.900000E0	2.832535E1	-3.301336E0
1.920000E0	2.882643E1	-3.976973E0
1.940000E0	2.931482E1	-3.974789E0
1.960000E0	3.025311E1	-3.296119E0
1.980000E0	3.091211E1	-1.240104E0
2.000000E0	3.062999E1	6.761267E-1
2.020000E0	3.056447E1	1.540737E0
2.040000E0	3.086410E1	1.023306E0
2.060000E0	3.159933E1	-4.236972E-1
2.080000E0	3.213616E1	-2.622697E0
2.100000E0	3.262249E1	-2.962235E0
2.120000E0	3.327323E1	-1.789166E0
2.140000E0	3.313634E1	-7.506932E-2
2.160000E0	3.283752E1	-6.972771E-2
2.180000E0	3.348027E1	-1.783505E0
2.200000E0	3.348726E1	-3.519886E0
2.220000E0	3.358952E1	-3.561048E0
2.240000E0	3.404956E1	-2.317227E0
2.260000E0	3.469895E1	-1.571956E0
2.280000E0	3.517254E1	-1.541508E0
2.300000E0	3.516069E1	-1.670349E0
2.320000E0	3.521494E1	-2.031947E0
2.340000E0	3.538690E1	-2.300571E0
2.360000E0	3.593699E1	-2.615654E0
2.380000E0	3.652465E1	-2.671100E0
2.400000E0	3.691892E1	-2.788874E0
2.420000E0	3.690798E1	-3.018461E0
2.440000E0	3.689987E1	-3.194308E0
2.460000E0	3.699441E1	-2.985648E0
2.480000E0	3.772804E1	-2.573211E0
2.500000E0	3.856616E1	-2.475168E0
2.520000E0	3.905712E1	-2.833571E0
2.540000E0	3.997566E1	-3.318385E0
2.560000E0	4.051055E1	-3.843713E0
2.580000E0	4.048725E1	-3.874241E0
2.600000E0	4.085050E1	-3.256698E0
2.620000E0	4.133584E1	-2.734974E0
2.640000E0	4.133215E1	-2.921054E0
2.660000E0	4.130876E1	-3.392863E0
2.680000E0	4.181325E1	-3.966939E0
2.700000E0	4.269576E1	-4.065217E0
2.720000E0	4.197750E1	-3.635333E0
2.740000E0	4.097922E1	-3.205606E0
2.760000E0	4.149283E1	-3.010997E0
2.780000E0	4.236883E1	-2.927315E0
2.800000E0	4.309101E1	-2.303458E0
2.820000E0	4.397304E1	-1.533153E0
2.840000E0	4.446464E1	-1.588266E0
2.860000E0	4.439519E1	-2.981030E0
2.880000E0	4.423658E1	-3.560114E0
2.900000E0	4.454581E1	-3.082257E0
2.920000E0	4.470205E1	-2.446690E0
2.940000E0	4.516978E1	-2.787329E0
2.960000E0	4.592616E1	-2.871703E0
2.980000E0	4.647206E1	-2.710023E0
3.000000E0	4.650125E1	-3.468348E0
3.020000E0	4.645157E1	-4.369881E0
3.040000E0	4.694070E1	-4.154045E0
3.060000E0	4.767989E1	-3.057796E0
3.080000E0	4.800301E1	-2.307162E0
3.100000E0	4.824768E1	-2.466610E0
3.120000E0	4.851281E1	-2.627062E0
3.140000E0	4.887000E1	-2.530731E0
3.160000E0	4.909272E1	-2.400442E0
3.180000E0	4.957437E1	-2.384879E0
3.200000E0	5.003244E1	-2.509521E0
3.220000E0	5.020160E1	-2.736288E0
3.240000E0	5.007510E1	-2.941782E0
3.260000E0	5.004151E1	-2.965015E0
3.280000E0	5.038218E1	-2.722926E0
3.300000E0	5.107676E1	-2.141188E0
3.320000E0	5.161839E1	-1.942587E0
3.340000E0	5.164010E1	-2.346962E0
3.360000E0	5.192123E1	-2.995590E0
3.380000E0	5.246821E1	-3.114485E0
3.400000E0	5.250763E1	-3.112865E0
3.420000E0	5.286791E1	-3.085485E0
3.440000E0	5.365643E1	-3.209661E0
3.460000E0	5.394390E1	-3.782790E0
3.480000E0	5.398679E1	-4.419493E0
3.500000E0	5.398191E1	-4.604961E0
3.520000E0	5.441475E1	-4.115241E0
3.540000E0	5.496498E1	-3.003463E0
3.560000E0	5.466893E1	-2.285121E0
3.580000E0	5.444884E1	-2.460012E0
3.600000E0	5.498911E1	-3.019183E0
3.620000E0	5.589757E1	-3.246808E0
3.640000E0	5.680772E1	-2.891167E0
3.660000E0	5.713462E1	-2.038807E0
3.680000E0	5.718650E1	-1.895949E0
3.700000E0	5.718508E1	-2.439277E0
3.720000E0	5.662481E1	-2.550635E0
3.740000E0	5.626060E1	-2.387376E0
3.760000E0	5.665023E1	-2.381892E0
3.780000E0	5.737976E1	-2.569055E0
3.800000E0	5.848213E1	-2.250753E0
3.820000E0	5.897011E1	-2.306121E0
3.840000E0	5.927542E1	-3.874334E0
3.860000E0	5.936490E1	-5.124324E0
3.880000E0	5.933208E1	-5.683340E0
3.900000E0	5.934943E1	-5.719033E0
3.920000E0	5.986256E1	-5.238272E0
3.940000E0	6.067435E1	-4.536234E0
3.960000E0	6.112342E1	-3.983596E0
3.980000E0	6.134928E1	-3.720524E0
4.000000E0	6.163266E1	-4.113960E0
4.020000E0	6.257867E1	-4.147081E0
4.040000E0	6.349597E1	-3.657047E0
4.060000E0	6.347859E1	-3.133397E0
4.080000E0	6.342560E1	-3.090318E0
4.100000E0	6.338837E1	-3.178561E0
4.120000E0	6.388533E1	-3.029048E0
4.140000E0	6.461722E1	-2.521684E0
4.160000E0	6.488498E1	-2.250286E0
4.180000E0	6.482451E1	-2.396232E0
4.200000E0	6.514615E1	-3.375272E0
4.220000E0	6.564890E1	-4.175743E0
4.240000E0	6.572739E1	-4.451184E0
4.260000E0	6.614779E1	-4.090296E0
4.280000E0	6.694550E1	-3.349775E0
4.300000E0	6.745705E1	-3.394220E0
4.320000E0	6.769845E1	-3.587585E0
4.340000E0	6.749790E1	-3.699292E0
4.360000E0	6.768676E1	-3.594784E0
4.380000E0	6.766290E1	-3.561440E0
4.400000E0	6.732969E1	-3.918491E0
4.420000E0	6.708876E1	-4.874751E0
4.440000E0	6.733613E1	-5.446902E0
4.460000E0	6.809886E1	-5.245637E0
4.480000E0	6.897936E1	-4.510439E0
4.500000E0	6.920144E1	-3.153833E0
4.520000E0	6.932535E1	-2.684668E0
4.540000E0	6.992121E1	-2.829579E0
4.560000E0	7.044018E1	-3.062019E0
4.580000E0	7.120454E1	-3.040796E0
4.600000E0	7.205313E1	-2.827682E0
4.620000E0	7.270442E1	-2.256712E0
4.640000E0	7.301666E1	-2.208594E0
4.660000E0	7.323008E1	-3.073469E0
4.680000E0	7.335546E1	-4.815147E0
4.700000E0	7.372123E1	-5.959535E0
4.720000E0	7.413166E1	-5.884057E0
4.740000E0	7.444720E1	-5.381034E0
4.760000E0	7.461720E1	-4.506828E0
4.780000E0	7.485026E1	-3.581503E0
4.800000E0	7.492507E1	-2.837510E0
4.820000E0	7.504515E1	-2.768963E0
4.840000E0	7.563621E1	-3.188610E0
4.860000E0	7.623493E1	-4.272490E0
4.880000E0	7.654776E1	-5.600765E0
4.900000E0	7.638789E1	-6.096386E0
4.920000E0	7.640212E1	-5.922322E0
4.940000E0	7.668715E1	-5.324951E0
4.960000E0	7.699794E1	-4.907530E0
4.980000E0	7.743295E1	-4.350349E0
5.000000E0	7.790097E1	-4.344566E0
5.020000E0	7.819510E1	-4.666575E0
5.040000E0	7.836260E1	-5.139998E0
5.060000E0	7.859108E1	-5.508766E0
5.080000E0	7.933822E1	-5.372400E0
5.100000E0	8.031863E1	-5.017247E0
5.120000E0	8.148291E1	-4.540102E0
5.140000E0	8.179932E1	-4.081081E0
5.160000E0	8.177981E1	-4.061126E0
5.180000E0	8.178689E1	-4.034440E0
5.200000E0	8.219697E1	-4.314544E0
5.220000E0	8.249495E1	-4.341306E0
5.240000E0	8.217663E1	-4.550457E0
5.260000E0	8.224868E1	-5.094734E0
5.280000E0	8.261603E1	-5.309985E0
5.300000E0	8.266373E1	-5.317736E0
5.320000E0	8.273355E1	-4.798555E0
5.340000E0	8.300046E1	-3.671752E0
5.360000E0	8.308236E1	-2.013563E0
5.380000E0	8.314684E1	-1.174936E0
5.400000E0	8.354990E1	-1.248789E0
5.420000E0	8.415162E1	-2.357395E0
5.440000E0	8.460933E1	-3.839925E0
5.460000E0	8.491927E1	-4.585615E0
5.480000E0	8.518737E1	-3.434168E0
5.500000E0	8.521480E1	-1.984070E0
5.520000E0	8.567248E1	-2.963812E0
5.540000E0	8.654437E1	-5.052578E0
5.560000E0	8.663711E1	-6.407203E0
5.580000E0	8.646770E1	-6.663061E0
5.600000E0	8.744448E1	-5.973995E0
5.620000E0	8.907508E1	-4.474427E0
5.640000E0	8.966978E1	-2.912367E0
5.660000E0	8.949523E1	-1.871091E0
5.680000E0	8.946163E1	-1.851341E0
5.700000E0	9.002712E1	-3.454148E0
5.720000E0	9.053450E1	-5.257427E0
5.740000E0	9.033740E1	-5.827724E0
5.760000E0	9.039212E1	-5.099706E0
5.780000E0	9.042852E1	-4.221499E0
5.800000E0	9.046034E1	-3.204959E0
5.820000E0	9.086454E1	-2.161782E0
5.840000E0	9.129608E1	-2.091942E0
5.860000E0	9.125082E1	-2.959587E0
5.880000E0	9.121198E1	-4.524740E0
5.900000E0	9.168562E1	-5.795523E0
5.920000E0	9.251128E1	-6.690733E0
5.940000E0	9.303604E1	-6.564322E0
5.960000E0	9.344720E1	-5.809798E0
5.980000E0	9.354093E1	-5.429378E0
6.000000E0	9.351874E1	-5.427552E0
6.020000E0	9.366922E1	-5.654456E0
6.040000E0	9.403887E1	-5.739676E0
6.060000E0	9.406035E1	-5.594224E0
6.080000E0	9.376935E1	-5.825990E0
6.100000E0	9.426821E1	-6.424385E0
6.120000E0	9.490952E1	-6.716362E0
6.140000E0	9.562748E1	-6.128141E0
6.160000E0	9.619883E1	-4.325763E0
6.180000E0	9.599807E1	-2.276549E0
6.200000E0	9.557760E1	-1.040809E0
6.220000E0	9.581890E1	-1.159545E0
6.240000E0	9.648808E1	-2.641407E0
6.260000E0	9.712177E1	-4.536793E0
6.280000E0	9.777385E1	-5.326689E0
6.300000E0	9.816490E1	-4.262774E0
6.320000E0	9.797235E1	-2.691001E0
6.340000E0	9.790001E1	-2.595334E0
6.360000E0	9.897647E1	-4.102605E0
6.380000E0	9.946838E1	-4.884034E0
6.400000E0	9.945664E1	-4.863396E0
6.420000E0	9.968189E1	-4.065596E0
6.440000E0	9.982576E1	-3.761249E0
6.460000E0	9.986479E1	-3.935607E0
6.480000E0	9.989169E1	-4.250730E0
6.500000E0	1.003524E2	-4.543851E0
6.520000E0	1.012375E2	-5.003389E0
6.540000E0	1.020134E2	-5.405298E0
6.560000E0	1.020412E2	-5.396718E0
6.580000E0	1.021557E2	-5.255428E0
6.600000E0	1.027171E2	-5.043588E0
6.620000E0	1.037807E2	-4.519946E0
6.640000E0	1.048845E2	-3.593835E0
6.660000E0	1.048408E2	-2.650783E0
6.680000E0	1.045054E2	-2.368686E0
6.700000E0	1.049744E2	-3.808408E0
6.720000E0	1.055086E2	-5.834990E0
6.740000E0	1.060451E2	-7.084221E0
6.760000E0	1.064642E2	-6.949769E0
6.780000E0	1.068292E2	-5.961854E0
6.800000E0	1.065287E2	-4.969131E0
6.820000E0	1.062702E2	-4.325694E0
6.840000E0	1.063074E2	-4.384604E0
6.860000E0	1.064931E2	-4.922217E0
6.880000E0	1.069805E2	-4.914673E0
6.900000E0	1.074861E2	-4.634009E0
6.920000E0	1.072268E2	-4.986766E0
6.940000E0	1.077933E2	-6.425409E0
6.960000E0	1.083854E2	-7.280584E0
6.980000E0	1.087720E2	-6.786860E0
7.000000E0	1.091455E2	-4.842167E0
7.020000E0	1.095591E2	-3.164956E0
7.040000E0	1.098834E2	-2.595627E0
7.060000E0	1.103160E2	-3.525894E0
7.080000E0	1.100016E2	-5.093477E0
7.100000E0	1.102738E2	-5.683340E0
7.120000E0	1.110696E2	-5.145105E0
7.140000E0	1.120135E2	-3.643128E0
7.160000E0	1.128016E2	-2.968840E0
7.180000E0	1.132073E2	-3.745042E0
7.200000E0	1.133013E2	-4.706538E0
7.220000E0	1.134156E2	-4.759951E0
7.240000E0	1.139299E2	-4.574176E0
7.260000E0	1.142539E2	-4.316355E0
7.280000E0	1.144009E2	-4.555647E0
7.300000E0	1.146473E2	-4.406974E0
7.320000E0	1.149262E2	-3.941565E0
7.340000E0	1.150876E2	-3.655410E0
7.360000E0	1.152312E2	-3.995049E0
7.380000E0	1.153747E2	-4.861364E0
7.400000E0	1.157712E2	-5.095554E0
7.420000E0	1.163506E2	-4.390140E0
7.440000E0	1.167099E2	-4.088938E0
7.460000E0	1.166351E2	-3.963408E0
7.480000E0	1.166539E2	-3.999214E0
7.500000E0	1.170244E2	-3.803709E0
7.520000E0	1.170897E2	-3.715251E0
7.540000E0	1.171736E2	-3.799680E0
7.560000E0	1.175910E2	-4.418363E0
7.580000E0	1.185267E2	-5.355584E0
7.600000E0	1.188343E2	-6.143608E0
7.620000E0	1.190837E2	-6.717801E0
7.640000E0	1.196819E2	-6.422923E0
7.660000E0	1.201382E2	-6.084169E0
7.680000E0	1.206696E2	-5.632832E0
7.700000E0	1.206861E2	-5.092689E0
7.720000E0	1.211114E2	-4.423157E0
7.740000E0	1.215191E2	-3.968408E0
7.760000E0	1.212740E2	-4.503341E0
7.780000E0	1.211805E2	-5.548761E0
7.800000E0	1.218562E2	-6.342091E0
7.820000E0	1.227422E2	-6.371105E0
7.840000E0	1.235023E2	-5.476072E0
7.860000E0	1.234948E2	-3.745697E0
7.880000E0	1.234352E2	-2.283881E0
7.900000E0	1.239606E2	-2.035932E0
7.920000E0	1.239875E2	-2.828577E0
7.940000E0	1.238362E2	-4.132272E0
7.960000E0	1.236101E2	-5.215936E0
7.980000E0	1.242441E2	-5.713831E0
8.000000E0	1.255542E2	-5.259458E0
8.020000E0	1.257903E2	-5.387636E0
8.040000E0	1.260053E2	-6.542054E0
8.060000E0	1.260001E2	-7.283563E0
8.080000E0	1.261986E2	-7.437018E0
8.100000E0	1.268525E2	-7.001096E0
8.120000E0	1.274958E2	-6.277907E0
8.140000E0	1.278972E2	-5.990008E0
8.160000E0	1.279176E2	-6.097202E0
8.180000E0	1.280927E2	-5.798409E0
8.200000E0	1.289185E2	-5.128577E0
8.220000E0	1.296285E2	-4.713631E0
8.240000E0	1.298242E2	-4.865312E0
8.260000E0	1.299239E2	-5.267704E0
8.280000E0	1.300894E2	-5.472177E0
8.300000E0	1.301607E2	-5.163339E0
8.320000E0	1.305677E2	-4.551403E0
8.340000E0	1.309843E2	-3.907495E0
8.360000E0	1.309564E2	-3.892651E0
8.380000E0	1.308820E2	-4.785009E0
8.400000E0	1.311582E2	-6.200146E0
8.420000E0	1.319016E2	-6.519940E0
8.440000E0	1.325840E2	-5.960311E0
8.460000E0	1.335550E2	-5.271739E0
8.480000E0	1.339269E2	-5.124714E0
8.500000E0	1.336514E2	-5.443780E0
8.520000E0	1.333780E2	-5.735308E0
8.540000E0	1.331548E2	-5.733734E0
8.560000E0	1.336593E2	-5.476075E0
8.580000E0	1.338529E2	-5.710617E0
8.600000E0	1.338790E2	-6.512002E0
8.620000E0	1.342258E2	-7.857372E0
8.640000E0	1.346849E2	-8.155266E0
8.660000E0	1.352004E2	-7.212617E0
8.680000E0	1.360941E2	-4.783087E0
8.700000E0	1.372072E2	-2.867981E0
8.720000E0	1.374222E2	-1.859329E0
8.740000E0	1.376281E2	-2.364977E0
8.760000E0	1.377745E2	-4.321016E0
8.780000E0	1.379151E2	-6.060930E0
8.800000E0	1.386330E2	-6.544422E0
8.820000E0	1.395457E2	-5.739518E0
8.840000E0	1.399561E2	-4.887610E0
8.860000E0	1.402639E2	-4.333070E0
8.880000E0	1.405848E2	-4.206228E0
8.900000E0	1.412469E2	-4.441278E0
8.920000E0	1.416034E2	-4.945017E0
8.940000E0	1.415935E2	-5.413539E0
8.960000E0	1.415822E2	-6.237255E0
8.980000E0	1.414979E2	-7.209439E0
9.000000E0	1.415038E2	-7.496833E0
9.020000E0	1.419661E2	-6.789005E0
9.040000E0	1.426801E2	-6.140892E0
9.060000E0	1.434800E2	-6.127237E0
9.080000E0	1.442787E2	-6.064649E0
9.100000E0	1.447187E2	-6.021856E0
9.120000E0	1.445751E2	-6.108013E0
9.140000E0	1.441108E2	-6.572522E0
9.160000E0	1.441699E2	-6.534185E0
9.180000E0	1.450555E2	-5.716382E0
9.200000E0	1.459637E2	-4.709750E0
9.220000E0	1.462298E2	-4.883660E0
9.240000E0	1.464890E2	-5.780895E0
9.260000E0	1.468523E2	-6.515382E0
9.280000E0	1.471966E2	-6.372497E0
9.300000E0	1.480810E2	-6.115259E0
9.320000E0	1.488555E2	-5.751186E0
9.340000E0	1.487900E2	-5.828542E0
9.360000E0	1.486923E2	-5.958461E0
9.380000E0	1.486445E2	-5.826958E0
9.400000E0	1.488065E2	-5.905621E0
9.420000E0	1.487581E2	-5.966821E0
9.440000E0	1.484891E2	-6.430299E0
9.460000E0	1.483916E2	-7.202275E0
9.480000E0	1.488721E2	-7.649306E0
9.500000E0	1.494092E2	-7.255065E0
9.520000E0	1.499807E2	-6.362916E0
9.540000E0	1.503306E2	-4.942608E0
9.560000E0	1.496706E2	-3.512076E0
9.580000E0	1.490665E2	-2.795040E0
9.600000E0	1.492796E2	-3.400577E0
9.620000E0	1.498337E2	-4.967042E0
9.640000E0	1.504122E2	-6.647515E0
9.660000E0	1.510578E2	-6.719999E0
9.680000E0	1.517876E2	-5.766610E0
9.700000E0	1.522714E2	-5.404682E0
9.720000E0	1.524323E2	-6.633449E0
9.740000E0	1.527705E2	-7.945818E0
9.760000E0	1.536417E2	-8.351592E0
9.780000E0	1.548771E2	-7.546328E0
9.800000E0	1.559477E2	-6.162282E0
9.820000E0	1.563126E2	-5.084116E0
9.840000E0	1.563627E2	-4.577065E0
9.860000E0	1.560722E2	-4.679368E0
9.880000E0	1.563037E2	-5.737979E0
9.900000E0	1.567917E2	-7.124947E0
9.920000E0	1.571762E2	-7.659190E0
9.940000E0	1.576686E2	-6.969141E0
9.960000E0	1.579658E2	-5.944420E0
9.980000E0	1.580340E2	-5.132905E0
1.000000E1	1.578234E2	-4.776551E0
1.002000E1	1.578167E2	-4.782938E0
1.004000E1	1.581844E2	-5.008194E0
1.006000E1	1.582912E2	-5.694417E0
1.008000E1	1.587543E2	-6.752614E0
1.010000E1	1.594779E2	-7.687693E0
1.012000E1	1.597512E2	-7.985473E0
1.014000E1	1.602425E2	-7.927141E0
1.016000E1	1.609834E2	-7.593025E0
1.018000E1	1.614819E2	-7.314389E0
1.020000E1	1.615703E2	-7.292297E0
1.022000E1	1.614382E2	-7.301371E0
1.024000E1	1.616888E2	-7.293860E0
1.026000E1	1.622885E2	-7.104147E0
1.028000E1	1.622833E2	-6.872628E0
1.030000E1	1.623531E2	-7.511375E0
1.032000E1	1.627103E2	-8.132143E0
1.034000E1	1.631832E2	-7.985499E0
1.036000E1	1.638529E2	-6.687978E0
1.038000E1	1.645047E2	-4.773661E0
1.040000E1	1.639373E2	-3.291061E0
1.042000E1	1.635287E2	-2.834279E0
1.044000E1	1.640090E2	-3.194022E0
1.046000E1	1.648702E2	-4.543448E0
1.048000E1	1.653544E2	-6.291782E0
1.050000E1	1.655619E2	-6.557421E0
1.052000E1	1.656582E2	-5.248314E0
1.054000E1	1.660548E2	-4.025488E0
1.056000E1	1.667445E2	-4.564743E0
1.058000E1	1.671843E2	-5.692066E0
1.060000E1	1.671605E2	-6.198431E0
1.062000E1	1.672127E2	-6.084721E0
1.064000E1	1.674270E2	-5.678032E0
1.066000E1	1.677946E2	-5.806478E0
1.068000E1	1.679765E2	-6.184085E0
1.070000E1	1.682952E2	-6.372110E0
1.072000E1	1.686751E2	-6.776453E0
1.074000E1	1.691968E2	-6.937375E0
1.076000E1	1.702235E2	-6.603965E0
1.078000E1	1.715340E2	-5.911988E0
1.080000E1	1.720093E2	-5.064523E0
1.082000E1	1.718463E2	-4.417049E0
1.084000E1	1.718404E2	-4.185698E0
1.086000E1	1.722217E2	-4.530417E0
1.088000E1	1.722241E2	-5.556715E0
1.090000E1	1.724506E2	-6.583137E0
1.092000E1	1.730226E2	-7.156431E0
1.094000E1	1.734151E2	-7.242365E0
1.096000E1	1.731966E2	-7.216151E0
1.098000E1	1.732597E2	-6.633364E0
1.100000E1	1.738428E2	-6.128601E0
1.102000E1	1.740250E2	-5.852655E0
1.104000E1	1.740564E2	-5.851836E0
1.106000E1	1.742100E2	-6.188762E0
1.108000E1	1.748817E2	-6.681425E0
1.110000E1	1.756261E2	-7.197842E0
1.112000E1	1.752502E2	-7.759011E0
1.114000E1	1.752414E2	-8.618348E0
1.116000E1	1.754571E2	-8.492103E0
1.118000E1	1.757733E2	-7.523903E0
1.120000E1	1.763740E2	-5.934089E0
1.122000E1	1.770809E2	-4.742320E0
1.124000E1	1.772280E2	-4.839015E0
1.126000E1	1.773485E2	-6.098348E0
1.128000E1	1.775140E2	-6.444205E0
1.130000E1	1.783028E2	-5.920246E0
1.132000E1	1.789975E2	-5.254305E0
1.134000E1	1.798462E2	-4.742770E0
1.136000E1	1.801553E2	-4.252101E0
1.138000E1	1.801470E2	-4.381943E0
1.140000E1	1.807822E2	-5.365769E0
1.142000E1	1.810568E2	-5.650285E0
1.144000E1	1.810742E2	-5.836671E0
1.146000E1	1.813893E2	-5.620980E0
1.148000E1	1.818806E2	-5.469927E0
1.150000E1	1.821392E2	-5.340612E0
1.152000E1	1.820092E2	-5.356133E0
1.154000E1	1.819606E2	-5.408432E0
1.156000E1	1.825344E2	-5.475715E0
1.158000E1	1.833475E2	-5.465976E0
1.160000E1	1.838457E2	-5.513188E0
1.162000E1	1.841132E2	-5.493236E0
1.164000E1	1.840283E2	-5.378059E0
1.166000E1	1.838530E2	-5.185133E0
1.168000E1	1.839980E2	-5.017520E0
1.170000E1	1.842150E2	-4.865140E0
1.172000E1	1.841631E2	-4.849065E0
1.174000E1	1.841697E2	-5.132604E0
1.176000E1	1.845845E2	-6.068734E0
1.178000E1	1.854976E2	-6.814062E0
1.180000E1	1.858258E2	-7.341280E0
1.182000E1	1.858620E2	-7.583803E0
1.184000E1	1.866179E2	-7.245763E0
1.186000E1	1.874587E2	-6.679433E0
1.188000E1	1.881340E2	-6.428130E0
1.190000E1	1.881227E2	-6.172240E0
1.192000E1	1.879728E2	-6.232375E0
1.194000E1	1.881358E2	-5.686779E0
1.196000E1	1.888677E2	-5.610534E0
1.198000E1	1.887421E2	-6.034577E0
1.200000E1	1.886952E2	-6.961938E0
1.202000E1	1.893428E2	-7.293071E0
1.204000E1	1.905286E2	-7.035691E0
1.206000E1	1.908290E2	-5.650514E0
1.208000E1	1.908355E2	-3.867860E0
1.210000E1	1.912376E2	-2.715987E0
1.212000E1	1.913002E2	-3.019313E0
1.214000E1	1.911895E2	-4.250810E0
1.216000E1	1.909704E2	-5.781243E0
1.218000E1	1.911443E2	-6.731662E0
1.220000E1	1.921246E2	-6.465385E0
1.222000E1	1.930439E2	-5.720157E0
1.224000E1	1.933731E2	-6.463233E0
1.226000E1	1.933544E2	-7.820524E0
1.228000E1	1.933526E2	-8.288739E0
1.230000E1	1.938779E2	-7.792025E0
1.232000E1	1.948044E2	-6.837072E0
1.234000E1	1.953264E2	-6.427394E0
1.236000E1	1.954298E2	-6.807095E0
1.238000E1	1.951231E2	-7.317315E0
1.240000E1	1.955472E2	-6.841650E0
1.242000E1	1.966592E2	-5.890734E0
1.244000E1	1.973689E2	-5.354258E0
1.246000E1	1.973253E2	-5.743432E0
1.248000E1	1.974127E2	-6.300534E0
1.250000E1	1.976454E2	-6.534215E0
1.252000E1	1.978314E2	-6.140389E0
1.254000E1	1.982641E2	-5.375352E0
1.256000E1	1.985318E2	-4.557055E0
1.258000E1	1.985472E2	-4.448432E0
1.260000E1	1.985554E2	-5.534128E0
1.262000E1	1.987938E2	-7.069904E0
1.264000E1	1.994263E2	-7.318657E0
1.266000E1	2.000603E2	-6.653213E0
1.268000E1	2.011284E2	-5.884304E0
1.270000E1	2.014223E2	-5.851410E0
1.272000E1	2.013086E2	-6.299639E0
1.274000E1	2.008472E2	-6.590346E0
1.276000E1	2.004921E2	-6.470549E0
1.278000E1	2.008838E2	-6.061579E0
1.280000E1	2.008004E2	-6.257400E0
1.282000E1	2.009094E2	-7.032782E0
1.284000E1	2.014791E2	-8.126923E0
1.286000E1	2.018862E2	-8.518534E0
1.288000E1	2.024469E2	-7.635686E0
1.290000E1	2.032357E2	-5.087957E0
1.292000E1	2.040545E2	-2.925799E0
1.294000E1	2.047104E2	-1.919097E0
1.296000E1	2.048501E2	-2.759765E0
1.298000E1	2.047716E2	-4.615390E0
1.300000E1	2.050670E2	-6.288349E0
1.302000E1	2.058365E2	-6.768787E0
1.304000E1	2.064685E2	-6.151311E0
1.306000E1	2.068511E2	-5.367753E0
1.308000E1	2.071496E2	-4.885727E0
1.310000E1	2.077207E2	-4.856149E0
1.312000E1	2.084307E2	-4.942022E0
1.314000E1	2.087136E2	-5.304831E0
1.316000E1	2.086275E2	-5.903898E0
1.318000E1	2.085368E2	-6.954948E0
1.320000E1	2.083314E2	-7.776881E0
1.322000E1	2.083919E2	-7.714402E0
1.324000E1	2.089455E2	-6.908012E0
1.326000E1	2.094460E2	-6.593886E0
1.328000E1	2.101684E2	-6.711626E0
1.330000E1	2.110268E2	-6.794511E0
1.332000E1	2.112735E2	-6.758250E0
1.334000E1	2.109670E2	-6.881597E0
1.336000E1	2.105879E2	-7.166678E0
1.338000E1	2.113011E2	-6.685318E0
1.340000E1	2.123752E2	-5.749122E0
1.342000E1	2.129099E2	-5.295353E0
1.344000E1	2.130589E2	-5.966105E0
1.346000E1	2.133744E2	-6.859977E0
1.348000E1	2.139989E2	-6.999759E0
1.350000E1	2.148940E2	-7.004456E0
1.352000E1	2.155118E2	-6.668967E0
1.354000E1	2.154847E2	-6.373709E0
1.356000E1	2.154993E2	-6.363866E0
1.358000E1	2.155875E2	-6.214224E0
1.360000E1	2.156492E2	-6.531792E0
1.362000E1	2.155520E2	-6.670945E0
1.364000E1	2.152366E2	-7.214195E0
1.366000E1	2.153793E2	-7.788341E0
1.368000E1	2.159132E2	-8.118672E0
1.370000E1	2.164736E2	-7.779642E0
1.372000E1	2.169320E2	-6.936866E0
1.374000E1	2.170317E2	-5.373158E0
1.376000E1	2.162629E2	-3.809285E0
1.378000E1	2.159582E2	-3.208215E0
1.380000E1	2.164808E2	-4.019708E0
1.382000E1	2.168785E2	-5.855399E0
1.384000E1	2.174428E2	-7.266258E0
1.386000E1	2.182818E2	-7.626964E0
1.388000E1	2.188871E2	-6.931627E0
1.390000E1	2.189950E2	-5.853153E0
1.392000E1	2.194729E2	-6.594139E0
1.394000E1	2.202198E2	-8.055260E0
1.396000E1	2.213639E2	-8.580853E0
1.398000E1	2.223816E2	-7.598253E0
1.400000E1	2.230069E2	-6.213484E0
1.402000E1	2.230820E2	-5.628061E0
1.404000E1	2.231989E2	-5.789562E0
1.406000E1	2.231743E2	-6.392044E0
1.408000E1	2.229487E2	-7.220183E0
1.410000E1	2.233221E2	-7.903234E0
1.412000E1	2.239854E2	-7.722456E0
1.414000E1	2.247207E2	-7.162476E0
1.416000E1	2.252442E2	-6.476696E0
1.418000E1	2.251780E2	-5.740669E0
1.420000E1	2.247236E2	-5.438802E0
1.422000E1	2.244562E2	-5.486036E0
1.424000E1	2.248342E2	-5.851421E0
1.426000E1	2.252373E2	-6.042108E0
1.428000E1	2.256906E2	-6.807285E0
1.430000E1	2.261906E2	-7.699023E0
1.432000E1	2.267314E2	-8.289753E0
1.434000E1	2.270282E2	-8.324430E0
1.436000E1	2.273543E2	-8.074315E0
1.438000E1	2.281285E2	-7.734443E0
1.440000E1	2.287895E2	-7.574730E0
1.442000E1	2.287872E2	-7.584040E0
1.444000E1	2.286414E2	-7.588291E0
1.446000E1	2.289109E2	-7.561370E0
1.448000E1	2.294586E2	-7.030820E0
1.450000E1	2.297383E2	-6.904479E0
1.452000E1	2.298772E2	-7.702850E0
1.454000E1	2.301049E2	-8.407559E0
1.456000E1	2.303793E2	-8.118085E0
1.458000E1	2.311500E2	-6.851841E0
1.460000E1	2.318765E2	-5.049540E0
1.462000E1	2.313179E2	-3.645814E0
1.464000E1	2.308041E2	-3.004720E0
1.466000E1	2.312187E2	-3.158278E0
1.468000E1	2.320666E2	-4.365738E0
1.470000E1	2.324552E2	-6.296873E0
1.472000E1	2.326881E2	-6.968509E0
1.474000E1	2.329243E2	-5.853491E0
1.476000E1	2.334852E2	-4.441473E0
1.478000E1	2.340848E2	-4.715014E0
1.480000E1	2.345852E2	-5.852709E0
1.482000E1	2.345380E2	-6.540081E0
1.484000E1	2.345650E2	-6.512092E0
1.486000E1	2.348026E2	-6.091212E0
1.488000E1	2.351745E2	-5.978856E0
1.490000E1	2.352747E2	-6.189157E0
1.492000E1	2.354628E2	-6.635474E0
1.494000E1	2.356471E2	-7.236579E0
1.496000E1	2.361849E2	-7.348061E0
1.498000E1	2.373199E2	-6.911254E0
1.500000E1	2.386621E2	-6.129462E0
1.502000E1	2.389317E2	-5.105004E0
1.504000E1	2.387947E2	-4.476652E0
1.506000E1	2.388477E2	-4.417917E0
1.508000E1	2.390679E2	-4.893454E0
1.510000E1	2.390444E2	-5.899934E0
1.512000E1	2.392888E2	-6.858896E0
1.514000E1	2.398137E2	-7.200468E0
1.516000E1	2.401295E2	-7.430880E0
1.518000E1	2.398279E2	-7.229332E0
1.520000E1	2.400371E2	-6.728577E0
1.522000E1	2.407483E2	-6.396526E0
1.524000E1	2.408761E2	-6.324805E0
1.526000E1	2.408863E2	-6.266387E0
1.528000E1	2.410670E2	-6.682345E0
1.530000E1	2.418705E2	-7.267902E0
1.532000E1	2.422765E2	-7.647528E0
1.534000E1	2.419183E2	-8.389923E0
1.536000E1	2.419537E2	-8.910662E0
1.538000E1	2.422770E2	-8.676017E0
1.540000E1	2.428193E2	-7.741234E0
1.542000E1	2.435148E2	-6.295256E0
1.544000E1	2.437480E2	-5.167704E0
1.546000E1	2.439288E2	-5.667411E0
1.548000E1	2.439106E2	-6.555277E0
1.550000E1	2.442201E2	-6.724241E0
1.552000E1	2.449600E2	-6.271271E0
1.554000E1	2.457589E2	-5.691219E0
1.556000E1	2.463737E2	-5.436846E0
1.558000E1	2.467595E2	-4.804944E0
1.560000E1	2.467798E2	-4.826306E0
1.562000E1	2.472900E2	-5.947441E0
1.564000E1	2.475371E2	-6.335027E0
1.566000E1	2.477448E2	-6.461595E0
1.568000E1	2.480349E2	-6.247839E0
1.570000E1	2.483644E2	-6.408351E0
1.572000E1	2.483272E2	-6.437960E0
1.574000E1	2.481889E2	-6.345824E0
1.576000E1	2.485757E2	-5.963105E0
1.578000E1	2.494197E2	-5.911730E0
1.580000E1	2.500072E2	-6.113534E0
1.582000E1	2.504432E2	-6.233002E0
1.584000E1	2.504997E2	-6.233956E0
1.586000E1	2.502012E2	-5.951731E0
1.588000E1	2.499193E2	-5.577964E0
1.590000E1	2.503012E2	-5.612124E0
1.592000E1	2.507668E2	-5.731239E0
1.594000E1	2.510578E2	-6.160887E0
1.596000E1	2.512768E2	-7.138772E0
1.598000E1	2.516377E2	-7.855090E0
1.600000E1	2.520008E2	-7.931778E0
1.602000E1	2.526355E2	-7.949952E0
1.604000E1	2.538043E2	-7.740270E0
1.606000E1	2.549544E2	-7.019272E0
1.608000E1	2.551395E2	-6.861745E0
1.610000E1	2.542810E2	-6.585293E0
1.612000E1	2.540726E2	-6.409343E0
1.614000E1	2.548327E2	-6.630772E0
1.616000E1	2.556734E2	-7.012778E0
1.618000E1	2.553931E2	-7.431625E0
1.620000E1	2.554156E2	-8.231960E0
1.622000E1	2.560708E2	-8.871777E0
1.624000E1	2.561316E2	-8.178119E0
1.626000E1	2.561100E2	-6.568777E0
1.628000E1	2.569618E2	-4.488658E0
1.630000E1	2.578550E2	-3.052680E0
1.632000E1	2.579663E2	-3.517060E0
1.634000E1	2.578370E2	-4.760923E0
1.636000E1	2.574575E2	-6.689096E0
1.638000E1	2.578662E2	-7.837106E0
1.640000E1	2.588522E2	-7.607237E0
1.642000E1	2.594728E2	-6.171248E0
1.644000E1	2.595848E2	-6.320655E0
1.646000E1	2.595245E2	-7.897672E0
1.648000E1	2.598571E2	-8.809398E0
1.650000E1	2.606805E2	-8.831188E0
1.652000E1	2.613725E2	-8.225698E0
1.654000E1	2.618324E2	-7.468452E0
1.656000E1	2.618847E2	-7.389501E0
1.658000E1	2.621573E2	-7.471539E0
1.660000E1	2.626250E2	-7.231634E0
1.662000E1	2.631909E2	-6.426025E0
1.664000E1	2.637482E2	-6.064043E0
1.666000E1	2.640654E2	-6.169875E0
1.668000E1	2.645265E2	-6.825495E0
1.670000E1	2.648240E2	-6.938905E0
1.672000E1	2.647712E2	-6.784906E0
1.674000E1	2.647488E2	-6.020836E0
1.676000E1	2.652636E2	-5.578900E0
1.678000E1	2.656339E2	-5.364650E0
1.680000E1	2.654201E2	-5.885828E0
1.682000E1	2.652518E2	-6.882607E0
1.684000E1	2.659764E2	-7.528251E0
1.686000E1	2.670679E2	-7.023988E0
1.688000E1	2.678342E2	-6.677846E0
1.690000E1	2.684825E2	-6.524581E0
1.692000E1	2.685383E2	-6.482457E0
1.694000E1	2.681889E2	-6.839220E0
1.696000E1	2.680553E2	-6.770422E0
1.698000E1	2.677991E2	-6.781774E0
1.700000E1	2.681028E2	-6.569007E0
1.702000E1	2.683712E2	-6.958438E0
1.704000E1	2.685215E2	-8.269408E0
1.706000E1	2.687998E2	-9.353943E0
1.708000E1	2.691713E2	-9.092118E0
1.710000E1	2.696622E2	-7.461157E0
1.712000E1	2.706740E2	-5.009976E0
1.714000E1	2.716039E2	-3.282598E0
1.716000E1	2.718427E2	-2.768154E0
1.718000E1	2.717226E2	-3.913472E0
1.720000E1	2.715692E2	-5.792744E0
1.722000E1	2.719455E2	-6.981240E0
1.724000E1	2.728737E2	-7.154445E0
1.726000E1	2.734525E2	-6.576270E0
1.728000E1	2.737371E2	-5.491338E0
1.730000E1	2.740977E2	-4.741861E0
1.732000E1	2.748219E2	-5.069356E0
1.734000E1	2.755618E2	-5.522672E0
1.736000E1	2.756705E2	-5.977946E0
1.738000E1	2.754440E2	-6.680740E0
1.740000E1	2.753333E2	-8.042086E0
1.742000E1	2.750079E2	-8.745340E0
1.744000E1	2.751671E2	-8.375266E0
1.746000E1	2.756978E2	-7.090609E0
1.748000E1	2.762783E2	-6.661119E0
1.750000E1	2.774219E2	-6.865755E0
1.752000E1	2.781802E2	-7.408744E0
1.754000E1	2.781776E2	-7.367960E0
1.756000E1	2.777272E2	-7.320782E0
1.758000E1	2.777590E2	-7.316803E0
1.760000E1	2.787739E2	-6.701759E0
1.762000E1	2.797299E2	-5.887338E0
1.764000E1	2.798026E2	-5.606087E0
1.766000E1	2.798089E2	-6.152921E0
1.768000E1	2.806554E2	-7.162045E0
1.770000E1	2.815672E2	-7.495605E0
1.772000E1	2.819562E2	-7.374462E0
1.774000E1	2.823535E2	-6.578276E0
1.776000E1	2.825007E2	-6.203600E0
1.778000E1	2.826417E2	-6.424226E0
1.780000E1	2.823458E2	-6.894164E0
1.782000E1	2.820905E2	-7.263297E0
1.784000E1	2.824270E2	-7.046105E0
1.786000E1	2.827773E2	-7.028937E0
1.788000E1	2.830516E2	-7.506216E0
1.790000E1	2.832631E2	-8.018442E0
1.792000E1	2.835408E2	-7.816242E0
1.794000E1	2.836135E2	-7.039107E0
1.796000E1	2.835128E2	-5.753566E0
1.798000E1	2.827173E2	-4.039783E0
1.800000E1	2.833243E2	-4.061581E0
1.802000E1	2.838125E2	-4.883457E0
1.804000E1	2.839948E2	-6.826847E0
1.806000E1	2.843990E2	-7.746001E0
1.808000E1	2.850224E2	-7.312540E0
1.810000E1	2.858612E2	-5.980841E0
1.812000E1	2.871428E2	-4.828366E0
1.814000E1	2.886233E2	-4.930215E0
1.816000E1	2.892220E2	-5.655498E0
1.818000E1	2.895045E2	-6.335872E0
1.820000E1	2.893675E2	-6.707140E0
1.822000E1	2.894024E2	-7.370467E0
1.824000E1	2.893933E2	-8.203401E0
1.826000E1	2.893956E2	-8.229554E0
1.828000E1	2.894723E2	-7.568399E0
1.830000E1	2.898109E2	-6.921667E0
1.832000E1	2.904786E2	-6.364988E0
1.834000E1	2.913155E2	-5.700991E0
1.836000E1	2.919356E2	-5.292840E0
1.838000E1	2.922309E2	-5.251629E0
1.840000E1	2.919740E2	-5.509633E0
1.842000E1	2.913169E2	-6.411890E0
1.844000E1	2.912635E2	-7.297138E0
1.846000E1	2.919752E2	-7.775106E0
1.848000E1	2.922864E2	-7.244987E0
1.850000E1	2.924708E2	-7.109867E0
1.852000E1	2.927562E2	-7.645405E0
1.854000E1	2.933045E2	-8.466446E0
1.856000E1	2.937224E2	-8.597238E0
1.858000E1	2.943308E2	-8.456832E0
1.860000E1	2.948720E2	-7.895225E0
1.862000E1	2.954715E2	-7.638751E0
1.864000E1	2.955666E2	-7.807428E0
1.866000E1	2.955274E2	-7.984621E0
1.868000E1	2.959956E2	-7.945842E0
1.870000E1	2.968777E2	-7.299884E0
1.872000E1	2.972699E2	-6.659827E0
1.874000E1	2.972078E2	-7.147364E0
1.876000E1	2.972137E2	-7.916157E0
1.878000E1	2.977108E2	-8.475614E0
1.880000E1	2.982483E2	-7.990892E0
1.882000E1	2.985747E2	-6.672396E0
1.884000E1	2.983317E2	-4.600746E0
1.886000E1	2.977545E2	-2.880451E0
1.888000E1	2.975930E2	-2.450069E0
1.890000E1	2.979629E2	-3.947043E0
1.892000E1	2.987698E2	-6.477407E0
1.894000E1	2.995813E2	-7.855441E0
1.896000E1	3.005546E2	-6.760299E0
1.898000E1	3.009954E2	-4.569456E0
1.900000E1	3.008125E2	-3.809862E0
1.902000E1	3.015208E2	-4.833439E0
1.904000E1	3.019975E2	-6.431624E0
1.906000E1	3.015339E2	-7.222641E0
1.908000E1	3.017222E2	-6.912402E0
1.910000E1	3.024431E2	-6.418561E0
1.912000E1	3.030533E2	-6.413678E0
1.914000E1	3.030927E2	-6.915264E0
1.916000E1	3.027331E2	-7.239003E0
1.918000E1	3.034063E2	-7.315624E0
1.920000E1	3.049251E2	-6.990888E0
1.922000E1	3.064289E2	-6.248717E0
1.924000E1	3.070600E2	-5.507085E0
1.926000E1	3.068158E2	-4.810419E0
1.928000E1	3.063244E2	-4.851617E0
1.930000E1	3.064958E2	-5.478206E0
1.932000E1	3.069469E2	-6.176635E0
1.934000E1	3.070395E2	-6.789592E0
1.936000E1	3.072877E2	-7.025594E0
1.938000E1	3.077276E2	-7.166811E0
1.940000E1	3.077219E2	-7.492449E0
1.942000E1	3.074877E2	-7.237227E0
1.944000E1	3.081019E2	-6.881958E0
1.946000E1	3.086100E2	-6.706508E0
1.948000E1	3.085586E2	-6.529547E0
1.950000E1	3.086649E2	-6.617066E0
1.952000E1	3.089737E2	-7.190063E0
1.954000E1	3.098282E2	-7.840466E0
1.956000E1	3.097130E2	-7.899796E0
1.958000E1	3.094602E2	-8.529962E0
1.960000E1	3.097037E2	-8.768318E0
1.962000E1	3.101494E2	-8.645173E0
1.964000E1	3.106876E2	-7.729075E0
1.966000E1	3.112935E2	-5.901627E0
1.968000E1	3.114116E2	-5.234805E0
1.970000E1	3.117488E2	-5.615839E0
1.972000E1	3.117882E2	-6.345279E0
1.974000E1	3.124034E2	-6.415658E0
1.976000E1	3.130700E2	-6.203830E0
1.978000E1	3.137318E2	-5.762516E0
1.980000E1	3.144440E2	-5.291981E0
1.982000E1	3.145909E2	-4.767107E0
1.984000E1	3.145387E2	-5.388916E0
1.986000E1	3.150135E2	-6.175725E0
1.988000E1	3.153667E2	-6.429607E0
1.990000E1	3.154229E2	-6.754093E0
1.992000E1	3.153955E2	-6.763483E0
1.994000E1	3.156420E2	-6.989677E0
1.996000E1	3.158980E2	-6.503831E0
1.998000E1	3.161659E2	-5.974842E0
2.000000E1	3.167010E2	-5.853547E0
2.002000E1	3.172066E2	-6.117991E0
2.004000E1	3.174585E2	-6.387602E0
2.006000E1	3.174145E2	-6.396306E0
2.008000E1	3.174764E2	-6.336080E0
2.010000E1	3.174591E2	-6.409003E0
2.012000E1	3.174407E2	-6.456032E0
2.014000E1	3.179229E2	-6.493956E0
2.016000E1	3.183558E2	-6.557024E0
2.018000E1	3.183592E2	-6.833344E0
2.020000E1	3.187626E2	-7.353047E0
2.022000E1	3.199313E2	-7.426746E0
2.024000E1	3.212440E2	-7.334313E0
2.026000E1	3.219937E2	-7.063086E0
2.028000E1	3.220952E2	-6.775962E0
2.030000E1	3.218160E2	-6.645770E0
2.032000E1	3.220262E2	-6.751288E0
2.034000E1	3.222464E2	-7.058771E0
2.036000E1	3.225782E2	-7.333175E0
2.038000E1	3.233105E2	-7.429028E0
2.040000E1	3.226958E2	-7.365445E0
2.042000E1	3.217408E2	-7.362950E0
2.044000E1	3.222516E2	-7.277878E0
2.046000E1	3.229939E2	-6.639275E0
2.048000E1	3.237018E2	-6.106744E0
2.050000E1	3.242615E2	-5.393631E0
2.052000E1	3.247096E2	-5.304108E0
2.054000E1	3.246994E2	-6.202643E0
2.056000E1	3.247087E2	-7.437286E0
2.058000E1	3.247821E2	-7.437800E0
2.060000E1	3.252468E2	-6.742525E0
2.062000E1	3.254594E2	-6.551837E0
2.064000E1	3.258351E2	-6.771861E0
2.066000E1	3.265523E2	-6.773253E0
2.068000E1	3.269490E2	-7.157922E0
2.070000E1	3.273254E2	-7.819689E0
2.072000E1	3.277359E2	-8.146952E0
2.074000E1	3.282415E2	-8.208570E0
2.076000E1	3.287406E2	-7.674002E0
2.078000E1	3.291618E2	-7.198388E0
2.080000E1	3.295029E2	-6.905776E0
2.082000E1	3.295916E2	-6.583764E0
2.084000E1	3.297554E2	-6.390457E0
2.086000E1	3.305274E2	-6.413821E0
2.088000E1	3.310140E2	-6.607047E0
2.090000E1	3.312223E2	-7.178204E0
2.092000E1	3.315945E2	-6.943278E0
2.094000E1	3.317232E2	-6.342620E0
2.096000E1	3.316518E2	-6.074549E0
2.098000E1	3.315371E2	-6.161491E0
2.100000E1	3.317391E2	-6.461612E0
2.102000E1	3.319320E2	-6.607486E0
2.104000E1	3.323445E2	-6.346257E0
2.106000E1	3.331233E2	-6.447644E0
2.108000E1	3.340398E2	-6.796945E0
2.110000E1	3.346834E2	-7.156500E0
2.112000E1	3.349378E2	-7.310481E0
2.114000E1	3.351096E2	-7.080156E0
2.116000E1	3.350004E2	-6.844671E0
2.118000E1	3.349200E2	-6.861044E0
2.120000E1	3.349533E2	-7.311864E0
2.122000E1	3.347480E2	-7.840522E0
2.124000E1	3.353153E2	-7.819776E0
2.126000E1	3.355263E2	-8.016163E0
2.128000E1	3.351826E2	-8.644167E0
2.130000E1	3.355638E2	-9.328010E0
2.132000E1	3.361817E2	-9.179162E0
2.134000E1	3.369306E2	-7.892511E0
2.136000E1	3.376794E2	-5.976285E0
2.138000E1	3.385426E2	-4.252967E0
2.140000E1	3.386934E2	-3.534596E0
2.142000E1	3.387779E2	-4.257420E0
2.144000E1	3.388078E2	-6.026983E0
2.146000E1	3.389816E2	-7.361486E0
2.148000E1	3.397512E2	-7.700372E0
2.150000E1	3.404757E2	-7.035327E0
2.152000E1	3.409696E2	-5.883153E0
2.154000E1	3.413409E2	-5.260655E0
2.156000E1	3.420000E2	-5.530397E0
2.158000E1	3.426299E2	-5.952223E0
2.160000E1	3.430230E2	-6.470286E0
2.162000E1	3.428295E2	-6.777330E0
2.164000E1	3.427285E2	-7.694104E0
2.166000E1	3.426034E2	-8.722956E0
2.168000E1	3.424513E2	-8.846109E0
2.170000E1	3.428812E2	-8.099750E0
2.172000E1	3.435466E2	-7.252988E0
2.174000E1	3.443950E2	-7.307914E0
2.176000E1	3.452280E2	-7.540942E0
2.178000E1	3.454680E2	-7.708654E0
2.180000E1	3.451359E2	-7.862553E0
2.182000E1	3.444881E2	-8.058997E0
2.184000E1	3.451212E2	-7.817788E0
2.186000E1	3.462279E2	-6.728610E0
2.188000E1	3.467877E2	-5.949442E0
2.190000E1	3.468055E2	-6.270694E0
2.192000E1	3.472652E2	-7.465615E0
2.194000E1	3.480717E2	-7.715822E0
2.196000E1	3.486869E2	-7.727688E0
2.198000E1	3.493716E2	-7.062729E0
2.200000E1	3.494913E2	-6.588072E0
2.202000E1	3.495066E2	-6.764003E0
2.204000E1	3.492146E2	-7.101829E0
2.206000E1	3.488781E2	-7.697062E0
2.208000E1	3.492314E2	-7.483823E0
2.210000E1	3.494683E2	-7.476317E0
2.212000E1	3.498071E2	-8.003427E0
2.214000E1	3.501327E2	-8.534584E0
2.216000E1	3.503383E2	-8.480058E0
2.218000E1	3.503246E2	-7.645214E0
2.220000E1	3.501578E2	-6.448704E0
2.222000E1	3.496909E2	-4.808857E0
2.224000E1	3.502660E2	-4.884970E0
2.226000E1	3.508315E2	-5.718337E0
2.228000E1	3.507907E2	-7.710695E0
2.230000E1	3.512398E2	-8.541536E0
2.232000E1	3.522099E2	-7.739082E0
2.234000E1	3.535902E2	-6.180732E0
2.236000E1	3.548649E2	-4.976688E0
2.238000E1	3.557671E2	-4.899695E0
2.240000E1	3.558240E2	-5.723524E0
2.242000E1	3.560332E2	-7.153287E0
2.244000E1	3.561110E2	-8.304711E0
2.246000E1	3.560959E2	-8.868829E0
2.248000E1	3.559683E2	-8.583919E0
2.250000E1	3.562614E2	-8.070523E0
2.252000E1	3.564747E2	-7.517331E0
2.254000E1	3.563084E2	-6.657132E0
2.256000E1	3.567190E2	-6.149042E0
2.258000E1	3.581063E2	-5.976257E0
2.260000E1	3.590945E2	-5.926203E0
2.262000E1	3.591075E2	-6.060080E0
2.264000E1	3.584058E2	-6.967913E0
2.266000E1	3.576285E2	-8.674810E0
2.268000E1	3.580788E2	-8.971038E0
2.270000E1	3.585892E2	-8.104714E0
2.272000E1	3.588873E2	-6.554304E0
2.274000E1	3.591255E2	-7.076876E0
2.276000E1	3.597738E2	-8.176432E0
2.278000E1	3.601354E2	-8.987104E0
2.280000E1	3.603554E2	-8.870237E0
2.282000E1	3.607857E2	-8.366248E0
2.284000E1	3.617148E2	-7.781551E0
2.286000E1	3.626159E2	-7.512164E0
2.288000E1	3.631038E2	-7.528981E0
2.290000E1	3.630551E2	-7.522538E0
2.292000E1	3.633431E2	-7.385168E0
2.294000E1	3.636309E2	-6.818784E0
2.296000E1	3.638662E2	-6.696433E0
2.298000E1	3.641868E2	-7.712184E0
2.300000E1	3.642311E2	-8.631365E0
2.302000E1	3.643120E2	-8.629512E0
2.304000E1	3.646279E2	-7.772750E0
2.306000E1	3.651103E2	-6.267740E0
2.308000E1	3.646033E2	-4.735749E0
2.310000E1	3.635945E2	-3.955083E0
2.312000E1	3.640222E2	-4.750896E0
2.314000E1	3.647715E2	-6.638369E0
2.316000E1	3.653776E2	-7.682919E0
2.318000E1	3.662083E2	-7.241664E0
2.320000E1	3.667918E2	-5.996298E0
2.322000E1	3.669987E2	-4.998171E0
2.324000E1	3.668465E2	-4.752985E0
2.326000E1	3.673273E2	-5.859343E0
2.328000E1	3.675983E2	-6.904788E0
2.330000E1	3.674237E2	-7.569363E0
2.332000E1	3.677485E2	-7.637750E0
2.334000E1	3.683775E2	-7.699272E0
2.336000E1	3.688629E2	-7.732166E0
2.338000E1	3.686537E2	-7.870719E0
2.340000E1	3.683174E2	-7.938481E0
2.342000E1	3.688492E2	-7.894871E0
2.344000E1	3.699174E2	-7.843408E0
2.346000E1	3.712066E2	-7.594561E0
2.348000E1	3.724290E2	-6.941611E0
2.350000E1	3.727102E2	-6.605774E0
2.352000E1	3.725568E2	-6.256357E0
2.354000E1	3.723041E2	-6.012558E0
2.356000E1	3.727804E2	-5.908002E0
2.358000E1	3.729517E2	-6.458571E0
2.360000E1	3.727650E2	-7.443416E0
2.362000E1	3.733804E2	-8.371526E0
2.364000E1	3.739659E2	-8.675896E0
2.366000E1	3.740630E2	-8.714428E0
2.368000E1	3.739900E2	-8.178833E0
2.370000E1	3.744717E2	-7.288119E0
2.372000E1	3.748615E2	-6.791675E0
2.374000E1	3.748187E2	-6.838371E0
2.376000E1	3.748014E2	-7.314843E0
2.378000E1	3.750240E2	-7.631145E0
2.380000E1	3.759365E2	-7.896589E0
2.382000E1	3.760737E2	-8.168687E0
2.384000E1	3.759795E2	-9.153947E0
2.386000E1	3.761764E2	-9.695609E0
2.388000E1	3.763213E2	-9.211108E0
2.390000E1	3.768064E2	-7.826593E0
2.392000E1	3.773829E2	-6.214074E0
2.394000E1	3.776592E2	-5.750739E0
2.396000E1	3.777393E2	-6.796297E0
2.398000E1	3.778231E2	-7.431003E0
2.400000E1	3.782064E2	-7.141897E0
