	mass A		
t	x	y	
0.000000E0	2.549264E-2	-2.549264E-2
2.000000E-2	2.217279E-2	-2.797603E-2
4.000000E-2	1.424313E-2	-3.056599E-2
6.000000E-2	2.361797E-2	-2.146218E-2
8.000000E-2	2.243565E-2	-4.364405E-2
1.000000E-1	1.662241E-2	-1.658372E-2
1.200000E-1	-6.612569E-3	-1.453876E-2
1.400000E-1	-2.302939E-2	-2.616349E-2
1.600000E-1	-1.894581E-2	-1.204317E-1
1.800000E-1	-2.104255E-3	-1.175537E-1
2.000000E-1	-1.088804E-2	-2.012526E-1
2.200000E-1	-4.654290E-3	-3.168418E-1
2.400000E-1	-1.646627E-3	-3.839653E-1
2.600000E-1	5.431670E-3	-4.976968E-1
2.800000E-1	1.010742E-2	-5.115260E-1
3.000000E-1	4.628884E-2	-6.332146E-1
3.200000E-1	1.566595E-1	-6.570755E-1
3.400000E-1	2.271913E-1	-8.638015E-1
3.600000E-1	2.222644E-1	-1.147891E0
3.800000E-1	1.774699E-1	-1.183903E0
4.000000E-1	1.312868E-1	-1.178962E0
4.200000E-1	8.217436E-2	-9.531120E-1
4.400000E-1	1.405618E-1	-7.035187E-1
4.600000E-1	1.709158E-1	-6.527975E-1
4.800000E-1	1.620200E-1	-7.409511E-1
5.000000E-1	1.944457E-1	-7.219708E-1
5.200000E-1	3.263475E-1	-8.475691E-1
5.400000E-1	4.932203E-1	-9.822861E-1
5.600000E-1	6.119239E-1	-9.922251E-1
5.800000E-1	6.532868E-1	-9.080171E-1
6.000000E-1	7.307912E-1	-6.208832E-1
6.200000E-1	7.581326E-1	-1.982432E-1
6.400000E-1	7.145703E-1	-1.350097E-1
6.600000E-1	6.762462E-1	-1.205343E-1
6.800000E-1	6.837987E-1	2.214319E-2
7.000000E-1	7.881294E-1	1.219947E-1
7.200000E-1	8.983001E-1	2.651686E-1
7.400000E-1	9.696332E-1	5.021144E-1
7.600000E-1	1.088220E0	6.600022E-1
7.800000E-1	1.092617E0	7.206803E-1
8.000000E-1	1.078938E0	7.388129E-1
8.200000E-1	1.075852E0	7.022640E-1
8.400000E-1	1.092049E0	6.637086E-1
8.600000E-1	1.082114E0	6.309966E-1
8.800000E-1	1.079709E0	5.042739E-1
9.000000E-1	1.086791E0	3.684797E-1
9.200000E-1	1.065137E0	2.631732E-1
9.400000E-1	1.071917E0	2.551827E-1
9.600000E-1	1.074881E0	3.622979E-1
9.800000E-1	1.068859E0	5.015858E-1
1.000000E0	1.076494E0	4.969712E-1
1.020000E0	1.076362E0	4.930229E-1
1.040000E0	1.085059E0	5.574931E-1
1.060000E0	1.079624E0	6.387273E-1
1.080000E0	1.086731E0	6.010460E-1
1.100000E0	1.154493E0	6.564413E-1
1.120000E0	1.151113E0	6.150592E-1
1.140000E0	1.183274E0	5.077624E-1
1.160000E0	1.165745E0	2.819117E-1
1.180000E0	1.157967E0	4.720731E-2
1.200000E0	1.300382E0	-1.554752E-1
1.220000E0	1.400467E0	-2.879132E-1
1.240000E0	1.563579E0	-5.043643E-1
1.260000E0	1.576215E0	-7.085241E-1
1.280000E0	1.600621E0	-8.735307E-1
1.300000E0	1.711861E0	-1.009080E0
1.320000E0	1.698236E0	-9.181815E-1
1.340000E0	1.698232E0	-6.399076E-1
1.360000E0	1.933988E0	-3.527267E-1
1.380000E0	2.028932E0	-4.803125E-1
1.400000E0	2.129924E0	-7.180737E-1
1.420000E0	2.281277E0	-8.833109E-1
1.440000E0	2.348504E0	-1.001498E0
1.460000E0	2.403375E0	-1.069489E0
1.480000E0	2.453155E0	-1.052398E0
1.500000E0	2.463468E0	-8.944864E-1
1.520000E0	2.396633E0	-6.874559E-1
1.540000E0	2.378908E0	-5.838602E-1
1.560000E0	2.413147E0	-5.559460E-1
1.580000E0	2.446088E0	-5.241355E-1
1.600000E0	2.474000E0	-5.238155E-1
1.620000E0	2.489604E0	-5.347623E-1
1.640000E0	2.388184E0	-5.279515E-1
1.660000E0	2.421497E0	-4.925557E-1
1.680000E0	2.445238E0	-5.319357E-1
1.700000E0	2.418287E0	-5.283983E-1
1.720000E0	2.400622E0	-4.952389E-1
1.740000E0	2.421537E0	-5.029479E-1
1.760000E0	2.414265E0	-4.908589E-1
1.780000E0	2.424962E0	-5.057418E-1
1.800000E0	2.443257E0	-5.053160E-1
1.820000E0	2.449809E0	-4.946559E-1
1.840000E0	2.452691E0	-4.675615E-1
1.860000E0	2.472454E0	-4.268083E-1
1.880000E0	2.503457E0	-3.555035E-1
1.900000E0	2.531982E0	-3.140904E-1
1.920000E0	2.518614E0	-3.317645E-1
1.940000E0	2.525891E0	-2.889759E-1
1.960000E0	2.584645E0	-1.237088E-1
1.980000E0	2.617424E0	3.907334E-2
2.000000E0	2.650946E0	2.104401E-1
2.020000E0	2.707377E0	3.518126E-1
2.040000E0	2.673757E0	3.931738E-1
2.060000E0	2.702989E0	3.521049E-1
2.080000E0	2.846023E0	2.884179E-1
2.100000E0	3.127937E0	1.793933E-1
2.120000E0	3.286281E0	-8.398919E-2
2.140000E0	3.355389E0	-9.182329E-2
2.160000E0	3.457849E0	-3.400757E-1
2.180000E0	3.487385E0	-5.123099E-1
2.200000E0	3.640275E0	-3.713723E-1
2.220000E0	3.745806E0	-1.204034E-1
2.240000E0	3.677056E0	1.480085E-1
2.260000E0	3.638257E0	4.097769E-1
2.280000E0	3.736586E0	5.065162E-1
2.300000E0	4.042559E0	4.113035E-1
2.320000E0	4.445758E0	3.604828E-1
2.340000E0	4.649275E0	2.174864E-1
2.360000E0	4.632630E0	1.620786E-1
2.380000E0	4.520865E0	2.588400E-2
2.400000E0	4.363768E0	-1.068855E-1
2.420000E0	4.397740E0	-1.088445E-1
2.440000E0	4.415567E0	-9.910362E-2
2.460000E0	4.343401E0	-1.423316E-1
2.480000E0	4.184932E0	-1.467179E-1
2.500000E0	4.176090E0	-1.039117E-1
2.520000E0	4.161362E0	-8.175758E-2
2.540000E0	4.141508E0	-7.098010E-2
2.560000E0	4.180603E0	-6.790003E-2
2.580000E0	4.191547E0	-1.251487E-1
2.600000E0	4.077456E0	-1.169784E-1
2.620000E0	4.119744E0	-8.443544E-2
2.640000E0	4.069668E0	-8.566971E-2
2.660000E0	4.012587E0	-1.345449E-1
2.680000E0	3.999329E0	-2.243286E-1
2.700000E0	4.011830E0	-1.898996E-1
2.720000E0	3.946612E0	-2.272250E-1
2.740000E0	3.975682E0	-2.163240E-1
2.760000E0	3.999306E0	-1.843895E-1
2.780000E0	4.021997E0	-1.428409E-1
2.800000E0	4.031521E0	-1.411943E-1
2.820000E0	4.026242E0	-1.414507E-1
2.840000E0	3.979994E0	-1.883377E-1
2.860000E0	3.950243E0	-1.861391E-1
2.880000E0	3.962773E0	-1.498989E-1
2.900000E0	3.983809E0	-1.572971E-1
2.920000E0	3.992157E0	-1.546324E-1
2.940000E0	3.991332E0	-1.501054E-1
2.960000E0	4.000627E0	-1.676674E-1
2.980000E0	4.023806E0	-2.103102E-1
3.000000E0	4.038657E0	-2.440266E-1
3.020000E0	4.045836E0	-2.759195E-1
3.040000E0	4.079807E0	-3.946748E-1
3.060000E0	4.122479E0	-6.771073E-1
3.080000E0	4.187859E0	-7.933908E-1
3.100000E0	4.479758E0	-7.235421E-1
3.120000E0	4.740102E0	-2.026853E-1
3.140000E0	4.693427E0	1.899884E-1
3.160000E0	4.767533E0	3.513086E-1
3.180000E0	4.860481E0	3.847054E-1
3.200000E0	5.104718E0	4.349700E-1
3.220000E0	5.474555E0	4.606775E-1
3.240000E0	5.678009E0	4.956401E-1
3.260000E0	5.723414E0	5.073962E-1
3.280000E0	5.712699E0	4.807463E-1
3.300000E0	5.594122E0	5.829250E-1
3.320000E0	5.575345E0	5.804349E-1
3.340000E0	5.585814E0	4.503291E-1
3.360000E0	5.596372E0	3.048951E-1
3.380000E0	5.609367E0	4.942653E-1
3.400000E0	5.686446E0	7.228032E-1
3.420000E0	5.769292E0	7.550016E-1
3.440000E0	5.822071E0	9.259660E-1
3.460000E0	5.899546E0	1.078293E0
3.480000E0	5.969429E0	1.083790E0
3.500000E0	5.967243E0	1.065290E0
3.520000E0	5.975268E0	1.030721E0
3.540000E0	5.980758E0	9.333951E-1
3.560000E0	5.942691E0	6.900323E-1
3.580000E0	5.865117E0	2.810582E-1
3.600000E0	5.722144E0	2.478447E-1
3.620000E0	5.610657E0	1.731257E-1
3.640000E0	5.540833E0	3.471742E-2
3.660000E0	5.565338E0	-2.004243E-2
3.680000E0	5.670326E0	-4.804771E-2
3.700000E0	5.793106E0	-3.084850E-1
3.720000E0	5.679023E0	-5.329871E-1
3.740000E0	5.694830E0	-3.784545E-1
3.760000E0	5.646230E0	-3.560032E-1
3.780000E0	5.649869E0	-4.692172E-1
3.800000E0	5.655105E0	-4.912343E-1
3.820000E0	5.624768E0	-5.347711E-1
3.840000E0	5.604682E0	-6.721725E-1
3.860000E0	5.611745E0	-6.842942E-1
3.880000E0	5.626073E0	-6.627217E-1
3.900000E0	5.640782E0	-6.860774E-1
3.920000E0	5.712439E0	-7.005188E-1
3.940000E0	5.823397E0	-8.462408E-1
3.960000E0	5.810029E0	-1.199369E0
3.980000E0	5.815389E0	-1.415138E0
4.000000E0	5.801126E0	-1.400073E0
4.020000E0	5.701715E0	-1.231939E0
4.040000E0	5.750478E0	-9.285710E-1
4.060000E0	5.845808E0	-9.098416E-1
4.080000E0	5.800318E0	-9.485960E-1
4.100000E0	5.870784E0	-1.118919E0
4.120000E0	5.912691E0	-1.255946E0
4.140000E0	6.001312E0	-1.221182E0
4.160000E0	6.116724E0	-1.112056E0
4.180000E0	6.141883E0	-1.034357E0
4.200000E0	6.144837E0	-9.917616E-1
4.220000E0	6.146918E0	-7.615897E-1
4.240000E0	6.129899E0	-5.573040E-1
4.260000E0	6.152751E0	-5.394220E-1
4.280000E0	6.163392E0	-4.176078E-1
4.300000E0	6.270963E0	-3.149778E-1
4.320000E0	6.312225E0	-1.603643E-1
4.340000E0	6.334785E0	-5.385861E-3
4.360000E0	6.417022E0	1.936535E-1
4.380000E0	6.530792E0	2.354409E-1
4.400000E0	6.567880E0	3.496369E-1
4.420000E0	6.589690E0	4.086972E-1
4.440000E0	6.613072E0	4.406803E-1
4.460000E0	6.629105E0	4.985323E-1
4.480000E0	6.639548E0	4.335370E-1
4.500000E0	6.628384E0	2.969913E-1
4.520000E0	6.578817E0	1.644580E-1
4.540000E0	6.580756E0	8.502783E-2
4.560000E0	6.651981E0	1.472343E-1
4.580000E0	6.694127E0	2.302626E-1
4.600000E0	6.671470E0	2.971744E-1
4.620000E0	6.675275E0	3.267227E-1
4.640000E0	6.712181E0	4.322496E-1
4.660000E0	6.704805E0	5.299029E-1
4.680000E0	6.704316E0	5.248103E-1
4.700000E0	6.696818E0	5.116020E-1
4.720000E0	6.681708E0	4.170879E-1
4.740000E0	6.613365E0	2.066750E-1
4.760000E0	6.551419E0	-6.592258E-2
4.780000E0	6.598094E0	-1.417173E-1
4.800000E0	6.631953E0	-2.879622E-1
4.820000E0	6.696470E0	-4.833500E-1
4.840000E0	6.725718E0	-5.408275E-1
4.860000E0	6.792939E0	-6.961297E-1
4.880000E0	6.888280E0	-7.470366E-1
4.900000E0	6.856646E0	-7.723323E-1
4.920000E0	6.815748E0	-6.205837E-1
4.940000E0	6.923962E0	-4.607511E-1
4.960000E0	7.141181E0	-2.814106E-1
4.980000E0	7.140498E0	-4.499211E-1
5.000000E0	7.184085E0	-6.639296E-1
5.020000E0	7.192029E0	-8.288813E-1
5.040000E0	7.232141E0	-9.140626E-1
5.060000E0	7.242718E0	-9.150605E-1
5.080000E0	7.208193E0	-8.673274E-1
5.100000E0	7.207131E0	-7.380680E-1
5.120000E0	7.181958E0	-5.423121E-1
5.140000E0	7.133194E0	-5.141199E-1
5.160000E0	7.092416E0	-5.263385E-1
5.180000E0	7.057477E0	-5.158709E-1
5.200000E0	7.074111E0	-5.090874E-1
5.220000E0	7.041604E0	-4.840865E-1
5.240000E0	7.062175E0	-4.709245E-1
5.260000E0	7.093152E0	-4.857004E-1
5.280000E0	7.074898E0	-5.146075E-1
5.300000E0	7.045820E0	-4.716800E-1
5.320000E0	7.039584E0	-4.160003E-1
5.340000E0	7.050659E0	-4.336744E-1
5.360000E0	7.048570E0	-4.450266E-1
5.380000E0	7.052723E0	-4.541435E-1
5.400000E0	7.054343E0	-4.541845E-1
5.420000E0	7.064992E0	-4.536253E-1
5.440000E0	7.081019E0	-4.568725E-1
5.460000E0	7.122056E0	-3.522241E-1
5.480000E0	7.160249E0	-2.376850E-1
5.500000E0	7.146523E0	-1.623378E-1
5.520000E0	7.171330E0	-1.256695E-2
5.540000E0	7.239789E0	2.474296E-1
5.560000E0	7.298491E0	3.897516E-1
5.580000E0	7.270848E0	4.195310E-1
5.600000E0	7.283439E0	4.381229E-1
5.620000E0	7.265645E0	4.641339E-1
5.640000E0	7.248191E0	4.473644E-1
5.660000E0	7.249647E0	3.431236E-1
5.680000E0	7.326821E0	9.216751E-2
5.700000E0	7.412221E0	-1.493646E-1
5.720000E0	7.522190E0	-1.153760E-2
5.740000E0	7.898365E0	2.618497E-2
5.760000E0	8.146243E0	-2.510149E-2
5.780000E0	8.238852E0	4.394580E-2
5.800000E0	8.304272E0	2.005643E-1
5.820000E0	8.272509E0	2.925070E-1
5.840000E0	8.281026E0	5.984281E-1
5.860000E0	8.291245E0	7.831360E-1
5.880000E0	8.381472E0	6.006294E-1
5.900000E0	8.552440E0	1.630081E-1
5.920000E0	8.733405E0	-1.520320E-1
5.940000E0	8.764061E0	-1.690943E-1
5.960000E0	8.724714E0	-1.551207E-1
5.980000E0	8.610458E0	-1.284242E-1
6.000000E0	8.559539E0	-6.823024E-2
6.020000E0	8.551940E0	6.107714E-2
6.040000E0	8.559576E0	5.961364E-2
6.060000E0	8.476648E0	3.469781E-3
6.080000E0	8.536787E0	9.508625E-3
6.100000E0	8.595116E0	1.230734E-2
6.120000E0	8.609713E0	2.675215E-2
6.140000E0	8.633983E0	1.203929E-2
6.160000E0	8.659026E0	-1.284707E-1
6.180000E0	8.522507E0	-1.500080E-1
6.200000E0	8.504737E0	-9.873996E-2
6.220000E0	8.540943E0	-7.916366E-2
6.240000E0	8.535517E0	-5.551669E-2
6.260000E0	8.549218E0	-3.956460E-2
6.280000E0	8.550861E0	-4.628994E-2
6.300000E0	8.553153E0	-6.367928E-2
6.320000E0	8.557177E0	-7.133486E-2
6.340000E0	8.577075E0	-7.108343E-2
6.360000E0	8.571170E0	-6.091639E-2
6.380000E0	8.559339E0	-5.931483E-2
6.400000E0	8.542761E0	-6.447060E-2
6.420000E0	8.567810E0	-5.087139E-2
6.440000E0	8.570109E0	-5.177519E-2
6.460000E0	8.580671E0	-5.215164E-2
6.480000E0	8.573230E0	-2.224736E-2
6.500000E0	8.571727E0	-9.197088E-3
6.520000E0	8.572928E0	-2.920570E-2
6.540000E0	8.566732E0	-3.235396E-2
6.560000E0	8.540020E0	-3.785832E-2
6.580000E0	8.613058E0	-1.377886E-1
6.600000E0	8.650532E0	-1.169712E-1
6.620000E0	8.778463E0	-9.584597E-2
6.640000E0	8.842110E0	-1.330317E-1
6.660000E0	9.009970E0	-1.457275E-1
6.680000E0	9.305379E0	6.399935E-2
6.700000E0	9.526296E0	3.255138E-1
6.720000E0	9.532987E0	4.908505E-1
6.740000E0	9.548901E0	7.759989E-1
6.760000E0	9.617839E0	8.081539E-1
6.780000E0	9.872040E0	6.823756E-1
6.800000E0	1.009537E1	5.536507E-1
6.820000E0	1.041433E1	3.605919E-1
6.840000E0	1.041810E1	3.157876E-1
6.860000E0	1.028109E1	2.443470E-1
6.880000E0	1.025643E1	4.786312E-1
6.900000E0	1.034509E1	7.456755E-1
6.920000E0	1.032692E1	1.037411E0
6.940000E0	1.030728E1	1.013744E0
6.960000E0	1.028272E1	1.001822E0
6.980000E0	1.036955E1	1.125915E0
7.000000E0	1.038769E1	1.229241E0
7.020000E0	1.033530E1	1.146380E0
7.040000E0	1.029506E1	9.941440E-1
7.060000E0	1.023128E1	7.341317E-1
7.080000E0	1.012309E1	4.193702E-1
7.100000E0	1.011260E1	4.793188E-1
7.120000E0	1.006022E1	4.074418E-1
7.140000E0	1.000751E1	2.983285E-1
7.160000E0	9.993223E0	3.017103E-1
7.180000E0	1.003880E1	3.422444E-1
7.200000E0	1.001627E1	3.130269E-1
7.220000E0	1.003941E1	3.277125E-1
7.240000E0	1.007335E1	3.495357E-1
7.260000E0	1.009045E1	3.637683E-1
7.280000E0	1.009941E1	3.810312E-1
7.300000E0	1.008347E1	3.444681E-1
7.320000E0	1.005388E1	3.238253E-1
7.340000E0	1.002743E1	3.041851E-1
7.360000E0	1.004011E1	3.352459E-1
7.380000E0	1.005527E1	3.531048E-1
7.400000E0	1.007495E1	3.761826E-1
7.420000E0	1.008664E1	3.904382E-1
7.440000E0	1.009038E1	2.620010E-1
7.460000E0	1.011206E1	2.947055E-1
7.480000E0	1.007410E1	2.192506E-1
7.500000E0	1.008602E1	5.850782E-2
7.520000E0	1.008013E1	-1.438583E-1
7.540000E0	1.002425E1	-3.555610E-1
7.560000E0	1.007864E1	-5.519405E-1
7.580000E0	1.011863E1	-5.301134E-1
7.600000E0	1.013636E1	-3.469638E-1
7.620000E0	1.021463E1	-2.179793E-1
7.640000E0	1.025346E1	-7.633215E-2
7.660000E0	1.026579E1	-7.250689E-2
7.680000E0	1.029711E1	-2.086161E-1
7.700000E0	1.033025E1	-3.341345E-1
7.720000E0	1.036565E1	-4.314524E-1
7.740000E0	1.039738E1	-3.548160E-1
7.760000E0	1.049942E1	-8.805185E-2
7.780000E0	1.059143E1	7.484063E-2
7.800000E0	1.061018E1	3.905472E-1
7.820000E0	1.065631E1	5.151959E-1
7.840000E0	1.065969E1	5.433001E-1
7.860000E0	1.071732E1	6.099823E-1
7.880000E0	1.076258E1	7.103213E-1
7.900000E0	1.078402E1	7.358134E-1
7.920000E0	1.077331E1	7.187305E-1
7.940000E0	1.075421E1	6.722554E-1
7.960000E0	1.070005E1	5.279380E-1
7.980000E0	1.065207E1	4.324759E-1
8.000000E0	1.063970E1	3.286365E-1
8.020000E0	1.065932E1	4.750614E-1
8.040000E0	1.068525E1	5.576993E-1
8.060000E0	1.068581E1	5.552715E-1
8.080000E0	1.070034E1	6.175426E-1
8.100000E0	1.071387E1	6.805214E-1
8.120000E0	1.074462E1	7.598334E-1
8.140000E0	1.074468E1	8.245635E-1
8.160000E0	1.074068E1	8.647131E-1
8.180000E0	1.063466E1	6.350471E-1
8.200000E0	1.062928E1	5.207349E-1
8.220000E0	1.056335E1	3.221106E-1
8.240000E0	1.056330E1	3.401425E-1
8.260000E0	1.057848E1	3.594450E-1
8.280000E0	1.056761E1	3.755125E-1
8.300000E0	1.048470E1	3.059136E-1
8.320000E0	1.050907E1	2.523353E-1
8.340000E0	1.052174E1	2.526578E-1
8.360000E0	1.049678E1	1.792982E-1
8.380000E0	1.054665E1	8.513996E-2
8.400000E0	1.062908E1	2.248376E-3
8.420000E0	1.064582E1	-2.046810E-1
8.440000E0	1.062816E1	-5.108456E-1
8.460000E0	1.063763E1	-5.392259E-1
8.480000E0	1.061013E1	-5.443615E-1
8.500000E0	1.059043E1	-3.046382E-1
8.520000E0	1.075341E1	-1.201143E-1
8.540000E0	1.073093E1	-8.966869E-2
8.560000E0	1.072569E1	-1.849313E-1
8.580000E0	1.075179E1	-3.239189E-1
8.600000E0	1.082449E1	-4.862434E-1
8.620000E0	1.086133E1	-5.803903E-1
8.640000E0	1.081978E1	-4.596985E-1
8.660000E0	1.076178E1	-4.658856E-1
8.680000E0	1.069718E1	-3.541635E-1
8.700000E0	1.065042E1	-2.135289E-1
8.720000E0	1.062840E1	-1.042215E-1
8.740000E0	1.061651E1	-8.764121E-2
8.760000E0	1.062286E1	-8.337487E-2
8.780000E0	1.063010E1	-7.284085E-2
8.800000E0	1.063207E1	-6.625271E-2
8.820000E0	1.065085E1	-2.204108E-2
8.840000E0	1.062713E1	-2.098357E-2
8.860000E0	1.061425E1	-1.279479E-2
8.880000E0	1.058033E1	1.190786E-2
8.900000E0	1.059804E1	-5.485909E-3
8.920000E0	1.061050E1	-1.426250E-2
8.940000E0	1.063088E1	4.506549E-2
8.960000E0	1.069939E1	1.891196E-1
8.980000E0	1.076345E1	2.655008E-1
9.000000E0	1.078215E1	5.322810E-1
9.020000E0	1.077552E1	5.058319E-1
9.040000E0	1.075818E1	5.081185E-1
9.060000E0	1.075528E1	4.856761E-1
9.080000E0	1.074683E1	4.945021E-1
9.100000E0	1.074093E1	5.994845E-1
9.120000E0	1.072676E1	4.769673E-1
9.140000E0	1.073052E1	3.089494E-1
9.160000E0	1.072386E1	3.483662E-1
9.180000E0	1.076787E1	5.267402E-1
9.200000E0	1.077552E1	5.352766E-1
9.220000E0	1.076221E1	5.354598E-1
9.240000E0	1.078879E1	5.199051E-1
9.260000E0	1.091662E1	5.128798E-1
9.280000E0	1.104644E1	5.433635E-1
9.300000E0	1.131866E1	4.903715E-1
9.320000E0	1.141332E1	3.773038E-1
9.340000E0	1.130547E1	3.385253E-1
9.360000E0	1.121575E1	1.245695E-1
9.380000E0	1.112497E1	-2.362629E-2
9.400000E0	1.110915E1	2.543653E-2
9.420000E0	1.123013E1	1.833194E-1
9.440000E0	1.121635E1	1.751844E-1
9.460000E0	1.119874E1	-6.473105E-3
9.480000E0	1.133063E1	-2.505589E-1
9.500000E0	1.137955E1	-2.460055E-1
9.520000E0	1.134383E1	-2.081410E-1
9.540000E0	1.132845E1	-1.708242E-1
9.560000E0	1.131317E1	1.874992E-3
9.580000E0	1.126051E1	2.167927E-1
9.600000E0	1.123479E1	2.145405E-1
9.620000E0	1.105054E1	3.846847E-2
9.640000E0	1.106090E1	5.763661E-4
9.660000E0	1.109145E1	2.360140E-3
9.680000E0	1.112043E1	4.809923E-2
9.700000E0	1.114751E1	8.664807E-2
9.720000E0	1.116487E1	6.787218E-2
9.740000E0	1.115189E1	-4.106765E-2
9.760000E0	1.115768E1	-2.194736E-2
9.780000E0	1.115990E1	-3.104081E-2
9.800000E0	1.113869E1	-1.218262E-2
9.820000E0	1.113663E1	-8.855658E-3
9.840000E0	1.112482E1	1.450334E-2
9.860000E0	1.112498E1	1.098713E-2
9.880000E0	1.112952E1	4.737628E-3
9.900000E0	1.114297E1	-5.812894E-2
9.920000E0	1.114304E1	-3.507368E-2
9.940000E0	1.113648E1	-3.159976E-2
9.960000E0	1.112430E1	-2.484388E-2
9.980000E0	1.111939E1	4.202810E-3
1.000000E1	1.111174E1	5.165654E-2
1.002000E1	1.112663E1	2.152548E-2
1.004000E1	1.114124E1	2.589423E-2
1.006000E1	1.115484E1	3.940889E-2
1.008000E1	1.116058E1	2.498385E-2
1.010000E1	1.116632E1	3.404801E-2
1.012000E1	1.121911E1	1.521706E-1
1.014000E1	1.132820E1	1.230590E-1
1.016000E1	1.139340E1	1.085442E-1
1.018000E1	1.149085E1	1.866513E-1
1.020000E1	1.165692E1	7.033842E-2
1.022000E1	1.178832E1	-1.436748E-1
1.024000E1	1.181943E1	-6.043096E-2
1.026000E1	1.180919E1	1.279005E-2
1.028000E1	1.169530E1	1.361421E-1
1.030000E1	1.169179E1	1.111311E-1
1.032000E1	1.193103E1	2.377516E-1
1.034000E1	1.212443E1	5.489627E-1
1.036000E1	1.244571E1	5.497566E-1
1.038000E1	1.277854E1	4.608835E-1
1.040000E1	1.302782E1	5.840872E-1
1.042000E1	1.320253E1	7.038498E-1
1.044000E1	1.321459E1	6.559314E-1
1.046000E1	1.308906E1	6.996352E-1
1.048000E1	1.295853E1	6.209988E-1
1.050000E1	1.286809E1	3.025934E-1
1.052000E1	1.274088E1	1.902626E-1
1.054000E1	1.274223E1	2.604173E-1
1.056000E1	1.274282E1	3.307059E-1
1.058000E1	1.269352E1	3.178109E-1
1.060000E1	1.267874E1	3.789875E-1
1.062000E1	1.271312E1	3.174156E-1
1.064000E1	1.264359E1	3.429995E-1
1.066000E1	1.261499E1	3.723592E-1
1.068000E1	1.263644E1	3.911553E-1
1.070000E1	1.263847E1	4.293812E-1
1.072000E1	1.266385E1	4.616494E-1
1.074000E1	1.267450E1	4.576002E-1
1.076000E1	1.256346E1	3.060256E-1
1.078000E1	1.255912E1	3.093561E-1
1.080000E1	1.260762E1	3.405525E-1
1.082000E1	1.266443E1	4.347357E-1
1.084000E1	1.266451E1	4.188647E-1
1.086000E1	1.264446E1	3.768783E-1
1.088000E1	1.266692E1	4.338199E-1
1.090000E1	1.267134E1	4.497575E-1
1.092000E1	1.268335E1	4.811674E-1
1.094000E1	1.268379E1	5.145891E-1
1.096000E1	1.262146E1	4.106037E-1
1.098000E1	1.258737E1	3.279603E-1
1.100000E1	1.261379E1	3.594553E-1
1.102000E1	1.262771E1	3.863065E-1
1.104000E1	1.264851E1	4.105901E-1
1.106000E1	1.265860E1	4.115443E-1
1.108000E1	1.274195E1	2.637124E-1
1.110000E1	1.272149E1	-7.320207E-2
1.112000E1	1.265384E1	-2.968095E-1
1.114000E1	1.270233E1	-3.988144E-1
1.116000E1	1.272128E1	-2.899401E-1
1.118000E1	1.276465E1	1.663459E-1
1.120000E1	1.298194E1	4.853524E-1
1.122000E1	1.293622E1	2.979699E-1
1.124000E1	1.284939E1	-6.500401E-2
1.126000E1	1.308804E1	-4.880702E-2
1.128000E1	1.350557E1	1.853261E-1
1.130000E1	1.382371E1	7.236282E-1
1.132000E1	1.378643E1	7.915338E-1
1.134000E1	1.370612E1	6.679967E-1
1.136000E1	1.364249E1	6.344956E-1
1.138000E1	1.356697E1	6.503243E-1
1.140000E1	1.356919E1	5.887456E-1
1.142000E1	1.359220E1	4.412064E-1
1.144000E1	1.360439E1	5.637475E-1
1.146000E1	1.366733E1	6.881120E-1
1.148000E1	1.367538E1	6.749207E-1
1.150000E1	1.371924E1	6.038308E-1
1.152000E1	1.373221E1	5.701446E-1
1.154000E1	1.373996E1	6.348123E-1
1.156000E1	1.372150E1	8.335766E-1
1.158000E1	1.377330E1	9.813476E-1
1.160000E1	1.377365E1	9.904111E-1
1.162000E1	1.374103E1	8.257929E-1
1.164000E1	1.369846E1	6.417556E-1
1.166000E1	1.355553E1	4.458217E-1
1.168000E1	1.355410E1	3.367872E-1
1.170000E1	1.359186E1	3.624078E-1
1.172000E1	1.354731E1	3.371252E-1
1.174000E1	1.352523E1	3.308980E-1
1.176000E1	1.339898E1	3.406552E-1
1.178000E1	1.336150E1	3.698009E-1
1.180000E1	1.331559E1	3.221360E-1
1.182000E1	1.326437E1	2.287199E-1
1.184000E1	1.323933E1	1.978070E-1
1.186000E1	1.322906E1	1.442033E-1
1.188000E1	1.323057E1	1.405448E-1
1.190000E1	1.323070E1	1.090748E-1
1.192000E1	1.317399E1	9.535282E-3
1.194000E1	1.313370E1	-2.813260E-1
1.196000E1	1.316328E1	-4.064556E-1
1.198000E1	1.320072E1	-5.063726E-1
1.200000E1	1.317674E1	-7.188763E-1
1.202000E1	1.322020E1	-6.672016E-1
1.204000E1	1.323325E1	-6.345271E-1
1.206000E1	1.327262E1	-5.810190E-1
1.208000E1	1.332915E1	-4.267660E-1
1.210000E1	1.333490E1	-3.416282E-1
1.212000E1	1.330095E1	-4.253612E-1
1.214000E1	1.331021E1	-4.660055E-1
1.216000E1	1.338399E1	-5.382870E-1
1.218000E1	1.344174E1	-5.914039E-1
1.220000E1	1.341548E1	-5.973790E-1
1.222000E1	1.337347E1	-6.096474E-1
1.224000E1	1.333589E1	-5.543641E-1
1.226000E1	1.333323E1	-2.694843E-1
1.228000E1	1.327715E1	-1.034226E-1
1.230000E1	1.310635E1	-1.688653E-1
1.232000E1	1.316144E1	-2.382925E-2
1.234000E1	1.330163E1	4.754030E-2
1.236000E1	1.330190E1	2.771535E-2
1.238000E1	1.323057E1	-5.343599E-2
1.240000E1	1.327336E1	-7.964775E-2
1.242000E1	1.328384E1	-4.456817E-2
1.244000E1	1.335867E1	3.527475E-1
1.246000E1	1.335337E1	7.092110E-1
1.248000E1	1.333077E1	4.275117E-1
1.250000E1	1.331881E1	1.147855E-1
1.252000E1	1.333577E1	1.585709E-2
1.254000E1	1.333132E1	1.368071E-1
1.256000E1	1.333104E1	2.491842E-1
1.258000E1	1.332302E1	3.208601E-1
1.260000E1	1.332577E1	3.442725E-1
1.262000E1	1.332202E1	3.025196E-1
1.264000E1	1.326251E1	2.934538E-2
1.266000E1	1.328463E1	-7.312961E-3
1.268000E1	1.333629E1	2.043851E-1
1.270000E1	1.339457E1	4.448178E-1
1.272000E1	1.338763E1	5.980789E-1
1.274000E1	1.337160E1	5.548236E-1
1.276000E1	1.337107E1	2.635253E-1
1.278000E1	1.333601E1	7.029075E-2
1.280000E1	1.325414E1	-9.975019E-2
1.282000E1	1.324623E1	-1.770568E-1
1.284000E1	1.325642E1	-2.589639E-1
1.286000E1	1.326560E1	-2.155202E-1
1.288000E1	1.323696E1	-4.454320E-1
1.290000E1	1.319172E1	-9.323419E-1
1.292000E1	1.325670E1	-1.192305E0
1.294000E1	1.328907E1	-1.146567E0
1.296000E1	1.322668E1	-9.254407E-1
1.298000E1	1.329475E1	-8.366010E-1
1.300000E1	1.336739E1	-8.349669E-1
1.302000E1	1.334152E1	-8.264501E-1
1.304000E1	1.335214E1	-8.594619E-1
1.306000E1	1.343959E1	-1.065700E0
1.308000E1	1.331210E1	-1.418630E0
1.310000E1	1.336940E1	-1.640429E0
1.312000E1	1.334653E1	-1.587912E0
1.314000E1	1.329384E1	-1.308717E0
1.316000E1	1.331250E1	-9.909718E-1
1.318000E1	1.329464E1	-8.669052E-1
1.320000E1	1.321891E1	-1.118489E0
1.322000E1	1.320046E1	-1.473674E0
1.324000E1	1.320478E1	-1.669209E0
1.326000E1	1.321299E1	-1.511952E0
1.328000E1	1.321885E1	-1.219480E0
1.330000E1	1.321905E1	-1.012191E0
1.332000E1	1.322296E1	-1.085863E0
1.334000E1	1.321382E1	-1.263743E0
1.336000E1	1.322848E1	-1.365341E0
1.338000E1	1.320868E1	-1.578286E0
1.340000E1	1.322446E1	-1.369289E0
1.342000E1	1.325576E1	-1.175959E0
1.344000E1	1.325733E1	-1.133482E0
1.346000E1	1.323181E1	-1.193909E0
1.348000E1	1.321522E1	-1.308068E0
1.350000E1	1.326118E1	-1.426485E0
1.352000E1	1.324818E1	-1.433191E0
1.354000E1	1.324565E1	-1.431631E0
1.356000E1	1.324002E1	-1.409112E0
1.358000E1	1.331500E1	-1.286569E0
1.360000E1	1.331406E1	-1.182031E0
1.362000E1	1.336192E1	-1.062066E0
1.364000E1	1.338289E1	-1.019437E0
1.366000E1	1.337581E1	-1.024649E0
1.368000E1	1.336453E1	-1.060780E0
1.370000E1	1.334223E1	-1.110878E0
1.372000E1	1.337190E1	-1.151452E0
1.374000E1	1.336167E1	-1.212635E0
1.376000E1	1.337985E1	-1.139516E0
1.378000E1	1.359850E1	-1.068461E0
1.380000E1	1.381461E1	-1.319146E0
1.382000E1	1.393293E1	-1.509294E0
1.384000E1	1.394613E1	-1.440275E0
1.386000E1	1.404061E1	-1.126844E0
1.388000E1	1.404916E1	-6.680326E-1
1.390000E1	1.418830E1	-4.125822E-1
1.392000E1	1.421783E1	-5.630680E-1
1.394000E1	1.426201E1	-1.154146E0
1.396000E1	1.426262E1	-1.562466E0
1.398000E1	1.428904E1	-1.700721E0
1.400000E1	1.448918E1	-1.643180E0
1.402000E1	1.443808E1	-1.618678E0
1.404000E1	1.433349E1	-1.573374E0
1.406000E1	1.431617E1	-1.555228E0
1.408000E1	1.425930E1	-1.596020E0
1.410000E1	1.414185E1	-1.697201E0
1.412000E1	1.413869E1	-1.608541E0
1.414000E1	1.420721E1	-1.437982E0
1.416000E1	1.422384E1	-1.440231E0
1.418000E1	1.422183E1	-1.466253E0
1.420000E1	1.423303E1	-1.530778E0
1.422000E1	1.417126E1	-1.762316E0
1.424000E1	1.415511E1	-1.702065E0
1.426000E1	1.418480E1	-1.635885E0
1.428000E1	1.419723E1	-1.617294E0
1.430000E1	1.420929E1	-1.575481E0
1.432000E1	1.421214E1	-1.527561E0
1.434000E1	1.422945E1	-1.550492E0
1.436000E1	1.421281E1	-1.614075E0
1.438000E1	1.422994E1	-1.624032E0
1.440000E1	1.424399E1	-1.681173E0
1.442000E1	1.422099E1	-1.663821E0
1.444000E1	1.421509E1	-1.622800E0
1.446000E1	1.419189E1	-1.517362E0
1.448000E1	1.420707E1	-1.503043E0
1.450000E1	1.420847E1	-1.561718E0
1.452000E1	1.422534E1	-1.589077E0
1.454000E1	1.422875E1	-1.653064E0
1.456000E1	1.421305E1	-1.611318E0
1.458000E1	1.422019E1	-1.529783E0
1.460000E1	1.419558E1	-1.451222E0
1.462000E1	1.422039E1	-1.498731E0
1.464000E1	1.419425E1	-1.678948E0
1.466000E1	1.423615E1	-1.831559E0
1.468000E1	1.428204E1	-1.937838E0
1.470000E1	1.431282E1	-2.121537E0
1.472000E1	1.432995E1	-2.093707E0
1.474000E1	1.454384E1	-1.970335E0
1.476000E1	1.474141E1	-1.665016E0
1.478000E1	1.474483E1	-1.495223E0
1.480000E1	1.481441E1	-1.399934E0
1.482000E1	1.485323E1	-1.449711E0
1.484000E1	1.494315E1	-1.505017E0
1.486000E1	1.513334E1	-1.498137E0
1.488000E1	1.543055E1	-1.646313E0
1.490000E1	1.540144E1	-1.790518E0
1.492000E1	1.537323E1	-1.740127E0
1.494000E1	1.536960E1	-1.473916E0
1.496000E1	1.536993E1	-1.206495E0
1.498000E1	1.532862E1	-1.168860E0
1.500000E1	1.532184E1	-1.139258E0
1.502000E1	1.532829E1	-9.829812E-1
1.504000E1	1.536502E1	-8.454814E-1
1.506000E1	1.534236E1	-8.494605E-1
1.508000E1	1.530697E1	-9.982008E-1
1.510000E1	1.525149E1	-1.225496E0
1.512000E1	1.511994E1	-1.426290E0
1.514000E1	1.513785E1	-1.473659E0
1.516000E1	1.514344E1	-1.431647E0
1.518000E1	1.512937E1	-1.468229E0
1.520000E1	1.511598E1	-1.484325E0
1.522000E1	1.512559E1	-1.530810E0
1.524000E1	1.515068E1	-1.567381E0
1.526000E1	1.507160E1	-1.718328E0
1.528000E1	1.511338E1	-1.706872E0
1.530000E1	1.515899E1	-1.557354E0
1.532000E1	1.515353E1	-1.444139E0
1.534000E1	1.515539E1	-1.487998E0
1.536000E1	1.515837E1	-1.569702E0
1.538000E1	1.514543E1	-1.598742E0
1.540000E1	1.516296E1	-1.647410E0
1.542000E1	1.517201E1	-1.597615E0
1.544000E1	1.519614E1	-1.503550E0
1.546000E1	1.520353E1	-1.477885E0
1.548000E1	1.519955E1	-1.492958E0
1.550000E1	1.519473E1	-1.582338E0
1.552000E1	1.519702E1	-1.667210E0
1.554000E1	1.519401E1	-1.813716E0
1.556000E1	1.520428E1	-1.861222E0
1.558000E1	1.522596E1	-1.939860E0
1.560000E1	1.518812E1	-2.114988E0
1.562000E1	1.520425E1	-2.309188E0
1.564000E1	1.520829E1	-2.362159E0
1.566000E1	1.524099E1	-2.309073E0
1.568000E1	1.529426E1	-1.982586E0
1.570000E1	1.537390E1	-1.697229E0
1.572000E1	1.535628E1	-1.655740E0
1.574000E1	1.532240E1	-1.791482E0
1.576000E1	1.533155E1	-1.875878E0
1.578000E1	1.532601E1	-1.948063E0
1.580000E1	1.538617E1	-1.945291E0
1.582000E1	1.537956E1	-1.901876E0
1.584000E1	1.538499E1	-1.787955E0
1.586000E1	1.538565E1	-1.597055E0
1.588000E1	1.535698E1	-1.403606E0
1.590000E1	1.532880E1	-1.351323E0
1.592000E1	1.534468E1	-1.342593E0
1.594000E1	1.534231E1	-1.369873E0
1.596000E1	1.536892E1	-1.304077E0
1.598000E1	1.536111E1	-1.343158E0
1.600000E1	1.534976E1	-1.388283E0
1.602000E1	1.533084E1	-1.419558E0
1.604000E1	1.529731E1	-1.458989E0
1.606000E1	1.528916E1	-1.459499E0
1.608000E1	1.530563E1	-1.426081E0
1.610000E1	1.531814E1	-1.387469E0
1.612000E1	1.532649E1	-1.403463E0
1.614000E1	1.535056E1	-1.334618E0
1.616000E1	1.538649E1	-1.216931E0
1.618000E1	1.537780E1	-1.076078E0
1.620000E1	1.536958E1	-1.054432E0
1.622000E1	1.533559E1	-1.060412E0
1.624000E1	1.525974E1	-1.153236E0
1.626000E1	1.523366E1	-1.231374E0
1.628000E1	1.521060E1	-1.146734E0
1.630000E1	1.519531E1	-1.113905E0
1.632000E1	1.518047E1	-1.097254E0
1.634000E1	1.517508E1	-1.037131E0
1.636000E1	1.515086E1	-9.687237E-1
1.638000E1	1.517327E1	-9.807726E-1
1.640000E1	1.516292E1	-1.015365E0
1.642000E1	1.517753E1	-1.019017E0
1.644000E1	1.518988E1	-1.063597E0
1.646000E1	1.519309E1	-1.051593E0
1.648000E1	1.523730E1	-1.065418E0
1.650000E1	1.523533E1	-1.261770E0
1.652000E1	1.517075E1	-1.408749E0
1.654000E1	1.519198E1	-1.470542E0
1.656000E1	1.522311E1	-1.350431E0
1.658000E1	1.524324E1	-1.088724E0
1.660000E1	1.537066E1	-7.560519E-1
1.662000E1	1.534727E1	-6.539464E-1
1.664000E1	1.532947E1	-7.188520E-1
1.666000E1	1.541231E1	-8.100288E-1
1.668000E1	1.542354E1	-1.013164E0
1.670000E1	1.539448E1	-1.029238E0
1.672000E1	1.537757E1	-1.020857E0
1.674000E1	1.535775E1	-9.393936E-1
1.676000E1	1.534097E1	-8.746595E-1
1.678000E1	1.528402E1	-8.212646E-1
1.680000E1	1.521950E1	-8.569704E-1
1.682000E1	1.521983E1	-8.580763E-1
1.684000E1	1.523480E1	-8.824430E-1
1.686000E1	1.523902E1	-8.705836E-1
1.688000E1	1.522179E1	-8.866262E-1
1.690000E1	1.524183E1	-8.936921E-1
1.692000E1	1.524640E1	-9.436282E-1
1.694000E1	1.520087E1	-9.795012E-1
1.696000E1	1.521949E1	-9.465281E-1
1.698000E1	1.523127E1	-9.567141E-1
1.700000E1	1.522911E1	-9.513566E-1
1.702000E1	1.525835E1	-9.029716E-1
1.704000E1	1.528137E1	-8.446890E-1
1.706000E1	1.531326E1	-8.001675E-1
1.708000E1	1.531750E1	-8.170244E-1
1.710000E1	1.534080E1	-7.917544E-1
1.712000E1	1.534131E1	-8.126620E-1
1.714000E1	1.532813E1	-8.447246E-1
1.716000E1	1.531822E1	-8.686197E-1
1.718000E1	1.531140E1	-8.956032E-1
1.720000E1	1.528916E1	-9.518747E-1
1.722000E1	1.530969E1	-9.176494E-1
1.724000E1	1.536469E1	-7.955920E-1
1.726000E1	1.539791E1	-7.524543E-1
1.728000E1	1.537927E1	-6.702604E-1
1.730000E1	1.539318E1	-5.818320E-1
1.732000E1	1.541106E1	-5.109529E-1
1.734000E1	1.552357E1	-5.019885E-1
1.736000E1	1.555709E1	-6.074139E-1
1.738000E1	1.558611E1	-5.680232E-1
1.740000E1	1.567099E1	-8.541045E-1
1.742000E1	1.552933E1	-1.294601E0
1.744000E1	1.541253E1	-1.444115E0
1.746000E1	1.539121E1	-1.451266E0
1.748000E1	1.533961E1	-1.256761E0
1.750000E1	1.537961E1	-8.992285E-1
1.752000E1	1.540670E1	-8.510277E-1
1.754000E1	1.537611E1	-9.856900E-1
1.756000E1	1.540303E1	-1.164313E0
1.758000E1	1.540755E1	-1.361976E0
1.760000E1	1.549168E1	-1.423498E0
1.762000E1	1.546848E1	-1.452703E0
1.764000E1	1.543605E1	-1.487458E0
1.766000E1	1.540040E1	-1.401954E0
1.768000E1	1.533655E1	-1.257603E0
1.770000E1	1.530362E1	-1.192047E0
1.772000E1	1.528001E1	-1.154474E0
1.774000E1	1.528779E1	-1.125630E0
1.776000E1	1.529507E1	-1.091888E0
1.778000E1	1.529604E1	-1.056703E0
1.780000E1	1.529151E1	-1.052140E0
1.782000E1	1.530558E1	-1.078492E0
1.784000E1	1.527333E1	-1.083289E0
1.786000E1	1.525427E1	-1.079539E0
1.788000E1	1.526492E1	-1.071385E0
1.790000E1	1.526765E1	-1.071175E0
1.792000E1	1.526959E1	-1.059014E0
1.794000E1	1.527889E1	-1.056694E0
1.796000E1	1.528031E1	-1.064361E0
1.798000E1	1.527682E1	-1.064321E0
1.800000E1	1.528685E1	-1.061973E0
1.802000E1	1.528909E1	-1.038071E0
1.804000E1	1.527553E1	-1.047570E0
1.806000E1	1.526002E1	-1.054192E0
1.808000E1	1.525778E1	-1.030667E0
1.810000E1	1.526627E1	-1.034069E0
1.812000E1	1.527342E1	-1.036060E0
1.814000E1	1.529798E1	-1.000323E0
1.816000E1	1.530698E1	-9.690230E-1
1.818000E1	1.531632E1	-9.814771E-1
1.820000E1	1.535934E1	-9.457061E-1
1.822000E1	1.536705E1	-8.794393E-1
1.824000E1	1.538266E1	-9.028897E-1
1.826000E1	1.547451E1	-9.961260E-1
1.828000E1	1.555088E1	-9.966987E-1
1.830000E1	1.569671E1	-9.821643E-1
1.832000E1	1.587913E1	-1.194945E0
1.834000E1	1.588979E1	-1.434901E0
1.836000E1	1.587799E1	-1.561172E0
1.838000E1	1.595853E1	-1.423771E0
1.840000E1	1.608956E1	-1.084380E0
1.842000E1	1.635128E1	-6.711138E-1
1.844000E1	1.640356E1	-6.982062E-1
1.846000E1	1.659296E1	-8.306097E-1
1.848000E1	1.683572E1	-8.626803E-1
1.850000E1	1.730932E1	-8.623746E-1
1.852000E1	1.728055E1	-9.223642E-1
1.854000E1	1.714198E1	-1.090518E0
1.856000E1	1.705964E1	-1.228199E0
1.858000E1	1.697830E1	-1.215420E0
1.860000E1	1.685412E1	-1.076522E0
1.862000E1	1.678188E1	-1.112159E0
1.864000E1	1.674913E1	-1.144241E0
1.866000E1	1.675078E1	-1.115261E0
1.868000E1	1.676451E1	-1.091208E0
1.870000E1	1.677864E1	-1.082760E0
1.872000E1	1.678086E1	-1.108004E0
1.874000E1	1.673745E1	-1.145138E0
1.876000E1	1.674855E1	-1.116973E0
1.878000E1	1.673323E1	-1.078699E0
1.880000E1	1.675383E1	-1.104783E0
1.882000E1	1.676012E1	-1.099862E0
1.884000E1	1.676239E1	-1.127332E0
1.886000E1	1.676440E1	-1.136791E0
1.888000E1	1.677251E1	-1.123003E0
1.890000E1	1.677676E1	-1.115572E0
1.892000E1	1.677357E1	-1.100044E0
1.894000E1	1.677516E1	-1.103592E0
1.896000E1	1.676555E1	-1.112764E0
1.898000E1	1.677588E1	-1.111002E0
1.900000E1	1.679445E1	-1.094685E0
1.902000E1	1.679027E1	-1.106939E0
1.904000E1	1.678291E1	-1.069665E0
1.906000E1	1.678463E1	-1.070034E0
1.908000E1	1.678893E1	-1.072442E0
1.910000E1	1.679080E1	-1.078751E0
1.912000E1	1.678624E1	-1.086292E0
1.914000E1	1.677521E1	-1.106447E0
1.916000E1	1.682067E1	-1.155527E0
1.918000E1	1.683985E1	-1.147266E0
1.920000E1	1.687394E1	-1.191002E0
1.922000E1	1.685703E1	-1.416755E0
1.924000E1	1.684777E1	-1.737962E0
1.926000E1	1.685452E1	-1.735550E0
1.928000E1	1.693373E1	-1.641905E0
1.930000E1	1.689389E1	-1.448126E0
1.932000E1	1.701735E1	-1.182262E0
1.934000E1	1.711111E1	-9.683814E-1
1.936000E1	1.725754E1	-1.094219E0
1.938000E1	1.744378E1	-1.180906E0
1.940000E1	1.757564E1	-1.172376E0
1.942000E1	1.780367E1	-1.046464E0
1.944000E1	1.783767E1	-1.059069E0
1.946000E1	1.783726E1	-1.069107E0
1.948000E1	1.778918E1	-1.019068E0
1.950000E1	1.771815E1	-9.582311E-1
1.952000E1	1.770092E1	-9.904398E-1
1.954000E1	1.771969E1	-9.722175E-1
1.956000E1	1.774058E1	-9.463498E-1
1.958000E1	1.781025E1	-8.832618E-1
1.960000E1	1.780813E1	-7.846091E-1
1.962000E1	1.786764E1	-7.185332E-1
1.964000E1	1.786701E1	-6.512173E-1
1.966000E1	1.786920E1	-6.137772E-1
1.968000E1	1.784834E1	-6.099177E-1
1.970000E1	1.780301E1	-6.859281E-1
1.972000E1	1.770980E1	-8.375645E-1
1.974000E1	1.772323E1	-9.083228E-1
1.976000E1	1.769906E1	-9.787802E-1
1.978000E1	1.769422E1	-1.061547E0
1.980000E1	1.766948E1	-1.093623E0
1.982000E1	1.768596E1	-1.084924E0
1.984000E1	1.769030E1	-1.089133E0
1.986000E1	1.768051E1	-1.101259E0
1.988000E1	1.766051E1	-1.130779E0
1.990000E1	1.769003E1	-1.117321E0
1.992000E1	1.771746E1	-1.094409E0
1.994000E1	1.772935E1	-1.094189E0
1.996000E1	1.774682E1	-1.064413E0
1.998000E1	1.774907E1	-1.084044E0
2.000000E1	1.771946E1	-1.127314E0
2.002000E1	1.772210E1	-1.118175E0
2.004000E1	1.772997E1	-1.136757E0
2.006000E1	1.776177E1	-1.175275E0
2.008000E1	1.776444E1	-1.199950E0
2.010000E1	1.780139E1	-1.208556E0
2.012000E1	1.782309E1	-1.316416E0
2.014000E1	1.781943E1	-1.684187E0
2.016000E1	1.781622E1	-1.766142E0
2.018000E1	1.782089E1	-1.665777E0
2.020000E1	1.780172E1	-1.545727E0
2.022000E1	1.784043E1	-1.326133E0
2.024000E1	1.790189E1	-1.231509E0
2.026000E1	1.788929E1	-1.292714E0
2.028000E1	1.788372E1	-1.326497E0
2.030000E1	1.792711E1	-1.488536E0
2.032000E1	1.794794E1	-1.597701E0
2.034000E1	1.793433E1	-1.595096E0
2.036000E1	1.791423E1	-1.479965E0
2.038000E1	1.788629E1	-1.403650E0
2.040000E1	1.784972E1	-1.313837E0
2.042000E1	1.779904E1	-1.324113E0
2.044000E1	1.772491E1	-1.363879E0
2.046000E1	1.774212E1	-1.375675E0
2.048000E1	1.780046E1	-1.341330E0
2.050000E1	1.782391E1	-1.320923E0
2.052000E1	1.786102E1	-1.284924E0
2.054000E1	1.786884E1	-1.187617E0
2.056000E1	1.785438E1	-1.156975E0
2.058000E1	1.785366E1	-1.105703E0
2.060000E1	1.784333E1	-1.061230E0
2.062000E1	1.784617E1	-1.034953E0
2.064000E1	1.783862E1	-1.068597E0
2.066000E1	1.781718E1	-1.113507E0
2.068000E1	1.782809E1	-1.069410E0
2.070000E1	1.784664E1	-1.053560E0
2.072000E1	1.784508E1	-1.036233E0
2.074000E1	1.785463E1	-9.928041E-1
2.076000E1	1.785864E1	-9.568632E-1
2.078000E1	1.786192E1	-9.686197E-1
2.080000E1	1.790217E1	-8.931634E-1
2.082000E1	1.791135E1	-8.643510E-1
2.084000E1	1.788355E1	-9.812941E-1
2.086000E1	1.786933E1	-1.004963E0
2.088000E1	1.782860E1	-1.128686E0
2.090000E1	1.778093E1	-1.174201E0
2.092000E1	1.778236E1	-1.152803E0
2.094000E1	1.774238E1	-1.201872E0
2.096000E1	1.774986E1	-1.194711E0
2.098000E1	1.775650E1	-1.265528E0
2.100000E1	1.782206E1	-1.239335E0
2.102000E1	1.782744E1	-1.324620E0
2.104000E1	1.779227E1	-1.746212E0
2.106000E1	1.788432E1	-1.807389E0
2.108000E1	1.788243E1	-1.731538E0
2.110000E1	1.783850E1	-1.560335E0
2.112000E1	1.791130E1	-1.395073E0
2.114000E1	1.791149E1	-1.318665E0
2.116000E1	1.787213E1	-1.477241E0
2.118000E1	1.790534E1	-1.575085E0
2.120000E1	1.794730E1	-1.646867E0
2.122000E1	1.796453E1	-1.691468E0
2.124000E1	1.795393E1	-1.669761E0
2.126000E1	1.794518E1	-1.629735E0
2.128000E1	1.794865E1	-1.446295E0
2.130000E1	1.788910E1	-1.404779E0
2.132000E1	1.781971E1	-1.436503E0
2.134000E1	1.775347E1	-1.450013E0
2.136000E1	1.774747E1	-1.463762E0
2.138000E1	1.776791E1	-1.473487E0
2.140000E1	1.778373E1	-1.473767E0
2.142000E1	1.779140E1	-1.467633E0
2.144000E1	1.780038E1	-1.473404E0
2.146000E1	1.778545E1	-1.491831E0
2.148000E1	1.778092E1	-1.486851E0
2.150000E1	1.778346E1	-1.488111E0
2.152000E1	1.779399E1	-1.495337E0
2.154000E1	1.779099E1	-1.494886E0
2.156000E1	1.778637E1	-1.486046E0
2.158000E1	1.778047E1	-1.487369E0
2.160000E1	1.779032E1	-1.480382E0
2.162000E1	1.780949E1	-1.482737E0
2.164000E1	1.783254E1	-1.460440E0
2.166000E1	1.783486E1	-1.469543E0
2.168000E1	1.784296E1	-1.432726E0
2.170000E1	1.787076E1	-1.364851E0
2.172000E1	1.790723E1	-1.309397E0
2.174000E1	1.789656E1	-1.351366E0
2.176000E1	1.792672E1	-1.354624E0
2.178000E1	1.796678E1	-1.335921E0
2.180000E1	1.792165E1	-1.460857E0
2.182000E1	1.787749E1	-1.542983E0
2.184000E1	1.788000E1	-1.508177E0
2.186000E1	1.791291E1	-1.458136E0
2.188000E1	1.797295E1	-1.494281E0
2.190000E1	1.812149E1	-1.494994E0
2.192000E1	1.833936E1	-1.487751E0
2.194000E1	1.848804E1	-1.553127E0
2.196000E1	1.859289E1	-1.504946E0
2.198000E1	1.856264E1	-1.463657E0
2.200000E1	1.850299E1	-1.406320E0
2.202000E1	1.837532E1	-1.499609E0
2.204000E1	1.837867E1	-1.499043E0
2.206000E1	1.843014E1	-1.522067E0
2.208000E1	1.843423E1	-1.683213E0
2.210000E1	1.846223E1	-1.817048E0
2.212000E1	1.848984E1	-1.979832E0
2.214000E1	1.857118E1	-2.055103E0
2.216000E1	1.853982E1	-2.046662E0
2.218000E1	1.845436E1	-1.905657E0
2.220000E1	1.840641E1	-1.748448E0
2.222000E1	1.837115E1	-1.670127E0
2.224000E1	1.833542E1	-1.624785E0
2.226000E1	1.833760E1	-1.595107E0
2.228000E1	1.834105E1	-1.581259E0
2.230000E1	1.834128E1	-1.564987E0
2.232000E1	1.834329E1	-1.556791E0
2.234000E1	1.834287E1	-1.538503E0
2.236000E1	1.834336E1	-1.538431E0
2.238000E1	1.833733E1	-1.517725E0
2.240000E1	1.833456E1	-1.508688E0
2.242000E1	1.834982E1	-1.539642E0
2.244000E1	1.835004E1	-1.526113E0
2.246000E1	1.833848E1	-1.515699E0
2.248000E1	1.834849E1	-1.529881E0
2.250000E1	1.833007E1	-1.531476E0
2.252000E1	1.833851E1	-1.536922E0
2.254000E1	1.834026E1	-1.539751E0
2.256000E1	1.833769E1	-1.536792E0
2.258000E1	1.832771E1	-1.536718E0
2.260000E1	1.834020E1	-1.520751E0
2.262000E1	1.834576E1	-1.520647E0
2.264000E1	1.835513E1	-1.521434E0
2.266000E1	1.836001E1	-1.522826E0
2.268000E1	1.836398E1	-1.524851E0
2.270000E1	1.835490E1	-1.516168E0
2.272000E1	1.835473E1	-1.524785E0
2.274000E1	1.834976E1	-1.505685E0
2.276000E1	1.834798E1	-1.516120E0
2.278000E1	1.838135E1	-1.533761E0
2.280000E1	1.840601E1	-1.548984E0
2.282000E1	1.853636E1	-1.562919E0
2.284000E1	1.873378E1	-1.725140E0
2.286000E1	1.880917E1	-1.784843E0
2.288000E1	1.888631E1	-1.688030E0
2.290000E1	1.897048E1	-1.498911E0
2.292000E1	1.894699E1	-1.350247E0
2.294000E1	1.901799E1	-1.186347E0
2.296000E1	1.900838E1	-1.185598E0
2.298000E1	1.896587E1	-1.434312E0
2.300000E1	1.911327E1	-1.581318E0
2.302000E1	1.939043E1	-1.532372E0
2.304000E1	1.963396E1	-1.458516E0
2.306000E1	1.965575E1	-1.276759E0
2.308000E1	1.973306E1	-9.739551E-1
2.310000E1	1.978128E1	-8.723138E-1
2.312000E1	1.976380E1	-8.018729E-1
2.314000E1	1.969404E1	-8.835785E-1
2.316000E1	1.966346E1	-1.012685E0
2.318000E1	1.969620E1	-1.124573E0
2.320000E1	1.971169E1	-1.159850E0
2.322000E1	1.974102E1	-1.135036E0
2.324000E1	1.974413E1	-1.147026E0
2.326000E1	1.968025E1	-1.235026E0
2.328000E1	1.969450E1	-1.201498E0
2.330000E1	1.971301E1	-1.154021E0
2.332000E1	1.971295E1	-1.155482E0
2.334000E1	1.973569E1	-1.151498E0
2.336000E1	1.973878E1	-1.135401E0
2.338000E1	1.975952E1	-1.125222E0
2.340000E1	1.973808E1	-1.109084E0
2.342000E1	1.975270E1	-1.100619E0
2.344000E1	1.976913E1	-1.099037E0
2.346000E1	1.975337E1	-1.129468E0
2.348000E1	1.975999E1	-1.129589E0
2.350000E1	1.975212E1	-1.122731E0
2.352000E1	1.977462E1	-1.109936E0
2.354000E1	1.978191E1	-1.107836E0
2.356000E1	1.977475E1	-1.089703E0
2.358000E1	1.979219E1	-1.089367E0
2.360000E1	1.979798E1	-1.086626E0
2.362000E1	1.978620E1	-1.094868E0
2.364000E1	1.978806E1	-1.098086E0
2.366000E1	1.978266E1	-1.109363E0
2.368000E1	1.977835E1	-1.212840E0
2.370000E1	1.980543E1	-1.244498E0
2.372000E1	1.982613E1	-1.226706E0
2.374000E1	1.982750E1	-1.428380E0
2.376000E1	1.985300E1	-1.731056E0
2.378000E1	1.985426E1	-1.875769E0
2.380000E1	1.986922E1	-1.910054E0
2.382000E1	1.990865E1	-1.688631E0
2.384000E1	2.002557E1	-1.347207E0
2.386000E1	1.999146E1	-1.320389E0
2.388000E1	1.992591E1	-1.526943E0
2.390000E1	2.002064E1	-1.657693E0
2.392000E1	2.008516E1	-1.750005E0
2.394000E1	2.007193E1	-1.713259E0
2.396000E1	2.008453E1	-1.609971E0
2.398000E1	2.010511E1	-1.421992E0
2.400000E1	2.014849E1	-1.175350E0
