	mass A		
t	x	y	
0.000000E0	2.549164E-2	-2.549164E-2
2.000000E-2	1.134236E-1	-1.698139E-1
4.000000E-2	1.387328E-1	-1.889246E-1
6.000000E-2	2.787213E-1	1.941519E-2
8.000000E-2	2.542786E-1	1.090887E-1
1.000000E-1	1.760473E-1	1.727978E-1
1.200000E-1	1.740922E-1	4.450518E-1
1.400000E-1	2.853626E-1	8.855182E-1
1.600000E-1	5.859785E-1	8.249145E-1
1.800000E-1	8.954433E-1	5.699009E-1
2.000000E-1	1.137846E0	3.804836E-1
2.200000E-1	1.141777E0	4.211316E-1
2.400000E-1	1.118861E0	4.421481E-1
2.600000E-1	1.118054E0	5.596578E-1
2.800000E-1	1.174175E0	6.465790E-1
3.000000E-1	1.143661E0	6.094272E-1
3.200000E-1	1.105635E0	6.002473E-1
3.400000E-1	1.037595E0	5.906100E-1
3.600000E-1	1.041041E0	5.682184E-1
3.800000E-1	1.095237E0	4.874178E-1
4.000000E-1	1.090612E0	5.126240E-1
4.200000E-1	1.071918E0	5.445274E-1
4.400000E-1	1.093863E0	5.975329E-1
4.600000E-1	1.113494E0	6.414095E-1
4.800000E-1	1.080196E0	6.413793E-1
5.000000E-1	1.038670E0	6.720399E-1
5.200000E-1	1.023208E0	6.384505E-1
5.400000E-1	9.828361E-1	5.744014E-1
5.600000E-1	1.004203E0	4.608841E-1
5.800000E-1	1.020049E0	4.286402E-1
6.000000E-1	1.027834E0	4.448862E-1
6.200000E-1	1.024876E0	4.609706E-1
6.400000E-1	1.030386E0	4.736829E-1
6.600000E-1	1.026949E0	4.752741E-1
6.800000E-1	1.013574E0	4.846165E-1
7.000000E-1	1.001138E0	4.807637E-1
7.200000E-1	9.561834E-1	4.746156E-1
7.400000E-1	9.857238E-1	4.888337E-1
7.600000E-1	9.994915E-1	4.535179E-1
7.800000E-1	1.017276E0	4.522086E-1
8.000000E-1	1.033466E0	4.121108E-1
8.200000E-1	1.042556E0	3.537706E-1
8.400000E-1	1.047345E0	3.536697E-1
8.600000E-1	1.116342E0	2.839087E-1
8.800000E-1	1.167858E0	1.222346E-1
9.000000E-1	1.185993E0	3.286737E-3
9.200000E-1	1.248018E0	-1.205453E-1
9.400000E-1	1.261437E0	-2.394790E-1
9.600000E-1	1.242588E0	-1.929086E-1
9.800000E-1	1.246695E0	9.944118E-4
1.000000E0	1.217019E0	1.214928E-2
1.020000E0	1.186960E0	1.383989E-1
1.040000E0	1.179496E0	3.147508E-1
1.060000E0	1.212794E0	2.684354E-1
1.080000E0	1.388297E0	2.481193E-1
1.100000E0	1.660861E0	2.810923E-1
1.120000E0	1.893430E0	4.203206E-1
1.140000E0	2.041896E0	4.263206E-1
1.160000E0	2.071972E0	5.293558E-1
1.180000E0	1.960657E0	9.131680E-1
1.200000E0	1.835696E0	1.206371E0
1.220000E0	1.873291E0	1.161893E0
1.240000E0	1.844799E0	9.547224E-1
1.260000E0	1.907549E0	8.085353E-1
1.280000E0	1.995940E0	7.862146E-1
1.300000E0	2.250039E0	8.675557E-1
1.320000E0	2.286028E0	9.893147E-1
1.340000E0	2.375195E0	1.235954E0
1.360000E0	2.563687E0	1.210030E0
1.380000E0	2.559781E0	1.162363E0
1.400000E0	2.558496E0	1.199022E0
1.420000E0	2.568109E0	1.335049E0
1.440000E0	2.570401E0	1.509315E0
1.460000E0	2.570741E0	1.508743E0
1.480000E0	2.551551E0	1.319330E0
1.500000E0	2.573009E0	1.343261E0
1.520000E0	2.544856E0	1.219936E0
1.540000E0	2.550920E0	1.029384E0
1.560000E0	2.528113E0	9.773481E-1
1.580000E0	2.427118E0	8.845026E-1
1.600000E0	2.455292E0	8.149155E-1
1.620000E0	2.476999E0	8.374612E-1
1.640000E0	2.496913E0	8.323524E-1
1.660000E0	2.498210E0	8.310186E-1
1.680000E0	2.521363E0	8.491587E-1
1.700000E0	2.526128E0	8.805296E-1
1.720000E0	2.522818E0	9.004297E-1
1.740000E0	2.534255E0	9.026290E-1
1.760000E0	2.525213E0	8.433854E-1
1.780000E0	2.639847E0	6.241267E-1
1.800000E0	2.719259E0	3.018364E-1
1.820000E0	2.762032E0	1.385069E-2
1.840000E0	2.796465E0	-1.728688E-1
1.860000E0	2.757869E0	-1.554520E-1
1.880000E0	2.709861E0	-1.004180E-1
1.900000E0	2.691429E0	9.235475E-3
1.920000E0	2.647866E0	1.510644E-1
1.940000E0	2.636035E0	2.986403E-1
1.960000E0	2.631306E0	3.694296E-1
1.980000E0	2.734571E0	9.051105E-2
2.000000E0	2.763757E0	-1.719199E-1
2.020000E0	2.734461E0	-9.606018E-2
2.040000E0	2.716885E0	-8.460012E-2
2.060000E0	2.700862E0	-7.962902E-2
2.080000E0	2.709183E0	5.610389E-2
2.100000E0	2.630769E0	2.230367E-1
2.120000E0	2.600022E0	1.995071E-1
2.140000E0	2.558357E0	1.751739E-1
2.160000E0	2.504601E0	2.121360E-1
2.180000E0	2.545061E0	1.780319E-1
2.200000E0	2.571841E0	1.318624E-1
2.220000E0	2.575432E0	1.074933E-1
2.240000E0	2.629461E0	2.399636E-1
2.260000E0	2.626105E0	3.211695E-1
2.280000E0	2.618929E0	3.521194E-1
2.300000E0	2.599553E0	4.836171E-1
2.320000E0	2.593071E0	5.999490E-1
2.340000E0	2.581423E0	6.461979E-1
2.360000E0	2.597350E0	7.070102E-1
2.380000E0	2.644924E0	8.549835E-1
2.400000E0	2.664389E0	9.428496E-1
2.420000E0	2.673469E0	1.017272E0
2.440000E0	2.680017E0	1.075285E0
2.460000E0	2.664803E0	1.060611E0
2.480000E0	2.657046E0	1.055521E0
2.500000E0	2.652864E0	1.025975E0
2.520000E0	2.658434E0	8.032104E-1
2.540000E0	2.670467E0	8.371719E-1
2.560000E0	2.667295E0	8.411510E-1
2.580000E0	2.696431E0	9.072903E-1
2.600000E0	2.741789E0	9.691136E-1
2.620000E0	2.774907E0	1.005455E0
2.640000E0	2.758453E0	1.015740E0
2.660000E0	2.778779E0	9.850474E-1
2.680000E0	3.023060E0	8.385679E-1
2.700000E0	3.259118E0	8.192576E-1
2.720000E0	3.436003E0	8.456756E-1
2.740000E0	3.649995E0	5.966846E-1
2.760000E0	3.713128E0	3.472216E-1
2.780000E0	3.795533E0	2.630026E-1
2.800000E0	3.731289E0	2.468805E-1
2.820000E0	3.658082E0	3.182071E-1
2.840000E0	3.622222E0	6.714373E-1
2.860000E0	3.617820E0	6.203025E-1
2.880000E0	3.713639E0	2.384247E-1
2.900000E0	3.918673E0	-6.682652E-3
2.920000E0	4.089626E0	-6.599403E-2
2.940000E0	4.104146E0	-7.882909E-2
2.960000E0	4.114478E0	-2.808339E-2
2.980000E0	4.054803E0	2.061556E-1
3.000000E0	4.021205E0	4.733153E-1
3.020000E0	4.004388E0	5.020054E-1
3.040000E0	4.004716E0	4.430273E-1
3.060000E0	3.983333E0	4.204913E-1
3.080000E0	4.012280E0	3.790443E-1
3.100000E0	4.040844E0	3.705751E-1
3.120000E0	4.052639E0	3.871526E-1
3.140000E0	4.047470E0	4.672894E-1
3.160000E0	4.046132E0	4.675357E-1
3.180000E0	4.045990E0	4.669777E-1
3.200000E0	4.027226E0	5.382597E-1
3.220000E0	4.017238E0	5.193895E-1
3.240000E0	4.030061E0	4.879579E-1
3.260000E0	4.020123E0	4.196602E-1
3.280000E0	4.036203E0	4.205844E-1
3.300000E0	4.040606E0	4.420701E-1
3.320000E0	4.045499E0	4.545087E-1
3.340000E0	4.050905E0	4.465127E-1
3.360000E0	4.058637E0	4.497650E-1
3.380000E0	4.028992E0	4.434985E-1
3.400000E0	4.041970E0	4.324394E-1
3.420000E0	4.020056E0	4.356815E-1
3.440000E0	4.029246E0	4.413347E-1
3.460000E0	4.035207E0	4.448626E-1
3.480000E0	4.060671E0	4.418481E-1
3.500000E0	4.066689E0	4.470037E-1
3.520000E0	4.071853E0	4.471512E-1
3.540000E0	4.081098E0	4.487199E-1
3.560000E0	4.091551E0	4.435444E-1
3.580000E0	4.188891E0	4.008958E-1
3.600000E0	4.381594E0	4.346434E-1
3.620000E0	4.690313E0	4.753000E-1
3.640000E0	4.980122E0	3.904824E-1
3.660000E0	5.054832E0	3.504633E-1
3.680000E0	5.031610E0	5.454806E-1
3.700000E0	5.002726E0	7.494631E-1
3.720000E0	4.994795E0	8.513370E-1
3.740000E0	5.006785E0	9.878804E-1
3.760000E0	5.151904E0	8.113123E-1
3.780000E0	5.498484E0	3.332621E-1
3.800000E0	5.897069E0	1.624121E-1
3.820000E0	6.185825E0	2.488731E-1
3.840000E0	6.299585E0	4.900530E-1
3.860000E0	6.311256E0	6.016835E-1
3.880000E0	6.207152E0	7.944077E-1
3.900000E0	6.094708E0	1.264266E0
3.920000E0	6.064726E0	1.569925E0
3.940000E0	6.064130E0	1.550816E0
3.960000E0	6.032490E0	1.518789E0
3.980000E0	6.053393E0	1.432409E0
4.000000E0	6.076060E0	1.342087E0
4.020000E0	6.055891E0	1.158906E0
4.040000E0	6.062580E0	1.113390E0
4.060000E0	6.000151E0	9.943915E-1
4.080000E0	5.973420E0	8.455195E-1
4.100000E0	5.974040E0	8.522877E-1
4.120000E0	5.997110E0	8.917275E-1
4.140000E0	5.995809E0	8.683981E-1
4.160000E0	5.982641E0	8.817903E-1
4.180000E0	5.994847E0	9.290879E-1
4.200000E0	5.979706E0	9.685009E-1
4.220000E0	5.993291E0	9.822747E-1
4.240000E0	5.993412E0	9.765090E-1
4.260000E0	5.993417E0	9.496975E-1
4.280000E0	5.959236E0	8.730962E-1
4.300000E0	5.970320E0	8.083307E-1
4.320000E0	5.987112E0	8.143921E-1
4.340000E0	6.000372E0	8.461307E-1
4.360000E0	6.006620E0	8.593823E-1
4.380000E0	6.023336E0	8.831822E-1
4.400000E0	6.033367E0	8.853195E-1
4.420000E0	6.038590E0	8.843246E-1
4.440000E0	6.054136E0	8.607679E-1
4.460000E0	6.055304E0	8.338115E-1
4.480000E0	6.102155E0	5.040128E-1
4.500000E0	6.143140E0	3.933991E-1
4.520000E0	6.202490E0	3.034539E-1
4.540000E0	6.192228E0	1.591005E-1
4.560000E0	6.186966E0	5.772916E-2
4.580000E0	6.175180E0	4.669931E-2
4.600000E0	6.129406E0	1.434044E-1
4.620000E0	6.157298E0	2.682564E-1
4.640000E0	6.102963E0	4.344235E-1
4.660000E0	6.084108E0	4.025588E-1
4.680000E0	6.182889E0	3.033392E-1
4.700000E0	6.244804E0	2.659296E-1
4.720000E0	6.242077E0	2.745191E-1
4.740000E0	6.294468E0	2.886196E-1
4.760000E0	6.255750E0	3.103603E-1
4.780000E0	6.185570E0	6.150451E-1
4.800000E0	6.150988E0	8.590265E-1
4.820000E0	6.117834E0	1.001815E0
4.840000E0	6.096155E0	1.075784E0
4.860000E0	6.125187E0	1.264043E0
4.880000E0	6.146774E0	1.384990E0
4.900000E0	6.157649E0	1.436541E0
4.920000E0	6.149778E0	1.508115E0
4.940000E0	6.182687E0	1.603670E0
4.960000E0	6.165220E0	1.534157E0
4.980000E0	6.142642E0	1.327264E0
5.000000E0	6.154986E0	1.253739E0
5.020000E0	6.148901E0	1.282562E0
5.040000E0	6.153181E0	1.386663E0
5.060000E0	6.148812E0	1.395446E0
5.080000E0	6.155633E0	1.400388E0
5.100000E0	6.165731E0	1.540928E0
5.120000E0	6.176926E0	1.583811E0
5.140000E0	6.181651E0	1.591626E0
5.160000E0	6.161292E0	1.652219E0
5.180000E0	6.150216E0	1.619782E0
5.200000E0	6.135465E0	1.503916E0
5.220000E0	6.120475E0	1.438569E0
5.240000E0	6.080422E0	1.248262E0
5.260000E0	6.070673E0	1.035111E0
5.280000E0	6.074445E0	9.950147E-1
5.300000E0	6.065329E0	8.751932E-1
5.320000E0	6.055190E0	7.846877E-1
5.340000E0	6.081661E0	8.058135E-1
5.360000E0	6.097832E0	7.068391E-1
5.380000E0	6.194364E0	4.750983E-1
5.400000E0	6.223752E0	3.573860E-1
5.420000E0	6.302660E0	2.259446E-1
5.440000E0	6.438294E0	-4.198088E-2
5.460000E0	6.503665E0	-1.681937E-1
5.480000E0	6.541286E0	-1.434418E-1
5.500000E0	6.506552E0	2.728836E-2
5.520000E0	6.472885E0	2.008178E-1
5.540000E0	6.487583E0	1.688629E-1
5.560000E0	6.522048E0	1.000475E-1
5.580000E0	6.629501E0	-5.087651E-2
5.600000E0	6.684656E0	-1.145826E-1
5.620000E0	6.719715E0	-1.205107E-1
5.640000E0	6.708019E0	-1.047343E-1
5.660000E0	6.681995E0	-1.096107E-1
5.680000E0	6.635711E0	9.101161E-2
5.700000E0	6.557111E0	2.585317E-1
5.720000E0	6.531564E0	2.438738E-1
5.740000E0	6.521066E0	2.711191E-1
5.760000E0	6.523532E0	3.947754E-1
5.780000E0	6.542265E0	4.075140E-1
5.800000E0	6.564252E0	4.279698E-1
5.820000E0	6.571320E0	4.462121E-1
5.840000E0	6.577035E0	4.772454E-1
5.860000E0	6.573885E0	4.378356E-1
5.880000E0	6.564245E0	4.475233E-1
5.900000E0	6.531781E0	5.133923E-1
5.920000E0	6.554842E0	4.902784E-1
5.940000E0	6.547636E0	4.960095E-1
5.960000E0	6.542753E0	4.946579E-1
5.980000E0	6.570771E0	4.853436E-1
6.000000E0	6.572936E0	4.941618E-1
6.020000E0	6.569676E0	5.189200E-1
6.040000E0	6.566716E0	5.633860E-1
6.060000E0	6.569208E0	6.504659E-1
6.080000E0	6.573856E0	7.261292E-1
6.100000E0	6.601206E0	8.659591E-1
6.120000E0	6.612026E0	9.456083E-1
6.140000E0	6.627270E0	9.983375E-1
6.160000E0	6.638487E0	1.012498E0
6.180000E0	6.641460E0	1.064766E0
6.200000E0	6.666561E0	1.067066E0
6.220000E0	6.665298E0	9.752180E-1
6.240000E0	6.663874E0	6.868927E-1
6.260000E0	6.735996E0	4.933684E-1
6.280000E0	6.826364E0	4.501566E-1
6.300000E0	7.054395E0	4.267482E-1
6.320000E0	7.298282E0	3.947779E-1
6.340000E0	7.428027E0	2.841843E-1
6.360000E0	7.589739E0	4.261103E-1
6.380000E0	7.693484E0	6.538392E-1
6.400000E0	7.638682E0	7.983252E-1
6.420000E0	7.633955E0	1.059912E0
6.440000E0	7.670757E0	1.198217E0
6.460000E0	7.788202E0	9.906166E-1
6.480000E0	8.048248E0	5.237810E-1
6.500000E0	8.174880E0	1.229674E-1
6.520000E0	8.211935E0	3.982883E-2
6.540000E0	8.193054E0	4.046071E-2
6.560000E0	8.155753E0	2.954838E-2
6.580000E0	8.054967E0	1.664973E-1
6.600000E0	8.047362E0	2.903901E-1
6.620000E0	8.009095E0	3.714583E-1
6.640000E0	7.967209E0	4.098363E-1
6.660000E0	8.007040E0	4.270504E-1
6.680000E0	8.018986E0	5.087906E-1
6.700000E0	8.029551E0	5.659241E-1
6.720000E0	8.048207E0	5.588621E-1
6.740000E0	8.047496E0	5.504775E-1
6.760000E0	8.041502E0	4.613482E-1
6.780000E0	8.038234E0	4.064115E-1
6.800000E0	8.031502E0	4.332443E-1
6.820000E0	8.046609E0	4.451287E-1
6.840000E0	8.055073E0	4.514170E-1
6.860000E0	8.048550E0	4.854037E-1
6.880000E0	8.059211E0	4.977916E-1
6.900000E0	8.056992E0	5.005191E-1
6.920000E0	8.054208E0	4.978517E-1
6.940000E0	8.040243E0	4.723948E-1
6.960000E0	8.023772E0	4.305970E-1
6.980000E0	8.028316E0	4.230781E-1
7.000000E0	8.033477E0	4.253902E-1
7.020000E0	8.040539E0	4.534387E-1
7.040000E0	8.067545E0	4.226345E-1
7.060000E0	8.087045E0	4.150169E-1
7.080000E0	8.097362E0	4.216401E-1
7.100000E0	8.097519E0	4.035732E-1
7.120000E0	8.090007E0	3.924519E-1
7.140000E0	8.086053E0	4.006986E-1
7.160000E0	8.101858E0	3.408534E-1
7.180000E0	8.169814E0	2.572398E-1
7.200000E0	8.216603E0	2.728795E-1
7.220000E0	8.263265E0	1.166454E-1
7.240000E0	8.302683E0	-6.876846E-2
7.260000E0	8.289056E0	-5.871004E-2
7.280000E0	8.306097E0	1.281359E-1
7.300000E0	8.298950E0	3.296485E-1
7.320000E0	8.288514E0	7.224388E-1
7.340000E0	8.259276E0	8.373110E-1
7.360000E0	8.370278E0	8.244697E-1
7.380000E0	8.639519E0	7.961089E-1
7.400000E0	8.779169E0	8.434552E-1
7.420000E0	8.831953E0	9.288676E-1
7.440000E0	8.848000E0	9.085688E-1
7.460000E0	8.812195E0	8.526383E-1
7.480000E0	8.777766E0	9.306965E-1
7.500000E0	8.746169E0	9.924940E-1
7.520000E0	8.669561E0	1.118857E0
7.540000E0	8.655393E0	1.178387E0
7.560000E0	8.683587E0	1.175336E0
7.580000E0	8.718289E0	1.170368E0
7.600000E0	8.731936E0	1.251477E0
7.620000E0	8.752691E0	1.437905E0
7.640000E0	8.760520E0	1.547202E0
7.660000E0	8.752745E0	1.460753E0
7.680000E0	8.752951E0	1.333691E0
7.700000E0	8.797040E0	1.007447E0
7.720000E0	8.716654E0	7.723422E-1
7.740000E0	8.708184E0	8.209952E-1
7.760000E0	8.693268E0	8.217429E-1
7.780000E0	8.693534E0	8.179314E-1
7.800000E0	8.680332E0	8.493783E-1
7.820000E0	8.661575E0	8.261952E-1
7.840000E0	8.648895E0	7.906094E-1
7.860000E0	8.655214E0	7.737688E-1
7.880000E0	8.645440E0	8.338091E-1
7.900000E0	8.644918E0	8.792061E-1
7.920000E0	8.649520E0	9.332276E-1
7.940000E0	8.657665E0	8.759670E-1
7.960000E0	8.665147E0	9.039210E-1
7.980000E0	8.675535E0	8.316541E-1
8.000000E0	8.672765E0	7.346038E-1
8.020000E0	8.676763E0	6.367626E-1
8.040000E0	8.680109E0	5.680614E-1
8.060000E0	8.708620E0	3.965099E-1
8.080000E0	8.798692E0	3.575578E-1
8.100000E0	8.813125E0	2.905941E-1
8.120000E0	8.874537E0	3.706682E-2
8.140000E0	8.929911E0	-1.198042E-1
8.160000E0	8.892905E0	-7.220450E-2
8.180000E0	8.770165E0	1.293081E-1
8.200000E0	8.752969E0	2.140532E-1
8.220000E0	8.723472E0	1.914484E-1
8.240000E0	8.732823E0	1.218833E-1
8.260000E0	8.787079E0	2.073605E-2
8.280000E0	8.841336E0	-3.189036E-2
8.300000E0	8.878297E0	-6.466440E-2
8.320000E0	8.887012E0	-5.990906E-2
8.340000E0	8.859991E0	-5.464010E-2
8.360000E0	8.795518E0	5.759614E-2
8.380000E0	8.722135E0	1.947480E-1
8.400000E0	8.695078E0	1.415256E-1
8.420000E0	8.691919E0	1.502406E-1
8.440000E0	8.693856E0	1.685821E-1
8.460000E0	8.709333E0	1.421853E-1
8.480000E0	8.709518E0	1.127368E-1
8.500000E0	8.727178E0	1.669195E-1
8.520000E0	8.788476E0	2.616300E-1
8.540000E0	8.775450E0	4.508866E-1
8.560000E0	8.765604E0	4.917002E-1
8.580000E0	8.754172E0	5.887395E-1
8.600000E0	8.763102E0	5.995511E-1
8.620000E0	8.760872E0	6.046332E-1
8.640000E0	8.755476E0	5.915721E-1
8.660000E0	8.763777E0	5.678474E-1
8.680000E0	8.764530E0	4.989128E-1
8.700000E0	8.768290E0	4.267761E-1
8.720000E0	8.771042E0	4.464632E-1
8.740000E0	8.767812E0	4.537423E-1
8.760000E0	8.768687E0	4.697601E-1
8.780000E0	8.771875E0	5.179963E-1
8.800000E0	8.773833E0	5.515620E-1
8.820000E0	8.785641E0	6.035840E-1
8.840000E0	8.813746E0	5.902134E-1
8.860000E0	8.835741E0	7.179635E-1
8.880000E0	8.870674E0	7.319870E-1
8.900000E0	8.842416E0	6.644611E-1
8.920000E0	8.814110E0	4.188118E-1
8.940000E0	8.740041E0	2.227154E-1
8.960000E0	8.785085E0	2.599673E-2
8.980000E0	8.843153E0	-1.276478E-1
9.000000E0	8.969196E0	-2.171499E-1
9.020000E0	9.029244E0	-3.523373E-1
9.040000E0	9.102314E0	-3.727879E-1
9.060000E0	9.173648E0	-3.794302E-1
9.080000E0	9.175887E0	-4.060891E-1
9.100000E0	9.154473E0	-4.268961E-1
9.120000E0	9.147551E0	-1.913810E-1
9.140000E0	9.171876E0	-1.395548E-1
9.160000E0	9.290613E0	-2.268580E-1
9.180000E0	9.393870E0	-2.804491E-1
9.200000E0	9.514216E0	-4.715240E-1
9.220000E0	9.580250E0	-5.255775E-1
9.240000E0	9.609648E0	-5.103155E-1
9.260000E0	9.602260E0	-2.222654E-1
9.280000E0	9.522839E0	-5.216514E-2
9.300000E0	9.531285E0	-4.326326E-2
9.320000E0	9.502181E0	-7.655651E-3
9.340000E0	9.499073E0	7.574198E-2
9.360000E0	9.530936E0	7.091048E-2
9.380000E0	9.565178E0	3.963147E-2
9.400000E0	9.575162E0	3.207019E-2
9.420000E0	9.603023E0	2.880663E-2
9.440000E0	9.621257E0	1.829205E-2
9.460000E0	9.576272E0	2.187721E-2
9.480000E0	9.579042E0	4.317435E-2
9.500000E0	9.588352E0	1.048614E-2
9.520000E0	9.603751E0	7.771449E-3
9.540000E0	9.606659E0	8.482891E-3
9.560000E0	9.617821E0	2.288725E-2
9.580000E0	9.616514E0	3.177351E-2
9.600000E0	9.629369E0	6.773231E-2
9.620000E0	9.628981E0	3.791598E-2
9.640000E0	9.622317E0	7.686558E-3
9.660000E0	9.619812E0	-1.025107E-2
9.680000E0	9.631539E0	1.869622E-4
9.700000E0	9.648642E0	6.465102E-2
9.720000E0	9.652957E0	9.845165E-2
9.740000E0	9.664086E0	9.549315E-2
9.760000E0	9.709351E0	1.505683E-1
9.780000E0	9.728257E0	2.084236E-1
9.800000E0	9.753448E0	2.405740E-1
9.820000E0	9.758610E0	3.873916E-1
9.840000E0	9.755398E0	4.212459E-1
9.860000E0	9.930253E0	4.141695E-1
9.880000E0	1.002425E1	4.110033E-1
9.900000E0	1.026680E1	2.216910E-1
9.920000E0	1.049348E1	-1.008057E-1
9.940000E0	1.057246E1	-9.201618E-2
9.960000E0	1.059011E1	1.946499E-2
9.980000E0	1.061351E1	1.979704E-1
1.000000E1	1.071443E1	4.643863E-1
1.002000E1	1.072656E1	6.581135E-1
1.004000E1	1.086158E1	5.366763E-1
1.006000E1	1.117281E1	4.459852E-1
1.008000E1	1.150106E1	5.385320E-1
1.010000E1	1.167706E1	7.484688E-1
1.012000E1	1.168460E1	8.605759E-1
1.014000E1	1.154443E1	7.505408E-1
1.016000E1	1.144748E1	8.027274E-1
1.018000E1	1.132320E1	7.755935E-1
1.020000E1	1.114729E1	7.515780E-1
1.022000E1	1.114890E1	7.537330E-1
1.024000E1	1.115191E1	7.837357E-1
1.026000E1	1.116081E1	7.978264E-1
1.028000E1	1.116473E1	8.455003E-1
1.030000E1	1.120206E1	8.709432E-1
1.032000E1	1.126855E1	8.008146E-1
1.034000E1	1.122573E1	8.037878E-1
1.036000E1	1.120555E1	8.532898E-1
1.038000E1	1.116658E1	9.083595E-1
1.040000E1	1.116381E1	9.216068E-1
1.042000E1	1.116973E1	9.175239E-1
1.044000E1	1.116731E1	9.095974E-1
1.046000E1	1.116758E1	8.698804E-1
1.048000E1	1.117173E1	8.301985E-1
1.050000E1	1.118206E1	8.442235E-1
1.052000E1	1.117218E1	8.675114E-1
1.054000E1	1.115646E1	8.738723E-1
1.056000E1	1.114493E1	8.837222E-1
1.058000E1	1.115105E1	9.034036E-1
1.060000E1	1.116675E1	9.077494E-1
1.062000E1	1.117191E1	8.614906E-1
1.064000E1	1.118009E1	8.836518E-1
1.066000E1	1.118721E1	8.723906E-1
1.068000E1	1.119140E1	8.514840E-1
1.070000E1	1.120399E1	8.518113E-1
1.072000E1	1.118072E1	7.842202E-1
1.074000E1	1.116489E1	7.160447E-1
1.076000E1	1.119846E1	6.490353E-1
1.078000E1	1.125409E1	5.701017E-1
1.080000E1	1.129761E1	3.599719E-1
1.082000E1	1.130440E1	3.397711E-1
1.084000E1	1.129025E1	3.646798E-1
1.086000E1	1.127786E1	4.883589E-1
1.088000E1	1.126446E1	5.727285E-1
1.090000E1	1.125505E1	6.018152E-1
1.092000E1	1.125500E1	5.541605E-1
1.094000E1	1.129660E1	4.765053E-1
1.096000E1	1.143859E1	4.605185E-1
1.098000E1	1.161440E1	5.307108E-1
1.100000E1	1.174389E1	7.032424E-1
1.102000E1	1.177323E1	7.668583E-1
1.104000E1	1.172428E1	9.644902E-1
1.106000E1	1.166829E1	1.130722E0
1.108000E1	1.166104E1	1.099141E0
1.110000E1	1.162606E1	1.089296E0
1.112000E1	1.164847E1	1.068178E0
1.114000E1	1.165994E1	9.735689E-1
1.116000E1	1.168105E1	8.720715E-1
1.118000E1	1.168312E1	9.544394E-1
1.120000E1	1.172112E1	1.037651E0
1.122000E1	1.172800E1	1.025137E0
1.124000E1	1.172611E1	1.055953E0
1.126000E1	1.172723E1	1.171022E0
1.128000E1	1.173433E1	1.161446E0
1.130000E1	1.173794E1	1.196516E0
1.132000E1	1.174221E1	1.199567E0
1.134000E1	1.173610E1	1.165020E0
1.136000E1	1.172163E1	1.077037E0
1.138000E1	1.170467E1	8.671897E-1
1.140000E1	1.163491E1	7.599478E-1
1.142000E1	1.161725E1	7.538845E-1
1.144000E1	1.161944E1	7.554153E-1
1.146000E1	1.158263E1	7.100505E-1
1.148000E1	1.160567E1	6.588018E-1
1.150000E1	1.162934E1	6.118501E-1
1.152000E1	1.164467E1	5.608637E-1
1.154000E1	1.166060E1	5.425681E-1
1.156000E1	1.166879E1	5.258855E-1
1.158000E1	1.166362E1	5.206895E-1
1.160000E1	1.166807E1	5.166900E-1
1.162000E1	1.167771E1	4.679928E-1
1.164000E1	1.171836E1	3.568421E-1
1.166000E1	1.171586E1	3.392857E-1
1.168000E1	1.175114E1	1.251273E-1
1.170000E1	1.174684E1	-1.966538E-2
1.172000E1	1.174014E1	5.402577E-2
1.174000E1	1.173694E1	4.528573E-2
1.176000E1	1.173018E1	9.843573E-2
1.178000E1	1.174367E1	2.628365E-1
1.180000E1	1.171976E1	3.094782E-1
1.182000E1	1.171202E1	2.108354E-1
1.184000E1	1.175926E1	1.372966E-1
1.186000E1	1.180142E1	3.958332E-2
1.188000E1	1.178510E1	1.872026E-2
1.190000E1	1.176343E1	1.973769E-2
1.192000E1	1.173511E1	5.051289E-2
1.194000E1	1.168735E1	1.530295E-1
1.196000E1	1.163705E1	1.701688E-1
1.198000E1	1.164873E1	1.344857E-1
1.200000E1	1.161322E1	1.747024E-1
1.202000E1	1.162839E1	1.762840E-1
1.204000E1	1.164832E1	1.552589E-1
1.206000E1	1.165588E1	1.416250E-1
1.208000E1	1.165516E1	1.431043E-1
1.210000E1	1.166683E1	1.003698E-1
1.212000E1	1.166730E1	9.112031E-2
1.214000E1	1.166360E1	1.181852E-1
1.216000E1	1.166646E1	1.443532E-1
1.218000E1	1.167384E1	1.775727E-1
1.220000E1	1.169185E1	2.875575E-1
1.222000E1	1.170261E1	4.010361E-1
1.224000E1	1.173309E1	5.549122E-1
1.226000E1	1.173696E1	6.284646E-1
1.228000E1	1.173227E1	6.344416E-1
1.230000E1	1.172810E1	6.610478E-1
1.232000E1	1.173549E1	6.708193E-1
1.234000E1	1.172100E1	5.654758E-1
1.236000E1	1.173534E1	4.096800E-1
1.238000E1	1.173853E1	4.485418E-1
1.240000E1	1.173114E1	4.637602E-1
1.242000E1	1.174036E1	5.019712E-1
1.244000E1	1.176146E1	5.653013E-1
1.246000E1	1.176443E1	5.689733E-1
1.248000E1	1.176153E1	6.212586E-1
1.250000E1	1.177558E1	6.354348E-1
1.252000E1	1.186390E1	6.193606E-1
1.254000E1	1.198554E1	6.428938E-1
1.256000E1	1.205776E1	5.930950E-1
1.258000E1	1.221569E1	3.406597E-1
1.260000E1	1.225747E1	1.858962E-1
1.262000E1	1.224120E1	1.349163E-1
1.264000E1	1.219055E1	1.399776E-1
1.266000E1	1.213664E1	1.440300E-1
1.268000E1	1.213999E1	1.329980E-1
1.270000E1	1.213111E1	1.090764E-1
1.272000E1	1.218349E1	2.057917E-2
1.274000E1	1.228377E1	-3.434792E-2
1.276000E1	1.234024E1	-9.663509E-2
1.278000E1	1.232703E1	-7.632347E-2
1.280000E1	1.230923E1	-2.826201E-2
1.282000E1	1.225230E1	1.424149E-1
1.284000E1	1.220943E1	2.373447E-1
1.286000E1	1.215346E1	2.982162E-1
1.288000E1	1.211666E1	3.194318E-1
1.290000E1	1.212658E1	3.735687E-1
1.292000E1	1.214077E1	4.019927E-1
1.294000E1	1.215303E1	4.301607E-1
1.296000E1	1.215188E1	4.519608E-1
1.298000E1	1.215073E1	4.804287E-1
1.300000E1	1.215218E1	4.930482E-1
1.302000E1	1.215234E1	4.981385E-1
1.304000E1	1.215353E1	5.147422E-1
1.306000E1	1.215324E1	4.998436E-1
1.308000E1	1.216672E1	4.855764E-1
1.310000E1	1.214770E1	4.767644E-1
1.312000E1	1.215266E1	4.610678E-1
1.314000E1	1.215071E1	4.944634E-1
1.316000E1	1.215218E1	4.943224E-1
1.318000E1	1.215361E1	4.894013E-1
1.320000E1	1.216242E1	4.916282E-1
1.322000E1	1.215359E1	4.830530E-1
1.324000E1	1.215410E1	4.750254E-1
1.326000E1	1.215115E1	4.829181E-1
1.328000E1	1.213784E1	4.825707E-1
1.330000E1	1.214500E1	4.848769E-1
1.332000E1	1.215336E1	4.880131E-1
1.334000E1	1.215684E1	4.758602E-1
1.336000E1	1.216516E1	4.767298E-1
1.338000E1	1.216233E1	4.838843E-1
1.340000E1	1.217742E1	4.866591E-1
1.342000E1	1.225853E1	5.040318E-1
1.344000E1	1.234787E1	6.397824E-1
1.346000E1	1.255718E1	6.215143E-1
1.348000E1	1.277463E1	4.998822E-1
1.350000E1	1.278962E1	6.079924E-1
1.352000E1	1.276621E1	7.812189E-1
1.354000E1	1.272238E1	8.375654E-1
1.356000E1	1.271637E1	8.855002E-1
1.358000E1	1.271493E1	9.124969E-1
1.360000E1	1.279234E1	7.784541E-1
1.362000E1	1.298814E1	7.827447E-1
1.364000E1	1.329301E1	9.181646E-1
1.366000E1	1.362932E1	1.167915E0
1.368000E1	1.368132E1	1.136012E0
1.370000E1	1.367196E1	1.150352E0
1.372000E1	1.357891E1	1.460740E0
1.374000E1	1.356996E1	1.648280E0
1.376000E1	1.357565E1	1.620391E0
1.378000E1	1.359106E1	1.506633E0
1.380000E1	1.359996E1	1.375764E0
1.382000E1	1.359099E1	1.210128E0
1.384000E1	1.353949E1	1.126779E0
1.386000E1	1.352216E1	1.098495E0
1.388000E1	1.340927E1	9.949442E-1
1.390000E1	1.333243E1	9.355206E-1
1.392000E1	1.325908E1	9.665563E-1
1.394000E1	1.325918E1	9.632035E-1
1.396000E1	1.324315E1	9.723767E-1
1.398000E1	1.323514E1	9.688863E-1
1.400000E1	1.323178E1	9.676221E-1
1.402000E1	1.321448E1	9.919194E-1
1.404000E1	1.322181E1	9.894581E-1
1.406000E1	1.321629E1	9.865833E-1
1.408000E1	1.317428E1	9.418588E-1
1.410000E1	1.313214E1	8.753337E-1
1.412000E1	1.314691E1	8.907310E-1
1.414000E1	1.315814E1	9.185837E-1
1.416000E1	1.316881E1	9.325618E-1
1.418000E1	1.316992E1	9.249317E-1
1.420000E1	1.317614E1	9.415596E-1
1.422000E1	1.317856E1	9.468301E-1
1.424000E1	1.316424E1	9.027102E-1
1.426000E1	1.314876E1	8.980317E-1
1.428000E1	1.315882E1	9.102635E-1
1.430000E1	1.318663E1	7.624988E-1
1.432000E1	1.321734E1	8.188842E-1
1.434000E1	1.325914E1	7.908086E-1
1.436000E1	1.325693E1	6.324207E-1
1.438000E1	1.327666E1	4.978504E-1
1.440000E1	1.329823E1	4.577627E-1
1.442000E1	1.324378E1	5.554045E-1
1.444000E1	1.328954E1	7.804108E-1
1.446000E1	1.328464E1	9.050816E-1
1.448000E1	1.326964E1	8.926110E-1
1.450000E1	1.333064E1	8.073142E-1
1.452000E1	1.336784E1	7.267265E-1
1.454000E1	1.342581E1	6.208363E-1
1.456000E1	1.340383E1	6.081477E-1
1.458000E1	1.337815E1	6.859374E-1
1.460000E1	1.338061E1	9.290686E-1
1.462000E1	1.333546E1	1.219889E0
1.464000E1	1.330614E1	1.321758E0
1.466000E1	1.330138E1	1.368999E0
1.468000E1	1.330743E1	1.432611E0
1.470000E1	1.334850E1	1.508630E0
1.472000E1	1.335218E1	1.559820E0
1.474000E1	1.335130E1	1.582691E0
1.476000E1	1.335382E1	1.540579E0
1.478000E1	1.335885E1	1.334299E0
1.480000E1	1.332781E1	1.322542E0
1.482000E1	1.332989E1	1.453922E0
1.484000E1	1.332936E1	1.469501E0
1.486000E1	1.333474E1	1.540657E0
1.488000E1	1.334970E1	1.581696E0
1.490000E1	1.339727E1	1.641731E0
1.492000E1	1.343464E1	1.731199E0
1.494000E1	1.340927E1	1.680448E0
1.496000E1	1.339411E1	1.616933E0
1.498000E1	1.336840E1	1.582043E0
1.500000E1	1.333791E1	1.481939E0
1.502000E1	1.324275E1	1.203716E0
1.504000E1	1.320749E1	1.150675E0
1.506000E1	1.320822E1	1.120695E0
1.508000E1	1.317031E1	9.751662E-1
1.510000E1	1.318001E1	9.598981E-1
1.512000E1	1.318992E1	9.770736E-1
1.514000E1	1.320498E1	9.284544E-1
1.516000E1	1.322032E1	9.030608E-1
1.518000E1	1.324746E1	9.082736E-1
1.520000E1	1.329316E1	8.525027E-1
1.522000E1	1.330833E1	8.766045E-1
1.524000E1	1.336766E1	7.927881E-1
1.526000E1	1.340795E1	6.320697E-1
1.528000E1	1.338942E1	5.619715E-1
1.530000E1	1.336668E1	5.415305E-1
1.532000E1	1.332628E1	6.296226E-1
1.534000E1	1.330885E1	7.324374E-1
1.536000E1	1.331036E1	6.784465E-1
1.538000E1	1.332347E1	6.193624E-1
1.540000E1	1.342976E1	5.041330E-1
1.542000E1	1.348397E1	4.196209E-1
1.544000E1	1.346889E1	4.090670E-1
1.546000E1	1.345070E1	4.339529E-1
1.548000E1	1.337654E1	4.993758E-1
1.550000E1	1.329538E1	6.060472E-1
1.552000E1	1.327940E1	6.116431E-1
1.554000E1	1.321579E1	6.336999E-1
1.556000E1	1.321968E1	6.600255E-1
1.558000E1	1.323673E1	6.532907E-1
1.560000E1	1.325355E1	6.298250E-1
1.562000E1	1.325297E1	6.441166E-1
1.564000E1	1.325873E1	6.755420E-1
1.566000E1	1.326808E1	6.115800E-1
1.568000E1	1.323450E1	6.153876E-1
1.570000E1	1.322163E1	6.426309E-1
1.572000E1	1.323378E1	6.235319E-1
1.574000E1	1.324994E1	5.806798E-1
1.576000E1	1.326315E1	6.126965E-1
1.578000E1	1.326483E1	6.210393E-1
1.580000E1	1.326915E1	6.123008E-1
1.582000E1	1.329702E1	7.385353E-1
1.584000E1	1.332215E1	8.101202E-1
1.586000E1	1.331871E1	9.729095E-1
1.588000E1	1.331090E1	1.029772E0
1.590000E1	1.331249E1	1.044171E0
1.592000E1	1.332457E1	1.066030E0
1.594000E1	1.332981E1	1.174293E0
1.596000E1	1.332699E1	1.036715E0
1.598000E1	1.334210E1	9.143677E-1
1.600000E1	1.332687E1	9.547683E-1
1.602000E1	1.332767E1	9.718018E-1
1.604000E1	1.332105E1	9.941712E-1
1.606000E1	1.334640E1	1.021835E0
1.608000E1	1.346088E1	1.063352E0
1.610000E1	1.364546E1	1.077966E0
1.612000E1	1.386925E1	1.108996E0
1.614000E1	1.411957E1	1.077344E0
1.616000E1	1.423576E1	1.060553E0
1.618000E1	1.425778E1	1.086610E0
1.620000E1	1.423758E1	1.063346E0
1.622000E1	1.415381E1	9.184464E-1
1.624000E1	1.415745E1	9.109117E-1
1.626000E1	1.417708E1	9.376862E-1
1.628000E1	1.426413E1	7.279776E-1
1.630000E1	1.437493E1	4.572292E-1
1.632000E1	1.436871E1	3.882993E-1
1.634000E1	1.439333E1	4.446836E-1
1.636000E1	1.436059E1	4.669599E-1
1.638000E1	1.432885E1	5.701569E-1
1.640000E1	1.429697E1	7.140457E-1
1.642000E1	1.420710E1	6.883836E-1
1.644000E1	1.414828E1	6.895954E-1
1.646000E1	1.416242E1	6.610367E-1
1.648000E1	1.416824E1	6.172583E-1
1.650000E1	1.417792E1	5.993732E-1
1.652000E1	1.417898E1	5.746755E-1
1.654000E1	1.419224E1	5.685756E-1
1.656000E1	1.419522E1	5.615209E-1
1.658000E1	1.418155E1	5.569209E-1
1.660000E1	1.419473E1	5.767017E-1
1.662000E1	1.418075E1	5.734126E-1
1.664000E1	1.419177E1	5.560375E-1
1.666000E1	1.419789E1	5.578095E-1
1.668000E1	1.419930E1	5.132258E-1
1.670000E1	1.420425E1	5.126653E-1
1.672000E1	1.421217E1	5.077359E-1
1.674000E1	1.421594E1	5.214067E-1
1.676000E1	1.421153E1	5.277364E-1
1.678000E1	1.420878E1	5.356496E-1
1.680000E1	1.421306E1	5.163144E-1
1.682000E1	1.419191E1	5.549881E-1
1.684000E1	1.420984E1	5.492020E-1
1.686000E1	1.420797E1	5.413426E-1
1.688000E1	1.420167E1	5.477080E-1
1.690000E1	1.420083E1	5.490507E-1
1.692000E1	1.420290E1	5.292773E-1
1.694000E1	1.420828E1	5.044493E-1
1.696000E1	1.420801E1	5.122427E-1
1.698000E1	1.423093E1	4.684794E-1
1.700000E1	1.428533E1	5.336395E-1
1.702000E1	1.445599E1	6.456944E-1
1.704000E1	1.458134E1	6.332313E-1
1.706000E1	1.473711E1	6.533490E-1
1.708000E1	1.481342E1	7.374507E-1
1.710000E1	1.474558E1	8.681344E-1
1.712000E1	1.476113E1	1.023786E0
1.714000E1	1.474783E1	1.093081E0
1.716000E1	1.486842E1	9.998449E-1
1.718000E1	1.504885E1	8.304887E-1
1.720000E1	1.510072E1	7.818323E-1
1.722000E1	1.531717E1	9.508981E-1
1.724000E1	1.546622E1	1.161768E0
1.726000E1	1.550286E1	1.303464E0
1.728000E1	1.545250E1	1.517591E0
1.730000E1	1.537801E1	1.647122E0
1.732000E1	1.534586E1	1.752218E0
1.734000E1	1.533576E1	1.726780E0
1.736000E1	1.532680E1	1.695474E0
1.738000E1	1.531274E1	1.638657E0
1.740000E1	1.529764E1	1.499369E0
1.742000E1	1.520464E1	1.269186E0
1.744000E1	1.519006E1	1.290051E0
1.746000E1	1.517278E1	1.304485E0
1.748000E1	1.513799E1	1.290276E0
1.750000E1	1.515748E1	1.337850E0
1.752000E1	1.514478E1	1.335216E0
1.754000E1	1.516711E1	1.335687E0
1.756000E1	1.518490E1	1.366555E0
1.758000E1	1.519942E1	1.362137E0
1.760000E1	1.521424E1	1.401847E0
1.762000E1	1.522198E1	1.419589E0
1.764000E1	1.522583E1	1.429933E0
1.766000E1	1.520772E1	1.418938E0
1.768000E1	1.517729E1	1.375101E0
1.770000E1	1.515357E1	1.343904E0
1.772000E1	1.516900E1	1.386379E0
1.774000E1	1.517274E1	1.404558E0
1.776000E1	1.518984E1	1.422708E0
1.778000E1	1.519498E1	1.426031E0
1.780000E1	1.519264E1	1.432278E0
1.782000E1	1.520217E1	1.418099E0
1.784000E1	1.519984E1	1.418428E0
1.786000E1	1.519703E1	1.324519E0
1.788000E1	1.516086E1	1.229463E0
1.790000E1	1.517541E1	1.164372E0
1.792000E1	1.522059E1	9.706823E-1
1.794000E1	1.521606E1	7.899697E-1
1.796000E1	1.522606E1	8.177388E-1
1.798000E1	1.524696E1	8.664767E-1
1.800000E1	1.522323E1	9.999952E-1
1.802000E1	1.529760E1	1.180309E0
1.804000E1	1.531297E1	1.202323E0
1.806000E1	1.530098E1	1.086170E0
1.808000E1	1.535386E1	9.211478E-1
1.810000E1	1.537896E1	9.018780E-1
1.812000E1	1.543050E1	9.295962E-1
1.814000E1	1.544492E1	1.011151E0
1.816000E1	1.539503E1	1.066315E0
1.818000E1	1.537410E1	1.228089E0
1.820000E1	1.534626E1	1.440766E0
1.822000E1	1.531380E1	1.600006E0
1.824000E1	1.531072E1	1.594992E0
1.826000E1	1.532105E1	1.647042E0
1.828000E1	1.537708E1	1.708689E0
1.830000E1	1.540710E1	1.781116E0
1.832000E1	1.538465E1	1.836532E0
1.834000E1	1.536995E1	1.845112E0
1.836000E1	1.532524E1	1.681195E0
1.838000E1	1.532103E1	1.597945E0
1.840000E1	1.531343E1	1.624840E0
1.842000E1	1.531882E1	1.678712E0
1.844000E1	1.534292E1	1.705271E0
1.846000E1	1.533364E1	1.700350E0
1.848000E1	1.537641E1	1.730547E0
1.850000E1	1.539010E1	1.811951E0
1.852000E1	1.539832E1	1.930984E0
1.854000E1	1.537635E1	2.002859E0
1.856000E1	1.535852E1	1.954942E0
1.858000E1	1.531197E1	1.799834E0
1.860000E1	1.526781E1	1.577590E0
1.862000E1	1.522463E1	1.511638E0
1.864000E1	1.520647E1	1.443224E0
1.866000E1	1.521216E1	1.428836E0
1.868000E1	1.520726E1	1.392204E0
1.870000E1	1.518914E1	1.380208E0
1.872000E1	1.520713E1	1.393002E0
1.874000E1	1.520730E1	1.362085E0
1.876000E1	1.523618E1	1.338304E0
1.878000E1	1.527767E1	1.348734E0
1.880000E1	1.531103E1	1.357749E0
1.882000E1	1.533371E1	1.144966E0
1.884000E1	1.533158E1	9.580168E-1
1.886000E1	1.531081E1	9.457333E-1
1.888000E1	1.530138E1	9.919876E-1
1.890000E1	1.529562E1	1.075442E0
1.892000E1	1.530372E1	1.183728E0
1.894000E1	1.531552E1	1.137144E0
1.896000E1	1.532020E1	1.078739E0
1.898000E1	1.539903E1	9.775259E-1
1.900000E1	1.548597E1	9.239980E-1
1.902000E1	1.548217E1	9.488546E-1
1.904000E1	1.540574E1	9.739067E-1
1.906000E1	1.536892E1	9.926618E-1
1.908000E1	1.533577E1	1.089043E0
1.910000E1	1.523808E1	1.133917E0
1.912000E1	1.519917E1	1.141455E0
1.914000E1	1.521584E1	1.120171E0
1.916000E1	1.522803E1	1.112858E0
1.918000E1	1.524829E1	1.105106E0
1.920000E1	1.525310E1	1.101151E0
1.922000E1	1.525008E1	1.105003E0
1.924000E1	1.526754E1	1.075303E0
1.926000E1	1.524872E1	1.068330E0
1.928000E1	1.522037E1	1.085589E0
1.930000E1	1.522992E1	1.078029E0
1.932000E1	1.523307E1	1.063176E0
1.934000E1	1.524505E1	1.068117E0
1.936000E1	1.525452E1	1.083939E0
1.938000E1	1.527882E1	1.189688E0
1.940000E1	1.532122E1	1.333643E0
1.942000E1	1.535051E1	1.534063E0
1.944000E1	1.533528E1	1.548588E0
1.946000E1	1.532515E1	1.540805E0
1.948000E1	1.532113E1	1.554668E0
1.950000E1	1.532183E1	1.566008E0
1.952000E1	1.533375E1	1.616844E0
1.954000E1	1.534652E1	1.449143E0
1.956000E1	1.536398E1	1.384630E0
1.958000E1	1.535288E1	1.449675E0
1.960000E1	1.533288E1	1.488409E0
1.962000E1	1.534516E1	1.525640E0
1.964000E1	1.535805E1	1.562246E0
1.966000E1	1.546322E1	1.556120E0
1.968000E1	1.558494E1	1.597856E0
1.970000E1	1.584245E1	1.639312E0
1.972000E1	1.602438E1	1.574801E0
1.974000E1	1.609001E1	1.507138E0
1.976000E1	1.611464E1	1.529410E0
1.978000E1	1.604548E1	1.434123E0
1.980000E1	1.589548E1	1.218949E0
1.982000E1	1.587798E1	1.212939E0
1.984000E1	1.586315E1	1.210343E0
1.986000E1	1.587094E1	9.965201E-1
1.988000E1	1.588953E1	8.647913E-1
1.990000E1	1.595196E1	8.538038E-1
1.992000E1	1.596192E1	9.474517E-1
1.994000E1	1.593304E1	9.598176E-1
1.996000E1	1.588935E1	1.019103E0
1.998000E1	1.582550E1	1.147010E0
2.000000E1	1.571203E1	1.165693E0
2.002000E1	1.573269E1	1.126046E0
2.004000E1	1.573406E1	1.108949E0
2.006000E1	1.574382E1	1.097232E0
2.008000E1	1.576133E1	1.085270E0
2.010000E1	1.575997E1	1.083905E0
2.012000E1	1.576291E1	1.081617E0
2.014000E1	1.577059E1	1.079369E0
2.016000E1	1.576670E1	1.065852E0
2.018000E1	1.575778E1	1.074860E0
2.020000E1	1.575877E1	1.070851E0
2.022000E1	1.575941E1	1.062532E0
2.024000E1	1.573180E1	1.055802E0
2.026000E1	1.572800E1	1.038738E0
2.028000E1	1.572414E1	1.054192E0
2.030000E1	1.573935E1	1.054667E0
2.032000E1	1.575040E1	1.061890E0
2.034000E1	1.575432E1	1.059597E0
2.036000E1	1.575826E1	1.048926E0
2.038000E1	1.576027E1	1.048993E0
2.040000E1	1.575320E1	1.052210E0
2.042000E1	1.573555E1	1.053550E0
2.044000E1	1.573705E1	1.050535E0
2.046000E1	1.575147E1	1.055307E0
2.048000E1	1.574274E1	1.070221E0
2.050000E1	1.574901E1	1.056711E0
2.052000E1	1.573116E1	1.042113E0
2.054000E1	1.573702E1	1.044040E0
2.056000E1	1.576736E1	1.029914E0
2.058000E1	1.588926E1	1.145303E0
2.060000E1	1.603222E1	1.291703E0
2.062000E1	1.616649E1	1.248400E0
2.064000E1	1.626675E1	1.182043E0
2.066000E1	1.631657E1	1.313447E0
2.068000E1	1.631439E1	1.506198E0
2.070000E1	1.631253E1	1.537384E0
2.072000E1	1.630879E1	1.543174E0
2.074000E1	1.636314E1	1.404187E0
2.076000E1	1.641004E1	1.338601E0
2.078000E1	1.658726E1	1.434174E0
2.080000E1	1.685042E1	1.634736E0
2.082000E1	1.704376E1	1.806568E0
2.084000E1	1.701212E1	1.868570E0
2.086000E1	1.696371E1	2.011550E0
2.088000E1	1.691806E1	2.293343E0
2.090000E1	1.684431E1	2.387657E0
2.092000E1	1.681833E1	2.386665E0
2.094000E1	1.679101E1	2.299292E0
2.096000E1	1.678865E1	2.117887E0
2.098000E1	1.674033E1	2.006829E0
2.100000E1	1.667869E1	1.967549E0
2.102000E1	1.669263E1	1.901854E0
2.104000E1	1.669997E1	1.843236E0
2.106000E1	1.663849E1	1.789453E0
2.108000E1	1.663252E1	1.848390E0
2.110000E1	1.667493E1	1.887912E0
2.112000E1	1.662626E1	1.885026E0
2.114000E1	1.666476E1	1.900026E0
2.116000E1	1.668234E1	1.915897E0
2.118000E1	1.669870E1	1.930245E0
2.120000E1	1.670046E1	1.914405E0
2.122000E1	1.671870E1	1.907381E0
2.124000E1	1.672329E1	1.866136E0
2.126000E1	1.672135E1	1.875495E0
2.128000E1	1.671947E1	1.883923E0
2.130000E1	1.672498E1	1.899938E0
2.132000E1	1.672450E1	1.913100E0
2.134000E1	1.673675E1	1.916279E0
2.136000E1	1.674302E1	1.929808E0
2.138000E1	1.674872E1	1.934878E0
2.140000E1	1.673604E1	1.912380E0
2.142000E1	1.672310E1	1.892915E0
2.144000E1	1.672149E1	1.874033E0
2.146000E1	1.673191E1	1.818173E0
2.148000E1	1.674316E1	1.774003E0
2.150000E1	1.677184E1	1.773373E0
2.152000E1	1.675850E1	1.544564E0
2.154000E1	1.678210E1	1.380184E0
2.156000E1	1.678535E1	1.387314E0
2.158000E1	1.678122E1	1.530333E0
2.160000E1	1.681284E1	1.653764E0
2.162000E1	1.681731E1	1.743112E0
2.164000E1	1.681528E1	1.660585E0
2.166000E1	1.686027E1	1.478134E0
2.168000E1	1.692033E1	1.365708E0
2.170000E1	1.694003E1	1.368257E0
2.172000E1	1.692682E1	1.420672E0
2.174000E1	1.696605E1	1.622517E0
2.176000E1	1.704220E1	1.885109E0
2.178000E1	1.698891E1	2.255809E0
2.180000E1	1.690675E1	2.205857E0
2.182000E1	1.685983E1	2.150990E0
2.184000E1	1.684047E1	2.117605E0
2.186000E1	1.685701E1	2.164713E0
2.188000E1	1.686276E1	2.228283E0
2.190000E1	1.686317E1	2.139476E0
2.192000E1	1.687826E1	1.980526E0
2.194000E1	1.684446E1	1.893022E0
2.196000E1	1.683932E1	1.981839E0
2.198000E1	1.685042E1	2.110248E0
2.200000E1	1.685381E1	2.090563E0
2.202000E1	1.685870E1	2.159111E0
2.204000E1	1.688622E1	2.240390E0
2.206000E1	1.688645E1	2.207376E0
2.208000E1	1.690583E1	2.332933E0
2.210000E1	1.689720E1	2.381640E0
2.212000E1	1.684967E1	2.233689E0
2.214000E1	1.681032E1	2.002215E0
2.216000E1	1.675625E1	1.872833E0
2.218000E1	1.674384E1	1.832603E0
2.220000E1	1.673673E1	1.849823E0
2.222000E1	1.672864E1	1.816369E0
2.224000E1	1.673300E1	1.798744E0
2.226000E1	1.675202E1	1.841131E0
2.228000E1	1.674734E1	1.874297E0
2.230000E1	1.667898E1	1.804592E0
2.232000E1	1.670280E1	1.841746E0
2.234000E1	1.672619E1	1.872909E0
2.236000E1	1.675619E1	1.824796E0
2.238000E1	1.677788E1	1.804022E0
2.240000E1	1.678317E1	1.694195E0
2.242000E1	1.676609E1	1.363227E0
2.244000E1	1.679641E1	1.256659E0
2.246000E1	1.680492E1	1.297783E0
2.248000E1	1.679870E1	1.489835E0
2.250000E1	1.681904E1	1.626996E0
2.252000E1	1.687870E1	1.708606E0
2.254000E1	1.686435E1	1.646695E0
2.256000E1	1.685941E1	1.504665E0
2.258000E1	1.691782E1	1.412588E0
2.260000E1	1.694165E1	1.353800E0
2.262000E1	1.692704E1	1.377385E0
2.264000E1	1.689901E1	1.393159E0
2.266000E1	1.687008E1	1.494906E0
2.268000E1	1.683048E1	1.632499E0
2.270000E1	1.676301E1	1.652257E0
2.272000E1	1.675226E1	1.622696E0
2.274000E1	1.673819E1	1.628772E0
2.276000E1	1.674070E1	1.609745E0
2.278000E1	1.675616E1	1.593098E0
2.280000E1	1.675318E1	1.580217E0
2.282000E1	1.675888E1	1.577644E0
2.284000E1	1.676161E1	1.554968E0
2.286000E1	1.675248E1	1.540365E0
2.288000E1	1.673511E1	1.602560E0
2.290000E1	1.673920E1	1.576250E0
2.292000E1	1.675692E1	1.581426E0
2.294000E1	1.679326E1	1.714312E0
2.296000E1	1.681683E1	1.719204E0
2.298000E1	1.681908E1	1.814253E0
2.300000E1	1.682733E1	1.896088E0
2.302000E1	1.682756E1	1.944779E0
2.304000E1	1.682201E1	1.972483E0
2.306000E1	1.683276E1	2.004752E0
2.308000E1	1.682999E1	1.942421E0
2.310000E1	1.683289E1	1.904596E0
2.312000E1	1.682481E1	1.907203E0
2.314000E1	1.683441E1	1.937251E0
2.316000E1	1.683877E1	2.048466E0
2.318000E1	1.684860E1	2.050485E0
2.320000E1	1.685144E1	2.083312E0
2.322000E1	1.686537E1	2.117170E0
2.324000E1	1.691512E1	2.149168E0
2.326000E1	1.699709E1	2.131983E0
2.328000E1	1.708487E1	2.112214E0
2.330000E1	1.710057E1	2.063456E0
2.332000E1	1.713873E1	1.647464E0
2.334000E1	1.714374E1	1.303056E0
2.336000E1	1.711050E1	1.245682E0
2.338000E1	1.710432E1	1.260303E0
2.340000E1	1.698729E1	1.435408E0
2.342000E1	1.697833E1	1.533739E0
2.344000E1	1.693388E1	1.504211E0
2.346000E1	1.695748E1	1.406546E0
2.348000E1	1.699211E1	1.292780E0
2.350000E1	1.697969E1	1.218807E0
2.352000E1	1.700175E1	1.175725E0
2.354000E1	1.696597E1	1.167595E0
2.356000E1	1.694225E1	1.269050E0
2.358000E1	1.690652E1	1.464413E0
2.360000E1	1.677754E1	1.507566E0
2.362000E1	1.672350E1	1.502911E0
2.364000E1	1.675139E1	1.493367E0
2.366000E1	1.676025E1	1.515425E0
2.368000E1	1.678428E1	1.526363E0
2.370000E1	1.679382E1	1.543134E0
2.372000E1	1.680735E1	1.542895E0
2.374000E1	1.681696E1	1.503131E0
2.376000E1	1.680793E1	1.494765E0
2.378000E1	1.677025E1	1.525610E0
2.380000E1	1.678065E1	1.499563E0
2.382000E1	1.674903E1	1.508152E0
2.384000E1	1.675988E1	1.515569E0
2.386000E1	1.677302E1	1.507862E0
2.388000E1	1.677382E1	1.516970E0
2.390000E1	1.678467E1	1.518890E0
2.392000E1	1.678908E1	1.507474E0
2.394000E1	1.678601E1	1.524590E0
2.396000E1	1.678741E1	1.527926E0
2.398000E1	1.678562E1	1.511132E0
2.400000E1	1.678398E1	1.521688E0
