	mass A		
t	x	y	
0.000000E0	-2.842171E-14	-2.532860E-2
2.000000E-2	-4.882678E-2	-3.907112E-1
4.000000E-2	-1.560301E-1	-6.935948E-1
6.000000E-2	-1.035349E-1	-7.712771E-1
8.000000E-2	2.896910E-2	-8.030689E-1
1.000000E-1	6.509007E-2	-8.686350E-1
1.200000E-1	1.041040E-1	-1.052011E0
1.400000E-1	2.556663E-1	-1.223897E0
1.600000E-1	4.338359E-1	-1.358259E0
1.800000E-1	4.883638E-1	-1.383981E0
2.000000E-1	5.468259E-1	-1.299599E0
2.200000E-1	4.810575E-1	-9.964639E-1
2.400000E-1	6.027705E-1	-9.234546E-1
2.600000E-1	7.493650E-1	-9.303725E-1
2.800000E-1	7.870533E-1	-9.914239E-1
3.000000E-1	1.080816E0	-1.072063E0
3.200000E-1	1.377840E0	-1.011659E0
3.400000E-1	1.682188E0	-1.039187E0
3.600000E-1	1.870899E0	-9.554904E-1
3.800000E-1	1.881393E0	-9.014250E-1
4.000000E-1	1.872494E0	-8.367941E-1
4.200000E-1	1.916123E0	-7.366102E-1
4.400000E-1	2.044825E0	-5.644655E-1
4.600000E-1	2.083842E0	-5.099379E-1
4.800000E-1	2.166886E0	-5.226427E-1
5.000000E-1	2.397399E0	-6.272531E-1
5.200000E-1	2.573375E0	-6.424564E-1
5.400000E-1	3.025324E0	-6.515220E-1
5.600000E-1	3.584978E0	-8.868262E-1
5.800000E-1	4.076770E0	-1.226907E0
6.000000E-1	4.072402E0	-1.315425E0
6.200000E-1	3.877041E0	-1.360052E0
6.400000E-1	3.980000E0	-1.296608E0
6.600000E-1	4.130194E0	-1.143531E0
6.800000E-1	4.110516E0	-1.087512E0
7.000000E-1	4.099911E0	-1.073363E0
7.200000E-1	4.114591E0	-1.077450E0
7.400000E-1	4.142148E0	-1.081920E0
7.600000E-1	4.403451E0	-9.422157E-1
7.800000E-1	4.603684E0	-8.458965E-1
8.000000E-1	4.636331E0	-6.051338E-1
8.200000E-1	4.534594E0	-6.014171E-1
8.400000E-1	4.418471E0	-7.517732E-1
8.600000E-1	4.542864E0	-1.229864E0
8.800000E-1	4.546825E0	-1.573780E0
9.000000E-1	4.570483E0	-1.568779E0
9.200000E-1	4.590965E0	-1.413664E0
9.400000E-1	4.597202E0	-1.292010E0
9.600000E-1	4.557280E0	-1.364495E0
9.800000E-1	4.341302E0	-1.613567E0
1.000000E0	4.390480E0	-1.856561E0
1.020000E0	4.674430E0	-1.927772E0
1.040000E0	5.019335E0	-1.902171E0
1.060000E0	5.587799E0	-1.978920E0
1.080000E0	6.358378E0	-2.208083E0
1.100000E0	6.864528E0	-2.442295E0
1.120000E0	7.063920E0	-2.512613E0
1.140000E0	7.001295E0	-2.199038E0
1.160000E0	6.890706E0	-1.554658E0
1.180000E0	7.099435E0	-1.388309E0
1.200000E0	7.465573E0	-1.571151E0
1.220000E0	7.552398E0	-1.933834E0
1.240000E0	7.600670E0	-2.058554E0
1.260000E0	7.802121E0	-2.039688E0
1.280000E0	8.015080E0	-1.727383E0
1.300000E0	8.099575E0	-1.397559E0
1.320000E0	8.188175E0	-1.234194E0
1.340000E0	8.188633E0	-1.175446E0
1.360000E0	8.439181E0	-1.228503E0
1.380000E0	8.881950E0	-1.260221E0
1.400000E0	8.985849E0	-1.298333E0
1.420000E0	9.084832E0	-1.544952E0
1.440000E0	9.076772E0	-1.651830E0
1.460000E0	9.082423E0	-1.638629E0
1.480000E0	9.244295E0	-1.600201E0
1.500000E0	9.509976E0	-1.626647E0
1.520000E0	9.501846E0	-1.605743E0
1.540000E0	9.530686E0	-1.604522E0
1.560000E0	9.516197E0	-1.567490E0
1.580000E0	9.495013E0	-1.563637E0
1.600000E0	9.481387E0	-1.585932E0
1.620000E0	9.438326E0	-1.632316E0
1.640000E0	9.379703E0	-1.696477E0
1.660000E0	9.296004E0	-1.732889E0
1.680000E0	9.208167E0	-1.721587E0
1.700000E0	9.272281E0	-1.669991E0
1.720000E0	9.381574E0	-1.436799E0
1.740000E0	9.456603E0	-1.186766E0
1.760000E0	9.461859E0	-1.139654E0
1.780000E0	9.487482E0	-1.200685E0
1.800000E0	9.514434E0	-1.225143E0
1.820000E0	9.600123E0	-1.147797E0
1.840000E0	9.790702E0	-9.239878E-1
1.860000E0	9.873973E0	-8.630018E-1
1.880000E0	9.877258E0	-8.721652E-1
1.900000E0	9.794362E0	-9.032209E-1
1.920000E0	9.650482E0	-1.022747E0
1.940000E0	9.745056E0	-1.411543E0
1.960000E0	1.004675E1	-1.716427E0
1.980000E0	1.035346E1	-2.007728E0
2.000000E0	1.065298E1	-2.119645E0
2.020000E0	1.073074E1	-2.143340E0
2.040000E0	1.094044E1	-1.856555E0
2.060000E0	1.134409E1	-1.646425E0
2.080000E0	1.133018E1	-1.441913E0
2.100000E0	1.123482E1	-1.340791E0
2.120000E0	1.133015E1	-1.233664E0
2.140000E0	1.161049E1	-1.139672E0
2.160000E0	1.192973E1	-1.219979E0
2.180000E0	1.243286E1	-1.189753E0
2.200000E0	1.255597E1	-1.167874E0
2.220000E0	1.261414E1	-1.124931E0
2.240000E0	1.260465E1	-1.067761E0
2.260000E0	1.254868E1	-1.066192E0
2.280000E0	1.274068E1	-1.259093E0
2.300000E0	1.300353E1	-1.432996E0
2.320000E0	1.324287E1	-1.452345E0
2.340000E0	1.327463E1	-1.459886E0
2.360000E0	1.327072E1	-1.398850E0
2.380000E0	1.329948E1	-1.478843E0
2.400000E0	1.365820E1	-1.561560E0
2.420000E0	1.417427E1	-1.590908E0
2.440000E0	1.502111E1	-1.685564E0
2.460000E0	1.575774E1	-1.769159E0
2.480000E0	1.597206E1	-1.608513E0
2.500000E0	1.585076E1	-1.376292E0
2.520000E0	1.575928E1	-1.191187E0
2.540000E0	1.590556E1	-1.025233E0
2.560000E0	1.589408E1	-1.176764E0
2.580000E0	1.574193E1	-1.464422E0
2.600000E0	1.554664E1	-1.841240E0
2.620000E0	1.562729E1	-1.968934E0
2.640000E0	1.604577E1	-1.762522E0
2.660000E0	1.616468E1	-1.262902E0
2.680000E0	1.588240E1	-1.007753E0
2.700000E0	1.576343E1	-9.916210E-1
2.720000E0	1.576134E1	-1.020830E0
2.740000E0	1.585176E1	-1.120690E0
2.760000E0	1.595701E1	-1.131691E0
2.780000E0	1.609851E1	-1.084657E0
2.800000E0	1.612958E1	-1.103247E0
2.820000E0	1.615594E1	-1.247116E0
2.840000E0	1.613546E1	-1.550053E0
2.860000E0	1.602391E1	-1.753468E0
2.880000E0	1.618725E1	-1.733342E0
2.900000E0	1.623391E1	-1.696116E0
2.920000E0	1.624793E1	-1.684680E0
2.940000E0	1.631192E1	-1.765536E0
2.960000E0	1.646575E1	-1.900935E0
2.980000E0	1.666491E1	-1.947212E0
3.000000E0	1.699614E1	-1.962448E0
3.020000E0	1.690745E1	-1.830067E0
3.040000E0	1.688670E1	-1.596106E0
3.060000E0	1.698244E1	-1.515162E0
3.080000E0	1.710464E1	-1.572611E0
3.100000E0	1.720860E1	-1.629284E0
3.120000E0	1.735159E1	-1.650857E0
3.140000E0	1.766681E1	-1.575277E0
3.160000E0	1.802187E1	-1.453030E0
3.180000E0	1.805509E1	-1.442767E0
3.200000E0	1.805065E1	-1.350690E0
3.220000E0	1.805593E1	-1.247500E0
3.240000E0	1.822220E1	-1.128329E0
3.260000E0	1.827818E1	-1.084905E0
3.280000E0	1.837200E1	-1.084661E0
3.300000E0	1.845910E1	-1.076590E0
3.320000E0	1.847014E1	-1.079997E0
3.340000E0	1.880169E1	-1.098432E0
3.360000E0	1.938118E1	-1.289457E0
3.380000E0	2.006006E1	-1.541496E0
3.400000E0	2.028686E1	-1.790998E0
3.420000E0	2.016356E1	-1.727216E0
3.440000E0	2.008117E1	-1.611682E0
3.460000E0	2.026492E1	-1.403550E0
3.480000E0	2.026913E1	-1.384519E0
3.500000E0	2.029413E1	-1.466990E0
3.520000E0	2.031478E1	-1.531891E0
3.540000E0	2.030889E1	-1.552133E0
3.560000E0	2.044844E1	-1.504203E0
3.580000E0	2.078227E1	-1.416712E0
3.600000E0	2.092016E1	-1.175329E0
3.620000E0	2.066895E1	-1.051384E0
3.640000E0	2.052359E1	-1.160334E0
3.660000E0	2.076085E1	-1.522193E0
3.680000E0	2.083174E1	-2.037027E0
3.700000E0	2.083045E1	-2.117594E0
3.720000E0	2.083496E1	-2.012818E0
3.740000E0	2.083940E1	-1.788441E0
3.760000E0	2.077759E1	-1.730947E0
3.780000E0	2.071791E1	-1.932455E0
3.800000E0	2.064953E1	-2.173146E0
3.820000E0	2.075522E1	-2.243179E0
3.840000E0	2.106653E1	-2.152477E0
3.860000E0	2.140368E1	-2.184220E0
3.880000E0	2.196735E1	-2.451886E0
3.900000E0	2.271036E1	-2.750046E0
3.920000E0	2.322160E1	-2.748640E0
3.940000E0	2.332057E1	-2.592368E0
3.960000E0	2.316221E1	-1.996346E0
3.980000E0	2.326321E1	-1.550004E0
4.000000E0	2.363942E1	-1.602681E0
4.020000E0	2.393914E1	-2.012623E0
4.040000E0	2.386179E1	-2.420177E0
4.060000E0	2.394227E1	-2.478984E0
4.080000E0	2.412573E1	-2.266166E0
4.100000E0	2.431474E1	-1.759680E0
4.120000E0	2.435821E1	-1.613400E0
4.140000E0	2.443214E1	-1.500860E0
4.160000E0	2.447347E1	-1.499519E0
4.180000E0	2.463121E1	-1.584978E0
4.200000E0	2.505885E1	-1.629770E0
4.220000E0	2.519203E1	-1.754308E0
4.240000E0	2.531051E1	-1.890132E0
4.260000E0	2.536224E1	-2.184989E0
4.280000E0	2.538421E1	-2.165616E0
4.300000E0	2.550175E1	-2.148050E0
4.320000E0	2.568852E1	-2.124438E0
4.340000E0	2.569894E1	-2.129745E0
4.360000E0	2.572010E1	-2.087951E0
4.380000E0	2.572660E1	-2.064344E0
4.400000E0	2.573228E1	-2.059017E0
4.420000E0	2.569947E1	-2.160007E0
4.440000E0	2.568569E1	-2.233590E0
4.460000E0	2.549146E1	-2.293559E0
4.480000E0	2.545124E1	-2.268711E0
4.500000E0	2.546227E1	-2.203296E0
4.520000E0	2.554051E1	-2.043725E0
4.540000E0	2.558654E1	-1.813418E0
4.560000E0	2.568396E1	-1.724569E0
4.580000E0	2.570105E1	-1.693068E0
4.600000E0	2.566495E1	-1.844077E0
4.620000E0	2.578567E1	-1.932275E0
4.640000E0	2.585504E1	-1.892019E0
4.660000E0	2.596865E1	-1.576594E0
4.680000E0	2.609813E1	-1.393718E0
4.700000E0	2.614155E1	-1.386967E0
4.720000E0	2.604124E1	-1.559553E0
4.740000E0	2.606514E1	-1.915093E0
4.760000E0	2.631316E1	-2.197479E0
4.780000E0	2.668819E1	-2.428799E0
4.800000E0	2.695560E1	-2.653149E0
4.820000E0	2.718971E1	-2.898392E0
4.840000E0	2.731953E1	-2.911602E0
4.860000E0	2.754755E1	-2.732701E0
4.880000E0	2.761461E1	-2.398147E0
4.900000E0	2.776698E1	-2.112209E0
4.920000E0	2.805100E1	-1.961191E0
4.940000E0	2.816902E1	-2.024101E0
4.960000E0	2.866379E1	-2.068909E0
4.980000E0	2.908601E1	-2.132749E0
5.000000E0	2.924848E1	-2.163894E0
5.020000E0	2.935985E1	-2.109311E0
5.040000E0	2.930674E1	-2.053137E0
5.060000E0	2.918129E1	-1.973499E0
5.080000E0	2.931126E1	-2.015749E0
5.100000E0	2.968906E1	-2.066892E0
5.120000E0	3.011572E1	-2.392443E0
5.140000E0	3.019093E1	-2.660152E0
5.160000E0	3.043912E1	-2.684665E0
5.180000E0	3.052916E1	-2.612117E0
5.200000E0	3.087213E1	-2.527866E0
5.220000E0	3.117713E1	-2.637926E0
5.240000E0	3.173420E1	-2.684881E0
5.260000E0	3.223952E1	-2.692577E0
5.280000E0	3.254197E1	-2.652546E0
5.300000E0	3.257504E1	-2.519711E0
5.320000E0	3.262352E1	-2.211148E0
5.340000E0	3.265868E1	-2.018869E0
5.360000E0	3.262317E1	-2.011648E0
5.380000E0	3.249909E1	-2.101753E0
5.400000E0	3.244889E1	-2.488869E0
5.420000E0	3.248660E1	-2.738693E0
5.440000E0	3.283800E1	-2.684215E0
5.460000E0	3.312519E1	-2.428711E0
5.480000E0	3.305539E1	-2.196180E0
5.500000E0	3.273591E1	-2.158967E0
5.520000E0	3.271165E1	-2.156520E0
5.540000E0	3.279766E1	-2.110062E0
5.560000E0	3.292371E1	-1.939097E0
5.580000E0	3.295263E1	-1.877627E0
5.600000E0	3.328217E1	-1.909830E0
5.620000E0	3.350659E1	-1.987812E0
5.640000E0	3.362632E1	-2.059250E0
5.660000E0	3.341048E1	-2.411106E0
5.680000E0	3.353594E1	-2.909451E0
5.700000E0	3.365668E1	-3.042716E0
5.720000E0	3.365491E1	-3.035697E0
5.740000E0	3.362661E1	-3.039080E0
5.760000E0	3.362302E1	-3.027264E0
5.780000E0	3.368755E1	-3.004512E0
5.800000E0	3.383339E1	-3.034116E0
5.820000E0	3.388860E1	-2.945687E0
5.840000E0	3.416956E1	-2.704006E0
5.860000E0	3.433428E1	-2.567949E0
5.880000E0	3.441993E1	-2.642596E0
5.900000E0	3.461231E1	-2.758339E0
5.920000E0	3.463636E1	-2.682223E0
5.940000E0	3.472651E1	-2.564910E0
5.960000E0	3.496753E1	-2.332189E0
5.980000E0	3.507100E1	-2.355151E0
6.000000E0	3.507550E1	-2.404011E0
6.020000E0	3.506065E1	-2.447557E0
6.040000E0	3.504726E1	-2.452263E0
6.060000E0	3.513686E1	-2.306693E0
6.080000E0	3.530457E1	-2.174698E0
6.100000E0	3.553189E1	-2.109093E0
6.120000E0	3.595224E1	-2.137198E0
6.140000E0	3.615969E1	-2.235243E0
6.160000E0	3.656956E1	-2.294659E0
6.180000E0	3.702920E1	-2.413401E0
6.200000E0	3.728493E1	-2.692268E0
6.220000E0	3.725959E1	-2.877462E0
6.240000E0	3.720824E1	-2.963037E0
6.260000E0	3.716586E1	-2.968686E0
6.280000E0	3.718925E1	-2.751018E0
6.300000E0	3.720354E1	-2.670544E0
6.320000E0	3.716695E1	-2.657537E0
6.340000E0	3.713979E1	-2.690663E0
6.360000E0	3.712232E1	-2.711810E0
6.380000E0	3.748837E1	-2.675523E0
6.400000E0	3.781830E1	-2.202347E0
6.420000E0	3.793057E1	-1.896263E0
6.440000E0	3.781826E1	-1.913014E0
6.460000E0	3.780047E1	-2.138661E0
6.480000E0	3.793040E1	-2.602658E0
6.500000E0	3.797996E1	-3.027979E0
6.520000E0	3.800032E1	-3.091086E0
6.540000E0	3.806554E1	-2.982377E0
6.560000E0	3.831539E1	-2.814510E0
6.580000E0	3.836297E1	-2.884401E0
6.600000E0	3.825717E1	-3.159282E0
6.620000E0	3.833388E1	-3.417985E0
6.640000E0	3.842949E1	-3.487808E0
6.660000E0	3.859057E1	-3.421857E0
6.680000E0	3.895620E1	-3.423212E0
6.700000E0	3.949288E1	-3.551880E0
6.720000E0	4.025690E1	-3.738987E0
6.740000E0	4.077529E1	-3.772252E0
6.760000E0	4.087260E1	-3.538855E0
6.780000E0	4.093749E1	-2.985112E0
6.800000E0	4.105009E1	-2.665037E0
6.820000E0	4.144869E1	-2.673228E0
6.840000E0	4.166638E1	-3.134213E0
6.860000E0	4.167843E1	-3.507059E0
6.880000E0	4.171222E1	-3.499376E0
6.900000E0	4.181327E1	-3.195752E0
6.920000E0	4.187533E1	-2.953003E0
6.940000E0	4.210807E1	-2.740413E0
6.960000E0	4.216398E1	-2.678389E0
6.980000E0	4.227728E1	-2.567117E0
7.000000E0	4.226774E1	-2.582185E0
7.020000E0	4.261394E1	-2.633776E0
7.040000E0	4.300230E1	-2.688297E0
7.060000E0	4.336217E1	-2.930961E0
7.080000E0	4.353390E1	-3.146703E0
7.100000E0	4.361344E1	-3.202602E0
7.120000E0	4.375840E1	-3.173519E0
7.140000E0	4.372594E1	-3.145317E0
7.160000E0	4.366163E1	-3.110157E0
7.180000E0	4.362062E1	-3.094490E0
7.200000E0	4.358197E1	-3.096071E0
7.220000E0	4.350555E1	-3.099499E0
7.240000E0	4.345929E1	-3.214854E0
7.260000E0	4.339362E1	-3.329746E0
7.280000E0	4.336545E1	-3.447467E0
7.300000E0	4.342701E1	-3.462484E0
7.320000E0	4.352799E1	-3.353501E0
7.340000E0	4.364251E1	-3.104265E0
7.360000E0	4.363043E1	-3.007441E0
7.380000E0	4.361626E1	-3.020192E0
7.400000E0	4.359991E1	-3.105823E0
7.420000E0	4.362052E1	-3.140092E0
7.440000E0	4.370850E1	-3.047498E0
7.460000E0	4.397268E1	-2.850616E0
7.480000E0	4.406465E1	-2.652672E0
7.500000E0	4.406812E1	-2.596845E0
7.520000E0	4.405724E1	-2.648139E0
7.540000E0	4.414000E1	-2.889880E0
7.560000E0	4.430411E1	-3.160154E0
7.580000E0	4.440859E1	-3.252396E0
7.600000E0	4.474803E1	-3.376178E0
7.620000E0	4.493012E1	-3.568270E0
7.640000E0	4.525480E1	-3.594431E0
7.660000E0	4.531798E1	-3.555904E0
7.680000E0	4.543720E1	-3.270949E0
7.700000E0	4.552495E1	-2.960734E0
7.720000E0	4.585021E1	-2.758937E0
7.740000E0	4.617036E1	-2.719809E0
7.760000E0	4.656716E1	-2.751780E0
7.780000E0	4.672175E1	-2.722207E0
7.800000E0	4.708352E1	-2.660165E0
7.820000E0	4.715109E1	-2.631288E0
7.840000E0	4.717174E1	-2.621185E0
7.860000E0	4.712664E1	-2.611877E0
7.880000E0	4.715329E1	-2.556585E0
7.900000E0	4.719144E1	-2.524166E0
7.920000E0	4.765956E1	-2.615801E0
7.940000E0	4.792938E1	-2.933144E0
7.960000E0	4.819389E1	-3.141784E0
7.980000E0	4.842449E1	-3.168167E0
8.000000E0	4.883183E1	-3.091755E0
8.020000E0	4.891256E1	-3.087230E0
8.040000E0	4.945627E1	-3.125269E0
8.060000E0	4.992933E1	-3.190305E0
8.080000E0	5.008444E1	-3.149982E0
8.100000E0	5.039481E1	-3.094570E0
8.120000E0	5.042143E1	-2.935379E0
8.140000E0	5.056665E1	-2.856163E0
8.160000E0	5.067022E1	-2.801283E0
8.180000E0	5.066009E1	-2.750314E0
8.200000E0	5.058985E1	-2.814043E0
8.220000E0	5.071427E1	-3.099544E0
8.240000E0	5.106117E1	-3.117878E0
8.260000E0	5.132345E1	-3.076800E0
8.280000E0	5.126453E1	-2.890707E0
8.300000E0	5.118359E1	-2.921148E0
8.320000E0	5.111346E1	-3.009966E0
8.340000E0	5.111834E1	-3.029985E0
8.360000E0	5.109192E1	-2.956787E0
8.380000E0	5.108567E1	-2.700896E0
8.400000E0	5.118318E1	-2.561446E0
8.420000E0	5.129716E1	-2.541815E0
8.440000E0	5.176311E1	-2.560437E0
8.460000E0	5.174489E1	-2.681473E0
8.480000E0	5.161296E1	-3.033149E0
8.500000E0	5.177381E1	-3.423039E0
8.520000E0	5.201959E1	-3.648821E0
8.540000E0	5.205753E1	-3.644505E0
8.560000E0	5.208942E1	-3.576416E0
8.580000E0	5.211155E1	-3.491321E0
8.600000E0	5.219315E1	-3.383712E0
8.620000E0	5.219166E1	-3.391442E0
8.640000E0	5.229319E1	-3.257643E0
8.660000E0	5.249752E1	-3.119314E0
8.680000E0	5.256578E1	-3.111793E0
8.700000E0	5.260891E1	-3.129314E0
8.720000E0	5.276532E1	-3.196375E0
8.740000E0	5.286379E1	-3.130825E0
8.760000E0	5.292434E1	-3.002583E0
8.780000E0	5.289220E1	-2.917072E0
8.800000E0	5.291707E1	-2.792837E0
8.820000E0	5.286018E1	-2.728220E0
8.840000E0	5.278932E1	-2.734474E0
8.860000E0	5.282640E1	-2.664457E0
8.880000E0	5.282276E1	-2.623889E0
8.900000E0	5.287711E1	-2.449157E0
8.920000E0	5.320788E1	-2.386969E0
8.940000E0	5.365983E1	-2.428560E0
8.960000E0	5.410070E1	-2.504813E0
8.980000E0	5.469695E1	-2.640455E0
9.000000E0	5.503083E1	-2.788352E0
9.020000E0	5.501564E1	-2.786500E0
9.040000E0	5.500414E1	-2.858831E0
9.060000E0	5.503179E1	-3.125815E0
9.080000E0	5.505027E1	-3.159113E0
9.100000E0	5.507054E1	-3.173013E0
9.120000E0	5.512840E1	-3.147453E0
9.140000E0	5.514923E1	-3.133859E0
9.160000E0	5.525234E1	-3.120836E0
9.180000E0	5.563430E1	-3.109766E0
9.200000E0	5.591792E1	-2.873728E0
9.220000E0	5.591668E1	-2.483230E0
9.240000E0	5.580482E1	-2.283851E0
9.260000E0	5.574516E1	-2.257892E0
9.280000E0	5.582172E1	-2.473950E0
9.300000E0	5.580982E1	-2.785350E0
9.320000E0	5.583279E1	-2.936345E0
9.340000E0	5.586557E1	-3.126935E0
9.360000E0	5.588759E1	-3.216344E0
9.380000E0	5.590199E1	-3.149464E0
9.400000E0	5.583746E1	-3.176534E0
9.420000E0	5.579656E1	-3.409211E0
9.440000E0	5.588608E1	-3.640858E0
9.460000E0	5.590303E1	-3.671351E0
9.480000E0	5.591239E1	-3.689477E0
9.500000E0	5.601372E1	-3.712933E0
9.520000E0	5.658272E1	-3.688785E0
9.540000E0	5.725030E1	-3.646280E0
9.560000E0	5.781602E1	-3.602840E0
9.580000E0	5.823036E1	-3.428656E0
9.600000E0	5.868657E1	-3.080755E0
9.620000E0	5.909252E1	-2.876646E0
9.640000E0	5.931622E1	-2.906527E0
9.660000E0	5.971075E1	-3.139282E0
9.680000E0	5.977709E1	-3.631671E0
9.700000E0	5.975037E1	-3.651229E0
9.720000E0	5.976012E1	-3.529623E0
9.740000E0	5.993815E1	-3.268880E0
9.760000E0	6.002578E1	-3.136485E0
9.780000E0	6.019700E1	-2.994478E0
9.800000E0	6.032886E1	-2.927214E0
9.820000E0	6.038500E1	-2.927358E0
9.840000E0	6.061961E1	-2.949639E0
9.860000E0	6.099006E1	-3.114255E0
9.880000E0	6.134098E1	-3.335611E0
9.900000E0	6.173162E1	-3.712194E0
9.920000E0	6.217080E1	-3.828074E0
9.940000E0	6.216861E1	-3.897550E0
9.960000E0	6.208690E1	-3.883991E0
9.980000E0	6.218161E1	-3.889479E0
1.000000E1	6.226511E1	-3.907428E0
1.002000E1	6.227710E1	-3.957185E0
1.004000E1	6.221522E1	-4.033988E0
1.006000E1	6.204063E1	-4.236984E0
1.008000E1	6.186334E1	-4.441301E0
1.010000E1	6.186691E1	-4.471017E0
1.012000E1	6.195915E1	-4.287338E0
1.014000E1	6.207386E1	-3.949875E0
1.016000E1	6.220650E1	-3.635261E0
1.018000E1	6.220184E1	-3.572523E0
1.020000E1	6.222979E1	-3.601395E0
1.022000E1	6.223558E1	-3.637223E0
1.024000E1	6.224571E1	-3.612061E0
1.026000E1	6.231331E1	-3.556370E0
1.028000E1	6.243592E1	-3.290098E0
1.030000E1	6.241644E1	-3.138861E0
1.032000E1	6.238061E1	-3.110616E0
1.034000E1	6.234813E1	-3.187452E0
1.036000E1	6.246269E1	-3.441770E0
1.038000E1	6.286229E1	-3.569650E0
1.040000E1	6.314182E1	-3.736306E0
1.042000E1	6.324115E1	-3.902385E0
1.044000E1	6.357311E1	-4.023193E0
1.046000E1	6.357215E1	-3.994778E0
1.048000E1	6.371530E1	-3.930149E0
1.050000E1	6.390591E1	-3.727637E0
1.052000E1	6.409650E1	-3.521135E0
1.054000E1	6.451497E1	-3.489835E0
1.056000E1	6.493201E1	-3.506016E0
1.058000E1	6.538273E1	-3.555846E0
1.060000E1	6.552714E1	-3.593567E0
1.062000E1	6.558344E1	-3.587550E0
1.064000E1	6.560581E1	-3.511830E0
1.066000E1	6.571971E1	-3.501565E0
1.068000E1	6.583400E1	-3.387911E0
1.070000E1	6.589721E1	-3.392985E0
1.072000E1	6.605216E1	-3.390246E0
1.074000E1	6.642169E1	-3.680566E0
1.076000E1	6.678568E1	-4.131692E0
1.078000E1	6.714447E1	-4.342899E0
1.080000E1	6.766589E1	-4.418090E0
1.082000E1	6.782990E1	-4.301461E0
1.084000E1	6.824995E1	-4.248822E0
1.086000E1	6.877475E1	-4.299988E0
1.088000E1	6.896709E1	-4.311374E0
1.090000E1	6.908721E1	-4.191254E0
1.092000E1	6.924658E1	-4.070321E0
1.094000E1	6.941357E1	-3.842454E0
1.096000E1	6.954273E1	-3.760480E0
1.098000E1	6.949157E1	-3.714999E0
1.100000E1	6.939877E1	-3.828603E0
1.102000E1	6.948389E1	-4.214219E0
1.104000E1	6.993531E1	-4.226390E0
1.106000E1	7.037556E1	-4.136432E0
1.108000E1	7.050656E1	-3.828024E0
1.110000E1	7.032745E1	-3.768352E0
1.112000E1	7.033804E1	-3.819057E0
1.114000E1	7.038720E1	-3.972107E0
1.116000E1	7.037550E1	-3.970732E0
1.118000E1	7.031421E1	-3.662608E0
1.120000E1	7.046363E1	-3.268269E0
1.122000E1	7.050277E1	-3.165589E0
1.124000E1	7.087177E1	-3.143866E0
1.126000E1	7.095452E1	-3.299558E0
1.128000E1	7.094050E1	-3.793993E0
1.130000E1	7.112167E1	-4.049449E0
1.132000E1	7.137825E1	-4.347952E0
1.134000E1	7.139235E1	-4.436262E0
1.136000E1	7.141037E1	-4.438263E0
1.138000E1	7.141155E1	-4.366151E0
1.140000E1	7.143776E1	-4.325653E0
1.142000E1	7.145287E1	-4.194274E0
1.144000E1	7.153785E1	-4.066306E0
1.146000E1	7.189309E1	-3.913193E0
1.148000E1	7.191402E1	-3.935862E0
1.150000E1	7.190950E1	-4.028732E0
1.152000E1	7.193187E1	-4.088366E0
1.154000E1	7.201677E1	-4.093511E0
1.156000E1	7.237260E1	-3.989919E0
1.158000E1	7.231603E1	-3.884401E0
1.160000E1	7.237038E1	-3.761571E0
1.162000E1	7.238122E1	-3.611270E0
1.164000E1	7.236520E1	-3.597355E0
1.166000E1	7.244701E1	-3.605409E0
1.168000E1	7.247685E1	-3.568236E0
1.170000E1	7.252672E1	-3.538398E0
1.172000E1	7.286639E1	-3.391028E0
1.174000E1	7.308711E1	-3.406147E0
1.176000E1	7.353598E1	-3.414615E0
1.178000E1	7.408207E1	-3.493284E0
1.180000E1	7.457311E1	-3.638932E0
1.182000E1	7.463088E1	-3.717274E0
1.184000E1	7.446903E1	-3.649791E0
1.186000E1	7.445484E1	-3.682584E0
1.188000E1	7.450733E1	-3.832724E0
1.190000E1	7.451430E1	-4.130238E0
1.192000E1	7.439133E1	-4.241405E0
1.194000E1	7.432839E1	-4.406558E0
1.196000E1	7.439328E1	-4.521198E0
1.198000E1	7.474120E1	-4.527866E0
1.200000E1	7.524502E1	-4.265359E0
1.202000E1	7.562112E1	-3.566028E0
1.204000E1	7.545433E1	-3.254817E0
1.206000E1	7.538920E1	-3.229283E0
1.208000E1	7.551463E1	-3.510937E0
1.210000E1	7.556266E1	-3.764963E0
1.212000E1	7.556749E1	-3.851752E0
1.214000E1	7.557531E1	-3.889015E0
1.216000E1	7.568539E1	-3.897330E0
1.218000E1	7.606824E1	-4.045999E0
1.220000E1	7.607418E1	-4.292782E0
1.222000E1	7.599709E1	-4.708308E0
1.224000E1	7.605270E1	-4.776811E0
1.226000E1	7.638856E1	-4.735172E0
1.228000E1	7.646855E1	-4.715210E0
1.230000E1	7.663175E1	-4.848401E0
1.232000E1	7.680014E1	-4.924253E0
1.234000E1	7.686903E1	-4.906615E0
1.236000E1	7.739675E1	-4.785350E0
1.238000E1	7.790073E1	-4.615057E0
1.240000E1	7.855981E1	-4.400835E0
1.242000E1	7.908249E1	-4.410301E0
1.244000E1	7.954601E1	-4.412864E0
1.246000E1	7.991650E1	-4.374729E0
1.248000E1	7.997853E1	-4.411916E0
1.250000E1	8.006927E1	-4.490315E0
1.252000E1	8.015100E1	-4.801578E0
1.254000E1	8.013600E1	-4.866569E0
1.256000E1	8.014834E1	-4.820405E0
1.258000E1	8.027172E1	-4.511482E0
1.260000E1	8.041428E1	-4.431909E0
1.262000E1	8.057987E1	-4.406836E0
1.264000E1	8.080467E1	-4.401154E0
1.266000E1	8.103361E1	-4.412839E0
1.268000E1	8.114213E1	-4.497978E0
1.270000E1	8.146341E1	-4.734872E0
1.272000E1	8.195333E1	-4.958057E0
1.274000E1	8.255782E1	-5.090919E0
1.276000E1	8.266850E1	-5.107179E0
1.278000E1	8.246535E1	-4.944829E0
1.280000E1	8.245966E1	-4.935528E0
1.282000E1	8.251420E1	-5.007815E0
1.284000E1	8.242844E1	-5.168818E0
1.286000E1	8.218266E1	-5.395298E0
1.288000E1	8.218106E1	-5.580174E0
1.290000E1	8.218549E1	-5.580783E0
1.292000E1	8.220348E1	-5.480942E0
1.294000E1	8.240445E1	-5.180805E0
1.296000E1	8.254994E1	-4.941334E0
1.298000E1	8.249113E1	-4.878942E0
1.300000E1	8.250832E1	-4.923983E0
1.302000E1	8.250942E1	-5.047025E0
1.304000E1	8.251814E1	-5.033702E0
1.306000E1	8.264910E1	-4.752246E0
1.308000E1	8.265254E1	-4.620437E0
1.310000E1	8.265842E1	-4.602182E0
1.312000E1	8.264411E1	-4.608511E0
1.314000E1	8.262593E1	-4.631869E0
1.316000E1	8.274661E1	-4.660709E0
1.318000E1	8.315633E1	-4.649788E0
1.320000E1	8.345994E1	-4.705838E0
1.322000E1	8.373380E1	-4.968827E0
1.324000E1	8.395706E1	-5.047718E0
1.326000E1	8.400248E1	-5.022584E0
1.328000E1	8.414593E1	-4.830080E0
1.330000E1	8.416811E1	-4.660983E0
1.332000E1	8.424903E1	-4.615440E0
1.334000E1	8.459495E1	-4.622860E0
1.336000E1	8.493277E1	-4.622418E0
1.338000E1	8.543329E1	-4.621725E0
1.340000E1	8.595722E1	-4.624864E0
1.342000E1	8.619554E1	-4.592374E0
1.344000E1	8.618746E1	-4.579127E0
1.346000E1	8.618102E1	-4.468318E0
1.348000E1	8.615652E1	-4.359240E0
1.350000E1	8.624686E1	-4.256354E0
1.352000E1	8.633625E1	-4.176958E0
1.354000E1	8.652725E1	-4.179864E0
1.356000E1	8.661817E1	-4.254267E0
1.358000E1	8.689723E1	-4.344857E0
1.360000E1	8.741231E1	-4.716226E0
1.362000E1	8.798735E1	-4.946212E0
1.364000E1	8.856407E1	-5.093982E0
1.366000E1	8.909531E1	-5.227006E0
1.368000E1	8.915912E1	-5.184016E0
1.370000E1	8.910523E1	-5.147638E0
1.372000E1	8.914313E1	-5.117027E0
1.374000E1	8.918986E1	-5.081994E0
1.376000E1	8.933320E1	-4.964125E0
1.378000E1	8.930911E1	-4.951952E0
1.380000E1	8.918675E1	-5.020988E0
1.382000E1	8.920894E1	-5.127602E0
1.384000E1	8.963826E1	-5.172064E0
1.386000E1	9.019407E1	-5.130571E0
1.388000E1	9.080567E1	-4.831512E0
1.390000E1	9.083449E1	-4.465533E0
1.392000E1	9.046329E1	-4.558842E0
1.394000E1	9.060505E1	-4.963579E0
1.396000E1	9.075524E1	-5.211013E0
1.398000E1	9.074167E1	-5.134190E0
1.400000E1	9.077577E1	-4.965869E0
1.402000E1	9.078299E1	-4.700030E0
1.404000E1	9.082729E1	-4.544962E0
1.406000E1	9.080693E1	-4.520682E0
1.408000E1	9.075534E1	-4.553427E0
1.410000E1	9.092396E1	-4.763364E0
1.412000E1	9.139724E1	-4.758404E0
1.414000E1	9.181278E1	-4.910791E0
1.416000E1	9.217454E1	-5.491690E0
1.418000E1	9.222339E1	-5.948199E0
1.420000E1	9.217356E1	-5.975798E0
1.422000E1	9.214410E1	-5.592113E0
1.424000E1	9.213688E1	-5.087579E0
1.426000E1	9.226872E1	-4.916353E0
1.428000E1	9.256064E1	-5.017981E0
1.430000E1	9.274444E1	-5.160241E0
1.432000E1	9.287297E1	-5.196140E0
1.434000E1	9.322489E1	-5.162963E0
1.436000E1	9.328333E1	-5.115727E0
1.438000E1	9.332630E1	-5.080805E0
1.440000E1	9.330631E1	-5.049386E0
1.442000E1	9.331640E1	-4.917928E0
1.444000E1	9.330339E1	-4.851761E0
1.446000E1	9.331887E1	-4.764928E0
1.448000E1	9.338280E1	-4.692819E0
1.450000E1	9.338093E1	-4.679909E0
1.452000E1	9.348727E1	-4.639336E0
1.454000E1	9.387678E1	-4.572460E0
1.456000E1	9.418975E1	-4.442625E0
1.458000E1	9.468134E1	-4.445568E0
1.460000E1	9.522409E1	-4.499338E0
1.462000E1	9.564576E1	-4.668076E0
1.464000E1	9.564068E1	-4.749237E0
1.466000E1	9.564361E1	-4.664530E0
1.468000E1	9.562645E1	-4.612590E0
1.470000E1	9.568504E1	-4.613725E0
1.472000E1	9.570553E1	-4.931551E0
1.474000E1	9.568152E1	-5.338208E0
1.476000E1	9.561501E1	-5.577162E0
1.478000E1	9.566153E1	-5.712400E0
1.480000E1	9.602471E1	-5.557387E0
1.482000E1	9.660921E1	-5.007924E0
1.484000E1	9.683441E1	-4.431437E0
1.486000E1	9.679848E1	-4.202907E0
1.488000E1	9.678005E1	-4.209433E0
1.490000E1	9.682319E1	-4.454973E0
1.492000E1	9.694747E1	-4.629793E0
1.494000E1	9.696184E1	-4.639624E0
1.496000E1	9.701207E1	-4.548926E0
1.498000E1	9.711629E1	-4.522995E0
1.500000E1	9.719889E1	-4.550323E0
1.502000E1	9.719978E1	-5.083124E0
1.504000E1	9.732626E1	-5.691722E0
1.506000E1	9.762027E1	-5.799984E0
1.508000E1	9.811483E1	-5.752680E0
1.510000E1	9.834423E1	-5.738091E0
1.512000E1	9.840129E1	-5.699092E0
1.514000E1	9.839544E1	-5.665184E0
1.516000E1	9.837536E1	-5.581075E0
1.518000E1	9.840675E1	-5.450016E0
1.520000E1	9.886449E1	-5.247189E0
1.522000E1	9.950627E1	-5.118665E0
1.524000E1	1.003556E2	-5.101635E0
1.526000E1	1.008827E2	-5.148657E0
1.528000E1	1.012406E2	-5.111703E0
1.530000E1	1.012358E2	-5.098127E0
1.532000E1	1.012804E2	-4.962824E0
1.534000E1	1.013754E2	-5.043120E0
1.536000E1	1.015026E2	-5.210011E0
1.538000E1	1.015378E2	-5.338105E0
1.540000E1	1.015670E2	-5.226284E0
1.542000E1	1.016505E2	-5.122874E0
1.544000E1	1.020223E2	-5.094254E0
1.546000E1	1.021998E2	-4.988051E0
1.548000E1	1.025204E2	-5.003100E0
1.550000E1	1.025256E2	-5.027750E0
1.552000E1	1.026519E2	-5.219956E0
1.554000E1	1.031683E2	-5.460348E0
1.556000E1	1.036956E2	-5.514906E0
1.558000E1	1.038592E2	-5.484786E0
1.560000E1	1.038501E2	-5.424884E0
1.562000E1	1.038248E2	-5.463692E0
1.564000E1	1.038078E2	-5.639777E0
1.566000E1	1.036121E2	-5.851674E0
1.568000E1	1.036029E2	-5.999719E0
1.570000E1	1.035920E2	-6.153099E0
1.572000E1	1.035666E2	-6.083091E0
1.574000E1	1.036991E2	-5.889065E0
1.576000E1	1.038760E2	-5.676886E0
1.578000E1	1.038415E2	-5.543674E0
1.580000E1	1.038203E2	-5.584476E0
1.582000E1	1.038012E2	-5.690428E0
1.584000E1	1.038160E2	-5.651596E0
1.586000E1	1.038756E2	-5.447651E0
1.588000E1	1.039617E2	-5.343426E0
1.590000E1	1.039628E2	-5.253448E0
1.592000E1	1.039364E2	-5.251823E0
1.594000E1	1.039033E2	-5.248648E0
1.596000E1	1.039016E2	-5.292980E0
1.598000E1	1.042180E2	-5.278649E0
1.600000E1	1.045489E2	-5.189782E0
1.602000E1	1.049352E2	-5.340122E0
1.604000E1	1.053212E2	-5.561333E0
1.606000E1	1.055013E2	-5.593637E0
1.608000E1	1.055313E2	-5.542243E0
1.610000E1	1.054782E2	-5.288776E0
1.612000E1	1.054120E2	-5.113706E0
1.614000E1	1.056348E2	-5.087410E0
1.616000E1	1.061575E2	-5.165474E0
1.618000E1	1.067114E2	-5.278425E0
1.620000E1	1.072682E2	-5.247309E0
1.622000E1	1.075912E2	-5.169837E0
1.624000E1	1.075548E2	-5.166818E0
1.626000E1	1.075566E2	-5.091986E0
1.628000E1	1.075053E2	-4.998263E0
1.630000E1	1.076105E2	-4.827553E0
1.632000E1	1.078375E2	-4.714312E0
1.634000E1	1.080432E2	-4.725132E0
1.636000E1	1.080780E2	-4.759644E0
1.638000E1	1.082029E2	-4.853032E0
1.640000E1	1.086263E2	-5.015210E0
1.642000E1	1.090973E2	-5.246235E0
1.644000E1	1.096399E2	-5.470454E0
1.646000E1	1.102016E2	-5.776046E0
1.648000E1	1.106923E2	-5.798652E0
1.650000E1	1.105375E2	-5.677778E0
1.652000E1	1.105440E2	-5.632737E0
1.654000E1	1.105865E2	-5.636062E0
1.656000E1	1.106441E2	-5.606647E0
1.658000E1	1.106063E2	-5.606460E0
1.660000E1	1.105543E2	-5.606711E0
1.662000E1	1.105269E2	-5.607803E0
1.664000E1	1.108465E2	-5.661948E0
1.666000E1	1.114278E2	-5.642272E0
1.668000E1	1.120363E2	-5.449423E0
1.670000E1	1.123681E2	-5.155064E0
1.672000E1	1.122611E2	-5.145957E0
1.674000E1	1.121548E2	-5.480309E0
1.676000E1	1.123276E2	-5.802182E0
1.678000E1	1.124225E2	-5.742867E0
1.680000E1	1.124302E2	-5.576484E0
1.682000E1	1.124564E2	-5.401911E0
1.684000E1	1.124827E2	-5.305612E0
1.686000E1	1.125071E2	-5.183944E0
1.688000E1	1.124732E2	-5.166466E0
1.690000E1	1.124736E2	-5.233728E0
1.692000E1	1.129145E2	-5.313983E0
1.694000E1	1.134488E2	-5.396273E0
1.696000E1	1.139452E2	-5.753894E0
1.698000E1	1.141018E2	-6.228746E0
1.700000E1	1.140244E2	-6.425649E0
1.702000E1	1.140288E2	-6.343231E0
1.704000E1	1.139855E2	-5.766185E0
1.706000E1	1.140572E2	-5.443581E0
1.708000E1	1.143686E2	-5.425960E0
1.710000E1	1.144946E2	-5.555322E0
1.712000E1	1.147290E2	-5.792801E0
1.714000E1	1.149957E2	-5.818096E0
1.716000E1	1.152103E2	-5.772440E0
1.718000E1	1.152327E2	-5.682540E0
1.720000E1	1.151677E2	-5.634442E0
1.722000E1	1.151106E2	-5.553729E0
1.724000E1	1.151063E2	-5.456556E0
1.726000E1	1.151549E2	-5.355043E0
1.728000E1	1.151799E2	-5.418460E0
1.730000E1	1.151855E2	-5.459015E0
1.732000E1	1.153137E2	-5.492007E0
1.734000E1	1.156938E2	-5.437414E0
1.736000E1	1.160005E2	-5.344500E0
1.738000E1	1.162425E2	-5.252033E0
1.740000E1	1.167731E2	-5.277222E0
1.742000E1	1.174649E2	-5.467915E0
1.744000E1	1.176945E2	-5.624801E0
1.746000E1	1.174192E2	-5.522148E0
1.748000E1	1.174079E2	-5.456208E0
1.750000E1	1.175079E2	-5.577064E0
1.752000E1	1.175607E2	-5.997524E0
1.754000E1	1.175063E2	-6.337446E0
1.756000E1	1.173803E2	-6.563956E0
1.758000E1	1.174513E2	-6.672511E0
1.760000E1	1.176627E2	-6.545880E0
1.762000E1	1.182744E2	-6.115795E0
1.764000E1	1.186322E2	-5.442572E0
1.766000E1	1.184794E2	-5.268370E0
1.768000E1	1.183308E2	-5.397753E0
1.770000E1	1.185155E2	-5.832245E0
1.772000E1	1.186812E2	-5.892499E0
1.774000E1	1.186654E2	-5.920165E0
1.776000E1	1.187101E2	-5.896205E0
1.778000E1	1.187597E2	-5.897262E0
1.780000E1	1.191156E2	-6.050615E0
1.782000E1	1.191798E2	-6.494909E0
1.784000E1	1.191318E2	-7.001213E0
1.786000E1	1.192033E2	-7.067232E0
1.788000E1	1.195403E2	-7.007311E0
1.790000E1	1.196229E2	-7.002505E0
1.792000E1	1.199175E2	-7.120499E0
1.794000E1	1.201052E2	-7.178387E0
1.796000E1	1.204271E2	-7.110332E0
1.798000E1	1.207434E2	-6.992242E0
1.800000E1	1.211821E2	-6.819530E0
1.802000E1	1.217198E2	-6.550325E0
1.804000E1	1.222099E2	-6.421100E0
1.806000E1	1.226771E2	-6.442927E0
1.808000E1	1.229627E2	-6.527115E0
1.810000E1	1.230859E2	-6.613609E0
1.812000E1	1.231826E2	-6.660641E0
1.814000E1	1.231959E2	-6.662971E0
1.816000E1	1.231746E2	-6.657919E0
1.818000E1	1.232491E2	-6.591453E0
1.820000E1	1.234691E2	-6.505603E0
1.822000E1	1.236279E2	-6.501453E0
1.824000E1	1.238096E2	-6.411560E0
1.826000E1	1.239441E2	-6.311605E0
1.828000E1	1.241513E2	-6.214962E0
1.830000E1	1.243983E2	-6.278020E0
1.832000E1	1.247635E2	-6.550823E0
1.834000E1	1.253300E2	-6.835010E0
1.836000E1	1.257382E2	-6.824709E0
1.838000E1	1.256465E2	-6.779620E0
1.840000E1	1.253929E2	-6.625475E0
1.842000E1	1.255219E2	-6.622101E0
1.844000E1	1.255697E2	-6.663284E0
1.846000E1	1.254102E2	-6.825777E0
1.848000E1	1.253415E2	-7.014504E0
1.850000E1	1.253194E2	-7.140024E0
1.852000E1	1.253487E2	-7.105790E0
1.854000E1	1.254302E2	-6.929295E0
1.856000E1	1.255377E2	-6.727860E0
1.858000E1	1.255789E2	-6.540317E0
1.860000E1	1.255623E2	-6.548626E0
1.862000E1	1.255302E2	-6.661166E0
1.864000E1	1.255607E2	-6.674111E0
1.866000E1	1.256391E2	-6.555542E0
1.868000E1	1.256928E2	-6.368343E0
1.870000E1	1.257218E2	-6.362273E0
1.872000E1	1.257414E2	-6.409290E0
1.874000E1	1.257117E2	-6.445512E0
1.876000E1	1.256964E2	-6.576326E0
1.878000E1	1.259564E2	-6.639525E0
1.880000E1	1.264334E2	-6.609325E0
1.882000E1	1.268866E2	-6.644355E0
1.884000E1	1.271315E2	-6.795348E0
1.886000E1	1.272894E2	-6.817723E0
1.888000E1	1.273091E2	-6.712574E0
1.890000E1	1.273215E2	-6.626264E0
1.892000E1	1.272967E2	-6.554085E0
1.894000E1	1.274600E2	-6.476986E0
1.896000E1	1.279354E2	-6.563014E0
1.898000E1	1.284702E2	-6.597649E0
1.900000E1	1.290222E2	-6.623050E0
1.902000E1	1.292567E2	-6.587889E0
1.904000E1	1.293016E2	-6.563959E0
1.906000E1	1.292947E2	-6.508866E0
1.908000E1	1.292007E2	-6.337316E0
1.910000E1	1.293218E2	-6.079580E0
1.912000E1	1.293810E2	-6.045784E0
1.914000E1	1.294571E2	-6.124753E0
1.916000E1	1.297758E2	-6.243786E0
1.918000E1	1.298883E2	-6.328889E0
1.920000E1	1.301440E2	-6.423992E0
1.922000E1	1.307036E2	-6.622974E0
1.924000E1	1.312294E2	-6.724259E0
1.926000E1	1.318293E2	-6.963603E0
1.928000E1	1.321402E2	-7.089657E0
1.930000E1	1.320849E2	-7.077154E0
1.932000E1	1.320621E2	-7.051414E0
1.934000E1	1.321297E2	-7.054726E0
1.936000E1	1.321821E2	-7.031094E0
1.938000E1	1.321849E2	-7.049279E0
1.940000E1	1.321899E2	-7.082087E0
1.942000E1	1.321683E2	-7.151996E0
1.944000E1	1.323317E2	-7.181933E0
1.946000E1	1.328217E2	-7.052084E0
1.948000E1	1.334503E2	-6.742112E0
1.950000E1	1.337779E2	-6.335381E0
1.952000E1	1.336532E2	-6.297611E0
1.954000E1	1.334413E2	-6.664965E0
1.956000E1	1.336140E2	-6.992160E0
1.958000E1	1.337137E2	-6.993326E0
1.960000E1	1.337283E2	-6.771347E0
1.962000E1	1.337367E2	-6.704227E0
1.964000E1	1.337500E2	-6.653810E0
1.966000E1	1.337301E2	-6.585619E0
1.968000E1	1.336659E2	-6.513270E0
1.970000E1	1.336374E2	-6.517707E0
1.972000E1	1.339982E2	-6.574973E0
1.974000E1	1.345648E2	-6.642610E0
1.976000E1	1.351228E2	-6.876805E0
1.978000E1	1.354317E2	-7.374129E0
1.980000E1	1.352599E2	-7.683524E0
1.982000E1	1.352566E2	-7.575580E0
1.984000E1	1.351956E2	-7.072050E0
1.986000E1	1.352963E2	-6.815519E0
1.988000E1	1.353754E2	-6.777095E0
1.990000E1	1.355202E2	-6.902242E0
1.992000E1	1.357051E2	-7.066299E0
1.994000E1	1.359293E2	-7.060828E0
1.996000E1	1.360922E2	-7.070734E0
1.998000E1	1.362699E2	-7.036671E0
2.000000E1	1.362555E2	-7.019775E0
2.002000E1	1.362561E2	-7.010325E0
2.004000E1	1.362061E2	-6.888071E0
2.006000E1	1.362694E2	-6.872800E0
2.008000E1	1.363889E2	-6.776052E0
2.010000E1	1.363687E2	-6.714228E0
2.012000E1	1.363739E2	-6.691443E0
2.014000E1	1.366178E2	-6.612278E0
2.016000E1	1.370735E2	-6.577518E0
2.018000E1	1.375122E2	-6.469656E0
2.020000E1	1.379889E2	-6.526882E0
2.022000E1	1.384386E2	-6.633461E0
2.024000E1	1.384125E2	-6.656024E0
2.026000E1	1.383011E2	-6.543400E0
2.028000E1	1.382823E2	-6.527832E0
2.030000E1	1.382706E2	-6.529421E0
2.032000E1	1.383131E2	-6.655473E0
2.034000E1	1.382771E2	-7.004270E0
2.036000E1	1.382563E2	-7.430372E0
2.038000E1	1.382409E2	-7.751149E0
2.040000E1	1.383644E2	-7.707495E0
2.042000E1	1.387629E2	-7.280173E0
2.044000E1	1.392915E2	-6.580553E0
2.046000E1	1.392521E2	-6.334304E0
2.048000E1	1.391501E2	-6.422886E0
2.050000E1	1.393090E2	-6.887718E0
2.052000E1	1.393599E2	-6.993814E0
2.054000E1	1.394502E2	-6.904400E0
2.056000E1	1.395466E2	-6.706754E0
2.058000E1	1.397370E2	-6.563607E0
2.060000E1	1.397728E2	-6.606208E0
2.062000E1	1.396012E2	-6.952994E0
2.064000E1	1.397588E2	-7.603738E0
2.066000E1	1.399952E2	-8.003304E0
2.068000E1	1.403745E2	-8.110974E0
2.070000E1	1.408519E2	-8.114268E0
2.072000E1	1.409508E2	-8.103429E0
2.074000E1	1.409406E2	-8.109577E0
2.076000E1	1.409208E2	-8.107338E0
2.078000E1	1.409127E2	-8.023572E0
2.080000E1	1.411753E2	-7.676648E0
2.082000E1	1.417224E2	-7.516766E0
2.084000E1	1.424457E2	-7.584214E0
2.086000E1	1.430348E2	-7.763192E0
2.088000E1	1.435338E2	-7.789443E0
2.090000E1	1.435667E2	-7.707689E0
2.092000E1	1.435408E2	-7.426361E0
2.094000E1	1.435623E2	-7.381121E0
2.096000E1	1.436628E2	-7.494804E0
2.098000E1	1.439267E2	-7.834199E0
2.100000E1	1.439249E2	-7.856105E0
2.102000E1	1.440764E2	-7.691350E0
2.104000E1	1.441421E2	-7.560582E0
2.106000E1	1.444793E2	-7.499125E0
2.108000E1	1.446500E2	-7.492875E0
2.110000E1	1.447993E2	-7.534580E0
2.112000E1	1.450452E2	-7.680232E0
2.114000E1	1.454426E2	-7.858223E0
2.116000E1	1.457616E2	-7.886359E0
2.118000E1	1.459472E2	-7.808521E0
2.120000E1	1.460918E2	-7.560062E0
2.122000E1	1.460716E2	-7.617754E0
2.124000E1	1.458930E2	-8.001631E0
2.126000E1	1.456921E2	-8.277138E0
2.128000E1	1.457350E2	-8.314529E0
2.130000E1	1.457865E2	-8.284673E0
2.132000E1	1.458501E2	-8.178852E0
2.134000E1	1.460651E2	-8.042552E0
2.136000E1	1.461469E2	-7.885773E0
2.138000E1	1.462258E2	-7.825214E0
2.140000E1	1.462132E2	-7.801912E0
2.142000E1	1.462215E2	-7.916522E0
2.144000E1	1.462657E2	-7.967783E0
2.146000E1	1.462962E2	-7.766077E0
2.148000E1	1.463616E2	-7.654223E0
2.150000E1	1.464243E2	-7.602810E0
2.152000E1	1.463820E2	-7.633044E0
2.154000E1	1.463282E2	-7.679137E0
2.156000E1	1.463601E2	-7.819456E0
2.158000E1	1.466309E2	-7.863334E0
2.160000E1	1.469625E2	-7.717814E0
2.162000E1	1.472959E2	-7.658273E0
2.164000E1	1.476653E2	-7.693125E0
2.166000E1	1.478884E2	-7.791259E0
2.168000E1	1.480343E2	-7.759996E0
2.170000E1	1.479928E2	-7.644366E0
2.172000E1	1.478940E2	-7.391408E0
2.174000E1	1.478764E2	-7.203001E0
2.176000E1	1.481768E2	-7.318659E0
2.178000E1	1.487027E2	-7.661664E0
2.180000E1	1.492924E2	-7.931396E0
2.182000E1	1.496263E2	-7.969424E0
2.184000E1	1.497917E2	-7.765719E0
2.186000E1	1.498246E2	-7.517186E0
2.188000E1	1.498214E2	-7.417237E0
2.190000E1	1.500433E2	-7.336130E0
2.192000E1	1.501981E2	-7.307759E0
2.194000E1	1.504510E2	-7.234871E0
2.196000E1	1.505873E2	-7.218501E0
2.198000E1	1.506904E2	-7.203209E0
2.200000E1	1.507246E2	-7.203266E0
2.202000E1	1.510511E2	-7.204573E0
2.204000E1	1.513770E2	-7.308063E0
2.206000E1	1.520274E2	-7.760850E0
2.208000E1	1.526788E2	-8.112965E0
2.210000E1	1.527943E2	-8.256739E0
2.212000E1	1.527534E2	-8.135668E0
2.214000E1	1.527699E2	-8.015465E0
2.216000E1	1.528137E2	-8.044133E0
2.218000E1	1.528438E2	-8.116115E0
2.220000E1	1.526081E2	-8.349389E0
2.222000E1	1.524920E2	-8.479160E0
2.224000E1	1.525419E2	-8.529623E0
2.226000E1	1.528801E2	-8.370969E0
2.228000E1	1.535098E2	-7.997607E0
2.230000E1	1.541683E2	-7.553541E0
2.232000E1	1.540613E2	-7.307131E0
2.234000E1	1.539367E2	-7.253944E0
2.236000E1	1.540205E2	-7.594518E0
2.238000E1	1.541257E2	-8.035390E0
2.240000E1	1.541175E2	-8.191841E0
2.242000E1	1.541319E2	-8.147425E0
2.244000E1	1.541929E2	-7.997131E0
2.246000E1	1.540946E2	-8.030303E0
2.248000E1	1.539376E2	-8.058673E0
2.250000E1	1.539696E2	-8.081459E0
2.252000E1	1.542023E2	-8.038210E0
2.254000E1	1.544241E2	-8.024978E0
2.256000E1	1.548667E2	-8.049372E0
2.258000E1	1.554452E2	-8.124917E0
2.260000E1	1.559051E2	-8.267257E0
2.262000E1	1.559329E2	-8.427478E0
2.264000E1	1.557603E2	-8.594482E0
2.266000E1	1.558462E2	-8.486753E0
2.268000E1	1.560594E2	-8.434328E0
2.270000E1	1.561227E2	-8.473296E0
2.272000E1	1.561332E2	-8.546145E0
2.274000E1	1.561237E2	-8.579799E0
2.276000E1	1.562365E2	-8.576609E0
2.278000E1	1.564911E2	-8.530493E0
2.280000E1	1.565865E2	-8.561840E0
2.282000E1	1.565749E2	-8.589751E0
2.284000E1	1.565468E2	-8.571014E0
2.286000E1	1.565371E2	-8.542394E0
2.288000E1	1.565620E2	-8.486952E0
2.290000E1	1.566038E2	-8.471010E0
2.292000E1	1.566807E2	-8.475283E0
2.294000E1	1.568026E2	-8.417011E0
2.296000E1	1.571031E2	-8.333757E0
2.298000E1	1.574991E2	-8.347028E0
2.300000E1	1.580219E2	-8.360889E0
2.302000E1	1.582963E2	-8.292168E0
2.304000E1	1.581426E2	-8.032961E0
2.306000E1	1.580995E2	-7.771905E0
2.308000E1	1.581457E2	-7.643327E0
2.310000E1	1.580985E2	-7.645468E0
2.312000E1	1.581371E2	-7.810130E0
2.314000E1	1.580831E2	-7.978396E0
2.316000E1	1.579720E2	-8.155075E0
2.318000E1	1.580952E2	-8.248001E0
2.320000E1	1.585092E2	-8.430426E0
2.322000E1	1.590349E2	-8.481467E0
2.324000E1	1.591947E2	-8.273489E0
2.326000E1	1.590172E2	-8.026144E0
2.328000E1	1.590327E2	-8.051785E0
2.330000E1	1.591298E2	-8.087439E0
2.332000E1	1.591852E2	-8.096555E0
2.334000E1	1.592322E2	-8.067185E0
2.336000E1	1.592572E2	-7.960433E0
2.338000E1	1.595358E2	-7.839656E0
2.340000E1	1.597259E2	-7.818282E0
2.342000E1	1.597229E2	-7.871619E0
2.344000E1	1.597793E2	-8.140017E0
2.346000E1	1.600102E2	-8.388452E0
2.348000E1	1.603051E2	-8.733243E0
2.350000E1	1.605541E2	-8.996098E0
2.352000E1	1.609589E2	-9.234950E0
2.354000E1	1.611472E2	-9.239457E0
2.356000E1	1.611532E2	-9.127054E0
2.358000E1	1.612160E2	-8.857573E0
2.360000E1	1.612699E2	-8.670832E0
2.362000E1	1.615418E2	-8.747673E0
2.364000E1	1.620590E2	-8.775953E0
2.366000E1	1.624945E2	-8.773573E0
2.368000E1	1.629616E2	-8.680424E0
2.370000E1	1.635195E2	-8.596089E0
2.372000E1	1.637712E2	-8.452175E0
2.374000E1	1.638453E2	-8.370022E0
2.376000E1	1.641537E2	-8.182946E0
2.378000E1	1.646018E2	-8.078816E0
2.380000E1	1.647972E2	-8.165457E0
2.382000E1	1.649642E2	-8.379035E0
2.384000E1	1.650938E2	-8.716964E0
2.386000E1	1.652878E2	-8.814066E0
2.388000E1	1.655561E2	-8.660820E0
2.390000E1	1.659059E2	-8.514366E0
2.392000E1	1.662434E2	-8.540264E0
2.394000E1	1.664691E2	-8.489924E0
2.396000E1	1.664066E2	-8.479320E0
2.398000E1	1.662116E2	-8.382448E0
2.400000E1	1.662136E2	-8.315173E0
