	mass A		
t	x	y	
0.000000E0	2.531020E-2	0.000000E0
2.000000E-2	6.166590E-2	-4.134715E-3
4.000000E-2	1.529612E-1	1.130756E-1
6.000000E-2	1.688521E-1	3.546366E-1
8.000000E-2	3.193478E-1	6.527588E-1
1.000000E-1	6.751835E-1	7.425290E-1
1.200000E-1	7.034145E-1	6.427706E-1
1.400000E-1	9.152914E-1	5.507894E-1
1.600000E-1	1.256281E0	5.324495E-1
1.800000E-1	1.711021E0	5.042056E-1
2.000000E-1	2.126548E0	5.141650E-1
2.200000E-1	2.154756E0	5.540941E-1
2.400000E-1	2.062271E0	5.489575E-1
2.600000E-1	1.825496E0	7.035393E-1
2.800000E-1	1.941060E0	6.719698E-1
3.000000E-1	2.344281E0	5.496000E-1
3.200000E-1	2.657985E0	3.658766E-1
3.400000E-1	2.818339E0	1.151930E-1
3.600000E-1	3.040324E0	7.880834E-2
3.800000E-1	3.434982E0	1.331564E-1
4.000000E-1	3.878929E0	2.953036E-1
4.200000E-1	4.456082E0	3.168007E-1
4.400000E-1	4.929863E0	3.490579E-1
4.600000E-1	4.942647E0	4.000425E-1
4.800000E-1	4.722424E0	4.943932E-1
5.000000E-1	4.865156E0	4.672631E-1
5.200000E-1	4.768940E0	5.746258E-1
5.400000E-1	4.856463E0	3.906161E-1
5.600000E-1	4.868128E0	2.138793E-1
5.800000E-1	4.662780E0	-1.009283E-1
6.000000E-1	4.509002E0	-3.965370E-1
6.200000E-1	4.782965E0	-5.785181E-1
6.400000E-1	5.076814E0	-4.455594E-1
6.600000E-1	5.332486E0	-1.655059E-3
6.800000E-1	5.224562E0	9.812340E-2
7.000000E-1	5.134765E0	2.837800E-3
7.200000E-1	5.060555E0	-3.494759E-1
7.400000E-1	5.088538E0	-3.521475E-1
7.600000E-1	5.223539E0	-1.831753E-1
7.800000E-1	5.216218E0	-8.158066E-2
8.000000E-1	5.375376E0	8.695095E-3
8.200000E-1	5.654282E0	-1.791501E-1
8.400000E-1	5.692322E0	-2.495306E-1
8.600000E-1	5.905874E0	-3.921767E-1
8.800000E-1	6.438966E0	-4.269704E-1
9.000000E-1	7.063407E0	-4.539044E-1
9.200000E-1	7.561995E0	-5.679942E-1
9.400000E-1	7.755509E0	-8.565103E-1
9.600000E-1	7.659771E0	-9.202617E-1
9.800000E-1	7.405277E0	-7.831199E-1
1.000000E0	7.501668E0	-4.985940E-1
1.020000E0	7.769087E0	-1.835176E-1
1.040000E0	8.171652E0	-1.589533E-1
1.060000E0	8.201714E0	-2.863331E-1
1.080000E0	8.376390E0	-3.990385E-1
1.100000E0	8.538705E0	-2.764356E-1
1.120000E0	8.609722E0	-1.547874E-1
1.140000E0	8.706045E0	7.163711E-2
1.160000E0	8.879237E0	1.253747E-1
1.180000E0	9.054174E0	-3.208599E-2
1.200000E0	9.159079E0	-1.446990E-1
1.220000E0	9.139900E0	-2.542342E-1
1.240000E0	9.158118E0	-3.856059E-1
1.260000E0	9.207179E0	-3.749674E-1
1.280000E0	9.227104E0	-3.211991E-1
1.300000E0	9.227275E0	-3.729604E-1
1.320000E0	9.348309E0	-4.691880E-1
1.340000E0	9.575267E0	-5.929267E-1
1.360000E0	9.995293E0	-5.303462E-1
1.380000E0	1.009283E1	-5.091987E-1
1.400000E0	1.006538E1	-4.737662E-1
1.420000E0	1.000551E1	-4.740483E-1
1.440000E0	1.001313E1	-4.557133E-1
1.460000E0	1.000299E1	-4.355955E-1
1.480000E0	9.669617E0	-5.959613E-1
1.500000E0	9.630912E0	-6.833595E-1
1.520000E0	9.691720E0	-8.004041E-1
1.540000E0	9.665885E0	-7.973742E-1
1.560000E0	9.809371E0	-5.950015E-1
1.580000E0	1.003071E1	-1.609076E-1
1.600000E0	1.010634E1	2.436302E-1
1.620000E0	9.997177E0	2.961245E-1
1.640000E0	1.012340E1	2.140304E-1
1.660000E0	1.022545E1	3.114498E-2
1.680000E0	1.021220E1	5.142170E-2
1.700000E0	1.027626E1	1.271158E-1
1.720000E0	1.045708E1	2.173926E-1
1.740000E0	1.051301E1	1.842564E-1
1.760000E0	1.049385E1	2.575710E-2
1.780000E0	1.064170E1	-4.779813E-1
1.800000E0	1.087903E1	-6.718019E-1
1.820000E0	1.128765E1	-7.148275E-1
1.840000E0	1.172951E1	-7.021535E-1
1.860000E0	1.214732E1	-6.231427E-1
1.880000E0	1.230492E1	-3.940961E-1
1.900000E0	1.237667E1	-1.871748E-1
1.920000E0	1.233749E1	-4.816162E-2
1.940000E0	1.236695E1	2.091393E-1
1.960000E0	1.276577E1	2.156868E-1
1.980000E0	1.307740E1	1.705929E-1
2.000000E0	1.339934E1	-9.197665E-3
2.020000E0	1.358738E1	-9.039600E-2
2.040000E0	1.364782E1	-9.112291E-2
2.060000E0	1.366312E1	-1.191697E-1
2.080000E0	1.381550E1	-2.219423E-1
2.100000E0	1.394433E1	-4.413330E-1
2.120000E0	1.419260E1	-5.632579E-1
2.140000E0	1.441378E1	-4.616037E-1
2.160000E0	1.453289E1	-4.027537E-1
2.180000E0	1.457755E1	-4.559471E-1
2.200000E0	1.485365E1	-5.476569E-1
2.220000E0	1.502499E1	-5.652610E-1
2.240000E0	1.554238E1	-5.644977E-1
2.260000E0	1.634614E1	-5.980764E-1
2.280000E0	1.716474E1	-6.930778E-1
2.300000E0	1.765873E1	-6.708904E-1
2.320000E0	1.766676E1	-5.632572E-1
2.340000E0	1.748320E1	-2.567749E-1
2.360000E0	1.741512E1	-1.095410E-1
2.380000E0	1.747819E1	-1.424410E-1
2.400000E0	1.733675E1	-3.931245E-1
2.420000E0	1.711048E1	-9.125432E-1
2.440000E0	1.708463E1	-1.010017E0
2.460000E0	1.726104E1	-9.481125E-1
2.480000E0	1.759181E1	-6.263876E-1
2.500000E0	1.777332E1	-2.245964E-1
2.520000E0	1.752077E1	9.645385E-3
2.540000E0	1.755096E1	-3.018909E-3
2.560000E0	1.755532E1	-5.325640E-3
2.580000E0	1.765487E1	-4.623845E-2
2.600000E0	1.807452E1	-2.441645E-2
2.620000E0	1.821608E1	-6.803894E-3
2.640000E0	1.822848E1	-8.809775E-2
2.660000E0	1.814513E1	-3.464574E-1
2.680000E0	1.805706E1	-6.418849E-1
2.700000E0	1.814588E1	-6.836542E-1
2.720000E0	1.831016E1	-6.227793E-1
2.740000E0	1.831062E1	-6.042463E-1
2.760000E0	1.829635E1	-6.076344E-1
2.780000E0	1.847444E1	-7.507632E-1
2.800000E0	1.856696E1	-7.172666E-1
2.820000E0	1.874194E1	-6.253017E-1
2.840000E0	1.873456E1	-4.486130E-1
2.860000E0	1.888079E1	-2.824983E-1
2.880000E0	1.898418E1	-3.367441E-1
2.900000E0	1.926548E1	-4.304930E-1
2.920000E0	1.934651E1	-4.827880E-1
2.940000E0	1.958657E1	-5.433723E-1
2.960000E0	1.984736E1	-4.338281E-1
2.980000E0	2.002848E1	-3.963358E-1
3.000000E0	2.019944E1	-3.816494E-1
3.020000E0	2.024641E1	-3.609456E-1
3.040000E0	2.023058E1	-3.666566E-1
3.060000E0	2.026251E1	-3.313854E-1
3.080000E0	2.047492E1	-2.325443E-1
3.100000E0	2.050392E1	-1.559613E-1
3.120000E0	2.093060E1	-1.071098E-1
3.140000E0	2.116855E1	-1.977335E-1
3.160000E0	2.141494E1	-6.180359E-2
3.180000E0	2.170341E1	-2.074203E-1
3.200000E0	2.215641E1	-4.368657E-1
3.220000E0	2.236159E1	-7.266153E-1
3.240000E0	2.237069E1	-7.645331E-1
3.260000E0	2.229748E1	-8.228927E-1
3.280000E0	2.233820E1	-7.376367E-1
3.300000E0	2.235445E1	-5.668413E-1
3.320000E0	2.234953E1	-5.208976E-1
3.340000E0	2.230521E1	-6.043508E-1
3.360000E0	2.230297E1	-7.880550E-1
3.380000E0	2.233029E1	-8.924265E-1
3.400000E0	2.277982E1	-7.719545E-1
3.420000E0	2.313956E1	-3.675897E-1
3.440000E0	2.299343E1	-9.343172E-2
3.460000E0	2.282837E1	-1.556073E-1
3.480000E0	2.286173E1	-5.588704E-1
3.500000E0	2.299215E1	-1.024411E0
3.520000E0	2.303099E1	-1.213443E0
3.540000E0	2.300789E1	-1.131364E0
3.560000E0	2.308015E1	-9.011455E-1
3.580000E0	2.319024E1	-8.954883E-1
3.600000E0	2.311715E1	-1.036072E0
3.620000E0	2.302901E1	-1.390683E0
3.640000E0	2.316811E1	-1.512776E0
3.660000E0	2.336001E1	-1.405825E0
3.680000E0	2.355091E1	-1.354983E0
3.700000E0	2.395967E1	-1.473762E0
3.720000E0	2.462539E1	-1.650417E0
3.740000E0	2.531927E1	-1.802925E0
3.760000E0	2.566037E1	-1.797392E0
3.780000E0	2.587461E1	-1.456100E0
3.800000E0	2.599806E1	-9.294593E-1
3.820000E0	2.630056E1	-7.834476E-1
3.840000E0	2.663068E1	-1.048040E0
3.860000E0	2.687220E1	-1.543940E0
3.880000E0	2.684745E1	-1.753285E0
3.900000E0	2.683071E1	-1.533594E0
3.920000E0	2.697027E1	-1.202786E0
3.940000E0	2.716841E1	-1.005240E0
3.960000E0	2.736603E1	-1.037251E0
3.980000E0	2.739784E1	-1.014660E0
4.000000E0	2.751074E1	-9.228807E-1
4.020000E0	2.751685E1	-9.213443E-1
4.040000E0	2.794219E1	-9.431670E-1
4.060000E0	2.832823E1	-1.030588E0
4.080000E0	2.857515E1	-1.200792E0
4.100000E0	2.881523E1	-1.442089E0
4.120000E0	2.904961E1	-1.669122E0
4.140000E0	2.900218E1	-1.644414E0
4.160000E0	2.892089E1	-1.512606E0
4.180000E0	2.893138E1	-1.428722E0
4.200000E0	2.889907E1	-1.417086E0
4.220000E0	2.888320E1	-1.472362E0
4.240000E0	2.869527E1	-1.697094E0
4.260000E0	2.872186E1	-1.848941E0
4.280000E0	2.875552E1	-1.948724E0
4.300000E0	2.881622E1	-1.916209E0
4.320000E0	2.890311E1	-1.702635E0
4.340000E0	2.902973E1	-1.394899E0
4.360000E0	2.899693E1	-1.342270E0
4.380000E0	2.888905E1	-1.389352E0
4.400000E0	2.889657E1	-1.427350E0
4.420000E0	2.892920E1	-1.457199E0
4.440000E0	2.894020E1	-1.361319E0
4.460000E0	2.899666E1	-1.314802E0
4.480000E0	2.907182E1	-1.260692E0
4.500000E0	2.903054E1	-1.200203E0
4.520000E0	2.900818E1	-1.192640E0
4.540000E0	2.903113E1	-1.173597E0
4.560000E0	2.943830E1	-1.252827E0
4.580000E0	2.985241E1	-1.250982E0
4.600000E0	3.014090E1	-1.507105E0
4.620000E0	3.020283E1	-1.606405E0
4.640000E0	3.024655E1	-1.541197E0
4.660000E0	3.033587E1	-1.379750E0
4.680000E0	3.046839E1	-1.235285E0
4.700000E0	3.081267E1	-1.034703E0
4.720000E0	3.126440E1	-1.032491E0
4.740000E0	3.147653E1	-1.066381E0
4.760000E0	3.189443E1	-1.066234E0
4.780000E0	3.214883E1	-1.058027E0
4.800000E0	3.229403E1	-1.060502E0
4.820000E0	3.250182E1	-9.611322E-1
4.840000E0	3.261037E1	-8.203617E-1
4.860000E0	3.256356E1	-8.282447E-1
4.880000E0	3.251062E1	-8.420855E-1
4.900000E0	3.255378E1	-9.093495E-1
4.920000E0	3.274410E1	-1.072276E0
4.940000E0	3.291282E1	-1.107128E0
4.960000E0	3.334284E1	-1.188082E0
4.980000E0	3.365696E1	-1.376423E0
5.000000E0	3.399779E1	-1.639848E0
5.020000E0	3.441102E1	-1.700887E0
5.040000E0	3.490098E1	-1.714361E0
5.060000E0	3.491025E1	-1.686948E0
5.080000E0	3.487977E1	-1.616909E0
5.100000E0	3.489809E1	-1.589039E0
5.120000E0	3.491517E1	-1.533212E0
5.140000E0	3.492983E1	-1.543825E0
5.160000E0	3.485153E1	-1.675639E0
5.180000E0	3.472642E1	-1.771696E0
5.200000E0	3.480246E1	-1.884684E0
5.220000E0	3.514362E1	-1.873515E0
5.240000E0	3.555021E1	-1.657330E0
5.260000E0	3.623186E1	-1.212583E0
5.280000E0	3.647189E1	-8.570374E-1
5.300000E0	3.607213E1	-8.616796E-1
5.320000E0	3.615458E1	-1.175859E0
5.340000E0	3.623133E1	-1.492196E0
5.360000E0	3.631340E1	-1.453893E0
5.380000E0	3.642263E1	-1.357730E0
5.400000E0	3.647001E1	-1.380164E0
5.420000E0	3.647363E1	-1.492983E0
5.440000E0	3.640769E1	-1.502394E0
5.460000E0	3.636881E1	-1.429003E0
5.480000E0	3.640210E1	-1.310662E0
5.500000E0	3.657781E1	-1.301960E0
5.520000E0	3.704645E1	-1.429457E0
5.540000E0	3.744925E1	-1.658918E0
5.560000E0	3.787909E1	-1.888987E0
5.580000E0	3.781774E1	-2.126232E0
5.600000E0	3.753277E1	-2.076346E0
5.620000E0	3.763508E1	-1.839745E0
5.640000E0	3.781380E1	-1.616473E0
5.660000E0	3.806173E1	-1.700429E0
5.680000E0	3.787604E1	-1.759805E0
5.700000E0	3.788375E1	-1.764898E0
5.720000E0	3.801792E1	-1.671256E0
5.740000E0	3.840968E1	-1.631451E0
5.760000E0	3.846114E1	-1.620430E0
5.780000E0	3.846632E1	-1.601425E0
5.800000E0	3.847791E1	-1.552314E0
5.820000E0	3.851576E1	-1.521667E0
5.840000E0	3.851983E1	-1.472811E0
5.860000E0	3.849059E1	-1.438115E0
5.880000E0	3.869762E1	-1.394580E0
5.900000E0	3.874699E1	-1.376438E0
5.920000E0	3.878155E1	-1.387090E0
5.940000E0	3.912186E1	-1.408594E0
5.960000E0	3.966659E1	-1.565830E0
5.980000E0	4.008351E1	-1.658090E0
6.000000E0	4.013766E1	-1.580631E0
6.020000E0	3.993098E1	-1.337481E0
6.040000E0	4.014292E1	-1.282610E0
6.060000E0	4.024968E1	-1.348256E0
6.080000E0	4.013509E1	-1.487981E0
6.100000E0	4.003234E1	-1.611725E0
6.120000E0	4.010933E1	-1.806609E0
6.140000E0	4.034574E1	-2.084952E0
6.160000E0	4.068552E1	-2.237801E0
6.180000E0	4.092816E1	-2.060733E0
6.200000E0	4.115637E1	-1.577875E0
6.220000E0	4.106848E1	-1.177771E0
6.240000E0	4.104476E1	-1.118421E0
6.260000E0	4.108285E1	-1.289109E0
6.280000E0	4.113701E1	-1.437514E0
6.300000E0	4.114533E1	-1.469427E0
6.320000E0	4.133622E1	-1.325166E0
6.340000E0	4.156912E1	-1.217559E0
6.360000E0	4.161305E1	-1.150120E0
6.380000E0	4.160382E1	-1.207477E0
6.400000E0	4.171674E1	-1.532779E0
6.420000E0	4.191816E1	-1.824831E0
6.440000E0	4.245173E1	-2.136196E0
6.460000E0	4.280800E1	-2.330585E0
6.480000E0	4.306371E1	-2.399136E0
6.500000E0	4.312454E1	-2.387888E0
6.520000E0	4.312033E1	-2.305874E0
6.540000E0	4.313077E1	-2.268936E0
6.560000E0	4.342681E1	-2.107427E0
6.580000E0	4.391699E1	-2.099038E0
6.600000E0	4.417572E1	-2.108561E0
6.620000E0	4.458332E1	-2.119982E0
6.640000E0	4.504688E1	-2.100438E0
6.660000E0	4.556007E1	-2.106484E0
6.680000E0	4.584532E1	-2.008337E0
6.700000E0	4.611084E1	-1.842236E0
6.720000E0	4.628817E1	-1.622506E0
6.740000E0	4.667760E1	-1.471148E0
6.760000E0	4.717366E1	-1.482635E0
6.780000E0	4.745499E1	-1.707395E0
6.800000E0	4.744872E1	-2.043099E0
6.820000E0	4.743540E1	-2.124437E0
6.840000E0	4.775379E1	-2.134948E0
6.860000E0	4.799273E1	-2.080182E0
6.880000E0	4.827068E1	-2.067272E0
6.900000E0	4.841312E1	-2.016070E0
6.920000E0	4.826483E1	-1.976385E0
6.940000E0	4.805722E1	-1.791519E0
6.960000E0	4.808267E1	-1.747066E0
6.980000E0	4.831367E1	-1.503148E0
7.000000E0	4.822434E1	-1.583883E0
7.020000E0	4.807069E1	-1.813704E0
7.040000E0	4.801224E1	-2.252167E0
7.060000E0	4.820965E1	-2.459916E0
7.080000E0	4.829442E1	-2.370774E0
7.100000E0	4.842984E1	-2.025311E0
7.120000E0	4.849110E1	-1.734417E0
7.140000E0	4.852839E1	-1.682927E0
7.160000E0	4.852903E1	-1.901196E0
7.180000E0	4.857593E1	-1.986460E0
7.200000E0	4.859730E1	-1.963247E0
7.220000E0	4.863099E1	-1.942306E0
7.240000E0	4.862866E1	-1.970884E0
7.260000E0	4.862378E1	-1.993232E0
7.280000E0	4.859941E1	-1.993294E0
7.300000E0	4.852854E1	-2.018297E0
7.320000E0	4.855918E1	-2.047394E0
7.340000E0	4.863407E1	-2.063164E0
7.360000E0	4.882479E1	-1.999694E0
7.380000E0	4.888439E1	-1.967286E0
7.400000E0	4.903282E1	-1.987643E0
7.420000E0	4.914124E1	-2.011938E0
7.440000E0	4.944909E1	-1.941057E0
7.460000E0	4.952293E1	-1.817537E0
7.480000E0	4.987105E1	-1.583263E0
7.500000E0	5.014223E1	-1.578586E0
7.520000E0	5.054332E1	-1.693126E0
7.540000E0	5.097964E1	-1.695643E0
7.560000E0	5.105532E1	-1.716912E0
7.580000E0	5.105483E1	-1.684112E0
7.600000E0	5.108645E1	-1.684629E0
7.620000E0	5.114886E1	-1.777225E0
7.640000E0	5.136080E1	-1.904830E0
7.660000E0	5.148360E1	-1.883251E0
7.680000E0	5.169299E1	-1.853033E0
7.700000E0	5.177899E1	-1.770302E0
7.720000E0	5.200030E1	-1.697610E0
7.740000E0	5.232212E1	-1.628292E0
7.760000E0	5.264257E1	-1.604349E0
7.780000E0	5.303984E1	-1.460249E0
7.800000E0	5.342064E1	-1.391744E0
7.820000E0	5.350933E1	-1.366710E0
7.840000E0	5.357323E1	-1.346034E0
7.860000E0	5.357573E1	-1.393251E0
7.880000E0	5.355059E1	-1.506924E0
7.900000E0	5.364394E1	-1.779809E0
7.920000E0	5.370871E1	-2.218404E0
7.940000E0	5.360053E1	-2.453535E0
7.960000E0	5.362059E1	-2.554726E0
7.980000E0	5.364853E1	-2.557557E0
8.000000E0	5.377348E1	-2.463154E0
8.020000E0	5.395819E1	-2.321502E0
8.040000E0	5.402243E1	-2.169675E0
8.060000E0	5.404016E1	-2.101200E0
8.080000E0	5.404014E1	-2.126627E0
8.100000E0	5.407505E1	-2.161097E0
8.120000E0	5.412869E1	-2.139267E0
8.140000E0	5.423921E1	-2.068851E0
8.160000E0	5.460612E1	-2.034452E0
8.180000E0	5.507245E1	-1.976030E0
8.200000E0	5.548328E1	-1.914993E0
8.220000E0	5.571414E1	-1.816468E0
8.240000E0	5.580046E1	-1.824154E0
8.260000E0	5.596936E1	-2.006097E0
8.280000E0	5.629243E1	-2.350950E0
8.300000E0	5.639590E1	-2.776530E0
8.320000E0	5.638515E1	-2.732655E0
8.340000E0	5.641324E1	-2.493030E0
8.360000E0	5.634218E1	-2.282544E0
8.380000E0	5.643297E1	-2.078037E0
8.400000E0	5.679937E1	-1.903966E0
8.420000E0	5.714063E1	-1.825508E0
8.440000E0	5.731884E1	-1.873617E0
8.460000E0	5.753856E1	-1.970346E0
8.480000E0	5.792629E1	-1.993312E0
8.500000E0	5.803412E1	-2.056280E0
8.520000E0	5.823541E1	-2.182741E0
8.540000E0	5.826650E1	-2.405223E0
8.560000E0	5.823828E1	-2.487775E0
8.580000E0	5.822629E1	-2.409199E0
8.600000E0	5.829375E1	-2.350223E0
8.620000E0	5.828258E1	-2.374954E0
8.640000E0	5.829014E1	-2.429910E0
8.660000E0	5.829243E1	-2.454965E0
8.680000E0	5.837042E1	-2.438012E0
8.700000E0	5.848584E1	-2.454692E0
8.720000E0	5.881259E1	-2.515603E0
8.740000E0	5.897592E1	-2.579606E0
8.760000E0	5.891027E1	-2.554856E0
8.780000E0	5.882975E1	-2.406090E0
8.800000E0	5.880170E1	-2.387694E0
8.820000E0	5.883361E1	-2.334023E0
8.840000E0	5.881416E1	-2.362292E0
8.860000E0	5.870383E1	-2.456927E0
8.880000E0	5.856781E1	-2.771524E0
8.900000E0	5.862125E1	-2.836145E0
8.920000E0	5.873478E1	-2.784076E0
8.940000E0	5.915392E1	-2.257460E0
8.960000E0	5.940543E1	-1.569845E0
8.980000E0	5.940507E1	-1.274786E0
9.000000E0	5.934442E1	-1.349223E0
9.020000E0	5.926591E1	-1.630833E0
9.040000E0	5.930622E1	-1.802301E0
9.060000E0	5.931259E1	-1.840521E0
9.080000E0	5.939900E1	-1.814088E0
9.100000E0	5.981117E1	-1.881215E0
9.120000E0	6.007663E1	-2.089694E0
9.140000E0	6.010883E1	-2.175353E0
9.160000E0	6.010558E1	-2.161351E0
9.180000E0	6.033143E1	-2.119293E0
9.200000E0	6.077542E1	-2.099437E0
9.220000E0	6.124191E1	-2.143526E0
9.240000E0	6.169336E1	-2.163981E0
9.260000E0	6.175977E1	-2.139768E0
9.280000E0	6.183034E1	-1.950034E0
9.300000E0	6.188497E1	-1.739622E0
9.320000E0	6.192927E1	-1.488361E0
9.340000E0	6.212217E1	-1.477975E0
9.360000E0	6.237883E1	-1.688828E0
9.380000E0	6.276050E1	-1.919351E0
9.400000E0	6.306472E1	-2.230520E0
9.420000E0	6.329437E1	-2.355378E0
9.440000E0	6.337503E1	-2.420802E0
9.460000E0	6.355723E1	-2.363138E0
9.480000E0	6.366842E1	-2.402448E0
9.500000E0	6.379340E1	-2.444068E0
9.520000E0	6.405050E1	-2.478228E0
9.540000E0	6.405948E1	-2.466020E0
9.560000E0	6.403153E1	-2.446792E0
9.580000E0	6.442520E1	-2.414050E0
9.600000E0	6.481957E1	-2.438973E0
9.620000E0	6.537031E1	-2.505863E0
9.640000E0	6.613077E1	-2.589484E0
9.660000E0	6.682627E1	-2.461452E0
9.680000E0	6.700944E1	-2.167390E0
9.700000E0	6.689595E1	-1.873357E0
9.720000E0	6.684780E1	-1.891983E0
9.740000E0	6.687117E1	-2.051517E0
9.760000E0	6.692021E1	-2.436040E0
9.780000E0	6.669569E1	-2.708373E0
9.800000E0	6.658899E1	-2.728698E0
9.820000E0	6.656194E1	-2.681176E0
9.840000E0	6.655065E1	-2.580791E0
9.860000E0	6.648569E1	-2.453290E0
9.880000E0	6.655086E1	-2.190134E0
9.900000E0	6.680093E1	-1.814352E0
9.920000E0	6.673297E1	-1.662628E0
9.940000E0	6.680557E1	-1.559095E0
9.960000E0	6.688874E1	-1.620409E0
9.980000E0	6.700900E1	-1.734417E0
1.000000E1	6.706206E1	-1.890935E0
1.002000E1	6.708676E1	-2.165193E0
1.004000E1	6.699357E1	-2.225877E0
1.006000E1	6.690015E1	-2.092911E0
1.008000E1	6.689545E1	-2.066393E0
1.010000E1	6.692101E1	-2.145674E0
1.012000E1	6.702176E1	-2.342698E0
1.014000E1	6.709968E1	-2.478100E0
1.016000E1	6.731106E1	-2.476334E0
1.018000E1	6.738833E1	-2.481816E0
1.020000E1	6.741373E1	-2.464630E0
1.022000E1	6.740951E1	-2.389981E0
1.024000E1	6.748196E1	-2.322198E0
1.026000E1	6.774547E1	-2.214659E0
1.028000E1	6.779118E1	-2.140294E0
1.030000E1	6.787171E1	-2.087462E0
1.032000E1	6.799710E1	-2.039549E0
1.034000E1	6.840889E1	-1.964947E0
1.036000E1	6.857832E1	-1.908805E0
1.038000E1	6.862691E1	-1.966777E0
1.040000E1	6.876745E1	-1.924212E0
1.042000E1	6.879314E1	-1.831174E0
1.044000E1	6.883193E1	-1.777306E0
1.046000E1	6.912841E1	-1.659677E0
1.048000E1	6.940725E1	-1.655949E0
1.050000E1	6.969706E1	-1.577170E0
1.052000E1	6.993375E1	-1.603032E0
1.054000E1	7.011275E1	-1.507734E0
1.056000E1	7.029798E1	-1.524993E0
1.058000E1	7.081083E1	-1.557287E0
1.060000E1	7.114335E1	-1.808741E0
1.062000E1	7.112281E1	-1.966539E0
1.064000E1	7.104749E1	-1.988433E0
1.066000E1	7.101532E1	-1.947408E0
1.068000E1	7.098793E1	-1.824926E0
1.070000E1	7.099814E1	-1.840187E0
1.072000E1	7.099655E1	-1.893442E0
1.074000E1	7.097037E1	-1.973534E0
1.076000E1	7.101182E1	-2.136058E0
1.078000E1	7.137966E1	-2.117046E0
1.080000E1	7.175083E1	-1.805935E0
1.082000E1	7.184099E1	-1.393181E0
1.084000E1	7.164254E1	-1.239555E0
1.086000E1	7.157369E1	-1.269665E0
1.088000E1	7.167075E1	-1.774973E0
1.090000E1	7.180751E1	-2.421767E0
1.092000E1	7.200794E1	-2.619848E0
1.094000E1	7.219095E1	-2.516518E0
1.096000E1	7.238712E1	-2.341327E0
1.098000E1	7.252418E1	-2.385144E0
1.100000E1	7.240414E1	-2.551627E0
1.102000E1	7.244108E1	-2.720238E0
1.104000E1	7.253805E1	-2.685292E0
1.106000E1	7.258237E1	-2.647119E0
1.108000E1	7.288012E1	-2.675964E0
1.110000E1	7.337573E1	-2.701369E0
1.112000E1	7.394637E1	-2.814156E0
1.114000E1	7.449895E1	-2.875559E0
1.116000E1	7.487205E1	-2.584701E0
1.118000E1	7.509418E1	-2.066573E0
1.120000E1	7.537758E1	-1.789827E0
1.122000E1	7.587788E1	-1.850597E0
1.124000E1	7.614454E1	-2.177311E0
1.126000E1	7.632952E1	-2.700522E0
1.128000E1	7.628165E1	-2.814763E0
1.130000E1	7.633725E1	-2.738563E0
1.132000E1	7.642627E1	-2.385784E0
1.134000E1	7.656600E1	-2.350568E0
1.136000E1	7.685245E1	-2.292883E0
1.138000E1	7.697242E1	-2.254335E0
1.140000E1	7.707485E1	-2.063518E0
1.142000E1	7.714829E1	-2.018689E0
1.144000E1	7.753364E1	-2.026621E0
1.146000E1	7.780865E1	-2.239551E0
1.148000E1	7.816278E1	-2.510870E0
1.150000E1	7.862680E1	-2.726864E0
1.152000E1	7.856876E1	-2.594925E0
1.154000E1	7.846535E1	-2.458767E0
1.156000E1	7.849604E1	-2.466709E0
1.158000E1	7.844970E1	-2.495163E0
1.160000E1	7.840010E1	-2.508457E0
1.162000E1	7.838467E1	-2.565583E0
1.164000E1	7.834706E1	-2.668053E0
1.166000E1	7.831804E1	-2.884572E0
1.168000E1	7.836717E1	-2.938145E0
1.170000E1	7.843366E1	-2.806345E0
1.172000E1	7.844477E1	-2.660739E0
1.174000E1	7.861274E1	-2.351360E0
1.176000E1	7.854949E1	-2.351929E0
1.178000E1	7.851310E1	-2.387180E0
1.180000E1	7.850552E1	-2.431197E0
1.182000E1	7.850669E1	-2.415486E0
1.184000E1	7.857199E1	-2.324883E0
1.186000E1	7.863613E1	-2.263855E0
1.188000E1	7.864599E1	-2.131411E0
1.190000E1	7.860585E1	-2.059557E0
1.192000E1	7.854688E1	-2.027693E0
1.194000E1	7.866169E1	-2.103379E0
1.196000E1	7.911035E1	-2.093836E0
1.198000E1	7.945019E1	-2.202348E0
1.200000E1	7.963693E1	-2.286939E0
1.202000E1	7.962369E1	-2.319257E0
1.204000E1	7.956260E1	-2.262985E0
1.206000E1	7.954431E1	-2.117046E0
1.208000E1	7.954667E1	-2.069387E0
1.210000E1	7.986617E1	-2.087889E0
1.212000E1	8.034985E1	-2.174755E0
1.214000E1	8.087306E1	-2.156162E0
1.216000E1	8.137600E1	-2.096693E0
1.218000E1	8.163177E1	-1.959021E0
1.220000E1	8.169726E1	-1.960750E0
1.222000E1	8.171885E1	-1.942431E0
1.224000E1	8.170982E1	-1.910046E0
1.226000E1	8.170669E1	-1.815600E0
1.228000E1	8.185879E1	-1.590823E0
1.230000E1	8.191747E1	-1.540065E0
1.232000E1	8.214783E1	-1.637894E0
1.234000E1	8.219912E1	-1.784669E0
1.236000E1	8.254540E1	-2.204298E0
1.238000E1	8.294856E1	-2.548841E0
1.240000E1	8.346813E1	-2.577493E0
1.242000E1	8.397796E1	-2.525687E0
1.244000E1	8.427160E1	-2.378553E0
1.246000E1	8.416907E1	-2.399461E0
1.248000E1	8.412227E1	-2.478265E0
1.250000E1	8.412954E1	-2.536857E0
1.252000E1	8.412374E1	-2.512018E0
1.254000E1	8.411903E1	-2.501757E0
1.256000E1	8.408699E1	-2.557822E0
1.258000E1	8.402761E1	-2.677355E0
1.260000E1	8.410215E1	-2.691808E0
1.262000E1	8.459507E1	-2.597540E0
1.264000E1	8.534275E1	-2.224131E0
1.266000E1	8.598213E1	-1.615233E0
1.268000E1	8.580773E1	-1.258782E0
1.270000E1	8.557054E1	-1.255922E0
1.272000E1	8.567888E1	-1.751375E0
1.274000E1	8.568030E1	-2.267994E0
1.276000E1	8.574189E1	-2.282965E0
1.278000E1	8.574728E1	-2.216421E0
1.280000E1	8.573323E1	-1.967286E0
1.282000E1	8.560782E1	-2.030705E0
1.284000E1	8.546130E1	-1.980230E0
1.286000E1	8.550526E1	-1.979933E0
1.288000E1	8.581255E1	-1.990950E0
1.290000E1	8.623675E1	-2.007203E0
1.292000E1	8.674404E1	-2.033183E0
1.294000E1	8.722058E1	-2.134335E0
1.296000E1	8.741302E1	-2.377465E0
1.298000E1	8.730582E1	-2.608675E0
1.300000E1	8.710442E1	-2.552202E0
1.302000E1	8.741855E1	-2.229788E0
1.304000E1	8.757048E1	-2.059466E0
1.306000E1	8.765157E1	-2.119489E0
1.308000E1	8.765108E1	-2.227391E0
1.310000E1	8.767415E1	-2.235153E0
1.312000E1	8.782446E1	-2.135131E0
1.314000E1	8.812004E1	-2.073850E0
1.316000E1	8.811884E1	-2.052741E0
1.318000E1	8.811790E1	-2.073411E0
1.320000E1	8.804390E1	-2.044233E0
1.322000E1	8.805826E1	-1.994124E0
1.324000E1	8.808168E1	-1.964394E0
1.326000E1	8.812867E1	-1.933146E0
1.328000E1	8.818976E1	-1.891216E0
1.330000E1	8.835448E1	-1.805412E0
1.332000E1	8.839935E1	-1.792997E0
1.334000E1	8.884215E1	-1.852280E0
1.336000E1	8.921613E1	-1.964087E0
1.338000E1	8.926431E1	-1.939153E0
1.340000E1	8.927935E1	-1.724474E0
1.342000E1	8.919199E1	-1.478814E0
1.344000E1	8.922781E1	-1.440037E0
1.346000E1	8.926463E1	-1.438709E0
1.348000E1	8.935280E1	-1.616192E0
1.350000E1	8.932036E1	-1.717703E0
1.352000E1	8.929203E1	-1.717716E0
1.354000E1	8.948078E1	-1.781310E0
1.356000E1	9.004211E1	-1.891970E0
1.358000E1	9.028147E1	-1.928304E0
1.360000E1	9.031321E1	-1.887007E0
1.362000E1	9.018157E1	-1.900416E0
1.364000E1	9.019216E1	-1.933047E0
1.366000E1	9.023119E1	-1.900737E0
1.368000E1	9.038965E1	-1.757216E0
1.370000E1	9.050446E1	-1.635568E0
1.372000E1	9.065736E1	-1.610462E0
1.374000E1	9.072788E1	-1.580702E0
1.376000E1	9.068355E1	-1.546810E0
1.378000E1	9.071850E1	-1.575595E0
1.380000E1	9.095677E1	-1.760061E0
1.382000E1	9.126108E1	-2.089240E0
1.384000E1	9.161221E1	-2.488482E0
1.386000E1	9.201949E1	-2.651095E0
1.388000E1	9.214286E1	-2.672971E0
1.390000E1	9.215594E1	-2.627315E0
1.392000E1	9.205752E1	-2.575689E0
1.394000E1	9.209072E1	-2.533184E0
1.396000E1	9.243619E1	-2.494337E0
1.398000E1	9.288852E1	-2.582965E0
1.400000E1	9.323834E1	-2.571858E0
1.402000E1	9.363838E1	-2.585349E0
1.404000E1	9.402438E1	-2.520619E0
1.406000E1	9.454194E1	-2.445044E0
1.408000E1	9.476640E1	-2.306635E0
1.410000E1	9.489857E1	-2.233612E0
1.412000E1	9.520352E1	-2.022033E0
1.414000E1	9.560659E1	-1.848095E0
1.416000E1	9.603412E1	-1.882902E0
1.418000E1	9.624151E1	-2.094187E0
1.420000E1	9.642161E1	-2.553469E0
1.422000E1	9.649518E1	-2.736050E0
1.424000E1	9.664468E1	-2.643568E0
1.426000E1	9.698328E1	-2.444889E0
1.428000E1	9.736890E1	-2.313078E0
1.430000E1	9.736076E1	-2.282897E0
1.432000E1	9.730907E1	-2.292603E0
1.434000E1	9.723858E1	-2.264626E0
1.436000E1	9.721814E1	-2.143965E0
1.438000E1	9.721878E1	-2.067235E0
1.440000E1	9.720999E1	-2.068461E0
1.442000E1	9.705186E1	-2.229956E0
1.444000E1	9.717392E1	-2.495145E0
1.446000E1	9.752895E1	-2.712042E0
1.448000E1	9.767690E1	-2.612596E0
1.450000E1	9.771004E1	-2.220577E0
1.452000E1	9.764986E1	-2.050893E0
1.454000E1	9.767423E1	-2.072617E0
1.456000E1	9.766895E1	-2.293613E0
1.458000E1	9.773368E1	-2.392444E0
1.460000E1	9.778194E1	-2.364596E0
1.462000E1	9.778349E1	-2.386459E0
1.464000E1	9.781651E1	-2.397426E0
1.466000E1	9.776941E1	-2.433813E0
1.468000E1	9.765828E1	-2.476084E0
1.470000E1	9.765335E1	-2.507491E0
1.472000E1	9.772767E1	-2.529009E0
1.474000E1	9.809226E1	-2.539726E0
1.476000E1	9.832627E1	-2.518481E0
1.478000E1	9.853670E1	-2.469190E0
1.480000E1	9.859603E1	-2.447271E0
1.482000E1	9.871342E1	-2.438843E0
1.484000E1	9.889234E1	-2.259944E0
1.486000E1	9.898746E1	-1.874336E0
1.488000E1	9.933016E1	-1.611827E0
1.490000E1	9.976823E1	-1.543223E0
1.492000E1	1.002093E2	-1.603243E0
1.494000E1	1.005898E2	-1.910655E0
1.496000E1	1.007440E2	-2.113688E0
1.498000E1	1.007459E2	-2.090090E0
1.500000E1	1.006873E2	-1.999064E0
1.502000E1	1.007299E2	-1.989059E0
1.504000E1	1.009461E2	-2.043685E0
1.506000E1	1.011818E2	-2.022704E0
1.508000E1	1.015240E2	-2.058374E0
1.510000E1	1.017433E2	-1.916558E0
1.512000E1	1.020197E2	-1.794543E0
1.514000E1	1.022968E2	-1.755806E0
1.516000E1	1.026555E2	-1.590106E0
1.518000E1	1.030765E2	-1.547651E0
1.520000E1	1.033625E2	-1.410180E0
1.522000E1	1.033751E2	-1.421365E0
1.524000E1	1.033174E2	-1.445960E0
1.526000E1	1.032897E2	-1.484772E0
1.528000E1	1.033072E2	-1.580123E0
1.530000E1	1.034220E2	-1.961962E0
1.532000E1	1.034169E2	-2.494239E0
1.534000E1	1.033114E2	-2.855557E0
1.536000E1	1.033468E2	-2.970810E0
1.538000E1	1.033962E2	-2.846981E0
1.540000E1	1.036514E2	-2.640112E0
1.542000E1	1.038429E2	-2.364932E0
1.544000E1	1.038367E2	-2.307424E0
1.546000E1	1.038409E2	-2.378294E0
1.548000E1	1.038354E2	-2.519477E0
1.550000E1	1.038782E2	-2.555988E0
1.552000E1	1.039298E2	-2.502825E0
1.554000E1	1.042658E2	-2.364428E0
1.556000E1	1.047622E2	-2.237355E0
1.558000E1	1.052794E2	-2.091959E0
1.560000E1	1.057697E2	-1.985866E0
1.562000E1	1.057900E2	-1.978367E0
1.564000E1	1.058655E2	-2.123919E0
1.566000E1	1.060642E2	-2.553623E0
1.568000E1	1.062019E2	-2.914526E0
1.570000E1	1.063198E2	-3.217413E0
1.572000E1	1.064490E2	-3.112948E0
1.574000E1	1.065324E2	-2.781462E0
1.576000E1	1.065619E2	-2.405925E0
1.578000E1	1.066272E2	-2.022123E0
1.580000E1	1.070423E2	-1.791577E0
1.582000E1	1.074273E2	-1.842944E0
1.584000E1	1.076559E2	-2.009529E0
1.586000E1	1.079977E2	-2.218005E0
1.588000E1	1.080816E2	-2.350936E0
1.590000E1	1.081488E2	-2.454830E0
1.592000E1	1.082314E2	-2.576780E0
1.594000E1	1.082417E2	-2.659639E0
1.596000E1	1.082781E2	-2.637375E0
1.598000E1	1.083274E2	-2.498160E0
1.600000E1	1.083554E2	-2.467855E0
1.602000E1	1.083466E2	-2.492437E0
1.604000E1	1.084169E2	-2.538627E0
1.606000E1	1.084700E2	-2.546286E0
1.608000E1	1.086186E2	-2.523961E0
1.610000E1	1.090672E2	-2.571866E0
1.612000E1	1.093638E2	-2.610255E0
1.614000E1	1.094167E2	-2.518391E0
1.616000E1	1.093275E2	-2.406680E0
1.618000E1	1.092924E2	-2.400283E0
1.620000E1	1.093014E2	-2.428007E0
1.622000E1	1.093175E2	-2.438592E0
1.624000E1	1.093074E2	-2.452546E0
1.626000E1	1.092369E2	-2.535656E0
1.628000E1	1.091670E2	-2.768282E0
1.630000E1	1.092334E2	-2.741269E0
1.632000E1	1.094291E2	-2.549587E0
1.634000E1	1.097287E2	-1.926824E0
1.636000E1	1.099582E2	-1.277641E0
1.638000E1	1.101269E2	-1.079981E0
1.640000E1	1.100841E2	-1.122790E0
1.642000E1	1.100368E2	-1.481075E0
1.644000E1	1.100461E2	-1.822885E0
1.646000E1	1.100399E2	-1.876120E0
1.648000E1	1.102662E2	-1.761359E0
1.650000E1	1.107624E2	-1.686811E0
1.652000E1	1.110561E2	-1.816776E0
1.654000E1	1.110475E2	-2.057227E0
1.656000E1	1.110327E2	-2.166272E0
1.658000E1	1.112511E2	-2.180572E0
1.660000E1	1.117689E2	-2.157432E0
1.662000E1	1.122648E2	-2.127286E0
1.664000E1	1.125663E2	-2.108045E0
1.666000E1	1.126240E2	-1.995489E0
1.668000E1	1.126563E2	-1.865332E0
1.670000E1	1.127194E2	-1.695138E0
1.672000E1	1.128129E2	-1.489060E0
1.674000E1	1.131617E2	-1.555260E0
1.676000E1	1.133023E2	-1.777784E0
1.678000E1	1.136753E2	-2.063744E0
1.680000E1	1.140830E2	-2.300208E0
1.682000E1	1.142694E2	-2.524180E0
1.684000E1	1.142971E2	-2.560252E0
1.686000E1	1.143511E2	-2.553968E0
1.688000E1	1.143966E2	-2.539388E0
1.690000E1	1.145219E2	-2.534900E0
1.692000E1	1.148429E2	-2.527452E0
1.694000E1	1.148937E2	-2.499296E0
1.696000E1	1.150753E2	-2.506753E0
1.698000E1	1.154838E2	-2.521189E0
1.700000E1	1.159804E2	-2.503877E0
1.702000E1	1.165996E2	-2.517584E0
1.704000E1	1.173578E2	-2.464317E0
1.706000E1	1.178704E2	-2.334155E0
1.708000E1	1.178597E2	-2.051283E0
1.710000E1	1.178614E2	-2.011337E0
1.712000E1	1.178706E2	-2.130022E0
1.714000E1	1.179775E2	-2.408858E0
1.716000E1	1.178499E2	-2.656676E0
1.718000E1	1.176396E2	-2.753508E0
1.720000E1	1.176018E2	-2.734061E0
1.722000E1	1.175854E2	-2.655408E0
1.724000E1	1.175022E2	-2.518054E0
1.726000E1	1.175397E2	-2.292409E0
1.728000E1	1.177951E2	-2.074621E0
1.730000E1	1.178444E2	-1.789751E0
1.732000E1	1.178657E2	-1.757456E0
1.734000E1	1.180115E2	-1.644164E0
1.736000E1	1.180078E2	-1.630700E0
1.738000E1	1.181242E2	-1.967796E0
1.740000E1	1.181714E2	-2.419708E0
1.742000E1	1.180725E2	-2.492491E0
1.744000E1	1.179335E2	-2.390629E0
1.746000E1	1.179037E2	-2.338611E0
1.748000E1	1.179505E2	-2.421386E0
1.750000E1	1.180876E2	-2.751371E0
1.752000E1	1.182729E2	-2.855022E0
1.754000E1	1.183264E2	-2.910615E0
1.756000E1	1.183973E2	-2.959038E0
1.758000E1	1.185324E2	-2.949930E0
1.760000E1	1.185889E2	-2.940748E0
1.762000E1	1.185844E2	-2.796199E0
1.764000E1	1.187727E2	-2.609929E0
1.766000E1	1.190053E2	-2.508450E0
1.768000E1	1.193384E2	-2.543779E0
1.770000E1	1.195741E2	-2.576471E0
1.772000E1	1.198394E2	-2.521618E0
1.774000E1	1.200220E2	-2.400206E0
1.776000E1	1.201647E2	-2.198219E0
1.778000E1	1.201858E2	-2.055495E0
1.780000E1	1.201949E2	-1.927380E0
1.782000E1	1.201563E2	-1.812395E0
1.784000E1	1.202731E2	-1.735495E0
1.786000E1	1.206082E2	-1.656832E0
1.788000E1	1.207332E2	-1.622445E0
1.790000E1	1.210745E2	-1.602946E0
1.792000E1	1.211680E2	-1.580882E0
1.794000E1	1.214033E2	-1.576003E0
1.796000E1	1.219236E2	-1.733696E0
1.798000E1	1.223833E2	-1.996479E0
1.800000E1	1.225385E2	-2.106837E0
1.802000E1	1.225508E2	-2.059677E0
1.804000E1	1.225241E2	-1.960639E0
1.806000E1	1.226115E2	-1.761504E0
1.808000E1	1.226206E2	-1.634654E0
1.810000E1	1.226166E2	-1.615732E0
1.812000E1	1.226036E2	-1.704792E0
1.814000E1	1.226490E2	-1.801174E0
1.816000E1	1.227329E2	-1.858679E0
1.818000E1	1.230413E2	-1.700034E0
1.820000E1	1.232085E2	-1.432191E0
1.822000E1	1.229969E2	-1.257644E0
1.824000E1	1.230149E2	-1.228182E0
1.826000E1	1.231255E2	-1.663652E0
1.828000E1	1.232137E2	-2.301719E0
1.830000E1	1.231951E2	-2.464120E0
1.832000E1	1.232435E2	-2.343822E0
1.834000E1	1.233480E2	-2.144072E0
1.836000E1	1.234301E2	-2.110162E0
1.838000E1	1.233955E2	-2.253513E0
1.840000E1	1.234179E2	-2.485756E0
1.842000E1	1.235643E2	-2.573092E0
1.844000E1	1.239404E2	-2.564032E0
1.846000E1	1.244235E2	-2.581559E0
1.848000E1	1.249942E2	-2.788071E0
1.850000E1	1.256151E2	-2.915145E0
1.852000E1	1.260535E2	-2.908970E0
1.854000E1	1.261600E2	-2.576481E0
1.856000E1	1.263025E2	-1.977498E0
1.858000E1	1.265566E2	-1.719954E0
1.860000E1	1.268577E2	-1.858338E0
1.862000E1	1.273449E2	-2.409326E0
1.864000E1	1.273899E2	-2.902187E0
1.866000E1	1.274229E2	-2.956899E0
1.868000E1	1.275207E2	-2.700870E0
1.870000E1	1.276276E2	-2.363692E0
1.872000E1	1.277304E2	-2.316858E0
1.874000E1	1.279042E2	-2.273595E0
1.876000E1	1.280083E2	-2.125680E0
1.878000E1	1.281657E2	-2.010640E0
1.880000E1	1.283600E2	-2.042856E0
1.882000E1	1.287961E2	-2.125372E0
1.884000E1	1.291870E2	-2.256075E0
1.886000E1	1.293747E2	-2.438204E0
1.888000E1	1.295560E2	-2.595494E0
1.890000E1	1.295959E2	-2.582420E0
1.892000E1	1.296376E2	-2.498274E0
1.894000E1	1.296441E2	-2.464074E0
1.896000E1	1.296347E2	-2.475329E0
1.898000E1	1.296237E2	-2.497580E0
1.900000E1	1.295853E2	-2.534010E0
1.902000E1	1.295375E2	-2.591376E0
1.904000E1	1.294381E2	-2.803760E0
1.906000E1	1.294699E2	-2.950935E0
1.908000E1	1.295022E2	-2.960429E0
1.910000E1	1.295644E2	-2.727886E0
1.912000E1	1.296635E2	-2.494091E0
1.914000E1	1.296389E2	-2.375967E0
1.916000E1	1.296248E2	-2.387754E0
1.918000E1	1.296205E2	-2.398702E0
1.920000E1	1.296248E2	-2.422627E0
1.922000E1	1.296286E2	-2.412307E0
1.924000E1	1.298298E2	-2.283496E0
1.926000E1	1.298505E2	-2.164925E0
1.928000E1	1.298894E2	-1.896097E0
1.930000E1	1.299440E2	-1.874357E0
1.932000E1	1.299790E2	-1.921730E0
1.934000E1	1.302158E2	-2.160722E0
1.936000E1	1.305915E2	-2.407628E0
1.938000E1	1.309978E2	-2.600800E0
1.940000E1	1.312519E2	-2.654616E0
1.942000E1	1.315267E2	-2.465926E0
1.944000E1	1.317138E2	-2.416378E0
1.946000E1	1.317917E2	-2.485665E0
1.948000E1	1.317688E2	-2.482508E0
1.950000E1	1.320354E2	-2.400032E0
1.952000E1	1.325070E2	-2.382456E0
1.954000E1	1.330220E2	-2.401135E0
1.956000E1	1.335437E2	-2.401811E0
1.958000E1	1.338032E2	-2.349964E0
1.960000E1	1.338029E2	-2.357049E0
1.962000E1	1.337436E2	-2.289680E0
1.964000E1	1.336706E2	-2.102016E0
1.966000E1	1.337444E2	-1.957977E0
1.968000E1	1.337626E2	-1.968494E0
1.970000E1	1.340687E2	-2.030141E0
1.972000E1	1.342449E2	-2.241543E0
1.974000E1	1.346136E2	-2.670699E0
1.976000E1	1.350519E2	-2.907224E0
1.978000E1	1.355272E2	-2.956853E0
1.980000E1	1.358031E2	-2.770799E0
1.982000E1	1.360079E2	-2.584005E0
1.984000E1	1.363846E2	-2.607188E0
1.986000E1	1.364617E2	-2.672383E0
1.988000E1	1.365469E2	-2.653914E0
1.990000E1	1.366143E2	-2.574538E0
1.992000E1	1.367028E2	-2.399188E0
1.994000E1	1.367336E2	-2.402047E0
1.996000E1	1.367251E2	-2.425372E0
1.998000E1	1.367111E2	-2.451482E0
2.000000E1	1.368688E2	-2.506080E0
2.002000E1	1.373471E2	-2.496026E0
2.004000E1	1.378363E2	-2.337783E0
2.006000E1	1.381063E2	-2.177056E0
2.008000E1	1.377729E2	-2.199360E0
2.010000E1	1.377331E2	-2.490281E0
2.012000E1	1.378137E2	-2.552680E0
2.014000E1	1.378006E2	-2.400298E0
2.016000E1	1.378399E2	-2.226355E0
2.018000E1	1.378321E2	-2.059633E0
2.020000E1	1.377818E2	-1.959625E0
2.022000E1	1.377500E2	-1.919834E0
2.024000E1	1.377314E2	-1.925635E0
2.026000E1	1.378738E2	-2.034387E0
2.028000E1	1.382335E2	-2.166676E0
2.030000E1	1.386168E2	-2.432674E0
2.032000E1	1.387612E2	-2.821139E0
2.034000E1	1.387946E2	-3.063479E0
2.036000E1	1.387952E2	-3.020042E0
2.038000E1	1.387689E2	-2.714105E0
2.040000E1	1.387633E2	-2.455859E0
2.042000E1	1.389838E2	-2.353399E0
2.044000E1	1.392371E2	-2.484572E0
2.046000E1	1.395631E2	-2.548306E0
2.048000E1	1.398097E2	-2.744785E0
2.050000E1	1.398585E2	-2.688260E0
2.052000E1	1.398720E2	-2.594824E0
2.054000E1	1.398522E2	-2.440098E0
2.056000E1	1.398610E2	-2.411737E0
2.058000E1	1.398667E2	-2.376978E0
2.060000E1	1.398576E2	-2.275408E0
2.062000E1	1.398970E2	-2.139850E0
2.064000E1	1.398859E2	-2.063158E0
2.066000E1	1.398983E2	-2.020309E0
2.068000E1	1.399498E2	-2.005234E0
2.070000E1	1.402938E2	-1.914015E0
2.072000E1	1.406628E2	-1.758818E0
2.074000E1	1.409321E2	-1.386441E0
2.076000E1	1.413091E2	-1.252064E0
2.078000E1	1.415988E2	-1.142652E0
2.080000E1	1.417033E2	-1.148528E0
2.082000E1	1.416729E2	-1.154202E0
2.084000E1	1.416761E2	-1.189962E0
2.086000E1	1.417048E2	-1.377537E0
2.088000E1	1.417224E2	-1.712482E0
2.090000E1	1.416070E2	-2.098733E0
2.092000E1	1.415725E2	-2.524371E0
2.094000E1	1.416485E2	-2.761286E0
2.096000E1	1.419122E2	-2.485877E0
2.098000E1	1.424762E2	-1.916762E0
2.100000E1	1.427547E2	-1.177363E0
2.102000E1	1.425855E2	-8.156079E-1
2.104000E1	1.425900E2	-1.035089E0
2.106000E1	1.427893E2	-1.467620E0
2.108000E1	1.428299E2	-1.636306E0
2.110000E1	1.428595E2	-1.531770E0
2.112000E1	1.429860E2	-1.357537E0
2.114000E1	1.429862E2	-1.317730E0
2.116000E1	1.430912E2	-1.545220E0
2.118000E1	1.430459E2	-2.073435E0
2.120000E1	1.431299E2	-2.531748E0
2.122000E1	1.433392E2	-2.646713E0
2.124000E1	1.438020E2	-2.609898E0
2.126000E1	1.440680E2	-2.590891E0
2.128000E1	1.442797E2	-2.687321E0
2.130000E1	1.443238E2	-2.654737E0
2.132000E1	1.443301E2	-2.610180E0
2.134000E1	1.443782E2	-2.410681E0
2.136000E1	1.448783E2	-2.179039E0
2.138000E1	1.454857E2	-2.102883E0
2.140000E1	1.461348E2	-2.148575E0
2.142000E1	1.466833E2	-2.141426E0
2.144000E1	1.469863E2	-2.067836E0
2.146000E1	1.469604E2	-1.945546E0
2.148000E1	1.470227E2	-1.789516E0
2.150000E1	1.471518E2	-1.942940E0
2.152000E1	1.473520E2	-2.216577E0
2.154000E1	1.473523E2	-2.373910E0
2.156000E1	1.473790E2	-2.382313E0
2.158000E1	1.474521E2	-2.284869E0
2.160000E1	1.476043E2	-2.288973E0
2.162000E1	1.479953E2	-2.374955E0
2.164000E1	1.480708E2	-2.399429E0
2.166000E1	1.480507E2	-2.449091E0
2.168000E1	1.481603E2	-2.493934E0
2.170000E1	1.485676E2	-2.471590E0
2.172000E1	1.486015E2	-2.445881E0
2.174000E1	1.490061E2	-2.398172E0
2.176000E1	1.490683E2	-2.437965E0
2.178000E1	1.489543E2	-2.517856E0
2.180000E1	1.487511E2	-2.691154E0
2.182000E1	1.487009E2	-2.942855E0
2.184000E1	1.487329E2	-3.017079E0
2.186000E1	1.487621E2	-3.007716E0
2.188000E1	1.488023E2	-2.917441E0
2.190000E1	1.489410E2	-2.784840E0
2.192000E1	1.491848E2	-2.650875E0
2.194000E1	1.492318E2	-2.484007E0
2.196000E1	1.492317E2	-2.493431E0
2.198000E1	1.492192E2	-2.612604E0
2.200000E1	1.492722E2	-2.615641E0
2.202000E1	1.492892E2	-2.501288E0
2.204000E1	1.493107E2	-2.440082E0
2.206000E1	1.493424E2	-2.389859E0
2.208000E1	1.493609E2	-2.386498E0
2.210000E1	1.492953E2	-2.427845E0
2.212000E1	1.493719E2	-2.628046E0
2.214000E1	1.496814E2	-2.607728E0
2.216000E1	1.499062E2	-2.492500E0
2.218000E1	1.502988E2	-2.435049E0
2.220000E1	1.504884E2	-2.456472E0
2.222000E1	1.507387E2	-2.494192E0
2.224000E1	1.508648E2	-2.425386E0
2.226000E1	1.508763E2	-2.329189E0
2.228000E1	1.507910E2	-2.078104E0
2.230000E1	1.507232E2	-1.832499E0
2.232000E1	1.508459E2	-1.923396E0
2.234000E1	1.512361E2	-2.347891E0
2.236000E1	1.518597E2	-2.709557E0
2.238000E1	1.523370E2	-2.649057E0
2.240000E1	1.524355E2	-2.389725E0
2.242000E1	1.523705E2	-2.158393E0
2.244000E1	1.523276E2	-1.976057E0
2.246000E1	1.523764E2	-2.003357E0
2.248000E1	1.525380E2	-2.011487E0
2.250000E1	1.528040E2	-1.969606E0
2.252000E1	1.529029E2	-1.888750E0
2.254000E1	1.532157E2	-1.850762E0
2.256000E1	1.534228E2	-1.875969E0
2.258000E1	1.537066E2	-1.992280E0
2.260000E1	1.539219E2	-1.996551E0
2.262000E1	1.542409E2	-2.033138E0
2.264000E1	1.544487E2	-2.059901E0
2.266000E1	1.547333E2	-2.346471E0
2.268000E1	1.549008E2	-2.627125E0
2.270000E1	1.549052E2	-2.708051E0
2.272000E1	1.548876E2	-2.636041E0
2.274000E1	1.548215E2	-2.594640E0
2.276000E1	1.546058E2	-2.738916E0
2.278000E1	1.544689E2	-2.976913E0
2.280000E1	1.544892E2	-3.050143E0
2.282000E1	1.545507E2	-2.962581E0
2.284000E1	1.548970E2	-2.694300E0
2.286000E1	1.554094E2	-2.354529E0
2.288000E1	1.556112E2	-2.160947E0
2.290000E1	1.554925E2	-2.130106E0
2.292000E1	1.554801E2	-2.110302E0
2.294000E1	1.555003E2	-2.111999E0
2.296000E1	1.558121E2	-2.002199E0
2.298000E1	1.562321E2	-1.977244E0
2.300000E1	1.564955E2	-2.073999E0
2.302000E1	1.565140E2	-2.214191E0
2.304000E1	1.563310E2	-2.355014E0
2.306000E1	1.563580E2	-2.427896E0
2.308000E1	1.565177E2	-2.492993E0
2.310000E1	1.566629E2	-2.544532E0
2.312000E1	1.567407E2	-2.584023E0
2.314000E1	1.571611E2	-2.576282E0
2.316000E1	1.573940E2	-2.535071E0
2.318000E1	1.575823E2	-2.414008E0
2.320000E1	1.576277E2	-2.186446E0
2.322000E1	1.577538E2	-1.959371E0
2.324000E1	1.581975E2	-1.970285E0
2.326000E1	1.584571E2	-2.343921E0
2.328000E1	1.584802E2	-2.820623E0
2.330000E1	1.584983E2	-2.885361E0
2.332000E1	1.587060E2	-2.746722E0
2.334000E1	1.586837E2	-2.546660E0
2.336000E1	1.586417E2	-2.549351E0
2.338000E1	1.586450E2	-2.574129E0
2.340000E1	1.586125E2	-2.559407E0
2.342000E1	1.585819E2	-2.496640E0
2.344000E1	1.585859E2	-2.482482E0
2.346000E1	1.585751E2	-2.501824E0
2.348000E1	1.586337E2	-2.519573E0
2.350000E1	1.586383E2	-2.514995E0
2.352000E1	1.587071E2	-2.517428E0
2.354000E1	1.587114E2	-2.523268E0
2.356000E1	1.587545E2	-2.518006E0
2.358000E1	1.589407E2	-2.428624E0
2.360000E1	1.590804E2	-2.206462E0
2.362000E1	1.591039E2	-2.033563E0
2.364000E1	1.591017E2	-2.024680E0
2.366000E1	1.590950E2	-2.034039E0
2.368000E1	1.590754E2	-2.047023E0
2.370000E1	1.590645E2	-2.043983E0
2.372000E1	1.590667E2	-2.019496E0
2.374000E1	1.590824E2	-2.025839E0
2.376000E1	1.593751E2	-2.031462E0
2.378000E1	1.599085E2	-2.016705E0
2.380000E1	1.602870E2	-1.738332E0
2.382000E1	1.601065E2	-1.334264E0
2.384000E1	1.600191E2	-1.354858E0
2.386000E1	1.600804E2	-1.899211E0
2.388000E1	1.601017E2	-2.437536E0
2.390000E1	1.600725E2	-2.446421E0
2.392000E1	1.601220E2	-2.189145E0
2.394000E1	1.602633E2	-1.951093E0
2.396000E1	1.605228E2	-1.937373E0
2.398000E1	1.605791E2	-1.984781E0
2.400000E1	1.605504E2	-2.072889E0
