	mass A		
t	x	y	
0.000000E0	3.231490E-2	-6.782674E-2
2.000000E-2	4.076607E-1	4.833002E-1
4.000000E-2	1.180641E0	1.438241E0
6.000000E-2	1.153094E0	1.783410E0
8.000000E-2	1.106104E0	1.011354E0
1.000000E-1	1.055225E0	2.046695E-1
1.200000E-1	1.034832E0	-2.794277E-1
1.400000E-1	8.420746E-1	1.196116E-1
1.600000E-1	1.065883E0	1.683657E0
1.800000E-1	1.543870E0	4.003478E0
2.000000E-1	1.592806E0	4.267873E0
2.200000E-1	2.385161E0	4.260409E0
2.400000E-1	2.740781E0	2.373435E0
2.600000E-1	2.880784E0	4.724818E-1
2.800000E-1	3.450003E0	1.266717E-1
3.000000E-1	4.730163E0	1.206920E0
3.200000E-1	6.472838E0	3.257115E0
3.400000E-1	7.106916E0	4.265213E0
3.600000E-1	7.593417E0	4.170272E0
3.800000E-1	7.745137E0	3.323659E0
4.000000E-1	7.843693E0	2.035279E0
4.200000E-1	7.854958E0	-1.663381E-1
4.400000E-1	7.693653E0	-1.262367E0
4.600000E-1	7.823105E0	-1.300198E0
4.800000E-1	7.864518E0	-6.863191E-1
5.000000E-1	7.850578E0	9.228506E-1
5.200000E-1	8.337479E0	2.397005E0
5.400000E-1	9.301352E0	2.928340E0
5.600000E-1	1.048750E1	2.613139E0
5.800000E-1	1.109239E1	1.878121E0
6.000000E-1	1.080218E1	2.248968E-1
6.200000E-1	9.904706E0	-1.111874E0
6.400000E-1	9.808799E0	-1.424725E0
6.600000E-1	1.028774E1	-9.372747E-1
6.800000E-1	1.098022E1	4.793837E-1
7.000000E-1	1.145910E1	1.263934E0
7.200000E-1	1.188331E1	1.190654E0
7.400000E-1	1.191728E1	7.314182E-2
7.600000E-1	1.214990E1	-8.871366E-1
7.800000E-1	1.243414E1	-1.235307E0
8.000000E-1	1.309020E1	-8.637205E-1
8.200000E-1	1.398343E1	-3.210144E-1
8.400000E-1	1.514517E1	-1.593018E-1
8.600000E-1	1.597340E1	-6.951085E-2
8.800000E-1	1.563244E1	-4.434795E-1
9.000000E-1	1.540512E1	-2.116821E-1
9.200000E-1	1.570471E1	1.130737E-1
9.400000E-1	1.649937E1	6.151987E-1
9.600000E-1	1.633755E1	6.345931E-1
9.800000E-1	1.607381E1	3.546444E-2
1.000000E0	1.604107E1	-6.190754E-1
1.020000E0	1.629604E1	-1.031109E0
1.040000E0	1.623133E1	-7.096907E-1
1.060000E0	1.655424E1	4.589685E-1
1.080000E0	1.631948E1	2.375643E0
1.100000E0	1.619863E1	3.893934E0
1.120000E0	1.655100E1	4.023110E0
1.140000E0	1.717633E1	3.332718E0
1.160000E0	1.788203E1	2.098854E0
1.180000E0	1.846717E1	7.911939E-1
1.200000E0	1.890943E1	7.194982E-1
1.220000E0	1.908761E1	1.896835E0
1.240000E0	1.857052E1	3.085987E0
1.260000E0	1.906016E1	2.534164E0
1.280000E0	2.009561E1	1.080568E0
1.300000E0	2.072353E1	-5.444970E-1
1.320000E0	2.068451E1	-1.451101E0
1.340000E0	2.035601E1	-1.590971E0
1.360000E0	2.073124E1	-1.321856E0
1.380000E0	2.145731E1	-5.658594E-1
1.400000E0	2.240452E1	4.365973E-1
1.420000E0	2.361484E1	1.822125E0
1.440000E0	2.435943E1	2.557730E0
1.460000E0	2.493571E1	2.807656E0
1.480000E0	2.494885E1	2.525593E0
1.500000E0	2.471389E1	1.305264E0
1.520000E0	2.441575E1	-4.824040E-1
1.540000E0	2.423150E1	-1.538092E0
1.560000E0	2.447297E1	-1.371721E0
1.580000E0	2.482189E1	-1.284102E-1
1.600000E0	2.501790E1	1.501826E0
1.620000E0	2.543401E1	2.348212E0
1.640000E0	2.540081E1	1.564569E0
1.660000E0	2.570007E1	1.842891E-2
1.680000E0	2.643099E1	-1.198432E0
1.700000E0	2.716784E1	-2.003282E0
1.720000E0	2.779928E1	-2.124254E0
1.740000E0	2.864801E1	-1.959798E0
1.760000E0	2.886047E1	-1.731717E0
1.780000E0	2.858535E1	-1.700128E0
1.800000E0	2.860040E1	-1.419894E0
1.820000E0	2.913114E1	-1.012989E0
1.840000E0	2.974880E1	-5.113937E-1
1.860000E0	2.937036E1	-6.867352E-1
1.880000E0	2.929449E1	-1.565401E0
1.900000E0	2.971725E1	-2.116750E0
1.920000E0	3.029783E1	-1.985083E0
1.940000E0	3.102849E1	-8.293469E-1
1.960000E0	3.145860E1	1.575875E0
1.980000E0	3.090115E1	3.270607E0
2.000000E0	3.101228E1	3.473225E0
2.020000E0	3.139758E1	2.759714E0
2.040000E0	3.185340E1	1.485069E0
2.060000E0	3.235334E1	-3.245853E-1
2.080000E0	3.310371E1	-6.614283E-1
2.100000E0	3.375819E1	4.859178E-1
2.120000E0	3.395865E1	2.022685E0
2.140000E0	3.362277E1	2.378448E0
2.160000E0	3.412400E1	7.923490E-1
2.180000E0	3.434580E1	-9.154774E-1
2.200000E0	3.457202E1	-1.705557E0
2.220000E0	3.498532E1	-1.080824E0
2.240000E0	3.546386E1	-1.069697E-1
2.260000E0	3.592727E1	5.420351E-1
2.280000E0	3.621290E1	5.304807E-1
2.300000E0	3.617178E1	3.896283E-1
2.320000E0	3.634967E1	2.154779E-1
2.340000E0	3.671654E1	-1.376989E-2
2.360000E0	3.713509E1	-4.861038E-1
2.380000E0	3.766544E1	-8.013780E-1
2.400000E0	3.803414E1	-9.167809E-1
2.420000E0	3.804678E1	-1.041060E0
2.440000E0	3.794281E1	-1.302822E0
2.460000E0	3.788589E1	-1.893277E0
2.480000E0	3.868402E1	-1.943582E0
2.500000E0	3.960877E1	-1.430118E0
2.520000E0	4.044270E1	-4.831113E-1
2.540000E0	4.104754E1	6.409945E-2
2.560000E0	4.108689E1	-2.868603E-1
2.580000E0	4.105284E1	-7.708372E-1
2.600000E0	4.143356E1	-1.291786E0
2.620000E0	4.245460E1	-1.993058E0
2.640000E0	4.301812E1	-2.731845E0
2.660000E0	4.340380E1	-2.618540E0
2.680000E0	4.298361E1	-2.332082E0
2.700000E0	4.236467E1	-1.459644E0
2.720000E0	4.292137E1	-5.667288E-1
2.740000E0	4.335466E1	-5.884915E-1
2.760000E0	4.314261E1	-8.857034E-1
2.780000E0	4.331858E1	-1.541663E0
2.800000E0	4.406333E1	-2.046819E0
2.820000E0	4.522160E1	-2.423051E0
2.840000E0	4.556971E1	-1.390250E0
2.860000E0	4.542478E1	-5.060567E-1
2.880000E0	4.563480E1	-6.914185E-1
2.900000E0	4.567603E1	-1.522885E0
2.920000E0	4.588723E1	-1.659619E0
2.940000E0	4.606751E1	-1.182164E0
2.960000E0	4.629684E1	-9.207055E-1
2.980000E0	4.674575E1	-1.169596E0
3.000000E0	4.735093E1	-1.248384E0
3.020000E0	4.784552E1	-1.208571E0
3.040000E0	4.798102E1	-1.743872E0
3.060000E0	4.828079E1	-1.508426E0
3.080000E0	4.863246E1	-1.384192E0
3.100000E0	4.893563E1	-1.476250E0
3.120000E0	4.911611E1	-1.514835E0
3.140000E0	4.961871E1	-1.495142E0
3.160000E0	4.984152E1	-1.369612E0
3.180000E0	5.001292E1	-7.816272E-1
3.200000E0	5.040198E1	-2.777411E-1
3.220000E0	5.083355E1	-2.427534E-1
3.240000E0	5.122629E1	-1.073484E0
3.260000E0	5.124277E1	-2.019281E0
3.280000E0	5.135291E1	-1.927030E0
3.300000E0	5.154436E1	-1.110002E0
3.320000E0	5.186923E1	-5.669927E-1
3.340000E0	5.215487E1	-5.953654E-1
3.360000E0	5.272897E1	-6.594193E-1
3.380000E0	5.322724E1	-7.590963E-1
3.400000E0	5.319650E1	-6.087569E-1
3.420000E0	5.316130E1	-6.329800E-1
3.440000E0	5.330173E1	-1.085664E0
3.460000E0	5.364698E1	-1.648072E0
3.480000E0	5.412102E1	-1.882814E0
3.500000E0	5.461000E1	-2.030071E0
3.520000E0	5.527457E1	-2.327514E0
3.540000E0	5.553833E1	-2.819466E0
3.560000E0	5.539261E1	-3.239215E0
3.580000E0	5.589011E1	-3.277161E0
3.600000E0	5.647491E1	-2.495496E0
3.620000E0	5.738553E1	-7.515122E-1
3.640000E0	5.789376E1	-3.417609E-3
3.660000E0	5.704410E1	-1.324594E-1
3.680000E0	5.690546E1	-1.123611E0
3.700000E0	5.788681E1	-2.039249E0
3.720000E0	5.883795E1	-2.052202E0
3.740000E0	5.985321E1	-1.056724E0
3.760000E0	5.987302E1	-3.117061E-1
3.780000E0	5.989588E1	8.662759E-4
3.800000E0	6.007167E1	2.381603E-1
3.820000E0	6.014190E1	5.983897E-1
3.840000E0	6.036853E1	1.180213E-1
3.860000E0	6.038053E1	-6.635508E-1
3.880000E0	6.069741E1	-1.464312E0
3.900000E0	6.137715E1	-1.950984E0
3.920000E0	6.175322E1	-2.851932E0
3.940000E0	6.180515E1	-3.584006E0
3.960000E0	6.191534E1	-3.577005E0
3.980000E0	6.226737E1	-3.505758E0
4.000000E0	6.281288E1	-3.511253E0
4.020000E0	6.346987E1	-3.481516E0
4.040000E0	6.382054E1	-3.421986E0
4.060000E0	6.369256E1	-3.490423E0
4.080000E0	6.371808E1	-3.274321E0
4.100000E0	6.444654E1	-2.726550E0
4.120000E0	6.534245E1	-2.255750E0
4.140000E0	6.602653E1	-2.116314E0
4.160000E0	6.608539E1	-2.393451E0
4.180000E0	6.615515E1	-2.454162E0
4.200000E0	6.638458E1	-2.351137E0
4.220000E0	6.668226E1	-2.052329E0
4.240000E0	6.704306E1	-1.970559E0
4.260000E0	6.757541E1	-1.691497E0
4.280000E0	6.811479E1	-1.257137E0
4.300000E0	6.832640E1	-1.242062E0
4.320000E0	6.830279E1	-1.986238E0
4.340000E0	6.829744E1	-3.016149E0
4.360000E0	6.860507E1	-3.413729E0
4.380000E0	6.914496E1	-2.896959E0
4.400000E0	6.997103E1	-2.163142E0
4.420000E0	7.109215E1	-1.906758E0
4.440000E0	7.153237E1	-1.979220E0
4.460000E0	7.117413E1	-2.565070E0
4.480000E0	7.087489E1	-2.478740E0
4.500000E0	7.058642E1	-2.110654E0
4.520000E0	7.096021E1	-1.427155E0
4.540000E0	7.058630E1	-1.480248E0
4.560000E0	7.028851E1	-2.084887E0
4.580000E0	7.027388E1	-2.766256E0
4.600000E0	7.113382E1	-3.297982E0
4.620000E0	7.209896E1	-3.334222E0
4.640000E0	7.265278E1	-2.455819E0
4.660000E0	7.284790E1	-1.372928E0
4.680000E0	7.330171E1	-4.326028E-1
4.700000E0	7.424247E1	4.573870E-2
4.720000E0	7.511423E1	5.248433E-1
4.740000E0	7.539077E1	7.071573E-1
4.760000E0	7.541845E1	5.415223E-1
4.780000E0	7.587103E1	-2.642828E-1
4.800000E0	7.599230E1	-1.341101E0
4.820000E0	7.641919E1	-2.461774E0
4.840000E0	7.691989E1	-3.352721E0
4.860000E0	7.741620E1	-3.568325E0
4.880000E0	7.768195E1	-2.919986E0
4.900000E0	7.791144E1	-1.984321E0
4.920000E0	7.816813E1	-1.463687E0
4.940000E0	7.848610E1	-1.506791E0
4.960000E0	7.855913E1	-1.660969E0
4.980000E0	7.831498E1	-2.297141E0
5.000000E0	7.872389E1	-3.446198E0
5.020000E0	7.927340E1	-4.014641E0
5.040000E0	7.981823E1	-3.993324E0
5.060000E0	8.016546E1	-3.666401E0
5.080000E0	8.063232E1	-3.186183E0
5.100000E0	8.107686E1	-2.805894E0
5.120000E0	8.106124E1	-3.124482E0
5.140000E0	8.089849E1	-3.475050E0
5.160000E0	8.137282E1	-3.202501E0
5.180000E0	8.216313E1	-2.555636E0
5.200000E0	8.274412E1	-1.940152E0
5.220000E0	8.303344E1	-2.314805E0
5.240000E0	8.331386E1	-2.846097E0
5.260000E0	8.381851E1	-3.226231E0
5.280000E0	8.430674E1	-3.182500E0
5.300000E0	8.502153E1	-2.956821E0
5.320000E0	8.600447E1	-2.967034E0
5.340000E0	8.584098E1	-3.165421E0
5.360000E0	8.537757E1	-3.116396E0
5.380000E0	8.545618E1	-2.712937E0
5.400000E0	8.594540E1	-2.127656E0
5.420000E0	8.591621E1	-2.051090E0
5.440000E0	8.548917E1	-2.813901E0
5.460000E0	8.536018E1	-3.752807E0
5.480000E0	8.569469E1	-4.254829E0
5.500000E0	8.641950E1	-3.827654E0
5.520000E0	8.714258E1	-2.587885E0
5.540000E0	8.728646E1	-8.628565E-1
5.560000E0	8.647311E1	8.848485E-1
5.580000E0	8.617115E1	1.946830E0
5.600000E0	8.655778E1	1.313744E0
5.620000E0	8.714427E1	-2.524725E-1
5.640000E0	8.764054E1	-1.901380E0
5.660000E0	8.844644E1	-2.657632E0
5.680000E0	8.921743E1	-1.939312E0
5.700000E0	8.971418E1	-1.213612E0
5.720000E0	8.986371E1	-1.932343E0
5.740000E0	9.036739E1	-3.570650E0
5.760000E0	9.104462E1	-4.580297E0
5.780000E0	9.186666E1	-4.114531E0
5.800000E0	9.346693E1	-2.884502E0
5.820000E0	9.428876E1	-1.491517E0
5.840000E0	9.422834E1	-4.952021E-1
5.860000E0	9.379563E1	-2.343621E-1
5.880000E0	9.347397E1	-1.104311E0
5.900000E0	9.390927E1	-3.159664E0
5.920000E0	9.473858E1	-4.461151E0
5.940000E0	9.506174E1	-4.201614E0
5.960000E0	9.550825E1	-3.223503E0
5.980000E0	9.568803E1	-1.678959E0
6.000000E0	9.583208E1	-4.840263E-1
6.020000E0	9.567655E1	-7.832252E-1
6.040000E0	9.552078E1	-1.912527E0
6.060000E0	9.595121E1	-2.943060E0
6.080000E0	9.650193E1	-3.631235E0
6.100000E0	9.699409E1	-3.596722E0
6.120000E0	9.729535E1	-3.519877E0
6.140000E0	9.753572E1	-3.671567E0
6.160000E0	9.772817E1	-3.967181E0
6.180000E0	9.812593E1	-4.256557E0
6.200000E0	9.882459E1	-4.338986E0
6.220000E0	9.973052E1	-3.980776E0
6.240000E0	1.000109E2	-3.748591E0
6.260000E0	9.989085E1	-3.667291E0
6.280000E0	1.000631E2	-3.575538E0
6.300000E0	1.009086E2	-3.241595E0
6.320000E0	1.015302E2	-2.565565E0
6.340000E0	1.014027E2	-2.924279E0
6.360000E0	1.012632E2	-3.566148E0
6.380000E0	1.014513E2	-3.938738E0
6.400000E0	1.021698E2	-3.838415E0
6.420000E0	1.028158E2	-3.001675E0
6.440000E0	1.029462E2	-1.278182E0
6.460000E0	1.022428E2	6.202287E-1
6.480000E0	1.020807E2	1.853331E0
6.500000E0	1.022763E2	1.813137E0
6.520000E0	1.027872E2	2.118492E-1
6.540000E0	1.034191E2	-2.131485E0
6.560000E0	1.041113E2	-3.475334E0
6.580000E0	1.050389E2	-2.140037E0
6.600000E0	1.053967E2	-1.926603E-1
6.620000E0	1.053378E2	-4.252720E-2
6.640000E0	1.060946E2	-8.727617E-1
6.660000E0	1.063019E2	-1.829885E0
6.680000E0	1.062946E2	-2.634887E0
6.700000E0	1.063582E2	-2.425434E0
6.720000E0	1.067193E2	-1.862232E0
6.740000E0	1.070648E2	-1.834826E0
6.760000E0	1.072643E2	-1.964637E0
6.780000E0	1.075686E2	-2.509355E0
6.800000E0	1.082892E2	-3.305874E0
6.820000E0	1.085533E2	-3.739946E0
6.840000E0	1.089727E2	-3.725572E0
6.860000E0	1.097142E2	-3.501379E0
6.880000E0	1.106795E2	-2.949133E0
6.900000E0	1.115135E2	-2.102414E0
6.920000E0	1.116851E2	-9.625888E-1
6.940000E0	1.117203E2	-5.828786E-2
6.960000E0	1.117671E2	-1.914784E-1
6.980000E0	1.117351E2	-1.778814E0
7.000000E0	1.116762E2	-3.891399E0
7.020000E0	1.125832E2	-5.233856E0
7.040000E0	1.130281E2	-5.340490E0
7.060000E0	1.127070E2	-4.701262E0
7.080000E0	1.126812E2	-3.589408E0
7.100000E0	1.135713E2	-2.691878E0
7.120000E0	1.139629E2	-2.613868E0
7.140000E0	1.139545E2	-2.921104E0
7.160000E0	1.140198E2	-3.331462E0
7.180000E0	1.149475E2	-3.479707E0
7.200000E0	1.155030E2	-3.565841E0
7.220000E0	1.151610E2	-4.086713E0
7.240000E0	1.150800E2	-4.817609E0
7.260000E0	1.151996E2	-4.814360E0
7.280000E0	1.156482E2	-3.908896E0
7.300000E0	1.164143E2	-2.489332E0
7.320000E0	1.168388E2	-1.366762E0
7.340000E0	1.170638E2	-1.638741E0
7.360000E0	1.170085E2	-2.639341E0
7.380000E0	1.172075E2	-2.789413E0
7.400000E0	1.175839E2	-2.197499E0
7.420000E0	1.179588E2	-1.750679E0
7.440000E0	1.185709E2	-1.464330E0
7.460000E0	1.192253E2	-1.115101E0
7.480000E0	1.195641E2	-1.096377E0
7.500000E0	1.198397E2	-1.780295E0
7.520000E0	1.202418E2	-2.074898E0
7.540000E0	1.202398E2	-2.446946E0
7.560000E0	1.206508E2	-2.421268E0
7.580000E0	1.211606E2	-2.209101E0
7.600000E0	1.215729E2	-2.011769E0
7.620000E0	1.214635E2	-2.130494E0
7.640000E0	1.212656E2	-2.274006E0
7.660000E0	1.215874E2	-2.382745E0
7.680000E0	1.223851E2	-2.174256E0
7.700000E0	1.231510E2	-2.001456E0
7.720000E0	1.236180E2	-2.152749E0
7.740000E0	1.237030E2	-2.217602E0
7.760000E0	1.237028E2	-2.167003E0
7.780000E0	1.235473E2	-1.714699E0
7.800000E0	1.236699E2	-1.480793E0
7.820000E0	1.241306E2	-1.337511E0
7.840000E0	1.244371E2	-1.511578E0
7.860000E0	1.245250E2	-1.960042E0
7.880000E0	1.248243E2	-2.865120E0
7.900000E0	1.253695E2	-4.058292E0
7.920000E0	1.254374E2	-4.805859E0
7.940000E0	1.257121E2	-4.778099E0
7.960000E0	1.268698E2	-4.332697E0
7.980000E0	1.283205E2	-3.416586E0
8.000000E0	1.291807E2	-2.467073E0
8.020000E0	1.285611E2	-1.741992E0
8.040000E0	1.278047E2	-1.623300E0
8.060000E0	1.281734E2	-2.309008E0
8.080000E0	1.293224E2	-3.158820E0
8.100000E0	1.294799E2	-3.664097E0
8.120000E0	1.295089E2	-4.030598E0
8.140000E0	1.298198E2	-4.114769E0
8.160000E0	1.296364E2	-3.179644E0
8.180000E0	1.301456E2	-1.848761E0
8.200000E0	1.313601E2	-5.146031E-1
8.220000E0	1.317647E2	2.822068E-1
8.240000E0	1.316560E2	-6.826273E-2
8.260000E0	1.315847E2	-1.847765E0
8.280000E0	1.319669E2	-3.723517E0
8.300000E0	1.324621E2	-3.763398E0
8.320000E0	1.328723E2	-2.897443E0
8.340000E0	1.330357E2	-2.567893E0
8.360000E0	1.333276E2	-3.095577E0
8.380000E0	1.335240E2	-4.011905E0
8.400000E0	1.339150E2	-4.445031E0
8.420000E0	1.344037E2	-4.416954E0
8.440000E0	1.349438E2	-4.334399E0
8.460000E0	1.354023E2	-4.344800E0
8.480000E0	1.356538E2	-4.086621E0
8.500000E0	1.356472E2	-3.373668E0
8.520000E0	1.359255E2	-2.581648E0
8.540000E0	1.364006E2	-2.288124E0
8.560000E0	1.370277E2	-2.602389E0
8.580000E0	1.377479E2	-3.041769E0
8.600000E0	1.380661E2	-3.399563E0
8.620000E0	1.380518E2	-3.041161E0
8.640000E0	1.380143E2	-2.587655E0
8.660000E0	1.382323E2	-2.347627E0
8.680000E0	1.385454E2	-2.525866E0
8.700000E0	1.388187E2	-2.820152E0
8.720000E0	1.388242E2	-2.890759E0
8.740000E0	1.389324E2	-2.954797E0
8.760000E0	1.395489E2	-2.923785E0
8.780000E0	1.403868E2	-3.292989E0
8.800000E0	1.410865E2	-3.468682E0
8.820000E0	1.412655E2	-3.380513E0
8.840000E0	1.416238E2	-3.284626E0
8.860000E0	1.421325E2	-2.950621E0
8.880000E0	1.417321E2	-2.961065E0
8.900000E0	1.414209E2	-3.306078E0
8.920000E0	1.411635E2	-3.430607E0
8.940000E0	1.409961E2	-3.148905E0
8.960000E0	1.415846E2	-2.576168E0
8.980000E0	1.419705E2	-3.084632E0
9.000000E0	1.420109E2	-4.401304E0
9.020000E0	1.425092E2	-5.514884E0
9.040000E0	1.430238E2	-5.083516E0
9.060000E0	1.436869E2	-3.171154E0
9.080000E0	1.450216E2	-3.391114E-1
9.100000E0	1.454453E2	1.470144E0
9.120000E0	1.457828E2	1.937787E0
9.140000E0	1.458773E2	8.670226E-1
9.160000E0	1.459857E2	-8.418221E-1
9.180000E0	1.461646E2	-2.514138E0
9.200000E0	1.468534E2	-3.223908E0
9.220000E0	1.475194E2	-2.807446E0
9.240000E0	1.478197E2	-1.898683E0
9.260000E0	1.480273E2	-1.233937E0
9.280000E0	1.486610E2	-1.084525E0
9.300000E0	1.494086E2	-1.404897E0
9.320000E0	1.498164E2	-2.065834E0
9.340000E0	1.497489E2	-3.091793E0
9.360000E0	1.494690E2	-4.380695E0
9.380000E0	1.491677E2	-4.951236E0
9.400000E0	1.494115E2	-4.379748E0
9.420000E0	1.498693E2	-3.347512E0
9.440000E0	1.504309E2	-3.211015E0
9.460000E0	1.513607E2	-3.485572E0
9.480000E0	1.522461E2	-3.804282E0
9.500000E0	1.524404E2	-3.996134E0
9.520000E0	1.523587E2	-3.958701E0
9.540000E0	1.520620E2	-4.042753E0
9.560000E0	1.522961E2	-4.050482E0
9.580000E0	1.531976E2	-3.617851E0
9.600000E0	1.539007E2	-2.496311E0
9.620000E0	1.542868E2	-1.791801E0
9.640000E0	1.544001E2	-2.326922E0
9.660000E0	1.547491E2	-3.412572E0
9.680000E0	1.555530E2	-4.039321E0
9.700000E0	1.560075E2	-3.883286E0
9.720000E0	1.563364E2	-3.449414E0
9.740000E0	1.569994E2	-2.856604E0
9.760000E0	1.574201E2	-2.559407E0
9.780000E0	1.572537E2	-3.026184E0
9.800000E0	1.569122E2	-3.481937E0
9.820000E0	1.567044E2	-3.659817E0
9.840000E0	1.572898E2	-3.120543E0
9.860000E0	1.576024E2	-2.963303E0
9.880000E0	1.579150E2	-3.439784E0
9.900000E0	1.578644E2	-3.785920E0
9.920000E0	1.579124E2	-3.846168E0
9.940000E0	1.582127E2	-3.061539E0
9.960000E0	1.584990E2	-1.608159E0
9.980000E0	1.575975E2	2.139658E-1
1.000000E1	1.573524E2	1.013618E0
1.002000E1	1.578769E2	4.968593E-1
1.004000E1	1.587594E2	-1.139647E0
1.006000E1	1.591516E2	-2.963606E0
1.008000E1	1.597983E2	-3.679363E0
1.010000E1	1.602431E2	-2.850072E0
1.012000E1	1.608391E2	-1.971772E0
1.014000E1	1.620329E2	-2.134254E0
1.016000E1	1.636269E2	-2.202117E0
1.018000E1	1.646167E2	-1.555953E0
1.020000E1	1.647171E2	-1.039926E0
1.022000E1	1.645499E2	-1.219668E0
1.024000E1	1.645806E2	-2.109790E0
1.026000E1	1.647152E2	-3.111051E0
1.028000E1	1.643886E2	-3.535765E0
1.030000E1	1.644683E2	-3.146919E0
1.032000E1	1.650449E2	-2.624647E0
1.034000E1	1.660648E2	-2.046242E0
1.036000E1	1.667182E2	-1.265622E0
1.038000E1	1.668250E2	-7.608594E-1
1.040000E1	1.666648E2	-9.793898E-1
1.042000E1	1.663247E2	-1.942747E0
1.044000E1	1.659582E2	-3.544764E0
1.046000E1	1.666677E2	-4.156182E0
1.048000E1	1.672195E2	-3.684055E0
1.050000E1	1.674570E2	-2.712812E0
1.052000E1	1.676077E2	-2.778280E0
1.054000E1	1.680097E2	-3.781613E0
1.056000E1	1.685641E2	-4.642640E0
1.058000E1	1.689048E2	-4.866126E0
1.060000E1	1.692245E2	-4.387620E0
1.062000E1	1.700571E2	-3.932456E0
1.064000E1	1.708900E2	-3.579181E0
1.066000E1	1.714104E2	-3.643720E0
1.068000E1	1.713344E2	-3.679327E0
1.070000E1	1.716869E2	-3.424621E0
1.072000E1	1.721882E2	-2.554452E0
1.074000E1	1.721240E2	-2.451420E0
1.076000E1	1.723600E2	-3.086486E0
1.078000E1	1.725434E2	-3.913372E0
1.080000E1	1.725860E2	-4.216587E0
1.082000E1	1.728254E2	-3.345081E0
1.084000E1	1.733050E2	-1.527794E0
1.086000E1	1.726963E2	6.310891E-1
1.088000E1	1.721809E2	1.384714E0
1.090000E1	1.726118E2	3.166232E-1
1.092000E1	1.733838E2	-1.435490E0
1.094000E1	1.740316E2	-2.866306E0
1.096000E1	1.748902E2	-3.062433E0
1.098000E1	1.755515E2	-1.734501E0
1.100000E1	1.756091E2	5.327211E-2
1.102000E1	1.755406E2	2.245038E-1
1.104000E1	1.762445E2	-7.717259E-1
1.106000E1	1.762441E2	-2.173300E0
1.108000E1	1.761810E2	-2.986604E0
1.110000E1	1.766945E2	-2.963950E0
1.112000E1	1.775596E2	-2.625689E0
1.114000E1	1.779870E2	-2.313159E0
1.116000E1	1.777068E2	-2.480778E0
1.118000E1	1.776278E2	-3.151262E0
1.120000E1	1.781731E2	-3.912511E0
1.122000E1	1.795845E2	-3.952531E0
1.124000E1	1.811246E2	-3.220767E0
1.126000E1	1.823566E2	-1.855323E0
1.128000E1	1.823404E2	-7.863504E-1
1.130000E1	1.818735E2	-5.727683E-1
1.132000E1	1.818023E2	-1.158172E0
1.134000E1	1.821596E2	-2.016105E0
1.136000E1	1.823427E2	-3.024148E0
1.138000E1	1.824718E2	-3.664379E0
1.140000E1	1.828538E2	-3.805593E0
1.142000E1	1.828548E2	-3.906264E0
1.144000E1	1.828099E2	-3.667686E0
1.146000E1	1.830483E2	-3.343147E0
1.148000E1	1.837395E2	-3.103262E0
1.150000E1	1.846538E2	-2.945454E0
1.152000E1	1.850623E2	-3.056980E0
1.154000E1	1.850275E2	-3.412136E0
1.156000E1	1.855124E2	-3.973362E0
1.158000E1	1.860605E2	-3.946254E0
1.160000E1	1.859407E2	-3.381143E0
1.162000E1	1.855735E2	-3.418058E0
1.164000E1	1.857038E2	-4.029628E0
1.166000E1	1.862422E2	-4.495085E0
1.168000E1	1.866714E2	-4.013838E0
1.170000E1	1.871804E2	-2.594759E0
1.172000E1	1.874994E2	-1.199796E0
1.174000E1	1.877417E2	-8.775267E-1
1.176000E1	1.876980E2	-1.625042E0
1.178000E1	1.876396E2	-2.449408E0
1.180000E1	1.880860E2	-2.442216E0
1.182000E1	1.886084E2	-2.200956E0
1.184000E1	1.893153E2	-1.643233E0
1.186000E1	1.898087E2	-6.254454E-1
1.188000E1	1.897498E2	-1.158015E-1
1.190000E1	1.900859E2	-1.140996E0
1.192000E1	1.903841E2	-2.254451E0
1.194000E1	1.906165E2	-2.578492E0
1.196000E1	1.909803E2	-2.576496E0
1.198000E1	1.913691E2	-2.248503E0
1.200000E1	1.915928E2	-2.223155E0
1.202000E1	1.913553E2	-2.358519E0
1.204000E1	1.915482E2	-2.212447E0
1.206000E1	1.921958E2	-1.870310E0
1.208000E1	1.929984E2	-1.788456E0
1.210000E1	1.935960E2	-1.945645E0
1.212000E1	1.939026E2	-2.270168E0
1.214000E1	1.939910E2	-2.270598E0
1.216000E1	1.938440E2	-2.004452E0
1.218000E1	1.934927E2	-1.702618E0
1.220000E1	1.938625E2	-1.845765E0
1.222000E1	1.946395E2	-1.943140E0
1.224000E1	1.949339E2	-2.066214E0
1.226000E1	1.949240E2	-2.771516E0
1.228000E1	1.950186E2	-3.963842E0
1.230000E1	1.952787E2	-4.800828E0
1.232000E1	1.960235E2	-5.021995E0
1.234000E1	1.971221E2	-4.492279E0
1.236000E1	1.982917E2	-3.437235E0
1.238000E1	1.992129E2	-2.452614E0
1.240000E1	1.988011E2	-1.710015E0
1.242000E1	1.980915E2	-1.570224E0
1.244000E1	1.983219E2	-2.470514E0
1.246000E1	1.992344E2	-3.318694E0
1.248000E1	1.997907E2	-3.544965E0
1.250000E1	1.998120E2	-3.793684E0
1.252000E1	1.996798E2	-4.232689E0
1.254000E1	1.996749E2	-3.783899E0
1.256000E1	2.001479E2	-2.469519E0
1.258000E1	2.012573E2	-1.061670E0
1.260000E1	2.020041E2	-5.719183E-2
1.262000E1	2.018178E2	-4.978518E-1
1.264000E1	2.016524E2	-2.191724E0
1.266000E1	2.020525E2	-3.894904E0
1.268000E1	2.024865E2	-3.992873E0
1.270000E1	2.026195E2	-2.824517E0
1.272000E1	2.029547E2	-2.464515E0
1.274000E1	2.033864E2	-2.990594E0
1.276000E1	2.035371E2	-3.748897E0
1.278000E1	2.036856E2	-4.374985E0
1.280000E1	2.041704E2	-4.349273E0
1.282000E1	2.047027E2	-4.322555E0
1.284000E1	2.052409E2	-4.302723E0
1.286000E1	2.055236E2	-4.024507E0
1.288000E1	2.056779E2	-3.605907E0
1.290000E1	2.058003E2	-3.040067E0
1.292000E1	2.060326E2	-2.517049E0
1.294000E1	2.066303E2	-2.537093E0
1.296000E1	2.075422E2	-2.765423E0
1.298000E1	2.079775E2	-3.413052E0
1.300000E1	2.080968E2	-3.382778E0
1.302000E1	2.081712E2	-2.813190E0
1.304000E1	2.082764E2	-2.566386E0
1.306000E1	2.081730E2	-2.582446E0
1.308000E1	2.084360E2	-3.173652E0
1.310000E1	2.087326E2	-3.148627E0
1.312000E1	2.090964E2	-2.787401E0
1.314000E1	2.096041E2	-2.412736E0
1.316000E1	2.101522E2	-2.773855E0
1.318000E1	2.106565E2	-3.493939E0
1.320000E1	2.111391E2	-3.598500E0
1.322000E1	2.112915E2	-3.338405E0
1.324000E1	2.116818E2	-2.997458E0
1.326000E1	2.119164E2	-2.613514E0
1.328000E1	2.115930E2	-2.926938E0
1.330000E1	2.113759E2	-3.294955E0
1.332000E1	2.110977E2	-3.452314E0
1.334000E1	2.115038E2	-3.209100E0
1.336000E1	2.121135E2	-3.215088E0
1.338000E1	2.120593E2	-4.014836E0
1.340000E1	2.122934E2	-5.198296E0
1.342000E1	2.130442E2	-5.502507E0
1.344000E1	2.136853E2	-4.070710E0
1.346000E1	2.145551E2	-1.220292E0
1.348000E1	2.155775E2	1.153908E0
1.350000E1	2.156259E2	2.216148E0
1.352000E1	2.158265E2	1.393338E0
1.354000E1	2.158859E2	-9.852806E-1
1.356000E1	2.159135E2	-3.026158E0
1.358000E1	2.167564E2	-3.563128E0
1.360000E1	2.174350E2	-2.723014E0
1.362000E1	2.176550E2	-1.147029E0
1.364000E1	2.179337E2	-4.176826E-1
1.366000E1	2.185577E2	-8.493717E-1
1.368000E1	2.193107E2	-1.728859E0
1.370000E1	2.196752E2	-2.585649E0
1.372000E1	2.197727E2	-3.465678E0
1.374000E1	2.193135E2	-4.824014E0
1.376000E1	2.191318E2	-5.375211E0
1.378000E1	2.194507E2	-4.622408E0
1.380000E1	2.196791E2	-3.483453E0
1.382000E1	2.202538E2	-3.231931E0
1.384000E1	2.211497E2	-3.416824E0
1.386000E1	2.221944E2	-4.001121E0
1.388000E1	2.225562E2	-4.262430E0
1.390000E1	2.224487E2	-4.228477E0
1.392000E1	2.223007E2	-4.222491E0
1.394000E1	2.225113E2	-3.997477E0
1.396000E1	2.232799E2	-3.603287E0
1.398000E1	2.241290E2	-2.610512E0
1.400000E1	2.246513E2	-2.146432E0
1.402000E1	2.247698E2	-2.398991E0
1.404000E1	2.251593E2	-3.164589E0
1.406000E1	2.256741E2	-3.872164E0
1.408000E1	2.261225E2	-3.849460E0
1.410000E1	2.263739E2	-3.491327E0
1.412000E1	2.271279E2	-2.959515E0
1.414000E1	2.276970E2	-2.664596E0
1.416000E1	2.274057E2	-3.381665E0
1.418000E1	2.270544E2	-3.829972E0
1.420000E1	2.268631E2	-3.969925E0
1.422000E1	2.275801E2	-3.411410E0
1.424000E1	2.280896E2	-2.780208E0
1.426000E1	2.283497E2	-3.259592E0
1.428000E1	2.283538E2	-3.981128E0
1.430000E1	2.284563E2	-4.203907E0
1.432000E1	2.285198E2	-3.430453E0
1.434000E1	2.286192E2	-2.232788E0
1.436000E1	2.280381E2	-1.823294E-1
1.438000E1	2.280086E2	5.833026E-1
1.440000E1	2.284985E2	1.060932E-1
1.442000E1	2.290818E2	-1.383319E0
1.444000E1	2.294736E2	-3.219115E0
1.446000E1	2.298273E2	-3.775525E0
1.448000E1	2.303844E2	-3.006716E0
1.450000E1	2.313370E2	-2.026587E0
1.452000E1	2.326691E2	-1.639212E0
1.454000E1	2.341848E2	-1.421739E0
1.456000E1	2.351196E2	-1.221847E0
1.458000E1	2.348010E2	-1.159861E0
1.460000E1	2.346802E2	-1.624390E0
1.462000E1	2.347461E2	-2.882693E0
1.464000E1	2.348191E2	-3.911007E0
1.466000E1	2.346252E2	-3.807565E0
1.468000E1	2.345725E2	-3.024611E0
1.470000E1	2.350109E2	-2.196480E0
1.472000E1	2.359671E2	-1.714788E0
1.474000E1	2.368804E2	-1.368144E0
1.476000E1	2.371029E2	-1.311413E0
1.478000E1	2.369704E2	-1.633384E0
1.480000E1	2.365210E2	-2.479506E0
1.482000E1	2.360137E2	-4.070142E0
1.484000E1	2.365921E2	-4.415874E0
1.486000E1	2.371490E2	-3.636545E0
1.488000E1	2.374796E2	-2.484178E0
1.490000E1	2.375808E2	-2.837641E0
1.492000E1	2.380077E2	-3.897301E0
1.494000E1	2.385785E2	-4.779366E0
1.496000E1	2.387780E2	-4.941240E0
1.498000E1	2.390478E2	-4.519195E0
1.500000E1	2.398504E2	-3.811368E0
1.502000E1	2.410521E2	-3.510948E0
1.504000E1	2.415127E2	-3.430777E0
1.506000E1	2.414672E2	-3.414189E0
1.508000E1	2.416054E2	-3.367670E0
1.510000E1	2.421159E2	-2.574614E0
1.512000E1	2.422992E2	-2.671796E0
1.514000E1	2.425831E2	-3.559439E0
1.516000E1	2.426013E2	-4.346199E0
1.518000E1	2.425971E2	-4.251701E0
1.520000E1	2.428983E2	-3.355484E0
1.522000E1	2.433671E2	-1.587813E0
1.524000E1	2.426422E2	1.986351E-1
1.526000E1	2.423071E2	7.939812E-1
1.528000E1	2.427008E2	-1.877036E-1
1.530000E1	2.434985E2	-1.666888E0
1.532000E1	2.442795E2	-2.889811E0
1.534000E1	2.450625E2	-2.817827E0
1.536000E1	2.455600E2	-1.451947E0
1.538000E1	2.454617E2	1.687396E-2
1.540000E1	2.456043E2	7.508602E-2
1.542000E1	2.463511E2	-1.071887E0
1.544000E1	2.463489E2	-2.583549E0
1.546000E1	2.463734E2	-3.346025E0
1.548000E1	2.468631E2	-3.290060E0
1.550000E1	2.478275E2	-2.895683E0
1.552000E1	2.482463E2	-2.686403E0
1.554000E1	2.478129E2	-2.865390E0
1.556000E1	2.476426E2	-3.625391E0
1.558000E1	2.484428E2	-4.118626E0
1.560000E1	2.501327E2	-3.963764E0
1.562000E1	2.516123E2	-3.135663E0
1.564000E1	2.525641E2	-1.664286E0
1.566000E1	2.522110E2	-7.678985E-1
1.568000E1	2.516461E2	-7.682673E-1
1.570000E1	2.516114E2	-1.561188E0
1.572000E1	2.520156E2	-2.569876E0
1.574000E1	2.522351E2	-3.486032E0
1.576000E1	2.525123E2	-3.926878E0
1.578000E1	2.526714E2	-3.944403E0
1.580000E1	2.527355E2	-3.941270E0
1.582000E1	2.529500E2	-3.728715E0
1.584000E1	2.533106E2	-3.484416E0
1.586000E1	2.540090E2	-3.323138E0
1.588000E1	2.548467E2	-3.213200E0
1.590000E1	2.549625E2	-3.284374E0
1.592000E1	2.549641E2	-3.811869E0
1.594000E1	2.554381E2	-4.311034E0
1.596000E1	2.558422E2	-3.951241E0
1.598000E1	2.555642E2	-3.473633E0
1.600000E1	2.551982E2	-3.733768E0
1.602000E1	2.555888E2	-4.558242E0
1.604000E1	2.560839E2	-4.716063E0
1.606000E1	2.565031E2	-3.855499E0
1.608000E1	2.570337E2	-2.216678E0
1.610000E1	2.573113E2	-1.277098E0
1.612000E1	2.575126E2	-1.311184E0
1.614000E1	2.573909E2	-2.147547E0
1.616000E1	2.575384E2	-2.626739E0
1.618000E1	2.580387E2	-2.432005E0
1.620000E1	2.588636E2	-2.100475E0
1.622000E1	2.595134E2	-1.383648E0
1.624000E1	2.601767E2	-4.827033E-1
1.626000E1	2.602314E2	-6.709485E-1
1.628000E1	2.606852E2	-2.040258E0
1.630000E1	2.609612E2	-2.472986E0
1.632000E1	2.612352E2	-2.827063E0
1.634000E1	2.616410E2	-2.756789E0
1.636000E1	2.616637E2	-2.782930E0
1.638000E1	2.616918E2	-2.846494E0
1.640000E1	2.616982E2	-2.835855E0
1.642000E1	2.621611E2	-2.212955E0
1.644000E1	2.631105E2	-2.144914E0
1.646000E1	2.638627E2	-2.195501E0
1.648000E1	2.641862E2	-2.603270E0
1.650000E1	2.642136E2	-2.611467E0
1.652000E1	2.641095E2	-2.205327E0
1.654000E1	2.637958E2	-1.815100E0
1.656000E1	2.637588E2	-1.941670E0
1.658000E1	2.644214E2	-2.210558E0
1.660000E1	2.649487E2	-2.161900E0
1.662000E1	2.650747E2	-2.412726E0
1.664000E1	2.650656E2	-3.462404E0
1.666000E1	2.652800E2	-4.532677E0
1.668000E1	2.658638E2	-5.018329E0
1.670000E1	2.669030E2	-4.830249E0
1.672000E1	2.681809E2	-3.881002E0
1.674000E1	2.693137E2	-2.889518E0
1.676000E1	2.693476E2	-2.105771E0
1.678000E1	2.685229E2	-1.482932E0
1.680000E1	2.685278E2	-2.201740E0
1.682000E1	2.691553E2	-3.094136E0
1.684000E1	2.699040E2	-3.519870E0
1.686000E1	2.701162E2	-3.667074E0
1.688000E1	2.699138E2	-4.163424E0
1.690000E1	2.699499E2	-3.970548E0
1.692000E1	2.701504E2	-2.784222E0
1.694000E1	2.710909E2	-1.245485E0
1.696000E1	2.720382E2	5.022062E-2
1.698000E1	2.719801E2	-1.626383E-2
1.700000E1	2.716859E2	-1.398203E0
1.702000E1	2.720120E2	-3.559842E0
1.704000E1	2.724071E2	-4.005914E0
1.706000E1	2.726446E2	-2.920216E0
1.708000E1	2.727656E2	-2.284712E0
1.710000E1	2.732964E2	-2.813962E0
1.712000E1	2.735437E2	-3.566342E0
1.714000E1	2.736368E2	-4.175671E0
1.716000E1	2.741783E2	-4.120861E0
1.718000E1	2.747942E2	-4.050404E0
1.720000E1	2.753911E2	-4.146684E0
1.722000E1	2.757028E2	-3.921045E0
1.724000E1	2.758968E2	-3.426370E0
1.726000E1	2.759907E2	-2.858400E0
1.728000E1	2.763380E2	-2.224244E0
1.730000E1	2.768201E2	-2.242814E0
1.732000E1	2.777586E2	-2.555233E0
1.734000E1	2.783063E2	-3.101828E0
1.736000E1	2.783925E2	-3.097791E0
1.738000E1	2.785107E2	-2.541262E0
1.740000E1	2.785800E2	-2.187892E0
1.742000E1	2.786588E2	-2.093617E0
1.744000E1	2.789299E2	-2.729495E0
1.746000E1	2.791258E2	-2.782326E0
1.748000E1	2.794297E2	-2.685132E0
1.750000E1	2.798231E2	-2.273808E0
1.752000E1	2.805049E2	-2.658376E0
1.754000E1	2.812170E2	-3.311361E0
1.756000E1	2.817534E2	-3.308868E0
1.758000E1	2.819953E2	-3.263210E0
1.760000E1	2.823937E2	-2.791215E0
1.762000E1	2.825684E2	-2.632246E0
1.764000E1	2.822726E2	-2.829971E0
1.766000E1	2.819839E2	-3.234801E0
1.768000E1	2.815375E2	-3.235552E0
1.770000E1	2.817547E2	-2.964982E0
1.772000E1	2.823577E2	-2.990333E0
1.774000E1	2.824399E2	-3.836680E0
1.776000E1	2.826431E2	-5.408212E0
1.778000E1	2.834465E2	-5.532477E0
1.780000E1	2.841076E2	-4.224379E0
1.782000E1	2.850370E2	-1.423013E0
1.784000E1	2.861149E2	9.478589E-1
1.786000E1	2.863252E2	2.042659E0
1.788000E1	2.864396E2	1.366198E0
1.790000E1	2.865332E2	-8.604784E-1
1.792000E1	2.865474E2	-2.666298E0
1.794000E1	2.871634E2	-3.688726E0
1.796000E1	2.879898E2	-3.151226E0
1.798000E1	2.882688E2	-1.948449E0
1.800000E1	2.885941E2	-9.398186E-1
1.802000E1	2.890883E2	-1.036494E0
1.804000E1	2.900403E2	-1.758316E0
1.806000E1	2.902889E2	-2.426560E0
1.808000E1	2.903729E2	-3.212319E0
1.810000E1	2.901202E2	-4.282058E0
1.812000E1	2.896970E2	-5.242999E0
1.814000E1	2.898072E2	-4.711596E0
1.816000E1	2.900729E2	-3.709561E0
1.818000E1	2.905779E2	-3.183886E0
1.820000E1	2.914620E2	-3.467911E0
1.822000E1	2.925800E2	-3.898800E0
1.824000E1	2.928736E2	-4.192813E0
1.826000E1	2.926669E2	-4.052937E0
1.828000E1	2.923843E2	-3.991532E0
1.830000E1	2.925276E2	-4.145479E0
1.832000E1	2.932974E2	-3.802102E0
1.834000E1	2.941923E2	-2.961159E0
1.836000E1	2.946479E2	-2.088710E0
1.838000E1	2.950493E2	-2.107972E0
1.840000E1	2.953636E2	-3.306105E0
1.842000E1	2.959607E2	-4.030165E0
1.844000E1	2.963531E2	-3.957628E0
1.846000E1	2.966897E2	-3.532545E0
1.848000E1	2.973900E2	-2.985898E0
1.850000E1	2.981363E2	-2.577320E0
1.852000E1	2.980076E2	-3.012940E0
1.854000E1	2.976122E2	-3.479599E0
1.856000E1	2.971357E2	-3.646508E0
1.858000E1	2.976771E2	-3.374408E0
1.860000E1	2.981146E2	-3.002794E0
1.862000E1	2.984452E2	-3.493487E0
1.864000E1	2.985092E2	-4.018600E0
1.866000E1	2.985896E2	-4.006277E0
1.868000E1	2.988150E2	-3.347775E0
1.870000E1	2.988838E2	-1.801755E0
1.872000E1	2.981984E2	-1.213877E-1
1.874000E1	2.976846E2	9.459677E-1
1.876000E1	2.982056E2	5.677644E-1
1.878000E1	2.989301E2	-1.042233E0
1.880000E1	2.992364E2	-2.986150E0
1.882000E1	2.998650E2	-3.825624E0
1.884000E1	3.002618E2	-3.076909E0
1.886000E1	3.008005E2	-2.177630E0
1.888000E1	3.018258E2	-2.300511E0
1.890000E1	3.034386E2	-2.816869E0
1.892000E1	3.048699E2	-2.366831E0
1.894000E1	3.052686E2	-1.618624E0
1.896000E1	3.050199E2	-1.394505E0
1.898000E1	3.050103E2	-2.158050E0
1.900000E1	3.050210E2	-3.016102E0
1.902000E1	3.046472E2	-3.655586E0
1.904000E1	3.046330E2	-3.658601E0
1.906000E1	3.052684E2	-3.364519E0
1.908000E1	3.062880E2	-2.926072E0
1.910000E1	3.069909E2	-2.088169E0
1.912000E1	3.073485E2	-1.234771E0
1.914000E1	3.072848E2	-1.152432E0
1.916000E1	3.069153E2	-1.970330E0
1.918000E1	3.064296E2	-3.560858E0
1.920000E1	3.069706E2	-4.332870E0
1.922000E1	3.074708E2	-4.352321E0
1.924000E1	3.077254E2	-3.392761E0
1.926000E1	3.077749E2	-3.394802E0
1.928000E1	3.082737E2	-4.283881E0
1.930000E1	3.088110E2	-5.078103E0
1.932000E1	3.092428E2	-5.276375E0
1.934000E1	3.096168E2	-4.956812E0
1.936000E1	3.104616E2	-4.217578E0
1.938000E1	3.111264E2	-4.019050E0
1.940000E1	3.114195E2	-4.267886E0
1.942000E1	3.113721E2	-4.422450E0
1.944000E1	3.117694E2	-4.299549E0
1.946000E1	3.125678E2	-3.246138E0
1.948000E1	3.125865E2	-3.037452E0
1.950000E1	3.126841E2	-3.570424E0
1.952000E1	3.129058E2	-4.327259E0
1.954000E1	3.131470E2	-4.697296E0
1.956000E1	3.134886E2	-3.928297E0
1.958000E1	3.135319E2	-1.683026E0
1.960000E1	3.128055E2	5.945246E-1
1.962000E1	3.124400E2	1.355010E0
1.964000E1	3.129118E2	3.734382E-1
1.966000E1	3.134259E2	-2.057246E0
1.968000E1	3.140047E2	-3.804675E0
1.970000E1	3.147749E2	-3.158548E0
1.972000E1	3.154947E2	-1.450025E0
1.974000E1	3.159253E2	5.856637E-2
1.976000E1	3.164074E2	-6.891187E-1
1.978000E1	3.169159E2	-1.615637E0
1.980000E1	3.165489E2	-2.463687E0
1.982000E1	3.166506E2	-2.686405E0
1.984000E1	3.172301E2	-2.515527E0
1.986000E1	3.177281E2	-2.396435E0
1.988000E1	3.178265E2	-2.321775E0
1.990000E1	3.177709E2	-2.495434E0
1.992000E1	3.182066E2	-3.285079E0
1.994000E1	3.185397E2	-3.913540E0
1.996000E1	3.191866E2	-4.001176E0
1.998000E1	3.202568E2	-3.801557E0
2.000000E1	3.213428E2	-3.165284E0
2.002000E1	3.222288E2	-2.336943E0
2.004000E1	3.223044E2	-1.518020E0
2.006000E1	3.222618E2	-7.450697E-1
2.008000E1	3.221659E2	-7.228323E-1
2.010000E1	3.220971E2	-1.655623E0
2.012000E1	3.221273E2	-3.515734E0
2.014000E1	3.228614E2	-5.014543E0
2.016000E1	3.234542E2	-5.299230E0
2.018000E1	3.234600E2	-4.840039E0
2.020000E1	3.233351E2	-3.904889E0
2.022000E1	3.240935E2	-2.958703E0
2.024000E1	3.246795E2	-2.800386E0
2.026000E1	3.247981E2	-3.042126E0
2.028000E1	3.247724E2	-3.481382E0
2.030000E1	3.252270E2	-3.619026E0
2.032000E1	3.259205E2	-3.700558E0
2.034000E1	3.257118E2	-3.720782E0
2.036000E1	3.255976E2	-4.495336E0
2.038000E1	3.258463E2	-4.690427E0
2.040000E1	3.261584E2	-4.014155E0
2.042000E1	3.266181E2	-2.731475E0
2.044000E1	3.272040E2	-1.384042E0
2.046000E1	3.276055E2	-1.322387E0
2.048000E1	3.275077E2	-2.253145E0
2.050000E1	3.275022E2	-2.752505E0
2.052000E1	3.278791E2	-2.223053E0
2.054000E1	3.284312E2	-1.565138E0
2.056000E1	3.292731E2	-1.250659E0
2.058000E1	3.301371E2	-9.432740E-1
2.060000E1	3.304697E2	-9.326583E-1
2.062000E1	3.307459E2	-1.685512E0
2.064000E1	3.312413E2	-1.754113E0
2.066000E1	3.313059E2	-1.932244E0
2.068000E1	3.316944E2	-1.962143E0
2.070000E1	3.321939E2	-1.874966E0
2.072000E1	3.325071E2	-1.684937E0
2.074000E1	3.324087E2	-1.595964E0
2.076000E1	3.321513E2	-1.669813E0
2.078000E1	3.326269E2	-1.981197E0
2.080000E1	3.336942E2	-1.981394E0
2.082000E1	3.346524E2	-1.860445E0
2.084000E1	3.349127E2	-1.766867E0
2.086000E1	3.348572E2	-1.575684E0
2.088000E1	3.348123E2	-1.660232E0
2.090000E1	3.347736E2	-1.544866E0
2.092000E1	3.348393E2	-1.429333E0
2.094000E1	3.352497E2	-1.043830E0
2.096000E1	3.353472E2	-1.337735E0
2.098000E1	3.353220E2	-2.098730E0
2.100000E1	3.357545E2	-3.116945E0
2.102000E1	3.362751E2	-4.140018E0
2.104000E1	3.364037E2	-4.528522E0
2.106000E1	3.364855E2	-4.407394E0
2.108000E1	3.379429E2	-3.959884E0
2.110000E1	3.397747E2	-3.371235E0
2.112000E1	3.402991E2	-2.911467E0
2.114000E1	3.393801E2	-2.210012E0
2.116000E1	3.390198E2	-2.021067E0
2.118000E1	3.395280E2	-2.032171E0
2.120000E1	3.404897E2	-2.897972E0
2.122000E1	3.402783E2	-3.923501E0
2.124000E1	3.404624E2	-4.573131E0
2.126000E1	3.411542E2	-4.494685E0
2.128000E1	3.411696E2	-3.429165E0
2.130000E1	3.415266E2	-1.858339E0
2.132000E1	3.425233E2	-4.745425E-1
2.134000E1	3.426988E2	-1.957311E-1
2.136000E1	3.426263E2	-8.594741E-1
2.138000E1	3.425976E2	-2.537519E0
2.140000E1	3.426842E2	-4.154418E0
2.142000E1	3.431434E2	-4.095478E0
2.144000E1	3.435495E2	-2.968634E0
2.146000E1	3.437442E2	-2.785179E0
2.148000E1	3.437892E2	-3.750071E0
2.150000E1	3.441441E2	-4.777034E0
2.152000E1	3.449108E2	-5.073623E0
2.154000E1	3.457674E2	-4.838947E0
2.156000E1	3.462532E2	-4.600928E0
2.158000E1	3.461509E2	-4.468794E0
2.160000E1	3.461514E2	-4.513272E0
2.162000E1	3.461144E2	-4.166267E0
2.164000E1	3.465715E2	-3.199893E0
2.166000E1	3.473286E2	-2.656776E0
2.168000E1	3.481671E2	-2.776700E0
2.170000E1	3.488442E2	-3.113937E0
2.172000E1	3.492535E2	-3.284865E0
2.174000E1	3.493009E2	-3.280996E0
2.176000E1	3.492946E2	-2.947532E0
2.178000E1	3.496447E2	-2.968005E0
2.180000E1	3.502838E2	-3.057283E0
2.182000E1	3.503435E2	-3.031314E0
2.184000E1	3.503031E2	-3.023842E0
2.186000E1	3.502269E2	-3.535038E0
2.188000E1	3.511287E2	-3.916629E0
2.190000E1	3.521341E2	-3.932018E0
2.192000E1	3.528608E2	-3.720418E0
2.194000E1	3.532046E2	-3.530159E0
2.196000E1	3.537793E2	-3.423595E0
2.198000E1	3.540378E2	-3.335539E0
2.200000E1	3.538257E2	-3.872186E0
2.202000E1	3.533225E2	-3.872694E0
2.204000E1	3.528439E2	-3.862078E0
2.206000E1	3.529473E2	-3.260913E0
2.208000E1	3.529611E2	-3.412297E0
2.210000E1	3.532200E2	-4.396162E0
2.212000E1	3.536313E2	-5.455389E0
2.214000E1	3.541011E2	-6.041675E0
2.216000E1	3.546187E2	-5.130071E0
2.218000E1	3.554382E2	-3.308424E0
2.220000E1	3.561533E2	-1.585489E0
2.222000E1	3.570194E2	-3.138416E-2
2.224000E1	3.574309E2	3.908126E-2
2.226000E1	3.576159E2	-5.454342E-1
2.228000E1	3.579299E2	-1.498602E0
2.230000E1	3.579167E2	-2.820876E0
2.232000E1	3.583708E2	-3.702172E0
2.234000E1	3.588169E2	-3.685075E0
2.236000E1	3.592032E2	-3.665672E0
2.238000E1	3.596612E2	-3.595072E0
2.240000E1	3.602455E2	-3.292339E0
2.242000E1	3.606435E2	-2.840878E0
2.244000E1	3.610292E2	-2.987269E0
2.246000E1	3.610757E2	-3.452699E0
2.248000E1	3.609642E2	-3.873446E0
2.250000E1	3.604459E2	-4.512380E0
2.252000E1	3.607336E2	-4.518681E0
2.254000E1	3.613452E2	-4.420630E0
2.256000E1	3.620788E2	-4.275904E0
2.258000E1	3.628252E2	-4.158915E0
2.260000E1	3.635034E2	-3.733498E0
2.262000E1	3.637858E2	-3.435277E0
2.264000E1	3.634661E2	-4.030485E0
2.266000E1	3.629596E2	-4.832799E0
2.268000E1	3.636017E2	-4.719596E0
2.270000E1	3.645180E2	-3.879244E0
2.272000E1	3.651755E2	-2.787839E0
2.274000E1	3.656916E2	-3.139716E0
2.276000E1	3.661090E2	-3.935811E0
2.278000E1	3.665107E2	-4.548373E0
2.280000E1	3.670513E2	-4.438995E0
2.282000E1	3.681108E2	-4.204522E0
2.284000E1	3.688607E2	-3.929014E0
2.286000E1	3.686673E2	-4.074017E0
2.288000E1	3.685374E2	-4.121222E0
2.290000E1	3.684785E2	-4.064114E0
2.292000E1	3.686382E2	-3.881439E0
2.294000E1	3.682734E2	-3.905306E0
2.296000E1	3.680815E2	-4.575154E0
2.298000E1	3.682632E2	-4.977762E0
2.300000E1	3.688533E2	-5.035283E0
2.302000E1	3.695337E2	-4.375818E0
2.304000E1	3.698938E2	-2.990719E0
2.306000E1	3.694159E2	-1.578040E0
2.308000E1	3.687592E2	-1.710625E-1
2.310000E1	3.688800E2	8.563199E-2
2.312000E1	3.693592E2	-9.602882E-1
2.314000E1	3.697099E2	-2.688808E0
2.316000E1	3.700163E2	-4.017908E0
2.318000E1	3.709227E2	-3.859606E0
2.320000E1	3.714956E2	-3.037260E0
2.322000E1	3.719619E2	-3.120801E0
2.324000E1	3.721208E2	-4.457869E0
2.326000E1	3.729323E2	-5.294677E0
2.328000E1	3.737601E2	-4.970677E0
2.330000E1	3.751921E2	-4.321913E0
2.332000E1	3.762350E2	-3.630531E0
2.334000E1	3.767057E2	-2.839399E0
2.336000E1	3.761789E2	-2.093437E0
2.338000E1	3.757040E2	-2.007988E0
2.340000E1	3.759774E2	-3.145032E0
2.342000E1	3.769234E2	-4.940853E0
2.344000E1	3.773962E2	-5.424552E0
2.346000E1	3.776119E2	-4.891734E0
2.348000E1	3.778576E2	-3.911271E0
2.350000E1	3.780236E2	-2.983484E0
2.352000E1	3.778564E2	-2.616846E0
2.354000E1	3.776539E2	-2.964956E0
2.356000E1	3.778853E2	-3.536705E0
2.358000E1	3.781684E2	-4.357681E0
2.360000E1	3.787214E2	-5.079629E0
2.362000E1	3.790206E2	-4.984726E0
2.364000E1	3.794809E2	-4.920592E0
2.366000E1	3.797397E2	-4.672998E0
2.368000E1	3.800885E2	-4.777113E0
2.370000E1	3.810781E2	-5.067849E0
2.372000E1	3.816416E2	-4.828538E0
2.374000E1	3.816301E2	-4.701245E0
2.376000E1	3.814780E2	-4.484456E0
2.378000E1	3.818910E2	-4.110812E0
2.380000E1	3.826191E2	-3.356818E0
2.382000E1	3.826561E2	-3.284431E0
2.384000E1	3.827536E2	-4.057887E0
2.386000E1	3.829554E2	-4.610594E0
2.388000E1	3.834468E2	-4.492197E0
2.390000E1	3.843752E2	-3.391433E0
2.392000E1	3.848065E2	-1.751769E0
2.394000E1	3.839661E2	-2.366330E-1
2.396000E1	3.835591E2	6.351994E-1
2.398000E1	3.841535E2	5.690515E-1
2.400000E1	3.850756E2	-3.986910E-1
