	mass A		
t	x	y	
0.000000E0	1.808330E-2	-3.302260E-2
2.000000E-2	-2.813050E-1	-4.127318E-1
4.000000E-2	-5.252548E-1	-2.155778E-1
6.000000E-2	-5.660412E-1	3.485416E-1
8.000000E-2	-4.656477E-1	1.216510E0
1.000000E-1	-9.565771E-1	1.001583E0
1.200000E-1	-9.852700E-1	2.555355E-1
1.400000E-1	-6.445737E-1	-5.291398E-1
1.600000E-1	3.170055E-1	-8.300722E-1
1.800000E-1	1.265483E0	-6.297818E-1
2.000000E-1	1.800655E0	7.503492E-1
2.200000E-1	1.899561E0	1.579565E0
2.400000E-1	2.591105E0	2.035389E0
2.600000E-1	3.136624E0	2.115624E0
2.800000E-1	3.986022E0	2.389888E0
3.000000E-1	4.850213E0	2.533581E0
3.200000E-1	5.160904E0	2.901441E0
3.400000E-1	5.400813E0	2.740280E0
3.600000E-1	5.642088E0	1.713351E0
3.800000E-1	6.004194E0	-1.777740E-1
4.000000E-1	6.471556E0	-1.574046E0
4.200000E-1	6.776476E0	-1.755620E0
4.400000E-1	6.789428E0	-1.597074E0
4.600000E-1	6.794625E0	-6.520218E-1
4.800000E-1	7.179357E0	3.973548E-1
5.000000E-1	7.587032E0	1.334229E0
5.200000E-1	7.821131E0	1.689638E0
5.400000E-1	8.317337E0	1.241181E0
5.600000E-1	8.727135E0	-6.066425E-1
5.800000E-1	8.913310E0	-2.045690E0
6.000000E-1	9.036916E0	-2.357142E0
6.200000E-1	9.220789E0	-1.892160E0
6.400000E-1	9.704166E0	-1.017548E0
6.600000E-1	9.964152E0	-5.477537E-1
6.800000E-1	1.040672E1	-5.735730E-1
7.000000E-1	1.075931E1	-5.193822E-1
7.200000E-1	1.107402E1	-5.822361E-1
7.400000E-1	1.112187E1	-5.911369E-1
7.600000E-1	1.168969E1	-8.745472E-1
7.800000E-1	1.230274E1	-1.108835E0
8.000000E-1	1.285877E1	-9.955421E-1
8.200000E-1	1.328729E1	-8.338389E-1
8.400000E-1	1.405814E1	-7.586090E-1
8.600000E-1	1.494356E1	-8.356931E-1
8.800000E-1	1.498954E1	-1.438751E0
9.000000E-1	1.467073E1	-1.432746E0
9.200000E-1	1.440392E1	-1.004156E0
9.400000E-1	1.514907E1	-1.969686E-1
9.600000E-1	1.522436E1	4.182062E-2
9.800000E-1	1.524385E1	-8.188515E-1
1.000000E0	1.483650E1	-1.972332E0
1.020000E0	1.477290E1	-2.498211E0
1.040000E0	1.527678E1	-1.770349E0
1.060000E0	1.649387E1	1.229832E-2
1.080000E0	1.634206E1	2.083041E0
1.100000E0	1.577867E1	3.463675E0
1.120000E0	1.596531E1	3.627243E0
1.140000E0	1.654206E1	2.742417E0
1.160000E0	1.715305E1	9.423299E-1
1.180000E0	1.749109E1	-3.687793E-1
1.200000E0	1.799033E1	-3.398578E-1
1.220000E0	1.840470E1	8.236499E-1
1.240000E0	1.861256E1	9.671290E-1
1.260000E0	1.961704E1	-6.536543E-2
1.280000E0	1.998928E1	-1.221587E0
1.300000E0	1.941923E1	-2.323342E0
1.320000E0	1.948060E1	-2.872840E0
1.340000E0	2.026549E1	-2.752314E0
1.360000E0	2.139255E1	-1.586202E0
1.380000E0	2.236693E1	1.316656E-1
1.400000E0	2.288440E1	1.664875E0
1.420000E0	2.315022E1	1.876478E0
1.440000E0	2.394860E1	1.407337E0
1.460000E0	2.426125E1	2.766072E-1
1.480000E0	2.390721E1	-1.318080E0
1.500000E0	2.357346E1	-2.524829E0
1.520000E0	2.354615E1	-2.503566E0
1.540000E0	2.370212E1	-1.988877E0
1.560000E0	2.392962E1	-6.219703E-1
1.580000E0	2.430103E1	5.857401E-1
1.600000E0	2.456534E1	7.131231E-1
1.620000E0	2.441771E1	-3.430793E-1
1.640000E0	2.489788E1	-1.722287E0
1.660000E0	2.555508E1	-2.697774E0
1.680000E0	2.642077E1	-3.405995E0
1.700000E0	2.679851E1	-3.412011E0
1.720000E0	2.760363E1	-3.294660E0
1.740000E0	2.769142E1	-2.907295E0
1.760000E0	2.769905E1	-2.843764E0
1.780000E0	2.773893E1	-2.653986E0
1.800000E0	2.833229E1	-2.413668E0
1.820000E0	2.858504E1	-2.009337E0
1.840000E0	2.825226E1	-2.417697E0
1.860000E0	2.830713E1	-3.352069E0
1.880000E0	2.876547E1	-3.578019E0
1.900000E0	2.942366E1	-2.997836E0
1.920000E0	3.033808E1	-1.234787E0
1.940000E0	3.034690E1	9.466399E-1
1.960000E0	2.993340E1	2.223197E0
1.980000E0	3.020942E1	2.246394E0
2.000000E0	3.055099E1	1.209094E0
2.020000E0	3.112692E1	-5.709765E-1
2.040000E0	3.156054E1	-1.944784E0
2.060000E0	3.237464E1	-1.211980E0
2.080000E0	3.270526E1	4.999029E-1
2.100000E0	3.238719E1	1.756360E0
2.120000E0	3.266251E1	7.664140E-1
2.140000E0	3.301431E1	-1.144996E0
2.160000E0	3.313138E1	-2.310039E0
2.180000E0	3.339377E1	-1.913769E0
2.200000E0	3.393362E1	-9.604356E-1
2.220000E0	3.460440E1	-3.444062E-1
2.240000E0	3.497477E1	-4.400688E-1
2.260000E0	3.483664E1	-6.194291E-1
2.280000E0	3.506729E1	-6.196522E-1
2.300000E0	3.545368E1	-6.442187E-1
2.320000E0	3.583988E1	-9.445089E-1
2.340000E0	3.630454E1	-1.279817E0
2.360000E0	3.643809E1	-1.588844E0
2.380000E0	3.649105E1	-1.849230E0
2.400000E0	3.661371E1	-2.012279E0
2.420000E0	3.688809E1	-2.182055E0
2.440000E0	3.733673E1	-2.089778E0
2.460000E0	3.790691E1	-2.034893E0
2.480000E0	3.842480E1	-2.168199E0
2.500000E0	3.920419E1	-2.304268E0
2.520000E0	4.016257E1	-2.174894E0
2.540000E0	4.049229E1	-1.948579E0
2.560000E0	4.034169E1	-1.588110E0
2.580000E0	4.086422E1	-1.179174E0
2.600000E0	4.127146E1	-1.324656E0
2.620000E0	4.127205E1	-1.979008E0
2.640000E0	4.154176E1	-2.357101E0
2.660000E0	4.248091E1	-2.380244E0
2.680000E0	4.225149E1	-1.863930E0
2.700000E0	4.131546E1	-1.403930E0
2.720000E0	4.154712E1	-1.577966E0
2.740000E0	4.241130E1	-1.756062E0
2.760000E0	4.311229E1	-1.482610E0
2.780000E0	4.404491E1	-5.107923E-1
2.800000E0	4.448874E1	-4.343891E-1
2.820000E0	4.448124E1	-1.639430E0
2.840000E0	4.431639E1	-2.321132E0
2.860000E0	4.457522E1	-1.893808E0
2.880000E0	4.465555E1	-1.340031E0
2.900000E0	4.504885E1	-1.527568E0
2.920000E0	4.542354E1	-1.750057E0
2.940000E0	4.578261E1	-1.662351E0
2.960000E0	4.590269E1	-1.868482E0
2.980000E0	4.615936E1	-2.827166E0
3.000000E0	4.693409E1	-2.890889E0
3.020000E0	4.731071E1	-2.451570E0
3.040000E0	4.752262E1	-1.988812E0
3.060000E0	4.768030E1	-1.966754E0
3.080000E0	4.811958E1	-1.962206E0
3.100000E0	4.847307E1	-1.642918E0
3.120000E0	4.872911E1	-1.404463E0
3.140000E0	4.918886E1	-1.385652E0
3.160000E0	4.966155E1	-1.371703E0
3.180000E0	5.001229E1	-1.535588E0
3.200000E0	5.022676E1	-1.816867E0
3.220000E0	5.007091E1	-2.222438E0
3.240000E0	5.008699E1	-2.168444E0
3.260000E0	5.024336E1	-1.854806E0
3.280000E0	5.099642E1	-1.346334E0
3.300000E0	5.164624E1	-8.270418E-1
3.320000E0	5.211665E1	-9.059302E-1
3.340000E0	5.206717E1	-1.635773E0
3.360000E0	5.235736E1	-2.336955E0
3.380000E0	5.267191E1	-2.234308E0
3.400000E0	5.276404E1	-1.894688E0
3.420000E0	5.287869E1	-1.778984E0
3.440000E0	5.345827E1	-1.883722E0
3.460000E0	5.402916E1	-2.210592E0
3.480000E0	5.393820E1	-2.708942E0
3.500000E0	5.359434E1	-3.125685E0
3.520000E0	5.367095E1	-3.078917E0
3.540000E0	5.454704E1	-2.697684E0
3.560000E0	5.516626E1	-2.434517E0
3.580000E0	5.471706E1	-2.863655E0
3.600000E0	5.473427E1	-2.929280E0
3.620000E0	5.567418E1	-2.251551E0
3.640000E0	5.649986E1	-9.081853E-1
3.660000E0	5.748348E1	9.187530E-1
3.680000E0	5.773960E1	1.876136E0
3.700000E0	5.771932E1	1.165485E0
3.720000E0	5.776215E1	-8.381386E-1
3.740000E0	5.804435E1	-2.676939E0
3.760000E0	5.842049E1	-3.055456E0
3.780000E0	5.864324E1	-2.097374E0
3.800000E0	5.915296E1	-4.707709E-1
3.820000E0	5.965006E1	6.816414E-1
3.840000E0	6.000116E1	2.482048E-1
3.860000E0	6.037813E1	-7.897620E-1
3.880000E0	6.094464E1	-2.316346E0
3.900000E0	6.092935E1	-3.986604E0
3.920000E0	6.060250E1	-5.004358E0
3.940000E0	6.070657E1	-4.753454E0
3.960000E0	6.110630E1	-3.835112E0
3.980000E0	6.138281E1	-2.803305E0
4.000000E0	6.187965E1	-2.464038E0
4.020000E0	6.250122E1	-2.836475E0
4.040000E0	6.308675E1	-3.545007E0
4.060000E0	6.344220E1	-3.738195E0
4.080000E0	6.345059E1	-3.702372E0
4.100000E0	6.382399E1	-3.122224E0
4.120000E0	6.393102E1	-2.728157E0
4.140000E0	6.431861E1	-2.530375E0
4.160000E0	6.494777E1	-2.013612E0
4.180000E0	6.563303E1	-1.786473E0
4.200000E0	6.617642E1	-1.860300E0
4.220000E0	6.628125E1	-2.583612E0
4.240000E0	6.635300E1	-3.312702E0
4.260000E0	6.678743E1	-3.260830E0
4.280000E0	6.727259E1	-2.790315E0
4.300000E0	6.791830E1	-2.557230E0
4.320000E0	6.849255E1	-2.574198E0
4.340000E0	6.827449E1	-3.105343E0
4.360000E0	6.798063E1	-3.454038E0
4.380000E0	6.824125E1	-3.080666E0
4.400000E0	6.880936E1	-2.447429E0
4.420000E0	6.915338E1	-1.821905E0
4.440000E0	6.913678E1	-2.314281E0
4.460000E0	6.913789E1	-3.354506E0
4.480000E0	6.924345E1	-3.724011E0
4.500000E0	6.906951E1	-3.536106E0
4.520000E0	6.916672E1	-2.392889E0
4.540000E0	6.938660E1	-1.410016E-1
4.560000E0	6.949899E1	8.832268E-1
4.580000E0	6.998878E1	5.766263E-1
4.600000E0	7.055934E1	-6.240196E-1
4.620000E0	7.066439E1	-2.508701E0
4.640000E0	7.107286E1	-3.457000E0
4.660000E0	7.171116E1	-2.757878E0
4.680000E0	7.270091E1	-1.558165E0
4.700000E0	7.372581E1	-5.955228E-1
4.720000E0	7.510235E1	-5.868270E-1
4.740000E0	7.581264E1	-7.779173E-1
4.760000E0	7.555860E1	-1.035347E0
4.780000E0	7.551615E1	-1.749319E0
4.800000E0	7.573179E1	-2.805894E0
4.820000E0	7.567685E1	-4.038063E0
4.840000E0	7.543716E1	-4.149560E0
4.860000E0	7.564618E1	-3.377646E0
4.880000E0	7.615219E1	-2.314590E0
4.900000E0	7.699900E1	-1.284444E0
4.920000E0	7.791746E1	-6.062084E-1
4.940000E0	7.806828E1	-6.341341E-1
4.960000E0	7.792800E1	-1.285982E0
4.980000E0	7.760124E1	-2.391471E0
5.000000E0	7.715993E1	-3.697035E0
5.020000E0	7.765660E1	-4.254568E0
5.040000E0	7.806933E1	-3.569753E0
5.060000E0	7.850138E1	-2.383965E0
5.080000E0	7.858527E1	-2.577839E0
5.100000E0	7.885736E1	-3.595078E0
5.120000E0	7.942369E1	-4.495276E0
5.140000E0	7.968013E1	-4.819374E0
5.160000E0	8.001583E1	-4.371791E0
5.180000E0	8.060404E1	-3.862014E0
5.200000E0	8.169493E1	-3.491505E0
5.220000E0	8.206900E1	-3.400958E0
5.240000E0	8.201866E1	-3.373889E0
5.260000E0	8.205372E1	-3.290341E0
5.280000E0	8.262231E1	-2.534038E0
5.300000E0	8.279167E1	-2.178680E0
5.320000E0	8.307356E1	-2.984223E0
5.340000E0	8.317752E1	-3.955313E0
5.360000E0	8.326404E1	-4.209685E0
5.380000E0	8.354602E1	-3.458176E0
5.400000E0	8.411111E1	-1.734465E0
5.420000E0	8.376135E1	4.312867E-1
5.440000E0	8.325329E1	1.307596E0
5.460000E0	8.364728E1	2.826967E-1
5.480000E0	8.435207E1	-1.330965E0
5.500000E0	8.502728E1	-2.675510E0
5.520000E0	8.552493E1	-2.567353E0
5.540000E0	8.624660E1	-1.260983E0
5.560000E0	8.658329E1	2.922410E-1
5.580000E0	8.662343E1	3.242739E-1
5.600000E0	8.737493E1	-8.519201E-1
5.620000E0	8.731005E1	-1.967716E0
5.640000E0	8.718360E1	-2.659802E0
5.660000E0	8.762861E1	-2.618244E0
5.680000E0	8.834460E1	-2.465299E0
5.700000E0	8.880309E1	-2.181529E0
5.720000E0	8.877389E1	-2.141002E0
5.740000E0	8.870646E1	-2.647548E0
5.760000E0	8.905621E1	-3.414864E0
5.780000E0	8.999347E1	-3.763880E0
5.800000E0	9.104167E1	-3.345950E0
5.820000E0	9.216654E1	-2.416186E0
5.840000E0	9.288872E1	-1.479635E0
5.860000E0	9.288249E1	-1.108756E0
5.880000E0	9.288142E1	-9.472934E-1
5.900000E0	9.305842E1	-8.937220E-1
5.920000E0	9.343080E1	-1.399288E0
5.940000E0	9.331681E1	-2.615869E0
5.960000E0	9.366384E1	-3.865982E0
5.980000E0	9.440358E1	-4.790920E0
6.000000E0	9.443870E1	-4.816931E0
6.020000E0	9.404109E1	-4.199514E0
6.040000E0	9.454254E1	-3.243405E0
6.060000E0	9.542146E1	-2.567345E0
6.080000E0	9.568958E1	-2.553868E0
6.100000E0	9.553100E1	-2.942733E0
6.120000E0	9.579311E1	-3.369619E0
6.140000E0	9.682443E1	-3.738006E0
6.160000E0	9.683534E1	-3.702405E0
6.180000E0	9.667607E1	-4.312042E0
6.200000E0	9.669618E1	-4.741946E0
6.220000E0	9.696768E1	-4.519904E0
6.240000E0	9.768175E1	-3.529033E0
6.260000E0	9.843445E1	-1.999820E0
6.280000E0	9.849617E1	-1.195981E0
6.300000E0	9.880102E1	-1.914623E0
6.320000E0	9.875407E1	-2.769626E0
6.340000E0	9.895882E1	-2.525786E0
6.360000E0	9.929906E1	-1.907665E0
6.380000E0	9.982027E1	-1.441142E0
6.400000E0	1.006374E2	-1.186867E0
6.420000E0	1.013750E2	-9.185232E-1
6.440000E0	1.015526E2	-1.444522E0
6.460000E0	1.019122E2	-2.154681E0
6.480000E0	1.018974E2	-2.273914E0
6.500000E0	1.021082E2	-2.423885E0
6.520000E0	1.026280E2	-2.281102E0
6.540000E0	1.030802E2	-2.064212E0
6.560000E0	1.031597E2	-2.027924E0
6.580000E0	1.030167E2	-2.256030E0
6.600000E0	1.031147E2	-2.440852E0
6.620000E0	1.039051E2	-2.304707E0
6.640000E0	1.047438E2	-2.114183E0
6.660000E0	1.052019E2	-2.068133E0
6.680000E0	1.052711E2	-2.110238E0
6.700000E0	1.052354E2	-2.282149E0
6.720000E0	1.052130E2	-1.938003E0
6.740000E0	1.053478E2	-1.706368E0
6.760000E0	1.057496E2	-1.400757E0
6.780000E0	1.060143E2	-1.509008E0
6.800000E0	1.061728E2	-1.930677E0
6.820000E0	1.063151E2	-2.788139E0
6.840000E0	1.070110E2	-3.982128E0
6.860000E0	1.073439E2	-4.714600E0
6.880000E0	1.072301E2	-4.748213E0
6.900000E0	1.080225E2	-4.404237E0
6.920000E0	1.096195E2	-3.894277E0
6.940000E0	1.106177E2	-3.134936E0
6.960000E0	1.105067E2	-2.390079E0
6.980000E0	1.097145E2	-2.188375E0
7.000000E0	1.097115E2	-2.171745E0
7.020000E0	1.106785E2	-2.442862E0
7.040000E0	1.110232E2	-3.245868E0
7.060000E0	1.107258E2	-3.963842E0
7.080000E0	1.113746E2	-4.352885E0
7.100000E0	1.121335E2	-4.122390E0
7.120000E0	1.119069E2	-2.576447E0
7.140000E0	1.128956E2	-9.083377E-1
7.160000E0	1.135289E2	3.279147E-1
7.180000E0	1.136083E2	3.610643E-1
7.200000E0	1.135565E2	-8.340997E-1
7.220000E0	1.135481E2	-2.532569E0
7.240000E0	1.139355E2	-3.880631E0
7.260000E0	1.144154E2	-3.798533E0
7.280000E0	1.147852E2	-2.794166E0
7.300000E0	1.148605E2	-2.716363E0
7.320000E0	1.150023E2	-3.934969E0
7.340000E0	1.154464E2	-4.717387E0
7.360000E0	1.159801E2	-4.931525E0
7.380000E0	1.163511E2	-4.924487E0
7.400000E0	1.164533E2	-4.897907E0
7.420000E0	1.167215E2	-4.860737E0
7.440000E0	1.169856E2	-4.238911E0
7.460000E0	1.171884E2	-3.419150E0
7.480000E0	1.176250E2	-2.547594E0
7.500000E0	1.181895E2	-2.526217E0
7.520000E0	1.188672E2	-2.996206E0
7.540000E0	1.193259E2	-3.281263E0
7.560000E0	1.195267E2	-3.276737E0
7.580000E0	1.194392E2	-2.925261E0
7.600000E0	1.195079E2	-2.513787E0
7.620000E0	1.199499E2	-2.467413E0
7.640000E0	1.204389E2	-2.477945E0
7.660000E0	1.204833E2	-2.604767E0
7.680000E0	1.201863E2	-2.948925E0
7.700000E0	1.205752E2	-3.523069E0
7.720000E0	1.213026E2	-3.686221E0
7.740000E0	1.222842E2	-3.622886E0
7.760000E0	1.226111E2	-3.270423E0
7.780000E0	1.232248E2	-3.190923E0
7.800000E0	1.237319E2	-2.789103E0
7.820000E0	1.234688E2	-2.979158E0
7.840000E0	1.231877E2	-3.125763E0
7.860000E0	1.228675E2	-3.130579E0
7.880000E0	1.228165E2	-2.906467E0
7.900000E0	1.231784E2	-2.342854E0
7.920000E0	1.230966E2	-2.836016E0
7.940000E0	1.232002E2	-3.971688E0
7.960000E0	1.238099E2	-5.191804E0
7.980000E0	1.246197E2	-5.244588E0
8.000000E0	1.253212E2	-4.015508E0
8.020000E0	1.259597E2	-1.776863E0
8.040000E0	1.263161E2	-5.464889E-2
8.060000E0	1.272077E2	8.955589E-1
8.080000E0	1.275106E2	4.894741E-1
8.100000E0	1.277069E2	-3.011859E-1
8.120000E0	1.279509E2	-1.534558E0
8.140000E0	1.281887E2	-2.585309E0
8.160000E0	1.286301E2	-3.040114E0
8.180000E0	1.291561E2	-3.091622E0
8.200000E0	1.294847E2	-3.317728E0
8.220000E0	1.299599E2	-3.345396E0
8.240000E0	1.303043E2	-2.751702E0
8.260000E0	1.307380E2	-2.187932E0
8.280000E0	1.310015E2	-2.183204E0
8.300000E0	1.311091E2	-2.688611E0
8.320000E0	1.310490E2	-3.000547E0
8.340000E0	1.308584E2	-3.713243E0
8.360000E0	1.312210E2	-4.226247E0
8.380000E0	1.317481E2	-4.760779E0
8.400000E0	1.320689E2	-4.880143E0
8.420000E0	1.323177E2	-4.826871E0
8.440000E0	1.330170E2	-4.355827E0
8.460000E0	1.334843E2	-3.883597E0
8.480000E0	1.333913E2	-3.889295E0
8.500000E0	1.334195E2	-4.050792E0
8.520000E0	1.339140E2	-4.016690E0
8.540000E0	1.347634E2	-3.523967E0
8.560000E0	1.352085E2	-3.086070E0
8.580000E0	1.354244E2	-3.296912E0
8.600000E0	1.359327E2	-3.799670E0
8.620000E0	1.364287E2	-3.936675E0
8.640000E0	1.369877E2	-4.028430E0
8.660000E0	1.380556E2	-3.985001E0
8.680000E0	1.383987E2	-3.795531E0
8.700000E0	1.380590E2	-3.899598E0
8.720000E0	1.380214E2	-3.613276E0
8.740000E0	1.382341E2	-3.336215E0
8.760000E0	1.385628E2	-3.112512E0
8.780000E0	1.379967E2	-3.481568E0
8.800000E0	1.378442E2	-4.351824E0
8.820000E0	1.381374E2	-4.941134E0
8.840000E0	1.389109E2	-4.874923E0
8.860000E0	1.394628E2	-3.891633E0
8.880000E0	1.398508E2	-2.222196E0
8.900000E0	1.391416E2	-3.031713E-1
8.920000E0	1.386937E2	1.081218E0
8.940000E0	1.389747E2	7.907032E-1
8.960000E0	1.394860E2	-6.591513E-1
8.980000E0	1.399370E2	-2.458361E0
9.000000E0	1.406289E2	-3.449330E0
9.020000E0	1.413774E2	-2.823990E0
9.040000E0	1.418771E2	-1.892506E0
9.060000E0	1.422092E2	-2.369602E0
9.080000E0	1.426999E2	-3.938499E0
9.100000E0	1.431569E2	-5.040526E0
9.120000E0	1.435630E2	-5.386119E0
9.140000E0	1.447843E2	-4.716108E0
9.160000E0	1.460790E2	-3.359673E0
9.180000E0	1.467671E2	-1.703058E0
9.200000E0	1.464578E2	-4.838653E-1
9.220000E0	1.460895E2	-7.103746E-1
9.240000E0	1.467182E2	-2.397156E0
9.260000E0	1.475273E2	-4.498695E0
9.280000E0	1.476467E2	-5.135977E0
9.300000E0	1.478042E2	-4.473035E0
9.320000E0	1.478302E2	-3.344245E0
9.340000E0	1.478286E2	-2.520106E0
9.360000E0	1.479118E2	-2.142640E0
9.380000E0	1.481763E2	-2.151000E0
9.400000E0	1.482298E2	-2.593090E0
9.420000E0	1.483414E2	-3.520970E0
9.440000E0	1.490347E2	-4.415138E0
9.460000E0	1.497817E2	-5.132561E0
9.480000E0	1.499427E2	-5.237470E0
9.500000E0	1.501992E2	-5.176603E0
9.520000E0	1.506698E2	-5.085134E0
9.540000E0	1.516178E2	-4.698005E0
9.560000E0	1.521364E2	-4.680018E0
9.580000E0	1.518589E2	-4.726325E0
9.600000E0	1.518765E2	-4.736559E0
9.620000E0	1.524556E2	-4.360657E0
9.640000E0	1.528557E2	-3.853248E0
9.660000E0	1.528854E2	-4.270905E0
9.680000E0	1.529005E2	-5.213801E0
9.700000E0	1.533124E2	-5.511807E0
9.720000E0	1.540066E2	-4.845988E0
9.740000E0	1.547635E2	-3.170156E0
9.760000E0	1.547458E2	-1.045823E0
9.780000E0	1.540991E2	4.112297E-1
9.800000E0	1.543810E2	4.596678E-1
9.820000E0	1.551273E2	-5.893215E-1
9.840000E0	1.559313E2	-2.165123E0
9.860000E0	1.564909E2	-3.457290E0
9.880000E0	1.565928E2	-3.197926E0
9.900000E0	1.563969E2	-1.987366E0
9.920000E0	1.564063E2	-1.390253E0
9.940000E0	1.574322E2	-2.309564E0
9.960000E0	1.580669E2	-3.127569E0
9.980000E0	1.582551E2	-3.252219E0
1.000000E1	1.584896E2	-3.104762E0
1.002000E1	1.588268E2	-2.706027E0
1.004000E1	1.589897E2	-2.431513E0
1.006000E1	1.587548E2	-2.422506E0
1.008000E1	1.587528E2	-2.390947E0
1.010000E1	1.593323E2	-2.787760E0
1.012000E1	1.603321E2	-3.302896E0
1.014000E1	1.610479E2	-3.669131E0
1.016000E1	1.613146E2	-3.867053E0
1.018000E1	1.610320E2	-4.069331E0
1.020000E1	1.606115E2	-4.468621E0
1.022000E1	1.607699E2	-4.746521E0
1.024000E1	1.618033E2	-4.555694E0
1.026000E1	1.631580E2	-3.401946E0
1.028000E1	1.640286E2	-1.940366E0
1.030000E1	1.641181E2	-1.227960E0
1.032000E1	1.638016E2	-1.898201E0
1.034000E1	1.639843E2	-3.357193E0
1.036000E1	1.645817E2	-5.048658E0
1.038000E1	1.654173E2	-5.754814E0
1.040000E1	1.661875E2	-5.439827E0
1.042000E1	1.665182E2	-4.575917E0
1.044000E1	1.656655E2	-3.831781E0
1.046000E1	1.653048E2	-3.379931E0
1.048000E1	1.657935E2	-3.216712E0
1.050000E1	1.663116E2	-3.176158E0
1.052000E1	1.659493E2	-3.316706E0
1.054000E1	1.661088E2	-3.956698E0
1.056000E1	1.669632E2	-4.466741E0
1.058000E1	1.680305E2	-4.758204E0
1.060000E1	1.683772E2	-3.801042E0
1.062000E1	1.684380E2	-2.364047E0
1.064000E1	1.685753E2	-2.299396E0
1.066000E1	1.688401E2	-3.266708E0
1.068000E1	1.689002E2	-3.918867E0
1.070000E1	1.691393E2	-3.633191E0
1.072000E1	1.694351E2	-3.066911E0
1.074000E1	1.697839E2	-3.143537E0
1.076000E1	1.702626E2	-3.240258E0
1.078000E1	1.707412E2	-3.174202E0
1.080000E1	1.710174E2	-3.501956E0
1.082000E1	1.713788E2	-3.332192E0
1.084000E1	1.715384E2	-3.305628E0
1.086000E1	1.719084E2	-3.349474E0
1.088000E1	1.725267E2	-3.439551E0
1.090000E1	1.729409E2	-3.368219E0
1.092000E1	1.730452E2	-3.003577E0
1.094000E1	1.731233E2	-2.558050E0
1.096000E1	1.735873E2	-2.395562E0
1.098000E1	1.741802E2	-2.855669E0
1.100000E1	1.742119E2	-3.668701E0
1.102000E1	1.742744E2	-3.795317E0
1.104000E1	1.746337E2	-3.165187E0
1.106000E1	1.749204E2	-2.721884E0
1.108000E1	1.751356E2	-2.711712E0
1.110000E1	1.755064E2	-2.828124E0
1.112000E1	1.760115E2	-2.741037E0
1.114000E1	1.763088E2	-2.623037E0
1.116000E1	1.763038E2	-2.727880E0
1.118000E1	1.763803E2	-3.325264E0
1.120000E1	1.767079E2	-3.793332E0
1.122000E1	1.770844E2	-4.046589E0
1.124000E1	1.773787E2	-4.166979E0
1.126000E1	1.781311E2	-4.115131E0
1.128000E1	1.786638E2	-4.436179E0
1.130000E1	1.782123E2	-5.010880E0
1.132000E1	1.783195E2	-5.116940E0
1.134000E1	1.791287E2	-4.818250E0
1.136000E1	1.801960E2	-3.861677E0
1.138000E1	1.802893E2	-2.900931E0
1.140000E1	1.800195E2	-2.625142E0
1.142000E1	1.799618E2	-2.564042E0
1.144000E1	1.806521E2	-2.770023E0
1.146000E1	1.815017E2	-2.799010E0
1.148000E1	1.823780E2	-2.292857E0
1.150000E1	1.823636E2	-2.019853E0
1.152000E1	1.825842E2	-2.318707E0
1.154000E1	1.826053E2	-2.977958E0
1.156000E1	1.822998E2	-2.773299E0
1.158000E1	1.823146E2	-2.525374E0
1.160000E1	1.825832E2	-2.296837E0
1.162000E1	1.832724E2	-2.398878E0
1.164000E1	1.840674E2	-2.213002E0
1.166000E1	1.842796E2	-2.275677E0
1.168000E1	1.847030E2	-3.763752E0
1.170000E1	1.847326E2	-5.273152E0
1.172000E1	1.847963E2	-5.898566E0
1.174000E1	1.848468E2	-5.571543E0
1.176000E1	1.850346E2	-5.203924E0
1.178000E1	1.854083E2	-4.816029E0
1.180000E1	1.858434E2	-4.383487E0
1.182000E1	1.861426E2	-3.989660E0
1.184000E1	1.865708E2	-4.054770E0
1.186000E1	1.872047E2	-4.578965E0
1.188000E1	1.878899E2	-4.562322E0
1.190000E1	1.883885E2	-3.942687E0
1.192000E1	1.886786E2	-3.088841E0
1.194000E1	1.887804E2	-2.940200E0
1.196000E1	1.888770E2	-3.133217E0
1.198000E1	1.897295E2	-3.019079E0
1.200000E1	1.904357E2	-2.773143E0
1.202000E1	1.907071E2	-2.865957E0
1.204000E1	1.906817E2	-3.144291E0
1.206000E1	1.910210E2	-3.660157E0
1.208000E1	1.915997E2	-4.020638E0
1.210000E1	1.915932E2	-4.199605E0
1.212000E1	1.917074E2	-4.380059E0
1.214000E1	1.923549E2	-4.078047E0
1.216000E1	1.931336E2	-3.662917E0
1.218000E1	1.935208E2	-3.636391E0
1.220000E1	1.933309E2	-3.515657E0
1.222000E1	1.932892E2	-3.466932E0
1.224000E1	1.935955E2	-3.036846E0
1.226000E1	1.935104E2	-3.217380E0
1.228000E1	1.935426E2	-4.062714E0
1.230000E1	1.933003E2	-4.555859E0
1.232000E1	1.930820E2	-4.517990E0
1.234000E1	1.931726E2	-3.445141E0
1.236000E1	1.942721E2	-1.724310E0
1.238000E1	1.945198E2	-9.235644E-1
1.240000E1	1.946105E2	-1.375678E0
1.242000E1	1.946891E2	-2.813383E0
1.244000E1	1.950715E2	-4.160783E0
1.246000E1	1.959984E2	-3.888647E0
1.248000E1	1.973569E2	-2.708858E0
1.250000E1	1.986929E2	-1.152650E0
1.252000E1	1.993067E2	-2.780393E-1
1.254000E1	1.997736E2	-9.822721E-1
1.256000E1	2.002464E2	-2.043154E0
1.258000E1	2.003925E2	-3.384381E0
1.260000E1	2.003039E2	-4.652188E0
1.262000E1	2.001013E2	-5.238828E0
1.264000E1	2.003704E2	-5.206195E0
1.266000E1	2.004364E2	-4.383489E0
1.268000E1	2.003696E2	-3.171367E0
1.270000E1	2.007549E2	-2.115893E0
1.272000E1	2.018853E2	-1.994430E0
1.274000E1	2.030680E2	-2.401722E0
1.276000E1	2.034890E2	-3.100653E0
1.278000E1	2.030661E2	-4.225999E0
1.280000E1	2.021235E2	-5.604152E0
1.282000E1	2.021417E2	-5.955156E0
1.284000E1	2.027224E2	-5.206956E0
1.286000E1	2.032518E2	-3.764996E0
1.288000E1	2.036966E2	-3.051287E0
1.290000E1	2.041489E2	-3.818508E0
1.292000E1	2.044262E2	-5.022386E0
1.294000E1	2.046762E2	-5.783000E0
1.296000E1	2.049340E2	-5.549527E0
1.298000E1	2.056340E2	-4.864896E0
1.300000E1	2.068277E2	-4.376947E0
1.302000E1	2.080655E2	-3.940166E0
1.304000E1	2.083171E2	-4.012080E0
1.306000E1	2.079813E2	-3.914399E0
1.308000E1	2.080056E2	-3.882653E0
1.310000E1	2.088139E2	-3.514516E0
1.312000E1	2.089624E2	-3.519857E0
1.314000E1	2.088541E2	-4.248595E0
1.316000E1	2.088772E2	-4.806055E0
1.318000E1	2.090776E2	-4.782939E0
1.320000E1	2.091493E2	-4.184346E0
1.322000E1	2.093631E2	-3.067282E0
1.324000E1	2.089594E2	-1.564356E0
1.326000E1	2.090333E2	-7.262032E-1
1.328000E1	2.096463E2	-6.221388E-1
1.330000E1	2.101323E2	-1.459339E0
1.332000E1	2.107015E2	-2.531545E0
1.334000E1	2.113165E2	-3.254323E0
1.336000E1	2.116850E2	-2.642674E0
1.338000E1	2.113717E2	-1.294607E0
1.340000E1	2.109108E2	-5.999468E-1
1.342000E1	2.118104E2	-1.540083E0
1.344000E1	2.127168E2	-3.167320E0
1.346000E1	2.131047E2	-4.500162E0
1.348000E1	2.130608E2	-4.881448E0
1.350000E1	2.132072E2	-4.811831E0
1.352000E1	2.132637E2	-4.358470E0
1.354000E1	2.134056E2	-3.956378E0
1.356000E1	2.140116E2	-3.799242E0
1.358000E1	2.151798E2	-3.787845E0
1.360000E1	2.168552E2	-3.385375E0
1.362000E1	2.179152E2	-2.576759E0
1.364000E1	2.180616E2	-1.812856E0
1.366000E1	2.177284E2	-1.700787E0
1.368000E1	2.173318E2	-2.484632E0
1.370000E1	2.172794E2	-3.748816E0
1.372000E1	2.178146E2	-4.548423E0
1.374000E1	2.182754E2	-4.469474E0
1.376000E1	2.182494E2	-4.126746E0
1.378000E1	2.179074E2	-3.739637E0
1.380000E1	2.179280E2	-3.827427E0
1.382000E1	2.185625E2	-4.058777E0
1.384000E1	2.190359E2	-4.465774E0
1.386000E1	2.197554E2	-4.484180E0
1.388000E1	2.204387E2	-4.113157E0
1.390000E1	2.208069E2	-4.236954E0
1.392000E1	2.209630E2	-4.844734E0
1.394000E1	2.209362E2	-5.136116E0
1.396000E1	2.211428E2	-4.680320E0
1.398000E1	2.211661E2	-4.001993E0
1.400000E1	2.209038E2	-4.046908E0
1.402000E1	2.211118E2	-4.887400E0
1.404000E1	2.216741E2	-5.452108E0
1.406000E1	2.220720E2	-4.871623E0
1.408000E1	2.226323E2	-3.398538E0
1.410000E1	2.231490E2	-1.697088E0
1.412000E1	2.232139E2	-1.251188E0
1.414000E1	2.230810E2	-2.025902E0
1.416000E1	2.232873E2	-2.912592E0
1.418000E1	2.238219E2	-3.191029E0
1.420000E1	2.242279E2	-2.864493E0
1.422000E1	2.249759E2	-1.875291E0
1.424000E1	2.256349E2	-1.034262E0
1.426000E1	2.257304E2	-1.373282E0
1.428000E1	2.262207E2	-2.500507E0
1.430000E1	2.265067E2	-2.993922E0
1.432000E1	2.265485E2	-3.352593E0
1.434000E1	2.265593E2	-3.454168E0
1.436000E1	2.267096E2	-3.560813E0
1.438000E1	2.270937E2	-3.265147E0
1.440000E1	2.273777E2	-2.699706E0
1.442000E1	2.275879E2	-2.509276E0
1.444000E1	2.280126E2	-2.642668E0
1.446000E1	2.285451E2	-2.973284E0
1.448000E1	2.291836E2	-3.078682E0
1.450000E1	2.295177E2	-2.743086E0
1.452000E1	2.291655E2	-2.703118E0
1.454000E1	2.288684E2	-2.804921E0
1.456000E1	2.290469E2	-3.057374E0
1.458000E1	2.298766E2	-3.039360E0
1.460000E1	2.303943E2	-2.771945E0
1.462000E1	2.301845E2	-3.240789E0
1.464000E1	2.300569E2	-4.460568E0
1.466000E1	2.305248E2	-5.479410E0
1.468000E1	2.314529E2	-5.812455E0
1.470000E1	2.324568E2	-5.381537E0
1.472000E1	2.334293E2	-4.395105E0
1.474000E1	2.342758E2	-3.381880E0
1.476000E1	2.341721E2	-2.829249E0
1.478000E1	2.335689E2	-2.575725E0
1.480000E1	2.336365E2	-3.259241E0
1.482000E1	2.343266E2	-4.077685E0
1.484000E1	2.349870E2	-4.213322E0
1.486000E1	2.350836E2	-4.356841E0
1.488000E1	2.350291E2	-5.087109E0
1.490000E1	2.349641E2	-4.938884E0
1.492000E1	2.351714E2	-3.777641E0
1.494000E1	2.361411E2	-2.045739E0
1.496000E1	2.372630E2	-6.500926E-1
1.498000E1	2.372114E2	-7.241812E-1
1.500000E1	2.369240E2	-2.205334E0
1.502000E1	2.371438E2	-4.304837E0
1.504000E1	2.374438E2	-4.761991E0
1.506000E1	2.376608E2	-3.752208E0
1.508000E1	2.380598E2	-2.940978E0
1.510000E1	2.385529E2	-3.448353E0
1.512000E1	2.387242E2	-4.184538E0
1.514000E1	2.388315E2	-4.908250E0
1.516000E1	2.392718E2	-4.987086E0
1.518000E1	2.397775E2	-5.049849E0
1.520000E1	2.403107E2	-5.043023E0
1.522000E1	2.406639E2	-4.640966E0
1.524000E1	2.409374E2	-3.957113E0
1.526000E1	2.410773E2	-3.216841E0
1.528000E1	2.413294E2	-2.681586E0
1.530000E1	2.418798E2	-2.804040E0
1.532000E1	2.427451E2	-3.359713E0
1.534000E1	2.432211E2	-3.907902E0
1.536000E1	2.433136E2	-3.603725E0
1.538000E1	2.434094E2	-3.035656E0
1.540000E1	2.435555E2	-2.970495E0
1.542000E1	2.435247E2	-3.262162E0
1.544000E1	2.437344E2	-3.644287E0
1.546000E1	2.439976E2	-3.354121E0
1.548000E1	2.444896E2	-2.993181E0
1.550000E1	2.450097E2	-2.956198E0
1.552000E1	2.456365E2	-3.633307E0
1.554000E1	2.462103E2	-4.112476E0
1.556000E1	2.464815E2	-3.909699E0
1.558000E1	2.468773E2	-3.675991E0
1.560000E1	2.474083E2	-3.238913E0
1.562000E1	2.474023E2	-3.226339E0
1.564000E1	2.470506E2	-3.684459E0
1.566000E1	2.467573E2	-3.951491E0
1.568000E1	2.463918E2	-3.956585E0
1.570000E1	2.470641E2	-3.651554E0
1.572000E1	2.474827E2	-3.782784E0
1.574000E1	2.473796E2	-4.865080E0
1.576000E1	2.478496E2	-6.038539E0
1.578000E1	2.485281E2	-5.941495E0
1.580000E1	2.490649E2	-4.363130E0
1.582000E1	2.500734E2	-1.655272E0
1.584000E1	2.508888E2	4.409588E-1
1.586000E1	2.513132E2	1.266783E0
1.588000E1	2.513410E2	5.056996E-1
1.590000E1	2.514283E2	-1.335761E0
1.592000E1	2.514587E2	-3.187211E0
1.594000E1	2.520388E2	-3.974027E0
1.596000E1	2.528675E2	-3.637434E0
1.598000E1	2.531363E2	-2.548457E0
1.600000E1	2.533937E2	-1.764764E0
1.602000E1	2.539486E2	-1.804723E0
1.604000E1	2.549014E2	-2.207738E0
1.606000E1	2.552360E2	-2.771418E0
1.608000E1	2.552701E2	-3.664556E0
1.610000E1	2.549801E2	-4.748547E0
1.612000E1	2.545150E2	-5.626444E0
1.614000E1	2.545545E2	-5.460553E0
1.616000E1	2.548357E2	-4.433023E0
1.618000E1	2.553385E2	-3.795979E0
1.620000E1	2.562671E2	-3.972056E0
1.622000E1	2.573133E2	-4.166946E0
1.624000E1	2.576200E2	-4.364184E0
1.626000E1	2.573784E2	-4.482572E0
1.628000E1	2.568695E2	-4.753338E0
1.630000E1	2.569894E2	-5.140754E0
1.632000E1	2.578102E2	-4.621400E0
1.634000E1	2.586538E2	-3.431918E0
1.636000E1	2.592293E2	-2.478969E0
1.638000E1	2.592944E2	-2.827925E0
1.640000E1	2.595875E2	-3.984804E0
1.642000E1	2.605188E2	-4.774026E0
1.644000E1	2.609603E2	-4.735216E0
1.646000E1	2.614055E2	-4.397825E0
1.648000E1	2.622384E2	-3.585269E0
1.650000E1	2.625294E2	-3.399723E0
1.652000E1	2.622386E2	-3.741132E0
1.654000E1	2.617553E2	-4.324829E0
1.656000E1	2.616544E2	-4.462250E0
1.658000E1	2.621157E2	-3.975552E0
1.660000E1	2.625595E2	-3.939488E0
1.662000E1	2.628035E2	-4.469187E0
1.664000E1	2.629402E2	-4.842541E0
1.666000E1	2.631245E2	-4.765470E0
1.668000E1	2.633160E2	-3.760049E0
1.670000E1	2.632919E2	-2.205854E0
1.672000E1	2.622706E2	-4.419856E-1
1.674000E1	2.623497E2	9.457000E-2
1.676000E1	2.628639E2	-5.223687E-1
1.678000E1	2.634678E2	-2.214570E0
1.680000E1	2.639785E2	-3.936541E0
1.682000E1	2.646782E2	-4.435813E0
1.684000E1	2.649875E2	-3.504716E0
1.686000E1	2.654796E2	-2.796290E0
1.688000E1	2.664833E2	-3.757682E0
1.690000E1	2.678454E2	-4.288571E0
1.692000E1	2.691190E2	-3.790323E0
1.694000E1	2.698059E2	-2.882479E0
1.696000E1	2.699037E2	-2.398246E0
1.698000E1	2.698453E2	-2.462854E0
1.700000E1	2.698134E2	-2.891100E0
1.702000E1	2.693838E2	-3.729857E0
1.704000E1	2.696149E2	-4.741517E0
1.706000E1	2.702779E2	-4.938037E0
1.708000E1	2.712589E2	-4.630943E0
1.710000E1	2.717609E2	-3.638615E0
1.712000E1	2.719733E2	-2.427102E0
1.714000E1	2.718312E2	-1.988359E0
1.716000E1	2.713724E2	-2.770290E0
1.718000E1	2.710847E2	-4.071055E0
1.720000E1	2.716963E2	-4.768875E0
1.722000E1	2.723541E2	-4.872016E0
1.724000E1	2.723162E2	-4.703139E0
1.726000E1	2.724322E2	-4.776348E0
1.728000E1	2.729303E2	-5.491816E0
1.730000E1	2.734950E2	-5.750423E0
1.732000E1	2.740114E2	-5.792013E0
1.734000E1	2.745925E2	-5.574610E0
1.736000E1	2.753745E2	-4.987873E0
1.738000E1	2.755113E2	-4.945382E0
1.740000E1	2.754499E2	-4.981554E0
1.742000E1	2.756985E2	-5.018472E0
1.744000E1	2.764209E2	-4.453678E0
1.746000E1	2.768908E2	-3.655903E0
1.748000E1	2.770385E2	-3.985839E0
1.750000E1	2.771340E2	-4.762473E0
1.752000E1	2.776497E2	-5.176467E0
1.754000E1	2.781134E2	-4.931135E0
1.756000E1	2.785220E2	-3.730775E0
1.758000E1	2.781943E2	-1.471090E0
1.760000E1	2.776340E2	2.347836E-1
1.762000E1	2.776108E2	1.034743E0
1.764000E1	2.778516E2	-2.076662E-1
1.766000E1	2.786771E2	-2.501874E0
1.768000E1	2.793058E2	-4.401871E0
1.770000E1	2.802982E2	-3.842903E0
1.772000E1	2.808002E2	-1.784217E0
1.774000E1	2.807769E2	-9.849828E-1
1.776000E1	2.816861E2	-1.812752E0
1.778000E1	2.821077E2	-2.791731E0
1.780000E1	2.819138E2	-3.844013E0
1.782000E1	2.819585E2	-3.864640E0
1.784000E1	2.823792E2	-3.163134E0
1.786000E1	2.828001E2	-2.913223E0
1.788000E1	2.827663E2	-2.914769E0
1.790000E1	2.828453E2	-3.391119E0
1.792000E1	2.836732E2	-4.161041E0
1.794000E1	2.842711E2	-4.597838E0
1.796000E1	2.842510E2	-4.465729E0
1.798000E1	2.846028E2	-4.119280E0
1.800000E1	2.853202E2	-3.974615E0
1.802000E1	2.860530E2	-3.871064E0
1.804000E1	2.866515E2	-3.136025E0
1.806000E1	2.871222E2	-1.639605E0
1.808000E1	2.872372E2	-7.382941E-1
1.810000E1	2.871587E2	-1.147802E0
1.812000E1	2.870687E2	-2.920133E0
1.814000E1	2.875835E2	-5.222962E0
1.816000E1	2.884673E2	-6.581691E0
1.818000E1	2.888454E2	-6.199597E0
1.820000E1	2.889729E2	-5.163017E0
1.822000E1	2.891896E2	-3.738985E0
1.824000E1	2.892812E2	-3.069277E0
1.826000E1	2.892590E2	-3.222453E0
1.828000E1	2.893435E2	-3.967022E0
1.830000E1	2.898073E2	-4.028758E0
1.832000E1	2.903679E2	-3.798844E0
1.834000E1	2.906471E2	-4.587862E0
1.836000E1	2.908125E2	-5.821983E0
1.838000E1	2.908593E2	-5.891438E0
1.840000E1	2.911356E2	-4.693317E0
1.842000E1	2.918029E2	-2.799787E0
1.844000E1	2.923100E2	-1.911866E0
1.846000E1	2.925839E2	-2.450415E0
1.848000E1	2.922491E2	-3.521840E0
1.850000E1	2.924283E2	-4.014924E0
1.852000E1	2.930558E2	-3.151392E0
1.854000E1	2.935716E2	-2.297824E0
1.856000E1	2.942340E2	-2.182385E0
1.858000E1	2.949856E2	-2.137083E0
1.860000E1	2.952119E2	-2.506711E0
1.862000E1	2.953247E2	-3.180318E0
1.864000E1	2.958745E2	-2.930669E0
1.866000E1	2.963084E2	-3.053226E0
1.868000E1	2.964776E2	-3.066109E0
1.870000E1	2.967365E2	-2.915578E0
1.872000E1	2.970999E2	-2.600985E0
1.874000E1	2.972501E2	-2.364039E0
1.876000E1	2.971590E2	-2.595135E0
1.878000E1	2.973982E2	-3.108224E0
1.880000E1	2.979640E2	-3.105926E0
1.882000E1	2.989179E2	-2.579712E0
1.884000E1	2.993553E2	-2.524465E0
1.886000E1	2.993313E2	-2.666027E0
1.888000E1	2.990901E2	-2.769021E0
1.890000E1	2.991587E2	-2.617686E0
1.892000E1	2.997604E2	-2.132181E0
1.894000E1	3.000128E2	-1.943940E0
1.896000E1	2.998698E2	-2.066533E0
1.898000E1	2.998141E2	-2.810795E0
1.900000E1	3.004398E2	-3.906340E0
1.902000E1	3.012415E2	-4.583955E0
1.904000E1	3.014688E2	-4.803714E0
1.906000E1	3.012978E2	-4.973772E0
1.908000E1	3.022294E2	-4.704707E0
1.910000E1	3.035614E2	-4.644407E0
1.912000E1	3.040304E2	-4.305537E0
1.914000E1	3.036281E2	-3.529007E0
1.916000E1	3.036119E2	-2.704612E0
1.918000E1	3.041661E2	-1.833011E0
1.920000E1	3.045092E2	-2.221448E0
1.922000E1	3.041962E2	-3.678418E0
1.924000E1	3.044452E2	-4.550878E0
1.926000E1	3.056719E2	-4.625597E0
1.928000E1	3.065084E2	-3.761779E0
1.930000E1	3.065422E2	-1.937804E0
1.932000E1	3.066454E2	-2.922858E-1
1.934000E1	3.070420E2	-8.777339E-2
1.936000E1	3.070800E2	-9.370173E-1
1.938000E1	3.070390E2	-2.496630E0
1.940000E1	3.070316E2	-3.652233E0
1.942000E1	3.074063E2	-3.941102E0
1.944000E1	3.080038E2	-3.780272E0
1.946000E1	3.083434E2	-3.638859E0
1.948000E1	3.083379E2	-4.311451E0
1.950000E1	3.087812E2	-5.125057E0
1.952000E1	3.092080E2	-5.260534E0
1.954000E1	3.098770E2	-5.157123E0
1.956000E1	3.103880E2	-5.078932E0
1.958000E1	3.104678E2	-5.136222E0
1.960000E1	3.102167E2	-4.917422E0
1.962000E1	3.104804E2	-4.578406E0
1.964000E1	3.111839E2	-3.871629E0
1.966000E1	3.120413E2	-3.303853E0
1.968000E1	3.127935E2	-3.271943E0
1.970000E1	3.130949E2	-3.859736E0
1.972000E1	3.133822E2	-3.990778E0
1.974000E1	3.136201E2	-3.669500E0
1.976000E1	3.136994E2	-3.298425E0
1.978000E1	3.139015E2	-3.399396E0
1.980000E1	3.146714E2	-3.257510E0
1.982000E1	3.152031E2	-2.993390E0
1.984000E1	3.151979E2	-3.261323E0
1.986000E1	3.150089E2	-4.170885E0
1.988000E1	3.152331E2	-4.777726E0
1.990000E1	3.160341E2	-4.640943E0
1.992000E1	3.167992E2	-3.977029E0
1.994000E1	3.177310E2	-3.898362E0
1.996000E1	3.185210E2	-3.696911E0
1.998000E1	3.184814E2	-3.993481E0
2.000000E1	3.183982E2	-4.045194E0
2.002000E1	3.178437E2	-3.972794E0
2.004000E1	3.177318E2	-3.517093E0
2.006000E1	3.178373E2	-3.007048E0
2.008000E1	3.176172E2	-3.525423E0
2.010000E1	3.174886E2	-4.252297E0
2.012000E1	3.177777E2	-4.918167E0
2.014000E1	3.187018E2	-4.928055E0
2.016000E1	3.190778E2	-4.503902E0
2.018000E1	3.194381E2	-3.134108E0
2.020000E1	3.198380E2	-2.241678E0
2.022000E1	3.206065E2	-1.760380E0
2.024000E1	3.211355E2	-1.566283E0
2.026000E1	3.219617E2	-1.198923E0
2.028000E1	3.226962E2	-9.892168E-1
2.030000E1	3.230998E2	-9.889580E-1
2.032000E1	3.231754E2	-1.554634E0
2.034000E1	3.232359E2	-2.453552E0
2.036000E1	3.237095E2	-4.025227E0
2.038000E1	3.243720E2	-5.030968E0
2.040000E1	3.248325E2	-5.104670E0
2.042000E1	3.249998E2	-4.508138E0
2.044000E1	3.250705E2	-3.799304E0
2.046000E1	3.254401E2	-3.069124E0
2.048000E1	3.254678E2	-2.371000E0
2.050000E1	3.254691E2	-2.261599E0
2.052000E1	3.255960E2	-3.101822E0
2.054000E1	3.261778E2	-4.824959E0
2.056000E1	3.263826E2	-6.027225E0
2.058000E1	3.263976E2	-6.219526E0
2.060000E1	3.265538E2	-5.678251E0
2.062000E1	3.270149E2	-4.984306E0
2.064000E1	3.274199E2	-4.313336E0
2.066000E1	3.277660E2	-4.225881E0
2.068000E1	3.280364E2	-4.190551E0
2.070000E1	3.282710E2	-4.400013E0
2.072000E1	3.285768E2	-4.663655E0
2.074000E1	3.291778E2	-5.013359E0
2.076000E1	3.300214E2	-5.085949E0
2.078000E1	3.307664E2	-4.709391E0
2.080000E1	3.313817E2	-4.406194E0
2.082000E1	3.321518E2	-3.987264E0
2.084000E1	3.330261E2	-3.861496E0
2.086000E1	3.333109E2	-4.449201E0
2.088000E1	3.328124E2	-4.454427E0
2.090000E1	3.325098E2	-4.324563E0
2.092000E1	3.331327E2	-3.735964E0
2.094000E1	3.333580E2	-3.746444E0
2.096000E1	3.332895E2	-4.607265E0
2.098000E1	3.328070E2	-5.428605E0
2.100000E1	3.327921E2	-5.456882E0
2.102000E1	3.334349E2	-4.526226E0
2.104000E1	3.342716E2	-2.796842E0
2.106000E1	3.340504E2	-1.145530E0
2.108000E1	3.335869E2	-1.651058E-1
2.110000E1	3.339285E2	-4.123632E-2
2.112000E1	3.343943E2	-9.112139E-1
2.114000E1	3.349307E2	-2.543350E0
2.116000E1	3.354030E2	-3.428065E0
2.118000E1	3.356225E2	-2.879415E0
2.120000E1	3.356378E2	-1.724819E0
2.122000E1	3.361242E2	-1.772928E0
2.124000E1	3.372407E2	-3.306612E0
2.126000E1	3.375537E2	-4.552942E0
2.128000E1	3.370745E2	-5.304283E0
2.130000E1	3.372703E2	-5.445343E0
2.132000E1	3.380230E2	-5.314579E0
2.134000E1	3.391558E2	-4.523524E0
2.136000E1	3.399994E2	-2.940362E0
2.138000E1	3.403836E2	-1.357234E0
2.140000E1	3.410462E2	-7.425394E-1
2.142000E1	3.420028E2	-1.460309E0
2.144000E1	3.424039E2	-2.718569E0
2.146000E1	3.419373E2	-4.114380E0
2.148000E1	3.414998E2	-4.843782E0
2.150000E1	3.415362E2	-4.794475E0
2.152000E1	3.416262E2	-4.366109E0
2.154000E1	3.417236E2	-3.513217E0
2.156000E1	3.417645E2	-2.617366E0
2.158000E1	3.421009E2	-2.488686E0
2.160000E1	3.421115E2	-3.390464E0
2.162000E1	3.425819E2	-4.473437E0
2.164000E1	3.432151E2	-5.236835E0
2.166000E1	3.438819E2	-5.640407E0
2.168000E1	3.442788E2	-5.602237E0
2.170000E1	3.449510E2	-5.218309E0
2.172000E1	3.453453E2	-4.970512E0
2.174000E1	3.453795E2	-4.937500E0
2.176000E1	3.453755E2	-4.791886E0
2.178000E1	3.456771E2	-4.676530E0
2.180000E1	3.458720E2	-4.272759E0
2.182000E1	3.457688E2	-4.463388E0
2.184000E1	3.458196E2	-5.308956E0
2.186000E1	3.463973E2	-5.754680E0
2.188000E1	3.468314E2	-5.323559E0
2.190000E1	3.474466E2	-3.896507E0
2.192000E1	3.478693E2	-1.581536E0
2.194000E1	3.476636E2	-1.985534E-1
2.196000E1	3.478309E2	-2.499627E-1
2.198000E1	3.482702E2	-1.108005E0
2.200000E1	3.489110E2	-2.609397E0
2.202000E1	3.494393E2	-3.932875E0
2.204000E1	3.501724E2	-3.180479E0
2.206000E1	3.506236E2	-1.572227E0
2.208000E1	3.504867E2	-1.344162E-1
2.210000E1	3.506208E2	-1.085679E0
2.212000E1	3.510374E2	-3.236786E0
2.214000E1	3.512374E2	-4.026590E0
2.216000E1	3.515215E2	-3.567075E0
2.218000E1	3.520679E2	-2.702573E0
2.220000E1	3.527008E2	-2.178265E0
2.222000E1	3.529538E2	-2.470484E0
2.224000E1	3.528749E2	-2.594902E0
2.226000E1	3.528688E2	-2.539793E0
2.228000E1	3.533012E2	-2.463818E0
2.230000E1	3.537847E2	-2.555837E0
2.232000E1	3.542342E2	-3.126137E0
2.234000E1	3.545927E2	-3.474505E0
2.236000E1	3.545887E2	-3.659150E0
2.238000E1	3.543615E2	-3.928155E0
2.240000E1	3.541910E2	-3.980058E0
2.242000E1	3.544117E2	-3.984103E0
2.244000E1	3.551342E2	-3.805398E0
2.246000E1	3.559406E2	-3.944725E0
2.248000E1	3.568714E2	-3.961011E0
2.250000E1	3.576415E2	-3.892793E0
2.252000E1	3.583198E2	-3.628325E0
2.254000E1	3.583638E2	-3.414740E0
2.256000E1	3.587554E2	-3.336600E0
2.258000E1	3.589026E2	-3.478561E0
2.260000E1	3.589206E2	-3.932967E0
2.262000E1	3.592756E2	-4.169443E0
2.264000E1	3.599485E2	-4.280851E0
2.266000E1	3.599817E2	-3.843566E0
2.268000E1	3.592500E2	-3.259586E0
2.270000E1	3.591830E2	-3.464611E0
2.272000E1	3.599693E2	-3.838058E0
2.274000E1	3.605167E2	-3.724421E0
2.276000E1	3.610309E2	-2.898634E0
2.278000E1	3.616503E2	-2.341475E0
2.280000E1	3.616692E2	-3.230309E0
2.282000E1	3.615606E2	-3.996935E0
2.284000E1	3.616205E2	-3.695598E0
2.286000E1	3.617738E2	-3.265150E0
2.288000E1	3.619652E2	-3.446011E0
2.290000E1	3.624310E2	-3.662582E0
2.292000E1	3.626520E2	-3.506268E0
2.294000E1	3.630099E2	-3.163598E0
2.296000E1	3.632556E2	-4.019481E0
2.298000E1	3.639986E2	-4.671530E0
2.300000E1	3.647479E2	-4.367510E0
2.302000E1	3.651730E2	-3.895308E0
2.304000E1	3.654285E2	-3.408740E0
2.306000E1	3.656595E2	-3.455594E0
2.308000E1	3.658751E2	-3.359249E0
2.310000E1	3.661075E2	-3.286607E0
2.312000E1	3.664624E2	-3.185691E0
2.314000E1	3.670546E2	-3.033159E0
2.316000E1	3.675671E2	-3.031041E0
2.318000E1	3.679435E2	-3.302815E0
2.320000E1	3.679507E2	-3.588417E0
2.322000E1	3.675440E2	-3.833188E0
2.324000E1	3.673750E2	-3.730969E0
2.326000E1	3.680027E2	-3.193398E0
2.328000E1	3.689210E2	-2.530476E0
2.330000E1	3.694418E2	-2.489559E0
2.332000E1	3.695059E2	-2.986099E0
2.334000E1	3.696758E2	-3.570371E0
2.336000E1	3.700502E2	-3.770646E0
2.338000E1	3.703984E2	-3.617907E0
2.340000E1	3.703541E2	-3.563849E0
2.342000E1	3.706370E2	-3.649118E0
2.344000E1	3.712412E2	-3.675414E0
2.346000E1	3.713950E2	-3.964190E0
2.348000E1	3.710652E2	-4.385517E0
2.350000E1	3.707851E2	-4.716432E0
2.352000E1	3.713319E2	-4.662821E0
2.354000E1	3.721226E2	-4.297052E0
2.356000E1	3.722685E2	-4.365590E0
2.358000E1	3.722470E2	-4.590730E0
2.360000E1	3.727837E2	-4.280647E0
2.362000E1	3.736987E2	-3.068242E0
2.364000E1	3.744948E2	-1.539939E0
2.366000E1	3.751163E2	3.026765E-3
2.368000E1	3.752050E2	-1.346892E-1
2.370000E1	3.751636E2	-1.518269E0
2.372000E1	3.751575E2	-3.441320E0
2.374000E1	3.756461E2	-4.236889E0
2.376000E1	3.761342E2	-3.749143E0
2.378000E1	3.761836E2	-2.522941E0
2.380000E1	3.767185E2	-1.639837E0
2.382000E1	3.771530E2	-1.317480E0
2.384000E1	3.777160E2	-2.234686E0
2.386000E1	3.783082E2	-3.362176E0
2.388000E1	3.786206E2	-4.511365E0
2.390000E1	3.781906E2	-5.528879E0
2.392000E1	3.779277E2	-6.404197E0
2.394000E1	3.781664E2	-6.261326E0
2.396000E1	3.782756E2	-5.205773E0
2.398000E1	3.785589E2	-4.223356E0
2.400000E1	3.794064E2	-3.900655E0
