	mass A		
t	x	y	
0.000000E0	2.631544E-2	-1.867644E-2
2.000000E-2	4.333424E-2	-2.579898E-3
4.000000E-2	8.796286E-1	-4.163813E-1
6.000000E-2	1.908065E0	-1.485055E0
8.000000E-2	2.289067E0	-1.948437E0
1.000000E-1	2.067540E0	-2.121476E0
1.200000E-1	2.123443E0	-1.821038E0
1.400000E-1	2.589827E0	-1.840588E0
1.600000E-1	3.449505E0	-1.556662E0
1.800000E-1	4.748191E0	-3.398042E-1
2.000000E-1	5.160872E0	6.836307E-1
2.200000E-1	4.374787E0	1.120432E0
2.400000E-1	4.112675E0	3.757627E-1
2.600000E-1	4.959503E0	-1.418145E0
2.800000E-1	5.900584E0	-3.194252E0
3.000000E-1	6.317905E0	-4.040097E0
3.200000E-1	6.671458E0	-3.821737E0
3.400000E-1	6.756755E0	-2.917920E0
3.600000E-1	6.571522E0	-1.842232E0
3.800000E-1	6.512191E0	-9.900877E-1
4.000000E-1	6.751027E0	-7.827426E-1
4.200000E-1	7.420882E0	-1.204052E0
4.400000E-1	7.868717E0	-1.771242E0
4.600000E-1	7.915349E0	-2.907231E0
4.800000E-1	7.912818E0	-3.643611E0
5.000000E-1	8.157863E0	-3.557307E0
5.200000E-1	8.808057E0	-3.026730E0
5.400000E-1	9.318818E0	-1.861631E0
5.600000E-1	9.769436E0	-6.714551E-1
5.800000E-1	9.886921E0	-5.249738E-1
6.000000E-1	1.008823E1	-1.145618E0
6.200000E-1	1.012529E1	-1.547873E0
6.400000E-1	1.064789E1	-1.000621E0
6.600000E-1	1.116831E1	-4.381774E-1
6.800000E-1	1.186208E1	-2.439410E-1
7.000000E-1	1.265085E1	-1.441006E-1
7.200000E-1	1.290929E1	-5.135705E-1
7.400000E-1	1.288501E1	-1.442075E0
7.600000E-1	1.321986E1	-1.593098E0
7.800000E-1	1.351547E1	-1.818222E0
8.000000E-1	1.373535E1	-1.695570E0
8.200000E-1	1.400611E1	-1.323293E0
8.400000E-1	1.445470E1	-1.045939E0
8.600000E-1	1.462102E1	-8.462797E-1
8.800000E-1	1.454855E1	-1.015376E0
9.000000E-1	1.486011E1	-1.651757E0
9.200000E-1	1.532322E1	-2.153559E0
9.400000E-1	1.581037E1	-1.736438E0
9.600000E-1	1.633634E1	-1.347578E0
9.800000E-1	1.626395E1	-1.210832E0
1.000000E0	1.620984E1	-1.275782E0
1.020000E0	1.622428E1	-1.373771E0
1.040000E0	1.668646E1	-9.138546E-1
1.060000E0	1.691484E1	-5.652567E-1
1.080000E0	1.681235E1	-5.040504E-1
1.100000E0	1.672054E1	-1.307187E0
1.120000E0	1.725615E1	-2.427165E0
1.140000E0	1.806117E1	-3.171325E0
1.160000E0	1.840969E1	-3.285707E0
1.180000E0	1.845922E1	-3.561944E0
1.200000E0	1.920857E1	-3.343911E0
1.220000E0	2.013989E1	-3.272027E0
1.240000E0	2.064709E1	-2.794474E0
1.260000E0	2.057914E1	-1.932075E0
1.280000E0	2.068775E1	-1.055333E0
1.300000E0	2.115817E1	-2.032807E-1
1.320000E0	2.118065E1	-6.527112E-1
1.340000E0	2.096541E1	-2.176287E0
1.360000E0	2.146746E1	-3.281639E0
1.380000E0	2.281939E1	-3.344266E0
1.400000E0	2.356401E1	-2.466430E0
1.420000E0	2.343834E1	-5.048409E-1
1.440000E0	2.392419E1	1.105587E0
1.460000E0	2.430750E1	1.204227E0
1.480000E0	2.441292E1	3.526030E-1
1.500000E0	2.437409E1	-1.210653E0
1.520000E0	2.438507E1	-2.467325E0
1.540000E0	2.529307E1	-2.915331E0
1.560000E0	2.588883E1	-2.472602E0
1.580000E0	2.600743E1	-2.490356E0
1.600000E0	2.600092E1	-3.425865E0
1.620000E0	2.634234E1	-4.107996E0
1.640000E0	2.688346E1	-4.120144E0
1.660000E0	2.746118E1	-3.985240E0
1.680000E0	2.780239E1	-3.829997E0
1.700000E0	2.788922E1	-3.911359E0
1.720000E0	2.787619E1	-3.887221E0
1.740000E0	2.826104E1	-3.194929E0
1.760000E0	2.888954E1	-2.293508E0
1.780000E0	2.966604E1	-2.078762E0
1.800000E0	3.014617E1	-2.521669E0
1.820000E0	3.029210E1	-3.047566E0
1.840000E0	3.049293E1	-2.770325E0
1.860000E0	3.071721E1	-2.339861E0
1.880000E0	3.074877E1	-2.126159E0
1.900000E0	3.128264E1	-1.935496E0
1.920000E0	3.183494E1	-1.610447E0
1.940000E0	3.217045E1	-1.621778E0
1.960000E0	3.202660E1	-2.434079E0
1.980000E0	3.214366E1	-3.335670E0
2.000000E0	3.256562E1	-3.686712E0
2.020000E0	3.327982E1	-2.918988E0
2.040000E0	3.400123E1	-2.451765E0
2.060000E0	3.494673E1	-2.297463E0
2.080000E0	3.530330E1	-2.406134E0
2.100000E0	3.498242E1	-2.898108E0
2.120000E0	3.475020E1	-2.837037E0
2.140000E0	3.455120E1	-2.626816E0
2.160000E0	3.490479E1	-1.846035E0
2.180000E0	3.471011E1	-1.900552E0
2.200000E0	3.453001E1	-2.287947E0
2.220000E0	3.451829E1	-3.186440E0
2.240000E0	3.547863E1	-3.910132E0
2.260000E0	3.636958E1	-4.019363E0
2.280000E0	3.695887E1	-2.787828E0
2.300000E0	3.723290E1	-1.308004E0
2.320000E0	3.770644E1	-9.252986E-2
2.340000E0	3.869205E1	3.699268E-1
2.360000E0	3.939006E1	5.902357E-1
2.380000E0	3.960323E1	3.337131E-1
2.400000E0	3.962684E1	-1.822647E-1
2.420000E0	4.013540E1	-9.801733E-1
2.440000E0	4.026511E1	-1.838163E0
2.460000E0	4.067428E1	-3.052226E0
2.480000E0	4.119839E1	-3.969116E0
2.500000E0	4.157109E1	-4.185283E0
2.520000E0	4.156934E1	-3.396741E0
2.540000E0	4.184864E1	-2.358963E0
2.560000E0	4.220458E1	-1.503533E0
2.580000E0	4.253861E1	-1.332532E0
2.600000E0	4.247858E1	-1.611274E0
2.620000E0	4.254489E1	-2.838007E0
2.640000E0	4.302477E1	-4.143941E0
2.660000E0	4.349993E1	-4.544227E0
2.680000E0	4.390346E1	-4.283256E0
2.700000E0	4.416309E1	-3.848161E0
2.720000E0	4.468975E1	-3.288672E0
2.740000E0	4.486858E1	-3.197907E0
2.760000E0	4.502449E1	-3.546218E0
2.780000E0	4.540627E1	-3.316492E0
2.800000E0	4.586350E1	-3.133132E0
2.820000E0	4.637841E1	-2.777225E0
2.840000E0	4.682847E1	-2.918701E0
2.860000E0	4.729167E1	-3.342449E0
2.880000E0	4.780797E1	-3.315305E0
2.900000E0	4.826227E1	-3.157318E0
2.920000E0	4.912658E1	-3.020104E0
2.940000E0	5.014069E1	-3.028015E0
2.960000E0	5.005666E1	-3.531355E0
2.980000E0	4.964323E1	-3.611493E0
3.000000E0	4.962528E1	-3.294933E0
3.020000E0	5.025218E1	-2.637437E0
3.040000E0	5.034103E1	-2.568128E0
3.060000E0	5.009724E1	-3.481556E0
3.080000E0	4.971497E1	-4.480895E0
3.100000E0	4.988853E1	-4.880231E0
3.120000E0	5.066835E1	-3.993138E0
3.140000E0	5.166351E1	-2.496581E0
3.160000E0	5.158370E1	-6.837592E-1
3.180000E0	5.068799E1	8.381721E-1
3.200000E0	5.079721E1	1.298990E0
3.220000E0	5.130722E1	4.886580E-1
3.240000E0	5.191369E1	-1.286037E0
3.260000E0	5.236646E1	-2.882918E0
3.280000E0	5.283824E1	-2.973738E0
3.300000E0	5.333086E1	-1.679704E0
3.320000E0	5.372300E1	-1.196331E0
3.340000E0	5.444894E1	-2.295225E0
3.360000E0	5.477756E1	-3.707883E0
3.380000E0	5.463384E1	-4.698388E0
3.400000E0	5.482862E1	-4.900184E0
3.420000E0	5.612591E1	-4.261413E0
3.440000E0	5.783184E1	-2.892450E0
3.460000E0	5.824117E1	-1.319741E0
3.480000E0	5.754657E1	-2.770931E-1
3.500000E0	5.765787E1	-2.112218E-1
3.520000E0	5.873236E1	-1.690402E0
3.540000E0	5.937986E1	-3.599220E0
3.560000E0	5.901994E1	-4.605712E0
3.580000E0	5.886491E1	-4.608696E0
3.600000E0	5.869162E1	-4.173386E0
3.620000E0	5.857469E1	-2.963998E0
3.640000E0	5.914961E1	-1.819436E0
3.660000E0	5.968333E1	-1.371163E0
3.680000E0	5.967397E1	-2.023500E0
3.700000E0	5.992560E1	-3.230390E0
3.720000E0	6.068930E1	-4.690138E0
3.740000E0	6.135338E1	-5.569242E0
3.760000E0	6.141274E1	-5.269892E0
3.780000E0	6.184086E1	-4.702113E0
3.800000E0	6.284024E1	-4.348792E0
3.820000E0	6.339794E1	-4.387966E0
3.840000E0	6.338958E1	-4.739427E0
3.860000E0	6.323166E1	-4.789154E0
3.880000E0	6.369743E1	-4.392962E0
3.900000E0	6.417852E1	-3.519876E0
3.920000E0	6.399510E1	-3.505671E0
3.940000E0	6.401021E1	-4.480910E0
3.960000E0	6.418322E1	-5.090708E0
3.980000E0	6.500359E1	-4.633346E0
4.000000E0	6.594230E1	-3.122711E0
4.020000E0	6.595044E1	-1.160027E0
4.040000E0	6.527941E1	6.552784E-1
4.060000E0	6.537884E1	1.367999E0
4.080000E0	6.586878E1	4.437263E-1
4.100000E0	6.681662E1	-1.189065E0
4.120000E0	6.750323E1	-2.997259E0
4.140000E0	6.800579E1	-3.295736E0
4.160000E0	6.797101E1	-2.176208E0
4.180000E0	6.758215E1	-9.692320E-1
4.200000E0	6.814777E1	-1.616361E0
4.220000E0	6.911235E1	-2.379294E0
4.240000E0	6.948161E1	-3.193779E0
4.260000E0	6.955462E1	-3.337885E0
4.280000E0	6.995597E1	-2.864597E0
4.300000E0	7.043368E1	-2.141972E0
4.320000E0	7.051079E1	-1.839588E0
4.340000E0	7.035709E1	-1.652607E0
4.360000E0	7.048845E1	-2.067065E0
4.380000E0	7.124365E1	-2.750704E0
4.400000E0	7.194529E1	-3.224455E0
4.420000E0	7.246813E1	-3.302603E0
4.440000E0	7.264245E1	-3.247939E0
4.460000E0	7.253050E1	-3.672660E0
4.480000E0	7.218390E1	-4.241502E0
4.500000E0	7.271452E1	-4.351087E0
4.520000E0	7.374511E1	-3.659008E0
4.540000E0	7.481379E1	-2.649052E0
4.560000E0	7.543140E1	-1.817986E0
4.580000E0	7.541752E1	-2.201254E0
4.600000E0	7.533289E1	-2.989343E0
4.620000E0	7.570189E1	-3.782414E0
4.640000E0	7.658834E1	-4.221468E0
4.660000E0	7.736108E1	-4.307142E0
4.680000E0	7.759757E1	-4.227603E0
4.700000E0	7.759020E1	-4.187454E0
4.720000E0	7.715981E1	-4.005511E0
4.740000E0	7.711401E1	-3.318385E0
4.760000E0	7.756500E1	-2.583423E0
4.780000E0	7.747754E1	-2.578894E0
4.800000E0	7.764186E1	-3.249370E0
4.820000E0	7.828474E1	-3.836432E0
4.840000E0	7.920587E1	-3.979498E0
4.860000E0	7.999450E1	-3.291268E0
4.880000E0	7.996915E1	-2.393666E0
4.900000E0	7.995452E1	-2.357691E0
4.920000E0	7.999772E1	-2.969553E0
4.940000E0	8.008204E1	-3.207011E0
4.960000E0	8.029541E1	-2.809042E0
4.980000E0	8.060498E1	-2.640655E0
5.000000E0	8.109254E1	-2.800233E0
5.020000E0	8.150501E1	-2.790278E0
5.040000E0	8.193678E1	-2.716388E0
5.060000E0	8.226976E1	-3.425520E0
5.080000E0	8.267418E1	-3.286917E0
5.100000E0	8.294002E1	-2.961114E0
5.120000E0	8.315846E1	-2.987869E0
5.140000E0	8.348684E1	-2.983721E0
5.160000E0	8.393857E1	-2.853394E0
5.180000E0	8.414491E1	-2.731602E0
5.200000E0	8.429773E1	-2.105285E0
5.220000E0	8.476546E1	-1.967898E0
5.240000E0	8.534900E1	-2.169750E0
5.260000E0	8.569440E1	-2.901474E0
5.280000E0	8.574080E1	-3.532459E0
5.300000E0	8.568946E1	-3.352554E0
5.320000E0	8.584806E1	-2.575702E0
5.340000E0	8.628024E1	-2.210890E0
5.360000E0	8.693140E1	-2.170219E0
5.380000E0	8.735676E1	-2.094976E0
5.400000E0	8.752824E1	-2.287341E0
5.420000E0	8.764233E1	-2.650552E0
5.440000E0	8.780073E1	-2.950443E0
5.460000E0	8.805764E1	-2.951387E0
5.480000E0	8.818589E1	-2.961128E0
5.500000E0	8.871257E1	-3.099285E0
5.520000E0	8.951086E1	-3.267280E0
5.540000E0	8.981972E1	-3.792952E0
5.560000E0	8.936704E1	-4.592240E0
5.580000E0	8.915561E1	-4.700287E0
5.600000E0	8.999559E1	-4.305553E0
5.620000E0	9.119400E1	-3.549044E0
5.640000E0	9.099584E1	-2.836230E0
5.660000E0	9.072674E1	-2.565472E0
5.680000E0	9.125019E1	-2.468667E0
5.700000E0	9.189017E1	-2.117433E0
5.720000E0	9.267455E1	-1.674452E0
5.740000E0	9.353152E1	-1.188450E0
5.760000E0	9.350486E1	-1.177788E0
5.780000E0	9.371176E1	-1.714634E0
5.800000E0	9.371301E1	-2.594884E0
5.820000E0	9.352155E1	-2.511021E0
5.840000E0	9.350217E1	-2.010801E0
5.860000E0	9.394100E1	-1.447063E0
5.880000E0	9.496688E1	-1.044747E0
5.900000E0	9.554292E1	-8.193948E-1
5.920000E0	9.594475E1	-1.656060E0
5.940000E0	9.619643E1	-3.520598E0
5.960000E0	9.599223E1	-5.034307E0
5.980000E0	9.611923E1	-5.245863E0
6.000000E0	9.635628E1	-4.719937E0
6.020000E0	9.671531E1	-4.020084E0
6.040000E0	9.703682E1	-3.504377E0
6.060000E0	9.752175E1	-3.179280E0
6.080000E0	9.792617E1	-3.234741E0
6.100000E0	9.846064E1	-3.759136E0
6.120000E0	9.898609E1	-4.028017E0
6.140000E0	9.957052E1	-3.612807E0
6.160000E0	1.000007E2	-2.930764E0
6.180000E0	9.997300E1	-2.744176E0
6.200000E0	1.000476E2	-2.806077E0
6.220000E0	1.006553E2	-2.570228E0
6.240000E0	1.015465E2	-2.065800E0
6.260000E0	1.020074E2	-1.996398E0
6.280000E0	1.019775E2	-2.482738E0
6.300000E0	1.020836E2	-3.060707E0
6.320000E0	1.025506E2	-3.364768E0
6.340000E0	1.030103E2	-3.332622E0
6.360000E0	1.032351E2	-3.514310E0
6.380000E0	1.037466E2	-3.662719E0
6.400000E0	1.038301E2	-3.715300E0
6.420000E0	1.040039E2	-3.584611E0
6.440000E0	1.043493E2	-3.324519E0
6.460000E0	1.046082E2	-3.082016E0
6.480000E0	1.049342E2	-2.654591E0
6.500000E0	1.047663E2	-2.960013E0
6.520000E0	1.047824E2	-3.705011E0
6.540000E0	1.046933E2	-4.280752E0
6.560000E0	1.045252E2	-4.023403E0
6.580000E0	1.044468E2	-3.048566E0
6.600000E0	1.049267E2	-1.206219E0
6.620000E0	1.054230E2	-5.328904E-1
6.640000E0	1.058537E2	-3.158371E-1
6.660000E0	1.058288E2	-1.786944E0
6.680000E0	1.059670E2	-3.564570E0
6.700000E0	1.066273E2	-4.138021E0
6.720000E0	1.078318E2	-3.344513E0
6.740000E0	1.095680E2	-1.435409E0
6.760000E0	1.103714E2	-2.502285E-1
6.780000E0	1.109157E2	-2.490688E-1
6.800000E0	1.113010E2	-9.868427E-1
6.820000E0	1.113613E2	-2.257158E0
6.840000E0	1.114699E2	-3.854480E0
6.860000E0	1.113854E2	-4.978661E0
6.880000E0	1.114693E2	-5.024368E0
6.900000E0	1.117529E2	-4.256680E0
6.920000E0	1.116997E2	-2.935796E0
6.940000E0	1.120538E2	-1.810403E0
6.960000E0	1.131230E2	-1.427840E0
6.980000E0	1.142869E2	-1.695411E0
7.000000E0	1.148251E2	-2.267977E0
7.020000E0	1.144728E2	-3.309999E0
7.040000E0	1.137146E2	-4.873102E0
7.060000E0	1.134709E2	-5.453426E0
7.080000E0	1.141833E2	-4.974318E0
7.100000E0	1.148805E2	-3.440990E0
7.120000E0	1.152056E2	-2.923280E0
7.140000E0	1.154113E2	-3.667315E0
7.160000E0	1.158258E2	-4.808341E0
7.180000E0	1.160820E2	-5.401095E0
7.200000E0	1.163695E2	-5.174648E0
7.220000E0	1.168812E2	-4.492719E0
7.240000E0	1.182163E2	-4.034750E0
7.260000E0	1.194757E2	-3.615112E0
7.280000E0	1.195930E2	-3.663456E0
7.300000E0	1.192144E2	-3.651313E0
7.320000E0	1.193397E2	-3.500716E0
7.340000E0	1.201139E2	-2.970394E0
7.360000E0	1.201539E2	-3.019431E0
7.380000E0	1.200202E2	-3.941480E0
7.400000E0	1.199261E2	-4.446290E0
7.420000E0	1.201410E2	-4.259914E0
7.440000E0	1.206437E2	-3.486304E0
7.460000E0	1.208087E2	-2.120684E0
7.480000E0	1.201669E2	-6.246097E-1
7.500000E0	1.202060E2	-2.618044E-1
7.520000E0	1.208617E2	-5.024322E-1
7.540000E0	1.214741E2	-1.373611E0
7.560000E0	1.220953E2	-2.505845E0
7.580000E0	1.227634E2	-2.906009E0
7.600000E0	1.231945E2	-1.909837E0
7.620000E0	1.229029E2	-2.533743E-1
7.640000E0	1.225824E2	1.427008E-1
7.660000E0	1.234325E2	-1.130677E0
7.680000E0	1.239642E2	-2.798912E0
7.700000E0	1.241543E2	-4.029707E0
7.720000E0	1.244343E2	-4.093449E0
7.740000E0	1.249761E2	-3.841357E0
7.760000E0	1.250986E2	-3.387837E0
7.780000E0	1.247879E2	-3.271385E0
7.800000E0	1.252681E2	-3.581453E0
7.820000E0	1.265742E2	-3.797933E0
7.840000E0	1.283153E2	-3.494996E0
7.860000E0	1.294824E2	-2.126965E0
7.880000E0	1.295113E2	-8.090430E-1
7.900000E0	1.289201E2	-6.339530E-1
7.920000E0	1.287914E2	-1.594011E0
7.940000E0	1.290294E2	-2.816256E0
7.960000E0	1.294992E2	-3.674610E0
7.980000E0	1.298393E2	-3.895270E0
8.000000E0	1.297665E2	-3.571003E0
8.020000E0	1.294955E2	-3.252670E0
8.040000E0	1.297649E2	-3.277789E0
8.060000E0	1.301952E2	-3.420182E0
8.080000E0	1.305821E2	-3.830411E0
8.100000E0	1.313152E2	-3.675871E0
8.120000E0	1.318574E2	-3.458550E0
8.140000E0	1.320877E2	-3.633069E0
8.160000E0	1.324962E2	-4.311952E0
8.180000E0	1.327379E2	-4.373493E0
8.200000E0	1.328261E2	-3.667368E0
8.220000E0	1.325494E2	-3.286066E0
8.240000E0	1.323430E2	-3.744032E0
8.260000E0	1.329715E2	-4.573485E0
8.280000E0	1.334743E2	-4.612080E0
8.300000E0	1.340198E2	-3.723513E0
8.320000E0	1.345738E2	-1.943278E0
8.340000E0	1.348356E2	-7.965341E-1
8.360000E0	1.350730E2	-8.053327E-1
8.380000E0	1.348810E2	-1.730243E0
8.400000E0	1.353017E2	-2.489171E0
8.420000E0	1.359420E2	-2.699834E0
8.440000E0	1.366311E2	-2.280996E0
8.460000E0	1.372544E2	-9.972841E-1
8.480000E0	1.374744E2	3.519184E-2
8.500000E0	1.376282E2	-7.629843E-1
8.520000E0	1.382175E2	-1.652132E0
8.540000E0	1.384126E2	-2.262662E0
8.560000E0	1.384903E2	-2.706801E0
8.580000E0	1.385602E2	-2.765477E0
8.600000E0	1.388565E2	-2.802060E0
8.620000E0	1.389314E2	-2.517127E0
8.640000E0	1.390761E2	-1.924450E0
8.660000E0	1.396524E2	-1.732205E0
8.680000E0	1.405034E2	-1.858842E0
8.700000E0	1.409564E2	-2.235893E0
8.720000E0	1.410607E2	-2.349307E0
8.740000E0	1.410289E2	-1.958064E0
8.760000E0	1.407515E2	-1.677009E0
8.780000E0	1.405879E2	-1.713431E0
8.800000E0	1.412791E2	-2.073932E0
8.820000E0	1.419405E2	-2.117575E0
8.840000E0	1.421751E2	-2.287388E0
8.860000E0	1.421695E2	-3.072963E0
8.880000E0	1.423647E2	-4.156359E0
8.900000E0	1.427990E2	-4.810440E0
8.920000E0	1.437220E2	-4.724257E0
8.940000E0	1.448069E2	-4.033783E0
8.960000E0	1.459695E2	-2.945002E0
8.980000E0	1.464290E2	-2.194533E0
9.000000E0	1.457461E2	-1.508155E0
9.020000E0	1.453757E2	-1.704626E0
9.040000E0	1.458175E2	-2.610381E0
9.060000E0	1.467711E2	-3.247392E0
9.080000E0	1.470249E2	-3.375314E0
9.100000E0	1.470455E2	-3.894401E0
9.120000E0	1.471034E2	-4.143363E0
9.140000E0	1.470864E2	-3.296956E0
9.160000E0	1.477529E2	-1.647770E0
9.180000E0	1.489199E2	-1.827886E-1
9.200000E0	1.491814E2	3.781883E-1
9.220000E0	1.490133E2	-5.401003E-1
9.240000E0	1.491198E2	-2.600470E0
9.260000E0	1.494597E2	-3.849309E0
9.280000E0	1.497428E2	-3.413674E0
9.300000E0	1.499585E2	-2.279988E0
9.320000E0	1.503917E2	-2.255358E0
9.340000E0	1.508289E2	-2.961172E0
9.360000E0	1.509815E2	-3.791941E0
9.380000E0	1.512991E2	-4.086957E0
9.400000E0	1.519255E2	-3.937864E0
9.420000E0	1.524093E2	-3.933030E0
9.440000E0	1.528735E2	-3.687973E0
9.460000E0	1.531880E2	-3.352303E0
9.480000E0	1.532623E2	-2.728833E0
9.500000E0	1.534602E2	-2.010804E0
9.520000E0	1.539111E2	-1.842131E0
9.540000E0	1.547172E2	-2.198768E0
9.560000E0	1.553392E2	-2.835673E0
9.580000E0	1.555986E2	-3.147545E0
9.600000E0	1.555562E2	-2.447555E0
9.620000E0	1.555879E2	-1.898623E0
9.640000E0	1.556018E2	-1.727635E0
9.660000E0	1.559465E2	-2.316974E0
9.680000E0	1.561534E2	-2.558428E0
9.700000E0	1.563808E2	-2.601297E0
9.720000E0	1.567424E2	-2.342201E0
9.740000E0	1.574520E2	-2.522202E0
9.760000E0	1.582359E2	-2.921277E0
9.780000E0	1.587249E2	-2.900180E0
9.800000E0	1.589669E2	-2.885328E0
9.820000E0	1.594076E2	-2.488271E0
9.840000E0	1.592711E2	-2.265024E0
9.860000E0	1.589549E2	-2.548769E0
9.880000E0	1.587953E2	-2.749354E0
9.900000E0	1.584792E2	-2.864879E0
9.920000E0	1.587947E2	-2.325443E0
9.940000E0	1.591885E2	-2.556555E0
9.960000E0	1.592736E2	-3.469354E0
9.980000E0	1.596700E2	-4.895753E0
1.000000E1	1.603797E2	-4.851217E0
1.002000E1	1.609426E2	-3.484708E0
1.004000E1	1.619209E2	-9.597030E-1
1.006000E1	1.625358E2	1.213801E0
1.008000E1	1.631593E2	2.309606E0
1.010000E1	1.632659E2	1.753966E0
1.012000E1	1.633187E2	2.307750E-1
1.014000E1	1.635189E2	-1.300849E0
1.016000E1	1.638332E2	-2.489500E0
1.018000E1	1.647009E2	-2.493812E0
1.020000E1	1.651314E2	-1.968589E0
1.022000E1	1.653588E2	-1.473664E0
1.024000E1	1.656851E2	-1.079385E0
1.026000E1	1.664011E2	-8.546086E-1
1.028000E1	1.668979E2	-1.012527E0
1.030000E1	1.671945E2	-1.778442E0
1.032000E1	1.670782E2	-2.806078E0
1.034000E1	1.667841E2	-3.743436E0
1.036000E1	1.666862E2	-3.607193E0
1.038000E1	1.671778E2	-2.845801E0
1.040000E1	1.677082E2	-2.724292E0
1.042000E1	1.683761E2	-2.996376E0
1.044000E1	1.691765E2	-3.205336E0
1.046000E1	1.696120E2	-3.199860E0
1.048000E1	1.695232E2	-3.123413E0
1.050000E1	1.691486E2	-3.454193E0
1.052000E1	1.692587E2	-3.581361E0
1.054000E1	1.702023E2	-2.910467E0
1.056000E1	1.711086E2	-1.928650E0
1.058000E1	1.714101E2	-1.501645E0
1.060000E1	1.715891E2	-2.321843E0
1.062000E1	1.718290E2	-3.224116E0
1.064000E1	1.724852E2	-3.229078E0
1.066000E1	1.732306E2	-2.893802E0
1.068000E1	1.739737E2	-2.516547E0
1.070000E1	1.744479E2	-2.096863E0
1.072000E1	1.743301E2	-2.280924E0
1.074000E1	1.743423E2	-2.277182E0
1.076000E1	1.740830E2	-2.525703E0
1.078000E1	1.741849E2	-2.570527E0
1.080000E1	1.740647E2	-2.646725E0
1.082000E1	1.743241E2	-3.145249E0
1.084000E1	1.746689E2	-3.547981E0
1.086000E1	1.751780E2	-3.518039E0
1.088000E1	1.754164E2	-2.785367E0
1.090000E1	1.758149E2	-1.510495E0
1.092000E1	1.754300E2	2.843976E-1
1.094000E1	1.745031E2	1.767863E0
1.096000E1	1.746669E2	1.662594E0
1.098000E1	1.754278E2	3.753424E-1
1.100000E1	1.759312E2	-1.327722E0
1.102000E1	1.766990E2	-2.228328E0
1.104000E1	1.774573E2	-2.113861E0
1.106000E1	1.778006E2	-1.603153E0
1.108000E1	1.779857E2	-1.952514E0
1.110000E1	1.787094E2	-3.371392E0
1.112000E1	1.797222E2	-3.914868E0
1.114000E1	1.808365E2	-3.135274E0
1.116000E1	1.819599E2	-1.765608E0
1.118000E1	1.826161E2	-7.781849E-1
1.120000E1	1.826265E2	-2.626714E-1
1.122000E1	1.821503E2	-2.320789E-1
1.124000E1	1.819335E2	-1.037854E0
1.126000E1	1.825441E2	-2.730335E0
1.128000E1	1.834128E2	-3.676104E0
1.130000E1	1.837760E2	-3.364684E0
1.132000E1	1.840710E2	-2.434181E0
1.134000E1	1.841356E2	-1.142204E0
1.136000E1	1.840763E2	-4.911279E-1
1.138000E1	1.839681E2	-9.551881E-1
1.140000E1	1.840835E2	-1.746821E0
1.142000E1	1.845204E2	-2.424321E0
1.144000E1	1.850763E2	-2.991650E0
1.146000E1	1.855212E2	-3.323727E0
1.148000E1	1.858830E2	-3.522019E0
1.150000E1	1.862453E2	-3.472175E0
1.152000E1	1.863792E2	-3.520066E0
1.154000E1	1.870776E2	-3.680349E0
1.156000E1	1.880986E2	-3.586046E0
1.158000E1	1.883922E2	-3.372634E0
1.160000E1	1.883200E2	-3.269660E0
1.162000E1	1.883756E2	-3.267332E0
1.164000E1	1.890020E2	-2.869380E0
1.166000E1	1.896162E2	-2.267564E0
1.168000E1	1.896210E2	-2.614298E0
1.170000E1	1.896345E2	-3.356501E0
1.172000E1	1.897865E2	-3.740530E0
1.174000E1	1.903562E2	-3.208618E0
1.176000E1	1.913408E2	-1.908099E0
1.178000E1	1.912588E2	-3.208586E-1
1.180000E1	1.904791E2	9.525277E-1
1.182000E1	1.904374E2	1.768235E0
1.184000E1	1.910591E2	1.675874E0
1.186000E1	1.918512E2	3.940550E-1
1.188000E1	1.920516E2	-1.529480E0
1.190000E1	1.923305E2	-2.565823E0
1.192000E1	1.926082E2	-1.540726E0
1.194000E1	1.928603E2	1.278721E-1
1.196000E1	1.934511E2	-2.420483E-2
1.198000E1	1.939145E2	-8.076959E-1
1.200000E1	1.940207E2	-1.772521E0
1.202000E1	1.942426E2	-2.185280E0
1.204000E1	1.945867E2	-1.588222E0
1.206000E1	1.946124E2	-8.406123E-1
1.208000E1	1.945313E2	-4.964346E-1
1.210000E1	1.945641E2	-7.984594E-1
1.212000E1	1.953198E2	-1.657889E0
1.214000E1	1.963449E2	-2.326931E0
1.216000E1	1.969393E2	-2.542292E0
1.218000E1	1.967781E2	-2.601204E0
1.220000E1	1.965478E2	-2.740430E0
1.222000E1	1.966657E2	-3.142955E0
1.224000E1	1.972985E2	-3.345177E0
1.226000E1	1.985289E2	-2.596635E0
1.228000E1	1.996367E2	-8.377192E-1
1.230000E1	1.997516E2	4.492985E-1
1.232000E1	1.995354E2	3.689788E-1
1.234000E1	1.994979E2	-1.189339E0
1.236000E1	2.000520E2	-3.259626E0
1.238000E1	2.008390E2	-4.756665E0
1.240000E1	2.017870E2	-4.815194E0
1.242000E1	2.020333E2	-3.458184E0
1.244000E1	2.014135E2	-2.275209E0
1.246000E1	2.009758E2	-1.519719E0
1.248000E1	2.013828E2	-1.700706E0
1.250000E1	2.019162E2	-1.802581E0
1.252000E1	2.020112E2	-1.775389E0
1.254000E1	2.017594E2	-2.126533E0
1.256000E1	2.023042E2	-3.024433E0
1.258000E1	2.034468E2	-3.764673E0
1.260000E1	2.037276E2	-3.236709E0
1.262000E1	2.038873E2	-1.700505E0
1.264000E1	2.039772E2	-4.208467E-1
1.266000E1	2.043976E2	-2.268745E-1
1.268000E1	2.046391E2	-1.446089E0
1.270000E1	2.046264E2	-2.382721E0
1.272000E1	2.050345E2	-2.165495E0
1.274000E1	2.055294E2	-1.598524E0
1.276000E1	2.061279E2	-1.092484E0
1.278000E1	2.068777E2	-1.173329E0
1.280000E1	2.072247E2	-1.754004E0
1.282000E1	2.073952E2	-1.977061E0
1.284000E1	2.076156E2	-1.769147E0
1.286000E1	2.080788E2	-1.726686E0
1.288000E1	2.085159E2	-1.679005E0
1.290000E1	2.086055E2	-1.826738E0
1.292000E1	2.087114E2	-1.526127E0
1.294000E1	2.088504E2	-8.983152E-1
1.296000E1	2.090555E2	-5.073528E-1
1.298000E1	2.092567E2	-8.724656E-1
1.300000E1	2.093334E2	-2.036871E0
1.302000E1	2.098773E2	-2.670161E0
1.304000E1	2.107128E2	-1.780245E0
1.306000E1	2.108783E2	-8.106195E-1
1.308000E1	2.108606E2	-5.349806E-1
1.310000E1	2.110980E2	-9.135185E-1
1.312000E1	2.117129E2	-1.201106E0
1.314000E1	2.121856E2	-9.145629E-1
1.316000E1	2.120923E2	-7.563844E-1
1.318000E1	2.119695E2	-1.043106E0
1.320000E1	2.122434E2	-1.795545E0
1.322000E1	2.128847E2	-2.209753E0
1.324000E1	2.132944E2	-2.426924E0
1.326000E1	2.138064E2	-2.477467E0
1.328000E1	2.141492E2	-2.746440E0
1.330000E1	2.140543E2	-3.127394E0
1.332000E1	2.143189E2	-3.304070E0
1.334000E1	2.149933E2	-3.094543E0
1.336000E1	2.156515E2	-1.783007E0
1.338000E1	2.162081E2	-4.922224E-1
1.340000E1	2.158910E2	-1.938651E-1
1.342000E1	2.154507E2	-6.038155E-1
1.344000E1	2.161493E2	-1.448502E0
1.346000E1	2.171685E2	-1.857137E0
1.348000E1	2.177665E2	-1.258502E0
1.350000E1	2.182552E2	-4.220795E-1
1.352000E1	2.182308E2	-4.399310E-1
1.354000E1	2.182381E2	-3.489922E-1
1.356000E1	2.182091E2	-1.336201E-1
1.358000E1	2.183119E2	-9.744670E-2
1.360000E1	2.185626E2	-4.982904E-1
1.362000E1	2.189327E2	-9.647357E-1
1.364000E1	2.195336E2	-1.016334E0
1.366000E1	2.196892E2	-1.670189E0
1.368000E1	2.202700E2	-3.030446E0
1.370000E1	2.205745E2	-3.397754E0
1.372000E1	2.207204E2	-3.265935E0
1.374000E1	2.208951E2	-3.226871E0
1.376000E1	2.212998E2	-3.332131E0
1.378000E1	2.216329E2	-3.141536E0
1.380000E1	2.217067E2	-2.697552E0
1.382000E1	2.219745E2	-2.406374E0
1.384000E1	2.226917E2	-2.551576E0
1.386000E1	2.237201E2	-2.478208E0
1.388000E1	2.243281E2	-2.229021E0
1.390000E1	2.245788E2	-1.948943E0
1.392000E1	2.245940E2	-2.035174E0
1.394000E1	2.246000E2	-2.026728E0
1.396000E1	2.251760E2	-1.747756E0
1.398000E1	2.259446E2	-1.225552E0
1.400000E1	2.263954E2	-9.334378E-1
1.402000E1	2.265255E2	-9.594832E-1
1.404000E1	2.266726E2	-1.447918E0
1.406000E1	2.270707E2	-2.014655E0
1.408000E1	2.274354E2	-2.338087E0
1.410000E1	2.273715E2	-2.389658E0
1.412000E1	2.277598E2	-2.263324E0
1.414000E1	2.288539E2	-1.697200E0
1.416000E1	2.294754E2	-1.592534E0
1.418000E1	2.296055E2	-1.738436E0
1.420000E1	2.291069E2	-1.705384E0
1.422000E1	2.293364E2	-1.439178E0
1.424000E1	2.294426E2	-1.037991E0
1.426000E1	2.293891E2	-1.567603E0
1.428000E1	2.292229E2	-2.413003E0
1.430000E1	2.289503E2	-2.880587E0
1.432000E1	2.289454E2	-2.398535E0
1.434000E1	2.294513E2	-8.300719E-1
1.436000E1	2.304928E2	5.335933E-1
1.438000E1	2.304515E2	7.229347E-1
1.440000E1	2.304529E2	-2.740875E-1
1.442000E1	2.306927E2	-1.838184E0
1.444000E1	2.315238E2	-2.073782E0
1.446000E1	2.327205E2	-1.103008E0
1.448000E1	2.342023E2	4.942853E-1
1.450000E1	2.348849E2	1.793524E0
1.452000E1	2.353344E2	1.656145E0
1.454000E1	2.357778E2	3.377767E-1
1.456000E1	2.361205E2	-1.366444E0
1.458000E1	2.361521E2	-2.699250E0
1.460000E1	2.361055E2	-3.168362E0
1.462000E1	2.363248E2	-2.861373E0
1.464000E1	2.366729E2	-2.241705E0
1.466000E1	2.365819E2	-1.248371E0
1.468000E1	2.366642E2	-1.224731E-1
1.470000E1	2.374185E2	9.217412E-2
1.472000E1	2.385800E2	-3.070402E-1
1.474000E1	2.394377E2	-1.051963E0
1.476000E1	2.392530E2	-2.198036E0
1.478000E1	2.384492E2	-3.255225E0
1.480000E1	2.383551E2	-3.311214E0
1.482000E1	2.387427E2	-2.646900E0
1.484000E1	2.392596E2	-1.742293E0
1.486000E1	2.397829E2	-1.239434E0
1.488000E1	2.401813E2	-1.445808E0
1.490000E1	2.401815E2	-2.331373E0
1.492000E1	2.404842E2	-2.927745E0
1.494000E1	2.409315E2	-2.886876E0
1.496000E1	2.413420E2	-2.544523E0
1.498000E1	2.423913E2	-2.213345E0
1.500000E1	2.438004E2	-1.785611E0
1.502000E1	2.444395E2	-1.635202E0
1.504000E1	2.440796E2	-1.529314E0
1.506000E1	2.440303E2	-1.443436E0
1.508000E1	2.445454E2	-1.329506E0
1.510000E1	2.449410E2	-1.202116E0
1.512000E1	2.447668E2	-1.615655E0
1.514000E1	2.447486E2	-2.294198E0
1.516000E1	2.449231E2	-2.515623E0
1.518000E1	2.451595E2	-2.149886E0
1.520000E1	2.450783E2	-1.347145E0
1.522000E1	2.449384E2	-4.552131E-2
1.524000E1	2.445702E2	1.336781E0
1.526000E1	2.449941E2	1.763901E0
1.528000E1	2.454895E2	1.406307E0
1.530000E1	2.461256E2	4.146368E-1
1.532000E1	2.468413E2	-7.827469E-1
1.534000E1	2.474866E2	-9.414734E-1
1.536000E1	2.475404E2	2.300911E-1
1.538000E1	2.468231E2	1.804294E0
1.540000E1	2.469930E2	1.530520E0
1.542000E1	2.480090E2	2.091511E-2
1.544000E1	2.486062E2	-1.598379E0
1.546000E1	2.488352E2	-2.569976E0
1.548000E1	2.488889E2	-2.540796E0
1.550000E1	2.490931E2	-2.257184E0
1.552000E1	2.490438E2	-1.758794E0
1.554000E1	2.494379E2	-1.626898E0
1.556000E1	2.504143E2	-1.574665E0
1.558000E1	2.521001E2	-1.259849E0
1.560000E1	2.536112E2	-4.325044E-1
1.562000E1	2.540150E2	5.306325E-1
1.564000E1	2.536699E2	9.309007E-1
1.566000E1	2.532091E2	1.870869E-1
1.568000E1	2.529869E2	-1.222612E0
1.570000E1	2.534331E2	-2.110232E0
1.572000E1	2.539274E2	-2.165344E0
1.574000E1	2.540020E2	-1.894321E0
1.576000E1	2.535936E2	-1.457954E0
1.578000E1	2.536280E2	-1.481737E0
1.580000E1	2.542758E2	-1.601663E0
1.582000E1	2.548123E2	-1.960549E0
1.584000E1	2.554175E2	-2.050829E0
1.586000E1	2.560727E2	-1.697386E0
1.588000E1	2.565869E2	-1.766216E0
1.590000E1	2.567945E2	-2.375580E0
1.592000E1	2.567144E2	-2.653822E0
1.594000E1	2.569128E2	-2.390136E0
1.596000E1	2.568745E2	-1.514678E0
1.598000E1	2.566023E2	-1.375086E0
1.600000E1	2.567956E2	-2.273673E0
1.602000E1	2.573678E2	-2.969763E0
1.604000E1	2.576900E2	-2.363339E0
1.606000E1	2.582247E2	-1.110240E0
1.608000E1	2.586980E2	4.749523E-1
1.610000E1	2.590272E2	1.206304E0
1.612000E1	2.589905E2	6.083604E-1
1.614000E1	2.590166E2	-2.548559E-1
1.616000E1	2.597305E2	-9.010259E-1
1.618000E1	2.602757E2	-9.027452E-1
1.620000E1	2.608409E2	-2.632345E-2
1.622000E1	2.614430E2	1.379387E0
1.624000E1	2.615149E2	1.476015E0
1.626000E1	2.620826E2	3.905295E-1
1.628000E1	2.625131E2	-2.621359E-1
1.630000E1	2.625938E2	-9.758407E-1
1.632000E1	2.626043E2	-1.042468E0
1.634000E1	2.627498E2	-1.173379E0
1.636000E1	2.629619E2	-1.075697E0
1.638000E1	2.630531E2	-6.528176E-1
1.640000E1	2.634791E2	-1.854536E-1
1.642000E1	2.641909E2	-2.627550E-1
1.644000E1	2.650124E2	-4.621740E-1
1.646000E1	2.652906E2	-7.244925E-1
1.648000E1	2.654443E2	-5.907904E-1
1.650000E1	2.653087E2	-3.312669E-1
1.652000E1	2.649940E2	-1.565630E-1
1.654000E1	2.650078E2	-2.753002E-1
1.656000E1	2.658134E2	-3.885492E-1
1.658000E1	2.662700E2	-3.360839E-1
1.660000E1	2.663551E2	-6.910176E-1
1.662000E1	2.664989E2	-1.776653E0
1.664000E1	2.666786E2	-2.889823E0
1.666000E1	2.671498E2	-3.124821E0
1.668000E1	2.680867E2	-2.833152E0
1.670000E1	2.694541E2	-1.866976E0
1.672000E1	2.704330E2	-7.737994E-1
1.674000E1	2.704006E2	3.788169E-2
1.676000E1	2.694488E2	3.173387E-1
1.678000E1	2.695303E2	-2.395015E-1
1.680000E1	2.702832E2	-1.023865E0
1.682000E1	2.710317E2	-1.619275E0
1.684000E1	2.708870E2	-1.857542E0
1.686000E1	2.711118E2	-2.427728E0
1.688000E1	2.713168E2	-2.050927E0
1.690000E1	2.712814E2	-8.546124E-1
1.692000E1	2.722518E2	8.270060E-1
1.694000E1	2.731716E2	2.135509E0
1.696000E1	2.731285E2	2.156713E0
1.698000E1	2.729408E2	8.248924E-1
1.700000E1	2.731073E2	-1.310444E0
1.702000E1	2.734921E2	-1.958830E0
1.704000E1	2.737992E2	-1.160152E0
1.706000E1	2.740731E2	-2.596297E-1
1.708000E1	2.745116E2	-6.530990E-1
1.710000E1	2.746047E2	-1.484098E0
1.712000E1	2.748783E2	-2.189945E0
1.714000E1	2.753045E2	-2.211761E0
1.716000E1	2.758042E2	-2.141862E0
1.718000E1	2.762822E2	-2.139071E0
1.720000E1	2.766515E2	-2.085680E0
1.722000E1	2.766993E2	-1.407286E0
1.724000E1	2.768205E2	-5.631486E-1
1.726000E1	2.773806E2	1.851707E-1
1.728000E1	2.781753E2	-6.913909E-2
1.730000E1	2.788861E2	-5.817741E-1
1.732000E1	2.794830E2	-1.003902E0
1.734000E1	2.797056E2	-7.888119E-1
1.736000E1	2.795147E2	-2.841336E-1
1.738000E1	2.796025E2	-8.877214E-2
1.740000E1	2.801003E2	-1.232378E-1
1.742000E1	2.805602E2	-2.199691E-1
1.744000E1	2.804982E2	-4.209407E-1
1.746000E1	2.803512E2	-5.994254E-1
1.748000E1	2.808857E2	-8.114471E-1
1.750000E1	2.818377E2	-9.732976E-1
1.752000E1	2.827942E2	-9.407743E-1
1.754000E1	2.832581E2	-9.176646E-1
1.756000E1	2.838137E2	-9.269846E-1
1.758000E1	2.841997E2	-5.616507E-1
1.760000E1	2.837854E2	-7.024542E-1
1.762000E1	2.835944E2	-6.789617E-1
1.764000E1	2.832060E2	-6.211273E-1
1.766000E1	2.833406E2	-2.594303E-1
1.768000E1	2.834208E2	-1.170367E-1
1.770000E1	2.833026E2	-8.240612E-1
1.772000E1	2.836596E2	-1.859584E0
1.774000E1	2.844301E2	-2.724279E0
1.776000E1	2.849703E2	-2.455882E0
1.778000E1	2.854327E2	-8.585473E-1
1.780000E1	2.860687E2	1.208736E0
1.782000E1	2.868168E2	2.729916E0
1.784000E1	2.876217E2	3.390262E0
1.786000E1	2.877918E2	3.045659E0
1.788000E1	2.882074E2	2.368983E0
1.790000E1	2.883546E2	1.469499E0
1.792000E1	2.886402E2	4.657603E-1
1.794000E1	2.889395E2	-2.186081E-1
1.796000E1	2.894787E2	-7.576650E-1
1.798000E1	2.900158E2	-1.017071E0
1.800000E1	2.904323E2	-8.713317E-1
1.802000E1	2.908022E2	-7.949697E-2
1.804000E1	2.911280E2	5.694045E-1
1.806000E1	2.913380E2	4.752450E-1
1.808000E1	2.914799E2	2.575983E-1
1.810000E1	2.910315E2	1.022508E-1
1.812000E1	2.912153E2	-9.045026E-1
1.814000E1	2.916764E2	-1.657199E0
1.816000E1	2.922094E2	-1.927658E0
1.818000E1	2.923837E2	-1.884194E0
1.820000E1	2.928457E2	-1.607550E0
1.822000E1	2.934721E2	-8.877889E-1
1.824000E1	2.937564E2	-7.012522E-1
1.826000E1	2.935054E2	-9.034030E-1
1.828000E1	2.938587E2	-8.178081E-1
1.830000E1	2.943096E2	-7.543369E-1
1.832000E1	2.949007E2	-2.842537E-1
1.834000E1	2.954887E2	-4.325008E-1
1.836000E1	2.961452E2	-7.974429E-1
1.838000E1	2.967461E2	-8.591837E-1
1.840000E1	2.972049E2	-8.828571E-1
1.842000E1	2.981736E2	-8.467961E-1
1.844000E1	2.990582E2	-6.763435E-1
1.846000E1	2.989079E2	-9.240358E-1
1.848000E1	2.985507E2	-7.385939E-1
1.850000E1	2.985293E2	-5.488402E-1
1.852000E1	2.991636E2	3.021102E-3
1.854000E1	2.991204E2	-1.582735E-1
1.856000E1	2.987529E2	-1.231255E0
1.858000E1	2.984368E2	-2.142195E0
1.860000E1	2.988713E2	-2.245297E0
1.862000E1	2.996646E2	-1.141080E0
1.864000E1	3.002950E2	7.083730E-1
1.866000E1	2.998170E2	2.549574E0
1.868000E1	2.991413E2	3.848461E0
1.870000E1	2.995618E2	3.795209E0
1.872000E1	3.002746E2	2.606894E0
1.874000E1	3.008070E2	8.638856E-1
1.876000E1	3.012137E2	-4.061181E-1
1.878000E1	3.015267E2	8.354605E-2
1.880000E1	3.017150E2	1.607840E0
1.882000E1	3.025055E2	1.549817E0
1.884000E1	3.034903E2	1.586251E-1
1.886000E1	3.033058E2	-1.136976E0
1.888000E1	3.030713E2	-2.132327E0
1.890000E1	3.034322E2	-2.384264E0
1.892000E1	3.047177E2	-1.956356E0
1.894000E1	3.060980E2	-4.126771E-1
1.896000E1	3.064988E2	1.869067E0
1.898000E1	3.064373E2	3.208694E0
1.900000E1	3.070200E2	2.673391E0
1.902000E1	3.079222E2	1.206995E0
1.904000E1	3.079431E2	-5.631583E-1
1.906000E1	3.072821E2	-1.646749E0
1.908000E1	3.074803E2	-1.452391E0
1.910000E1	3.074438E2	-6.698593E-1
1.912000E1	3.074318E2	1.618537E-1
1.914000E1	3.075201E2	8.698279E-1
1.916000E1	3.079415E2	1.012113E0
1.918000E1	3.078984E2	1.859051E-1
1.920000E1	3.082446E2	-7.754648E-1
1.922000E1	3.089272E2	-1.599571E0
1.924000E1	3.097829E2	-2.076426E0
1.926000E1	3.099955E2	-1.943000E0
1.928000E1	3.105038E2	-1.818158E0
1.930000E1	3.109208E2	-1.147885E0
1.932000E1	3.112146E2	-1.078883E0
1.934000E1	3.112598E2	-1.118507E0
1.936000E1	3.113259E2	-1.104564E0
1.938000E1	3.116566E2	-5.827137E-1
1.940000E1	3.116139E2	-4.510476E-1
1.942000E1	3.115411E2	-1.176239E0
1.944000E1	3.120671E2	-1.917892E0
1.946000E1	3.125326E2	-1.850503E0
1.948000E1	3.131398E2	-8.494518E-1
1.950000E1	3.137446E2	1.307012E0
1.952000E1	3.134006E2	3.037591E0
1.954000E1	3.135051E2	3.703111E0
1.956000E1	3.140252E2	3.213914E0
1.958000E1	3.145491E2	1.943007E0
1.960000E1	3.150996E2	2.757340E-2
1.962000E1	3.158044E2	-3.186794E-1
1.964000E1	3.163409E2	1.084200E0
1.966000E1	3.163573E2	2.791264E0
1.968000E1	3.163072E2	2.880175E0
1.970000E1	3.169454E2	1.136544E0
1.972000E1	3.171238E2	-4.552922E-1
1.974000E1	3.174541E2	-4.244954E-1
1.976000E1	3.179125E2	3.351780E-1
1.978000E1	3.184438E2	1.142426E0
1.980000E1	3.189071E2	1.145405E0
1.982000E1	3.188869E2	1.047861E0
1.984000E1	3.189333E2	9.415608E-1
1.986000E1	3.193966E2	9.352734E-1
1.988000E1	3.198218E2	7.998394E-1
1.990000E1	3.202275E2	4.299004E-1
1.992000E1	3.206106E2	2.409280E-1
1.994000E1	3.205428E2	-5.229374E-2
1.996000E1	3.202906E2	-2.061643E-1
1.998000E1	3.203611E2	-5.768958E-1
2.000000E1	3.206380E2	-5.673151E-1
2.002000E1	3.213081E2	-3.843574E-1
2.004000E1	3.220093E2	-4.234676E-1
2.006000E1	3.228891E2	-3.384057E-1
2.008000E1	3.238292E2	-3.085175E-1
2.010000E1	3.244900E2	-2.000031E-2
2.012000E1	3.244780E2	3.398621E-1
2.014000E1	3.246173E2	3.317029E-1
2.016000E1	3.250225E2	1.120255E-1
2.018000E1	3.249686E2	-5.395399E-1
2.020000E1	3.253252E2	-7.784193E-1
2.022000E1	3.260386E2	-8.079591E-1
2.024000E1	3.258838E2	-7.293824E-2
2.026000E1	3.250288E2	3.367758E-1
2.028000E1	3.252034E2	5.348406E-2
2.030000E1	3.260154E2	-3.392804E-1
2.032000E1	3.264823E2	-8.074544E-2
2.034000E1	3.269652E2	8.184565E-1
2.036000E1	3.275323E2	1.061284E0
2.038000E1	3.276105E2	1.994421E-1
2.040000E1	3.274510E2	-3.431282E-1
2.042000E1	3.276824E2	2.184102E-1
2.044000E1	3.277434E2	4.203568E-1
2.046000E1	3.279430E2	1.715200E-1
2.048000E1	3.283542E2	3.262438E-2
2.050000E1	3.286999E2	3.061625E-1
2.052000E1	3.289512E2	2.830224E-1
2.054000E1	3.290778E2	-6.914802E-1
2.056000E1	3.298380E2	-1.233931E0
2.058000E1	3.305503E2	-6.676346E-1
2.060000E1	3.308901E2	-1.040864E-1
2.062000E1	3.311544E2	3.230978E-1
2.064000E1	3.312730E2	2.469927E-1
2.066000E1	3.314998E2	3.694644E-1
2.068000E1	3.320090E2	5.036700E-1
2.070000E1	3.325731E2	4.632301E-1
2.072000E1	3.331773E2	4.237803E-1
2.074000E1	3.335903E2	3.118333E-1
2.076000E1	3.339017E2	1.899471E-1
2.078000E1	3.339061E2	1.636480E-1
2.080000E1	3.335048E2	4.827489E-2
2.082000E1	3.334896E2	2.627230E-2
2.084000E1	3.343300E2	3.140449E-1
2.086000E1	3.350969E2	1.069058E0
2.088000E1	3.355794E2	9.492932E-1
2.090000E1	3.356795E2	3.510809E-1
2.092000E1	3.360013E2	-2.697341E-1
2.094000E1	3.365463E2	-2.285833E-1
2.096000E1	3.367733E2	-5.405859E-3
2.098000E1	3.368555E2	9.396334E-2
2.100000E1	3.372867E2	2.200810E-1
2.102000E1	3.373893E2	3.476703E-2
2.104000E1	3.372069E2	-5.738679E-1
2.106000E1	3.368448E2	-7.193576E-1
2.108000E1	3.369105E2	-6.814845E-1
2.110000E1	3.377649E2	-5.188952E-1
2.112000E1	3.379282E2	-5.983851E-1
2.114000E1	3.380533E2	-1.548111E0
2.116000E1	3.386447E2	-2.132818E0
2.118000E1	3.393964E2	-1.340595E0
2.120000E1	3.399725E2	1.081228E0
2.122000E1	3.410474E2	3.599606E0
2.124000E1	3.411491E2	4.872995E0
2.126000E1	3.412575E2	4.020220E0
2.128000E1	3.413250E2	1.618932E0
2.130000E1	3.414566E2	-6.563119E-1
2.132000E1	3.422049E2	-9.196553E-1
2.134000E1	3.427855E2	2.667005E-2
2.136000E1	3.429856E2	1.657263E0
2.138000E1	3.434030E2	2.394842E0
2.140000E1	3.439150E2	1.913312E0
2.142000E1	3.446048E2	1.048816E0
2.144000E1	3.451461E2	-2.660991E-2
2.146000E1	3.451597E2	-7.758539E-1
2.148000E1	3.447614E2	-2.007312E0
2.150000E1	3.446623E2	-2.746865E0
2.152000E1	3.447447E2	-2.031526E0
2.154000E1	3.449339E2	-6.640611E-1
2.156000E1	3.454618E2	-2.475892E-2
2.158000E1	3.464454E2	-1.858046E-1
2.160000E1	3.474755E2	-6.007856E-1
2.162000E1	3.477179E2	-9.333533E-1
2.164000E1	3.473616E2	-9.130993E-1
2.166000E1	3.472264E2	-9.775779E-1
2.168000E1	3.473753E2	-8.277394E-1
2.170000E1	3.480670E2	-2.282882E-1
2.172000E1	3.489085E2	6.751064E-1
2.174000E1	3.494512E2	1.103011E0
2.176000E1	3.496744E2	7.024700E-1
2.178000E1	3.500709E2	-9.646634E-2
2.180000E1	3.507807E2	-6.041717E-1
2.182000E1	3.511742E2	-4.515569E-1
2.184000E1	3.516312E2	-3.583262E-1
2.186000E1	3.523316E2	1.823673E-1
2.188000E1	3.526824E2	5.110562E-1
2.190000E1	3.524846E2	6.505885E-2
2.192000E1	3.521235E2	-3.264267E-1
2.194000E1	3.518631E2	-4.353265E-1
2.196000E1	3.524041E2	6.023760E-2
2.198000E1	3.528046E2	1.868810E-1
2.200000E1	3.530098E2	-3.268841E-1
2.202000E1	3.531284E2	-8.321733E-1
2.204000E1	3.532461E2	-7.601675E-1
2.206000E1	3.534777E2	1.632510E-1
2.208000E1	3.534860E2	1.597840E0
2.210000E1	3.524738E2	3.325916E0
2.212000E1	3.523438E2	4.119617E0
2.214000E1	3.528985E2	3.556973E0
2.216000E1	3.535407E2	2.049324E0
2.218000E1	3.539619E2	2.882429E-1
2.220000E1	3.547167E2	-4.540057E-1
2.222000E1	3.550079E2	3.998060E-1
2.224000E1	3.554815E2	1.189489E0
2.226000E1	3.564591E2	3.670672E-1
2.228000E1	3.579379E2	-1.531452E-1
2.230000E1	3.593232E2	3.322778E-1
2.232000E1	3.599346E2	1.228712E0
2.234000E1	3.599115E2	1.851454E0
2.236000E1	3.598207E2	1.595709E0
2.238000E1	3.598109E2	1.063585E0
2.240000E1	3.593428E2	3.589392E-1
2.242000E1	3.594172E2	-5.228957E-1
2.244000E1	3.603893E2	-6.828058E-1
2.246000E1	3.614117E2	-2.618169E-1
2.248000E1	3.618399E2	5.831884E-1
2.250000E1	3.618569E2	1.724115E0
2.252000E1	3.616597E2	2.183621E0
2.254000E1	3.612431E2	1.333937E0
2.256000E1	3.610830E2	9.247750E-2
2.258000E1	3.617088E2	-4.516103E-1
2.260000E1	3.622961E2	-6.045536E-1
2.262000E1	3.622560E2	-5.262589E-1
2.264000E1	3.625238E2	-5.920649E-1
2.266000E1	3.629574E2	-1.245501E0
2.268000E1	3.634073E2	-1.485251E0
2.270000E1	3.638935E2	-1.535400E0
2.272000E1	3.646531E2	-1.394128E0
2.274000E1	3.653005E2	-8.504679E-1
2.276000E1	3.653510E2	-7.481808E-1
2.278000E1	3.653113E2	-8.255352E-1
2.280000E1	3.657538E2	-7.309730E-1
2.282000E1	3.664089E2	-5.625048E-2
2.284000E1	3.667270E2	4.767072E-1
2.286000E1	3.668930E2	-1.121647E-1
2.288000E1	3.669490E2	-8.225815E-1
2.290000E1	3.673266E2	-1.018210E0
2.292000E1	3.680597E2	-2.995667E-1
2.294000E1	3.683248E2	1.113073E0
2.296000E1	3.677240E2	2.855020E0
2.298000E1	3.671978E2	4.381247E0
2.300000E1	3.675738E2	5.040847E0
2.302000E1	3.679950E2	3.986802E0
2.304000E1	3.685315E2	1.781779E0
2.306000E1	3.691416E2	-1.117830E-1
2.308000E1	3.697766E2	2.732438E-1
2.310000E1	3.700775E2	2.636037E0
2.312000E1	3.702653E2	3.160148E0
2.314000E1	3.711466E2	2.300149E0
2.316000E1	3.714777E2	1.324230E0
2.318000E1	3.715689E2	4.685259E-1
2.320000E1	3.717111E2	5.772223E-1
2.322000E1	3.717839E2	1.381854E0
2.324000E1	3.718443E2	1.992039E0
2.326000E1	3.718794E2	1.936664E0
2.328000E1	3.724069E2	1.244162E0
2.330000E1	3.734140E2	3.841941E-1
2.332000E1	3.741887E2	-6.111554E-2
2.334000E1	3.740336E2	-1.526118E-2
2.336000E1	3.738394E2	2.121002E-1
2.338000E1	3.741175E2	3.454994E-2
2.340000E1	3.745992E2	-1.123976E-1
2.342000E1	3.756093E2	1.702076E-1
2.344000E1	3.766099E2	1.755806E0
2.346000E1	3.768418E2	3.183045E0
2.348000E1	3.764537E2	3.157528E0
2.350000E1	3.764149E2	1.760576E0
2.352000E1	3.770073E2	-1.428360E-1
2.354000E1	3.778202E2	-2.029155E0
2.356000E1	3.785677E2	-2.190547E0
2.358000E1	3.789629E2	-1.214212E0
2.360000E1	3.785328E2	1.972168E-1
2.362000E1	3.780343E2	1.127072E0
2.364000E1	3.783474E2	1.149034E0
2.366000E1	3.787681E2	7.576927E-1
2.368000E1	3.791600E2	7.768104E-1
2.370000E1	3.788428E2	5.955993E-1
2.372000E1	3.791033E2	-1.867752E-1
2.374000E1	3.801794E2	-1.150320E0
2.376000E1	3.806093E2	-1.163909E0
2.378000E1	3.804892E2	-4.766136E-2
2.380000E1	3.807016E2	1.856395E0
2.382000E1	3.810934E2	2.591433E0
2.384000E1	3.815120E2	1.839454E0
2.386000E1	3.812593E2	4.726512E-1
2.388000E1	3.814747E2	2.966482E-1
2.390000E1	3.819670E2	9.860671E-1
2.392000E1	3.825601E2	1.759921E0
2.394000E1	3.834548E2	1.709039E0
2.396000E1	3.838662E2	1.210649E0
2.398000E1	3.841889E2	6.691199E-1
2.400000E1	3.843569E2	8.408761E-1
