	mass A		
t	x	y	
0.000000E0	2.190146E-2	-4.244524E-2
2.000000E-2	-1.602338E-1	3.690886E-1
4.000000E-2	-1.161053E-1	6.156389E-1
6.000000E-2	7.674092E-1	3.103072E-2
8.000000E-2	1.178522E0	-8.977532E-1
1.000000E-1	1.268521E0	-1.325188E0
1.200000E-1	1.810807E0	-1.363708E0
1.400000E-1	1.842737E0	-5.820189E-1
1.600000E-1	1.330624E0	2.149013E-1
1.800000E-1	1.089168E0	4.888659E-1
2.000000E-1	1.658957E0	1.500075E-2
2.200000E-1	2.340824E0	-2.644038E-1
2.400000E-1	3.026918E0	2.857918E-2
2.600000E-1	3.867777E0	5.832805E-1
2.800000E-1	4.335507E0	5.368413E-1
3.000000E-1	4.193600E0	-4.752254E-3
3.200000E-1	4.244569E0	-1.943090E-1
3.400000E-1	4.368455E0	4.973687E-3
3.600000E-1	4.492937E0	1.920885E-1
3.800000E-1	4.849735E0	1.370220E-1
4.000000E-1	5.349979E0	3.959267E-2
4.200000E-1	5.698624E0	-1.760606E-1
4.400000E-1	5.739120E0	-9.967279E-1
4.600000E-1	6.050679E0	-1.586527E0
4.800000E-1	6.681270E0	-1.118337E0
5.000000E-1	7.189392E0	-6.846519E-1
5.200000E-1	7.444955E0	-4.062141E-1
5.400000E-1	7.549131E0	-3.910238E-1
5.600000E-1	7.487718E0	-8.594304E-2
5.800000E-1	7.702417E0	5.760701E-1
6.000000E-1	8.443833E0	9.072099E-1
6.200000E-1	9.118460E0	3.569726E-1
6.400000E-1	9.370539E0	-1.055422E-1
6.600000E-1	9.439387E0	-1.047389E-1
6.800000E-1	9.624454E0	1.880519E-1
7.000000E-1	9.775878E0	1.010082E-1
7.200000E-1	9.639320E0	-1.132585E-1
7.400000E-1	9.910382E0	-4.711787E-1
7.600000E-1	1.060890E1	6.741447E-2
7.800000E-1	1.127305E1	5.126899E-1
8.000000E-1	1.164810E1	4.008154E-1
8.200000E-1	1.176807E1	-3.150680E-1
8.400000E-1	1.194060E1	-9.806352E-1
8.600000E-1	1.224841E1	-7.520508E-1
8.800000E-1	1.228850E1	-4.837202E-1
9.000000E-1	1.268375E1	-2.450039E-1
9.200000E-1	1.320705E1	-2.021347E-1
9.400000E-1	1.338190E1	-8.264945E-1
9.600000E-1	1.306736E1	-1.388595E0
9.800000E-1	1.285690E1	-1.769137E0
1.000000E0	1.339177E1	-1.674388E0
1.020000E0	1.434834E1	-1.253609E0
1.040000E0	1.430490E1	-1.175178E0
1.060000E0	1.402839E1	-1.358797E0
1.080000E0	1.464166E1	-1.019982E0
1.100000E0	1.586450E1	-1.551524E-1
1.120000E0	1.647908E1	1.471852E0
1.140000E0	1.748373E1	2.767111E0
1.160000E0	1.750276E1	2.631984E0
1.180000E0	1.768062E1	1.087761E0
1.200000E0	1.786493E1	-6.796809E-1
1.220000E0	1.810151E1	-1.373911E0
1.240000E0	1.818375E1	-8.029667E-1
1.260000E0	1.859559E1	3.289293E-1
1.280000E0	1.941407E1	1.527949E0
1.300000E0	1.978379E1	1.802629E0
1.320000E0	2.025656E1	1.013388E0
1.340000E0	2.074733E1	-2.967412E-1
1.360000E0	2.078509E1	-2.118976E0
1.380000E0	2.031262E1	-3.446618E0
1.400000E0	2.048415E1	-3.379135E0
1.420000E0	2.089092E1	-2.345005E0
1.440000E0	2.129510E1	-1.232275E0
1.460000E0	2.172786E1	-7.496288E-1
1.480000E0	2.248496E1	-1.065949E0
1.500000E0	2.326821E1	-1.862053E0
1.520000E0	2.353746E1	-2.080778E0
1.540000E0	2.350114E1	-1.854836E0
1.560000E0	2.364088E1	-1.568799E0
1.580000E0	2.373878E1	-1.327962E0
1.600000E0	2.413050E1	-1.381230E0
1.620000E0	2.480125E1	-9.139353E-1
1.640000E0	2.551608E1	-4.009223E-1
1.660000E0	2.592208E1	-4.122298E-1
1.680000E0	2.617756E1	-9.588822E-1
1.700000E0	2.636697E1	-1.827370E0
1.720000E0	2.676373E1	-2.026621E0
1.740000E0	2.696011E1	-1.543499E0
1.760000E0	2.760647E1	-1.144919E0
1.780000E0	2.847789E1	-9.433656E-1
1.800000E0	2.853620E1	-1.471342E0
1.820000E0	2.802628E1	-2.103458E0
1.840000E0	2.800605E1	-2.144662E0
1.860000E0	2.853389E1	-1.607784E0
1.880000E0	2.943367E1	-8.273064E-1
1.900000E0	2.932437E1	-8.161001E-1
1.920000E0	2.923488E1	-1.715977E0
1.940000E0	2.919878E1	-2.383509E0
1.960000E0	2.918430E1	-2.380079E0
1.980000E0	2.926237E1	-1.703286E0
2.000000E0	2.966665E1	3.882195E-1
2.020000E0	2.975028E1	2.098818E0
2.040000E0	2.997488E1	2.014491E0
2.060000E0	3.069838E1	1.260108E0
2.080000E0	3.063323E1	-8.801804E-1
2.100000E0	3.114056E1	-2.471671E0
2.120000E0	3.179144E1	-1.813083E0
2.140000E0	3.313989E1	-3.232616E-1
2.160000E0	3.395424E1	1.067529E0
2.180000E0	3.512557E1	1.143259E0
2.200000E0	3.577772E1	4.643861E-1
2.220000E0	3.556554E1	-1.967347E-2
2.240000E0	3.559588E1	-1.131840E0
2.260000E0	3.570640E1	-2.525041E0
2.280000E0	3.546506E1	-3.316548E0
2.300000E0	3.551038E1	-2.958300E0
2.320000E0	3.588802E1	-1.953321E0
2.340000E0	3.628331E1	-6.794674E-1
2.360000E0	3.709156E1	2.526754E-1
2.380000E0	3.790903E1	5.352072E-1
2.400000E0	3.824540E1	1.135724E-1
2.420000E0	3.806799E1	-6.237434E-1
2.440000E0	3.754413E1	-1.785686E0
2.460000E0	3.713709E1	-3.025711E0
2.480000E0	3.758979E1	-3.045252E0
2.500000E0	3.838666E1	-2.183970E0
2.520000E0	3.873334E1	-1.321868E0
2.540000E0	3.863331E1	-1.897052E0
2.560000E0	3.874744E1	-2.934545E0
2.580000E0	3.919744E1	-3.638549E0
2.600000E0	3.951044E1	-3.491754E0
2.620000E0	3.990094E1	-2.832518E0
2.640000E0	4.052358E1	-2.620221E0
2.660000E0	4.145331E1	-2.479413E0
2.680000E0	4.208192E1	-2.601135E0
2.700000E0	4.191904E1	-2.534402E0
2.720000E0	4.205830E1	-2.385971E0
2.740000E0	4.258878E1	-1.704442E0
2.760000E0	4.279400E1	-1.085876E0
2.780000E0	4.286382E1	-1.707079E0
2.800000E0	4.289578E1	-2.724083E0
2.820000E0	4.278917E1	-3.100251E0
2.840000E0	4.296309E1	-2.487997E0
2.860000E0	4.380583E1	-9.316497E-1
2.880000E0	4.384646E1	9.545429E-1
2.900000E0	4.308440E1	2.295924E0
2.920000E0	4.323947E1	1.690122E0
2.940000E0	4.392011E1	1.424360E-1
2.960000E0	4.446153E1	-1.270716E0
2.980000E0	4.525168E1	-1.613620E0
3.000000E0	4.590904E1	-4.945872E-1
3.020000E0	4.636076E1	1.081327E0
3.040000E0	4.606522E1	1.596263E0
3.060000E0	4.675587E1	5.374873E-1
3.080000E0	4.697581E1	-8.929682E-1
3.100000E0	4.679505E1	-1.880940E0
3.120000E0	4.725443E1	-2.037751E0
3.140000E0	4.806795E1	-1.722937E0
3.160000E0	4.873628E1	-1.382539E0
3.180000E0	4.873529E1	-1.405603E0
3.200000E0	4.833273E1	-2.052992E0
3.220000E0	4.887313E1	-2.639495E0
3.240000E0	5.028295E1	-2.647206E0
3.260000E0	5.170261E1	-1.788647E0
3.280000E0	5.281225E1	-7.007369E-1
3.300000E0	5.269538E1	-5.888749E-2
3.320000E0	5.219284E1	-6.984198E-2
3.340000E0	5.218184E1	-4.527150E-1
3.360000E0	5.276550E1	-1.152133E0
3.380000E0	5.301961E1	-2.016941E0
3.400000E0	5.316417E1	-2.711391E0
3.420000E0	5.354993E1	-2.905779E0
3.440000E0	5.356832E1	-3.063975E0
3.460000E0	5.350928E1	-2.882721E0
3.480000E0	5.371977E1	-2.543877E0
3.500000E0	5.435221E1	-2.162233E0
3.520000E0	5.524229E1	-1.914363E0
3.540000E0	5.561118E1	-1.937813E0
3.560000E0	5.553027E1	-2.369615E0
3.580000E0	5.596896E1	-2.989400E0
3.600000E0	5.658944E1	-3.056768E0
3.620000E0	5.664465E1	-2.442922E0
3.640000E0	5.618183E1	-2.454958E0
3.660000E0	5.618033E1	-3.175061E0
3.680000E0	5.665687E1	-3.480619E0
3.700000E0	5.711602E1	-2.938834E0
3.720000E0	5.768923E1	-1.447602E0
3.740000E0	5.825235E1	-1.618368E-1
3.760000E0	5.850593E1	-1.884182E-1
3.780000E0	5.855404E1	-1.007202E0
3.800000E0	5.859658E1	-1.437669E0
3.820000E0	5.893042E1	-1.211735E0
3.840000E0	5.940652E1	-5.986391E-1
3.860000E0	6.007990E1	-3.911884E-3
3.880000E0	6.076151E1	4.074161E-1
3.900000E0	6.089820E1	1.925033E-1
3.920000E0	6.129376E1	-9.652323E-1
3.940000E0	6.136802E1	-1.406922E0
3.960000E0	6.150428E1	-1.532943E0
3.980000E0	6.195105E1	-1.275577E0
4.000000E0	6.233402E1	-1.070038E0
4.020000E0	6.237556E1	-1.083165E0
4.040000E0	6.221422E1	-1.337148E0
4.060000E0	6.241713E1	-1.373524E0
4.080000E0	6.325359E1	-1.107531E0
4.100000E0	6.413696E1	-1.077834E0
4.120000E0	6.455957E1	-1.321898E0
4.140000E0	6.471251E1	-1.417293E0
4.160000E0	6.471221E1	-1.425171E0
4.180000E0	6.458031E1	-9.284294E-1
4.200000E0	6.490173E1	-7.567495E-1
4.220000E0	6.528132E1	-5.042527E-1
4.240000E0	6.560855E1	-6.849128E-1
4.260000E0	6.575989E1	-1.226797E0
4.280000E0	6.606575E1	-2.073794E0
4.300000E0	6.662854E1	-3.257466E0
4.320000E0	6.666679E1	-3.771283E0
4.340000E0	6.675665E1	-3.560918E0
4.360000E0	6.815807E1	-3.169408E0
4.380000E0	6.966540E1	-2.478866E0
4.400000E0	7.039313E1	-1.827342E0
4.420000E0	6.982112E1	-1.320973E0
4.440000E0	6.885161E1	-1.357351E0
4.460000E0	6.923607E1	-1.625369E0
4.480000E0	7.054972E1	-2.076016E0
4.500000E0	7.068908E1	-2.666476E0
4.520000E0	7.059693E1	-3.298915E0
4.540000E0	7.121081E1	-3.794172E0
4.560000E0	7.118047E1	-3.001882E0
4.580000E0	7.130752E1	-1.358457E0
4.600000E0	7.260909E1	2.827162E-1
4.620000E0	7.308256E1	1.183490E0
4.640000E0	7.303827E1	9.177927E-1
4.660000E0	7.302384E1	-7.038866E-1
4.680000E0	7.315132E1	-2.530980E0
4.700000E0	7.363907E1	-3.118179E0
4.720000E0	7.408670E1	-2.047514E0
4.740000E0	7.436054E1	-1.333963E0
4.760000E0	7.450161E1	-2.183080E0
4.780000E0	7.454127E1	-3.350495E0
4.800000E0	7.500490E1	-3.598201E0
4.820000E0	7.575728E1	-3.267680E0
4.840000E0	7.631210E1	-3.008866E0
4.860000E0	7.637799E1	-2.997608E0
4.880000E0	7.651111E1	-3.036404E0
4.900000E0	7.686950E1	-2.873317E0
4.920000E0	7.711892E1	-2.277887E0
4.940000E0	7.758647E1	-1.596727E0
4.960000E0	7.814990E1	-1.821402E0
4.980000E0	7.850368E1	-2.471758E0
5.000000E0	7.893526E1	-2.762563E0
5.020000E0	7.899397E1	-2.507872E0
5.040000E0	7.900036E1	-1.899835E0
5.060000E0	7.912543E1	-1.510510E0
5.080000E0	7.973322E1	-1.461143E0
5.100000E0	8.024859E1	-1.484468E0
5.120000E0	8.030195E1	-2.101014E0
5.140000E0	8.014772E1	-2.654553E0
5.160000E0	8.073270E1	-3.015088E0
5.180000E0	8.150845E1	-2.670830E0
5.200000E0	8.222799E1	-2.214876E0
5.220000E0	8.271277E1	-2.147596E0
5.240000E0	8.337640E1	-2.165170E0
5.260000E0	8.334121E1	-2.109719E0
5.280000E0	8.295150E1	-2.270953E0
5.300000E0	8.277721E1	-2.077257E0
5.320000E0	8.257673E1	-1.841850E0
5.340000E0	8.296962E1	-1.462623E0
5.360000E0	8.302344E1	-1.596357E0
5.380000E0	8.280460E1	-2.493705E0
5.400000E0	8.320149E1	-3.747558E0
5.420000E0	8.407036E1	-4.422956E0
5.440000E0	8.477097E1	-3.604783E0
5.460000E0	8.554855E1	-1.677216E0
5.480000E0	8.609259E1	4.426996E-1
5.500000E0	8.677396E1	1.794047E0
5.520000E0	8.744390E1	1.837575E0
5.540000E0	8.763269E1	1.176362E0
5.560000E0	8.783000E1	-4.847066E-2
5.580000E0	8.799616E1	-1.313908E0
5.600000E0	8.853645E1	-2.153648E0
5.620000E0	8.913370E1	-2.042457E0
5.640000E0	8.940683E1	-2.276873E0
5.660000E0	8.973376E1	-2.549588E0
5.680000E0	9.009729E1	-2.041684E0
5.700000E0	9.056471E1	-1.431761E0
5.720000E0	9.089387E1	-1.182315E0
5.740000E0	9.105431E1	-1.385197E0
5.760000E0	9.106979E1	-1.971874E0
5.780000E0	9.092338E1	-2.995555E0
5.800000E0	9.137874E1	-3.369536E0
5.820000E0	9.203387E1	-3.634914E0
5.840000E0	9.264279E1	-3.489753E0
5.860000E0	9.285748E1	-3.349085E0
5.880000E0	9.320316E1	-3.100660E0
5.900000E0	9.352048E1	-2.794126E0
5.920000E0	9.352376E1	-3.227371E0
5.940000E0	9.356314E1	-3.446995E0
5.960000E0	9.404154E1	-3.170696E0
5.980000E0	9.462021E1	-2.590532E0
6.000000E0	9.503534E1	-2.279599E0
6.020000E0	9.547311E1	-2.827606E0
6.040000E0	9.595432E1	-3.352434E0
6.060000E0	9.644043E1	-3.385955E0
6.080000E0	9.690791E1	-3.362174E0
6.100000E0	9.790307E1	-3.170382E0
6.120000E0	9.873312E1	-3.180475E0
6.140000E0	9.825344E1	-3.344521E0
6.160000E0	9.794689E1	-3.341823E0
6.180000E0	9.814541E1	-3.079531E0
6.200000E0	9.888475E1	-2.453644E0
6.220000E0	9.862701E1	-2.572364E0
6.240000E0	9.816286E1	-3.543349E0
6.260000E0	9.794566E1	-4.505022E0
6.280000E0	9.854383E1	-4.652283E0
6.300000E0	9.934936E1	-3.650168E0
6.320000E0	1.000834E2	-1.929362E0
6.340000E0	9.941313E1	4.720979E-2
6.360000E0	9.867896E1	1.506158E0
6.380000E0	9.901260E1	1.667958E0
6.400000E0	9.953006E1	4.095955E-1
6.420000E0	9.991211E1	-1.375832E0
6.440000E0	1.003831E2	-2.852433E0
6.460000E0	1.011128E2	-2.653390E0
6.480000E0	1.017594E2	-1.373036E0
6.500000E0	1.020931E2	-1.384941E0
6.520000E0	1.027223E2	-2.702993E0
6.540000E0	1.029905E2	-4.091566E0
6.560000E0	1.033584E2	-5.021490E0
6.580000E0	1.041711E2	-4.798672E0
6.600000E0	1.056093E2	-3.621567E0
6.620000E0	1.065831E2	-1.575626E0
6.640000E0	1.062550E2	2.900920E-1
6.660000E0	1.060438E2	6.810895E-1
6.680000E0	1.066387E2	-8.461773E-1
6.700000E0	1.074086E2	-3.235206E0
6.720000E0	1.073728E2	-4.855092E0
6.740000E0	1.073713E2	-4.673317E0
6.760000E0	1.074849E2	-3.681342E0
6.780000E0	1.075237E2	-2.357065E0
6.800000E0	1.077538E2	-1.622182E0
6.820000E0	1.081269E2	-1.350592E0
6.840000E0	1.082220E2	-1.843368E0
6.860000E0	1.081736E2	-2.962426E0
6.880000E0	1.086009E2	-4.113935E0
6.900000E0	1.096819E2	-5.208347E0
6.920000E0	1.099698E2	-5.144026E0
6.940000E0	1.102339E2	-4.972377E0
6.960000E0	1.106585E2	-4.712443E0
6.980000E0	1.115230E2	-4.551181E0
7.000000E0	1.119203E2	-4.513725E0
7.020000E0	1.118093E2	-4.555486E0
7.040000E0	1.118440E2	-4.400755E0
7.060000E0	1.123709E2	-3.895713E0
7.080000E0	1.127078E2	-3.364855E0
7.100000E0	1.124083E2	-3.717280E0
7.120000E0	1.126512E2	-4.898413E0
7.140000E0	1.128639E2	-5.197608E0
7.160000E0	1.137043E2	-4.570395E0
7.180000E0	1.145338E2	-2.922490E0
7.200000E0	1.143400E2	-8.823191E-1
7.220000E0	1.138784E2	7.785377E-1
7.240000E0	1.141333E2	1.301209E0
7.260000E0	1.145871E2	1.459798E-1
7.280000E0	1.153093E2	-1.751613E0
7.300000E0	1.158962E2	-3.501904E0
7.320000E0	1.166440E2	-3.295530E0
7.340000E0	1.166543E2	-1.697324E0
7.360000E0	1.161140E2	-6.194378E-1
7.380000E0	1.166797E2	-1.579532E0
7.400000E0	1.174549E2	-3.019620E0
7.420000E0	1.177596E2	-3.722920E0
7.440000E0	1.179798E2	-3.508726E0
7.460000E0	1.184133E2	-2.647009E0
7.480000E0	1.187502E2	-2.044866E0
7.500000E0	1.187371E2	-1.757959E0
7.520000E0	1.185691E2	-1.861997E0
7.540000E0	1.188028E2	-2.338283E0
7.560000E0	1.196577E2	-2.963996E0
7.580000E0	1.202968E2	-3.327972E0
7.600000E0	1.207499E2	-3.340717E0
7.620000E0	1.208363E2	-3.398276E0
7.640000E0	1.205774E2	-3.894754E0
7.660000E0	1.203371E2	-4.460280E0
7.680000E0	1.210994E2	-4.448128E0
7.700000E0	1.221931E2	-3.802381E0
7.720000E0	1.232110E2	-2.845597E0
7.740000E0	1.236953E2	-2.065263E0
7.760000E0	1.237069E2	-2.136644E0
7.780000E0	1.239070E2	-2.983465E0
7.800000E0	1.243529E2	-3.960091E0
7.820000E0	1.250032E2	-4.462629E0
7.840000E0	1.255797E2	-4.495999E0
7.860000E0	1.258711E2	-4.392040E0
7.880000E0	1.258633E2	-4.340791E0
7.900000E0	1.255403E2	-4.054614E0
7.920000E0	1.255054E2	-3.318081E0
7.940000E0	1.258397E2	-2.627460E0
7.960000E0	1.256001E2	-2.657811E0
7.980000E0	1.258847E2	-3.368474E0
8.000000E0	1.264832E2	-3.767992E0
8.020000E0	1.272732E2	-3.710968E0
8.040000E0	1.280889E2	-3.010149E0
8.060000E0	1.278620E2	-2.633021E0
8.080000E0	1.279068E2	-3.054248E0
8.100000E0	1.279300E2	-3.338559E0
8.120000E0	1.280776E2	-3.089590E0
8.140000E0	1.283091E2	-2.829422E0
8.160000E0	1.286549E2	-3.078195E0
8.180000E0	1.290035E2	-3.065347E0
8.200000E0	1.294046E2	-2.947046E0
8.220000E0	1.296686E2	-3.485547E0
8.240000E0	1.303015E2	-4.010370E0
8.260000E0	1.310328E2	-3.765366E0
8.280000E0	1.311896E2	-3.417868E0
8.300000E0	1.313178E2	-3.211672E0
8.320000E0	1.315780E2	-3.416066E0
8.340000E0	1.320313E2	-3.168484E0
8.360000E0	1.323344E2	-2.748522E0
8.380000E0	1.325216E2	-2.494262E0
8.400000E0	1.329867E2	-2.467482E0
8.420000E0	1.335568E2	-2.682923E0
8.440000E0	1.338962E2	-2.986400E0
8.460000E0	1.339418E2	-3.374853E0
8.480000E0	1.337660E2	-3.549599E0
8.500000E0	1.337811E2	-3.200780E0
8.520000E0	1.343883E2	-2.737800E0
8.540000E0	1.352028E2	-2.368201E0
8.560000E0	1.357845E2	-2.292090E0
8.580000E0	1.359913E2	-2.615346E0
8.600000E0	1.361169E2	-3.187180E0
8.620000E0	1.363450E2	-3.436682E0
8.640000E0	1.365955E2	-3.270731E0
8.660000E0	1.365754E2	-3.158395E0
8.680000E0	1.369997E2	-3.196374E0
8.700000E0	1.377541E2	-3.365449E0
8.720000E0	1.380329E2	-3.841947E0
8.740000E0	1.375525E2	-4.537434E0
8.760000E0	1.372691E2	-4.752359E0
8.780000E0	1.380083E2	-4.498913E0
8.800000E0	1.391898E2	-3.932863E0
8.820000E0	1.390085E2	-3.638989E0
8.840000E0	1.385904E2	-3.286336E0
8.860000E0	1.395150E2	-2.547295E0
8.880000E0	1.404063E2	-1.909465E0
8.900000E0	1.409933E2	-1.312905E0
8.920000E0	1.416309E2	-7.507968E-1
8.940000E0	1.416425E2	-1.029323E0
8.960000E0	1.417803E2	-1.950056E0
8.980000E0	1.419379E2	-3.082738E0
9.000000E0	1.419049E2	-3.061708E0
9.020000E0	1.419283E2	-2.531067E0
9.040000E0	1.421474E2	-1.809403E0
9.060000E0	1.430922E2	-1.108863E0
9.080000E0	1.436498E2	-9.214366E-1
9.100000E0	1.441306E2	-1.632465E0
9.120000E0	1.445531E2	-3.032614E0
9.140000E0	1.445598E2	-4.634569E0
9.160000E0	1.442637E2	-5.519384E0
9.180000E0	1.444307E2	-5.419383E0
9.200000E0	1.446909E2	-4.622062E0
9.220000E0	1.449487E2	-3.707770E0
9.240000E0	1.455930E2	-3.341721E0
9.260000E0	1.463464E2	-3.680113E0
9.280000E0	1.469931E2	-4.187676E0
9.300000E0	1.473817E2	-4.499083E0
9.320000E0	1.475711E2	-4.255913E0
9.340000E0	1.479114E2	-3.725572E0
9.360000E0	1.481985E2	-3.418248E0
9.380000E0	1.486050E2	-3.364436E0
9.400000E0	1.492376E2	-2.972417E0
9.420000E0	1.497289E2	-2.614888E0
9.440000E0	1.501688E2	-2.574073E0
9.460000E0	1.504240E2	-3.110841E0
9.480000E0	1.506009E2	-4.016824E0
9.500000E0	1.510273E2	-4.126455E0
9.520000E0	1.514529E2	-3.884128E0
9.540000E0	1.519980E2	-3.477040E0
9.560000E0	1.525492E2	-3.297447E0
9.580000E0	1.522606E2	-3.750381E0
9.600000E0	1.521247E2	-4.177752E0
9.620000E0	1.524960E2	-3.969528E0
9.640000E0	1.531605E2	-3.510965E0
9.660000E0	1.533955E2	-2.870741E0
9.680000E0	1.532210E2	-3.243726E0
9.700000E0	1.532598E2	-4.062227E0
9.720000E0	1.533928E2	-4.529386E0
9.740000E0	1.532029E2	-4.348294E0
9.760000E0	1.531847E2	-3.050060E0
9.780000E0	1.533512E2	-9.400865E-1
9.800000E0	1.536706E2	-3.510236E-1
9.820000E0	1.541604E2	-3.928429E-1
9.840000E0	1.544678E2	-1.981918E0
9.860000E0	1.544064E2	-3.957812E0
9.880000E0	1.550805E2	-4.442066E0
9.900000E0	1.560859E2	-3.427561E0
9.920000E0	1.572686E2	-1.805550E0
9.940000E0	1.584574E2	-8.883281E-1
9.960000E0	1.593454E2	-8.184062E-1
9.980000E0	1.597977E2	-1.448850E0
1.000000E1	1.598092E2	-2.146041E0
1.002000E1	1.598355E2	-3.071196E0
1.004000E1	1.597247E2	-4.277461E0
1.006000E1	1.597573E2	-4.964321E0
1.008000E1	1.597807E2	-4.214203E0
1.010000E1	1.598781E2	-3.177245E0
1.012000E1	1.602611E2	-2.296165E0
1.014000E1	1.613416E2	-1.871132E0
1.016000E1	1.623242E2	-1.900337E0
1.018000E1	1.625516E2	-2.240256E0
1.020000E1	1.622061E2	-2.855270E0
1.022000E1	1.616197E2	-4.038857E0
1.024000E1	1.615992E2	-5.365946E0
1.026000E1	1.621492E2	-5.278944E0
1.028000E1	1.628667E2	-4.344651E0
1.030000E1	1.629942E2	-3.495644E0
1.032000E1	1.631664E2	-3.982709E0
1.034000E1	1.637113E2	-4.942879E0
1.036000E1	1.641435E2	-5.638672E0
1.038000E1	1.643245E2	-5.532459E0
1.040000E1	1.648214E2	-4.967596E0
1.042000E1	1.656633E2	-4.545531E0
1.044000E1	1.667841E2	-4.130998E0
1.046000E1	1.671384E2	-4.165701E0
1.048000E1	1.670416E2	-4.145568E0
1.050000E1	1.670947E2	-3.917370E0
1.052000E1	1.676126E2	-3.102275E0
1.054000E1	1.678444E2	-2.993978E0
1.056000E1	1.680362E2	-4.028982E0
1.058000E1	1.679580E2	-4.738291E0
1.060000E1	1.680669E2	-4.598459E0
1.062000E1	1.684901E2	-3.618758E0
1.064000E1	1.689779E2	-1.884765E0
1.066000E1	1.681033E2	-8.651855E-2
1.068000E1	1.679579E2	2.068813E-1
1.070000E1	1.685694E2	-7.433889E-1
1.072000E1	1.692871E2	-1.943906E0
1.074000E1	1.700599E2	-3.161964E0
1.076000E1	1.707578E2	-3.070992E0
1.078000E1	1.712804E2	-1.732115E0
1.080000E1	1.710820E2	-5.253369E-2
1.082000E1	1.709982E2	1.588440E-1
1.084000E1	1.716949E2	-1.253979E0
1.086000E1	1.718985E2	-2.924489E0
1.088000E1	1.720735E2	-3.926925E0
1.090000E1	1.723829E2	-3.759031E0
1.092000E1	1.732660E2	-3.220595E0
1.094000E1	1.735567E2	-2.878241E0
1.096000E1	1.731272E2	-3.146506E0
1.098000E1	1.732204E2	-3.913700E0
1.100000E1	1.744142E2	-4.545120E0
1.102000E1	1.759418E2	-4.347433E0
1.104000E1	1.773217E2	-3.081003E0
1.106000E1	1.777457E2	-1.565081E0
1.108000E1	1.773531E2	-9.511989E-1
1.110000E1	1.772316E2	-1.287582E0
1.112000E1	1.775703E2	-2.117311E0
1.114000E1	1.777610E2	-3.172852E0
1.116000E1	1.779561E2	-4.010548E0
1.118000E1	1.782506E2	-4.432199E0
1.120000E1	1.787279E2	-4.438927E0
1.122000E1	1.787546E2	-4.390686E0
1.124000E1	1.786407E2	-4.179537E0
1.126000E1	1.789523E2	-3.874513E0
1.128000E1	1.797511E2	-3.506912E0
1.130000E1	1.803225E2	-3.379986E0
1.132000E1	1.803365E2	-3.514156E0
1.134000E1	1.805490E2	-3.941238E0
1.136000E1	1.814464E2	-4.474782E0
1.138000E1	1.817226E2	-4.211334E0
1.140000E1	1.812812E2	-4.286956E0
1.142000E1	1.811031E2	-4.603265E0
1.144000E1	1.815762E2	-4.788850E0
1.146000E1	1.822099E2	-4.354612E0
1.148000E1	1.827441E2	-3.342929E0
1.150000E1	1.831311E2	-1.970633E0
1.152000E1	1.832282E2	-1.862081E0
1.154000E1	1.833868E2	-2.667166E0
1.156000E1	1.835192E2	-3.129780E0
1.158000E1	1.838839E2	-2.942352E0
1.160000E1	1.844368E2	-2.459871E0
1.162000E1	1.851677E2	-1.994609E0
1.164000E1	1.858204E2	-1.376938E0
1.166000E1	1.861020E2	-1.153201E0
1.168000E1	1.865676E2	-2.033759E0
1.170000E1	1.866984E2	-2.824288E0
1.172000E1	1.867020E2	-3.073865E0
1.174000E1	1.871376E2	-2.855017E0
1.176000E1	1.875917E2	-2.465592E0
1.178000E1	1.878188E2	-2.384808E0
1.180000E1	1.876458E2	-2.621386E0
1.182000E1	1.875726E2	-2.836691E0
1.184000E1	1.882592E2	-2.772607E0
1.186000E1	1.892388E2	-2.577135E0
1.188000E1	1.899207E2	-2.601792E0
1.190000E1	1.901030E2	-2.688329E0
1.192000E1	1.899845E2	-2.753044E0
1.194000E1	1.898662E2	-2.371592E0
1.196000E1	1.899191E2	-2.140451E0
1.198000E1	1.903682E2	-1.888483E0
1.200000E1	1.906315E2	-1.975978E0
1.202000E1	1.907554E2	-2.393372E0
1.204000E1	1.909964E2	-3.313112E0
1.206000E1	1.915950E2	-4.543078E0
1.208000E1	1.918181E2	-5.258158E0
1.210000E1	1.918803E2	-5.245615E0
1.212000E1	1.929122E2	-4.816247E0
1.214000E1	1.944628E2	-4.158214E0
1.216000E1	1.953382E2	-3.311309E0
1.218000E1	1.950164E2	-2.692247E0
1.220000E1	1.941751E2	-2.569031E0
1.222000E1	1.944101E2	-2.884598E0
1.224000E1	1.954507E2	-3.400992E0
1.226000E1	1.956826E2	-4.007399E0
1.228000E1	1.956250E2	-4.546747E0
1.230000E1	1.962672E2	-4.940567E0
1.232000E1	1.963989E2	-4.258258E0
1.234000E1	1.963548E2	-2.774105E0
1.236000E1	1.974709E2	-1.310970E0
1.238000E1	1.980311E2	-3.192367E-1
1.240000E1	1.980648E2	-5.024627E-1
1.242000E1	1.979999E2	-1.984521E0
1.244000E1	1.981272E2	-3.887524E0
1.246000E1	1.987139E2	-4.636910E0
1.248000E1	1.992951E2	-3.814231E0
1.250000E1	1.995157E2	-2.940722E0
1.252000E1	1.997071E2	-3.624168E0
1.254000E1	1.997901E2	-4.835859E0
1.256000E1	2.003262E2	-5.135692E0
1.258000E1	2.007261E2	-4.798354E0
1.260000E1	2.012020E2	-4.400333E0
1.262000E1	2.016484E2	-4.502941E0
1.264000E1	2.018460E2	-4.822789E0
1.266000E1	2.017135E2	-4.348329E0
1.268000E1	2.020371E2	-3.262763E0
1.270000E1	2.027213E2	-2.802761E0
1.272000E1	2.035483E2	-3.059515E0
1.274000E1	2.040978E2	-3.735483E0
1.276000E1	2.045084E2	-4.104118E0
1.278000E1	2.045283E2	-3.716340E0
1.280000E1	2.044761E2	-3.107015E0
1.282000E1	2.046679E2	-2.871424E0
1.284000E1	2.053768E2	-2.851989E0
1.286000E1	2.058672E2	-2.965205E0
1.288000E1	2.057361E2	-3.402402E0
1.290000E1	2.055399E2	-3.863325E0
1.292000E1	2.061750E2	-4.245867E0
1.294000E1	2.069849E2	-4.020643E0
1.296000E1	2.077429E2	-3.616412E0
1.298000E1	2.082794E2	-3.575478E0
1.300000E1	2.089643E2	-3.642803E0
1.302000E1	2.089269E2	-3.548440E0
1.304000E1	2.085503E2	-3.650339E0
1.306000E1	2.082518E2	-3.425991E0
1.308000E1	2.081016E2	-3.093072E0
1.310000E1	2.084432E2	-2.662820E0
1.312000E1	2.083575E2	-2.881762E0
1.314000E1	2.082905E2	-3.893022E0
1.316000E1	2.088661E2	-4.846586E0
1.318000E1	2.096825E2	-5.432753E0
1.320000E1	2.101375E2	-4.615408E0
1.322000E1	2.107159E2	-2.679713E0
1.324000E1	2.112079E2	-9.284670E-1
1.326000E1	2.120905E2	3.282163E-1
1.328000E1	2.127009E2	5.199241E-1
1.330000E1	2.130207E2	2.110913E-1
1.332000E1	2.133319E2	-4.249753E-1
1.334000E1	2.134836E2	-1.511262E0
1.336000E1	2.136608E2	-2.436541E0
1.338000E1	2.141466E2	-3.033614E0
1.340000E1	2.146387E2	-3.501711E0
1.342000E1	2.152088E2	-3.797263E0
1.344000E1	2.156172E2	-3.393994E0
1.346000E1	2.158417E2	-2.532995E0
1.348000E1	2.161591E2	-2.119502E0
1.350000E1	2.164193E2	-2.329037E0
1.352000E1	2.163932E2	-2.516546E0
1.354000E1	2.159576E2	-2.945741E0
1.356000E1	2.164129E2	-3.978385E0
1.358000E1	2.169046E2	-4.777078E0
1.360000E1	2.173026E2	-4.839496E0
1.362000E1	2.173542E2	-4.437479E0
1.364000E1	2.178442E2	-4.028630E0
1.366000E1	2.185118E2	-3.754030E0
1.368000E1	2.186736E2	-3.939533E0
1.370000E1	2.186137E2	-3.972856E0
1.372000E1	2.189353E2	-3.807180E0
1.374000E1	2.194949E2	-3.523554E0
1.376000E1	2.199959E2	-3.383716E0
1.378000E1	2.204881E2	-3.692419E0
1.380000E1	2.211592E2	-4.019267E0
1.382000E1	2.217550E2	-3.993055E0
1.384000E1	2.222704E2	-3.908543E0
1.386000E1	2.232561E2	-3.807466E0
1.388000E1	2.237699E2	-3.809014E0
1.390000E1	2.235419E2	-4.054540E0
1.392000E1	2.231190E2	-3.906396E0
1.394000E1	2.233708E2	-3.605828E0
1.396000E1	2.240321E2	-3.069257E0
1.398000E1	2.239165E2	-3.330690E0
1.400000E1	2.235306E2	-4.470492E0
1.402000E1	2.233372E2	-5.248560E0
1.404000E1	2.238879E2	-5.191152E0
1.406000E1	2.248129E2	-3.903690E0
1.408000E1	2.254009E2	-2.115276E0
1.410000E1	2.246796E2	-2.841360E-1
1.412000E1	2.242551E2	7.899147E-1
1.414000E1	2.247049E2	6.354929E-1
1.416000E1	2.253400E2	-8.084808E-1
1.418000E1	2.256605E2	-2.567339E0
1.420000E1	2.260797E2	-3.446143E0
1.422000E1	2.264965E2	-2.774199E0
1.424000E1	2.269666E2	-1.529145E0
1.426000E1	2.276351E2	-2.036774E0
1.428000E1	2.282739E2	-3.459386E0
1.430000E1	2.282263E2	-4.872604E0
1.432000E1	2.283722E2	-5.500701E0
1.434000E1	2.291994E2	-5.228392E0
1.436000E1	2.304630E2	-4.185036E0
1.438000E1	2.315520E2	-2.581680E0
1.440000E1	2.316807E2	-7.055229E-1
1.442000E1	2.315781E2	-1.093602E-1
1.444000E1	2.322621E2	-1.166002E0
1.446000E1	2.330177E2	-3.086047E0
1.448000E1	2.329281E2	-4.508711E0
1.450000E1	2.327003E2	-4.632902E0
1.452000E1	2.327359E2	-3.805995E0
1.454000E1	2.327676E2	-3.264881E0
1.456000E1	2.328268E2	-2.776424E0
1.458000E1	2.329808E2	-2.362506E0
1.460000E1	2.331705E2	-2.566083E0
1.462000E1	2.332026E2	-3.371226E0
1.464000E1	2.337360E2	-4.270157E0
1.466000E1	2.346044E2	-4.935878E0
1.468000E1	2.352215E2	-5.395501E0
1.470000E1	2.355059E2	-5.383028E0
1.472000E1	2.361281E2	-5.237120E0
1.474000E1	2.367204E2	-4.778349E0
1.476000E1	2.369116E2	-4.686646E0
1.478000E1	2.367614E2	-4.780922E0
1.480000E1	2.369080E2	-4.714243E0
1.482000E1	2.372769E2	-4.248336E0
1.484000E1	2.373143E2	-4.049601E0
1.486000E1	2.369997E2	-4.700779E0
1.488000E1	2.375234E2	-5.605256E0
1.490000E1	2.378680E2	-5.462546E0
1.492000E1	2.386785E2	-4.501212E0
1.494000E1	2.394254E2	-2.502808E0
1.496000E1	2.390558E2	-6.640088E-1
1.498000E1	2.389197E2	3.203505E-1
1.500000E1	2.394349E2	3.109211E-1
1.502000E1	2.400208E2	-1.151690E0
1.504000E1	2.405900E2	-3.042603E0
1.506000E1	2.414053E2	-3.827908E0
1.508000E1	2.419388E2	-2.766469E0
1.510000E1	2.418877E2	-1.059706E0
1.512000E1	2.415776E2	-7.858770E-1
1.514000E1	2.422467E2	-2.473726E0
1.516000E1	2.427326E2	-3.791165E0
1.518000E1	2.430500E2	-4.069266E0
1.520000E1	2.433197E2	-3.378402E0
1.522000E1	2.438108E2	-2.597934E0
1.524000E1	2.441945E2	-2.336527E0
1.526000E1	2.440598E2	-2.160977E0
1.528000E1	2.440846E2	-2.210753E0
1.530000E1	2.445246E2	-2.596501E0
1.532000E1	2.450985E2	-3.066423E0
1.534000E1	2.455337E2	-3.343208E0
1.536000E1	2.459628E2	-3.379780E0
1.538000E1	2.459360E2	-3.566383E0
1.540000E1	2.455693E2	-3.912781E0
1.542000E1	2.454031E2	-4.363756E0
1.544000E1	2.461742E2	-4.335184E0
1.546000E1	2.471021E2	-3.927360E0
1.548000E1	2.478192E2	-3.375301E0
1.550000E1	2.484275E2	-3.043398E0
1.552000E1	2.489408E2	-2.980770E0
1.554000E1	2.493332E2	-3.414036E0
1.556000E1	2.496404E2	-3.898046E0
1.558000E1	2.502191E2	-4.017642E0
1.560000E1	2.504228E2	-4.300914E0
1.562000E1	2.504379E2	-4.350912E0
1.564000E1	2.509571E2	-4.555323E0
1.566000E1	2.510831E2	-4.024441E0
1.568000E1	2.508971E2	-3.084371E0
1.570000E1	2.505024E2	-2.871229E0
1.572000E1	2.506770E2	-3.523267E0
1.574000E1	2.513551E2	-3.951288E0
1.576000E1	2.519214E2	-3.526958E0
1.578000E1	2.525426E2	-2.801323E0
1.580000E1	2.531058E2	-2.832839E0
1.582000E1	2.530148E2	-3.543038E0
1.584000E1	2.529629E2	-3.576214E0
1.586000E1	2.530137E2	-3.277468E0
1.588000E1	2.530792E2	-3.122110E0
1.590000E1	2.534553E2	-3.247289E0
1.592000E1	2.538485E2	-3.434222E0
1.594000E1	2.542816E2	-3.227419E0
1.596000E1	2.545209E2	-3.510661E0
1.598000E1	2.549999E2	-4.430809E0
1.600000E1	2.558362E2	-4.340959E0
1.602000E1	2.559989E2	-3.666205E0
1.604000E1	2.562828E2	-3.337643E0
1.606000E1	2.564955E2	-3.517644E0
1.608000E1	2.569940E2	-3.515632E0
1.610000E1	2.574199E2	-3.123880E0
1.612000E1	2.577219E2	-2.823226E0
1.614000E1	2.581803E2	-2.834115E0
1.616000E1	2.586871E2	-2.831650E0
1.618000E1	2.590807E2	-3.133202E0
1.620000E1	2.593321E2	-3.344738E0
1.622000E1	2.590730E2	-3.689681E0
1.624000E1	2.588487E2	-3.613266E0
1.626000E1	2.590001E2	-3.289847E0
1.628000E1	2.599959E2	-2.723707E0
1.630000E1	2.607934E2	-2.482706E0
1.632000E1	2.610521E2	-2.684390E0
1.634000E1	2.611863E2	-3.207944E0
1.636000E1	2.614870E2	-3.629141E0
1.638000E1	2.618324E2	-3.467058E0
1.640000E1	2.619076E2	-3.358504E0
1.642000E1	2.622220E2	-3.264692E0
1.644000E1	2.627167E2	-3.405018E0
1.646000E1	2.629613E2	-3.802685E0
1.648000E1	2.627096E2	-4.380452E0
1.650000E1	2.622288E2	-4.843066E0
1.652000E1	2.625722E2	-4.720528E0
1.654000E1	2.635317E2	-4.311072E0
1.656000E1	2.638324E2	-4.189075E0
1.658000E1	2.636521E2	-4.444282E0
1.660000E1	2.639672E2	-4.216339E0
1.662000E1	2.650213E2	-2.993801E0
1.664000E1	2.658790E2	-1.773846E0
1.666000E1	2.663742E2	-4.776066E-1
1.668000E1	2.665772E2	-3.527265E-1
1.670000E1	2.666167E2	-1.479681E0
1.672000E1	2.666595E2	-3.202422E0
1.674000E1	2.670430E2	-4.004707E0
1.676000E1	2.673583E2	-3.685630E0
1.678000E1	2.675106E2	-2.651117E0
1.680000E1	2.679903E2	-1.610185E0
1.682000E1	2.685012E2	-9.242166E-1
1.684000E1	2.690552E2	-1.731845E0
1.686000E1	2.696299E2	-2.689714E0
1.688000E1	2.700036E2	-3.979327E0
1.690000E1	2.696308E2	-5.311143E0
1.692000E1	2.694353E2	-5.944351E0
1.694000E1	2.697256E2	-5.541343E0
1.696000E1	2.697926E2	-4.529126E0
1.698000E1	2.701372E2	-3.796633E0
1.700000E1	2.709660E2	-3.756135E0
1.702000E1	2.719196E2	-4.502402E0
1.704000E1	2.725723E2	-4.759093E0
1.706000E1	2.726927E2	-4.823779E0
1.708000E1	2.727567E2	-4.474023E0
1.710000E1	2.730693E2	-4.159176E0
1.712000E1	2.734244E2	-4.013170E0
1.714000E1	2.740185E2	-3.523856E0
1.716000E1	2.746136E2	-2.887977E0
1.718000E1	2.751799E2	-2.869301E0
1.720000E1	2.755524E2	-3.096722E0
1.722000E1	2.760526E2	-3.874451E0
1.724000E1	2.764072E2	-4.432704E0
1.726000E1	2.767236E2	-4.061350E0
1.728000E1	2.772030E2	-3.812158E0
1.730000E1	2.780141E2	-3.303677E0
1.732000E1	2.782720E2	-3.503763E0
1.734000E1	2.777101E2	-4.282345E0
1.736000E1	2.774691E2	-4.510246E0
1.738000E1	2.777677E2	-4.320392E0
1.740000E1	2.786739E2	-3.521484E0
1.742000E1	2.787451E2	-3.347155E0
1.744000E1	2.787959E2	-3.925113E0
1.746000E1	2.787549E2	-4.720741E0
1.748000E1	2.788035E2	-4.779164E0
1.750000E1	2.786978E2	-3.989270E0
1.752000E1	2.786644E2	-2.355623E0
1.754000E1	2.781781E2	-4.578288E-1
1.756000E1	2.786347E2	-4.536684E-1
1.758000E1	2.791490E2	-9.699648E-1
1.760000E1	2.794957E2	-2.820667E0
1.762000E1	2.797405E2	-4.382887E0
1.764000E1	2.801964E2	-4.387757E0
1.766000E1	2.810368E2	-3.468332E0
1.768000E1	2.820057E2	-2.451852E0
1.770000E1	2.834696E2	-2.119134E0
1.772000E1	2.848014E2	-2.022633E0
1.774000E1	2.853433E2	-1.952764E0
1.776000E1	2.851805E2	-2.001151E0
1.778000E1	2.851768E2	-2.665379E0
1.780000E1	2.853069E2	-3.741749E0
1.782000E1	2.853404E2	-4.610149E0
1.784000E1	2.850846E2	-4.360901E0
1.786000E1	2.851596E2	-3.491742E0
1.788000E1	2.859495E2	-2.851009E0
1.790000E1	2.870831E2	-2.511040E0
1.792000E1	2.875550E2	-1.953550E0
1.794000E1	2.875081E2	-1.949578E0
1.796000E1	2.871221E2	-2.357421E0
1.798000E1	2.866919E2	-3.468010E0
1.800000E1	2.867706E2	-4.792121E0
1.802000E1	2.874480E2	-5.028873E0
1.804000E1	2.879426E2	-4.270402E0
1.806000E1	2.880075E2	-3.909798E0
1.808000E1	2.881554E2	-4.339614E0
1.810000E1	2.886986E2	-5.240887E0
1.812000E1	2.893600E2	-5.875957E0
1.814000E1	2.894403E2	-5.621014E0
1.816000E1	2.898453E2	-4.958269E0
1.818000E1	2.909253E2	-4.588489E0
1.820000E1	2.914174E2	-4.588676E0
1.822000E1	2.915303E2	-4.744093E0
1.824000E1	2.915259E2	-4.891067E0
1.826000E1	2.922594E2	-4.346534E0
1.828000E1	2.927929E2	-3.485434E0
1.830000E1	2.927856E2	-3.586274E0
1.832000E1	2.929431E2	-4.290309E0
1.834000E1	2.932052E2	-5.007663E0
1.836000E1	2.935498E2	-5.017121E0
1.838000E1	2.938511E2	-3.817891E0
1.840000E1	2.938892E2	-1.615832E0
1.842000E1	2.930191E2	4.096018E-1
1.844000E1	2.929292E2	8.875963E-1
1.846000E1	2.934681E2	-6.268329E-1
1.848000E1	2.941871E2	-2.904287E0
1.850000E1	2.949349E2	-4.035456E0
1.852000E1	2.958646E2	-3.481705E0
1.854000E1	2.962936E2	-1.811256E0
1.856000E1	2.963440E2	-4.291156E-1
1.858000E1	2.969948E2	-1.116137E0
1.860000E1	2.975273E2	-2.105790E0
1.862000E1	2.972025E2	-3.388103E0
1.864000E1	2.972224E2	-3.506195E0
1.866000E1	2.977348E2	-3.239253E0
1.868000E1	2.983973E2	-2.931108E0
1.870000E1	2.984584E2	-2.890820E0
1.872000E1	2.984619E2	-3.142289E0
1.874000E1	2.989534E2	-3.918363E0
1.876000E1	2.995009E2	-4.685582E0
1.878000E1	3.004483E2	-4.635424E0
1.880000E1	3.013823E2	-3.993086E0
1.882000E1	3.023283E2	-3.194570E0
1.884000E1	3.028266E2	-2.414792E0
1.886000E1	3.028674E2	-1.612475E0
1.888000E1	3.029960E2	-9.442117E-1
1.890000E1	3.030978E2	-1.151637E0
1.892000E1	3.030454E2	-2.559212E0
1.894000E1	3.030173E2	-4.382784E0
1.896000E1	3.039955E2	-5.780605E0
1.898000E1	3.044703E2	-5.788512E0
1.900000E1	3.042588E2	-5.200371E0
1.902000E1	3.043525E2	-4.239178E0
1.904000E1	3.051596E2	-3.381737E0
1.906000E1	3.054241E2	-3.253684E0
1.908000E1	3.053110E2	-3.594640E0
1.910000E1	3.054609E2	-3.904787E0
1.912000E1	3.060259E2	-4.048406E0
1.914000E1	3.067577E2	-4.368301E0
1.916000E1	3.065680E2	-4.950843E0
1.918000E1	3.065437E2	-5.676032E0
1.920000E1	3.067139E2	-5.393021E0
1.922000E1	3.070944E2	-4.338261E0
1.924000E1	3.077640E2	-2.676433E0
1.926000E1	3.082160E2	-1.974646E0
1.928000E1	3.083090E2	-2.435547E0
1.930000E1	3.082475E2	-3.499684E0
1.932000E1	3.086286E2	-3.703670E0
1.934000E1	3.091746E2	-2.918016E0
1.936000E1	3.099379E2	-2.543617E0
1.938000E1	3.105097E2	-2.240188E0
1.940000E1	3.110946E2	-1.769060E0
1.942000E1	3.112060E2	-2.207694E0
1.944000E1	3.116737E2	-2.939010E0
1.946000E1	3.121996E2	-2.970926E0
1.948000E1	3.123187E2	-3.341058E0
1.950000E1	3.126756E2	-3.182682E0
1.952000E1	3.130790E2	-2.852477E0
1.954000E1	3.134399E2	-2.545327E0
1.956000E1	3.134192E2	-2.316409E0
1.958000E1	3.133293E2	-2.595683E0
1.960000E1	3.136963E2	-3.296117E0
1.962000E1	3.146164E2	-3.336725E0
1.964000E1	3.151592E2	-2.992942E0
1.966000E1	3.155518E2	-2.513813E0
1.968000E1	3.154672E2	-2.505969E0
1.970000E1	3.153778E2	-2.566703E0
1.972000E1	3.157811E2	-2.523158E0
1.974000E1	3.160819E2	-2.259637E0
1.976000E1	3.160924E2	-2.043786E0
1.978000E1	3.160427E2	-2.148485E0
1.980000E1	3.161027E2	-2.989406E0
1.982000E1	3.169437E2	-4.188729E0
1.984000E1	3.175770E2	-4.720859E0
1.986000E1	3.175405E2	-5.057161E0
1.988000E1	3.175791E2	-4.998114E0
1.990000E1	3.189042E2	-4.647274E0
1.992000E1	3.200004E2	-4.502479E0
1.994000E1	3.201731E2	-3.927255E0
1.996000E1	3.196681E2	-3.137599E0
1.998000E1	3.200113E2	-2.274562E0
2.000000E1	3.206345E2	-1.765157E0
2.002000E1	3.205536E2	-2.678772E0
2.004000E1	3.202705E2	-4.100831E0
2.006000E1	3.210519E2	-4.736798E0
2.008000E1	3.223480E2	-4.408901E0
2.010000E1	3.225944E2	-3.288252E0
2.012000E1	3.226658E2	-1.389992E0
2.014000E1	3.230156E2	-1.719448E-1
2.016000E1	3.232038E2	-3.725990E-1
2.018000E1	3.232674E2	-1.598382E0
2.020000E1	3.231962E2	-2.970108E0
2.022000E1	3.232666E2	-3.825440E0
2.024000E1	3.240438E2	-3.974252E0
2.026000E1	3.244901E2	-3.857798E0
2.028000E1	3.246441E2	-4.161428E0
2.030000E1	3.248311E2	-4.844693E0
2.032000E1	3.251668E2	-5.091929E0
2.034000E1	3.257646E2	-4.789529E0
2.036000E1	3.264436E2	-4.708469E0
2.038000E1	3.265310E2	-4.838209E0
2.040000E1	3.261419E2	-4.898345E0
2.042000E1	3.259134E2	-4.801094E0
2.044000E1	3.263855E2	-4.534322E0
2.046000E1	3.272416E2	-3.724768E0
2.048000E1	3.281103E2	-3.522081E0
2.050000E1	3.286674E2	-3.640852E0
2.052000E1	3.289157E2	-3.968197E0
2.054000E1	3.293145E2	-3.898458E0
2.056000E1	3.294743E2	-3.625938E0
2.058000E1	3.294218E2	-3.497953E0
2.060000E1	3.298281E2	-3.463854E0
2.062000E1	3.304342E2	-2.978415E0
2.064000E1	3.308031E2	-2.705104E0
2.066000E1	3.308143E2	-3.076350E0
2.068000E1	3.306769E2	-4.025705E0
2.070000E1	3.308104E2	-4.784056E0
2.072000E1	3.314587E2	-4.345086E0
2.074000E1	3.324141E2	-3.672377E0
2.076000E1	3.335198E2	-3.431191E0
2.078000E1	3.341244E2	-3.389006E0
2.080000E1	3.340236E2	-3.943343E0
2.082000E1	3.338541E2	-3.891778E0
2.084000E1	3.332769E2	-3.830766E0
2.086000E1	3.333287E2	-3.119489E0
2.088000E1	3.332597E2	-3.022957E0
2.090000E1	3.328993E2	-3.438108E0
2.092000E1	3.328772E2	-4.269711E0
2.094000E1	3.334156E2	-4.481263E0
2.096000E1	3.341790E2	-4.358543E0
2.098000E1	3.345200E2	-3.688954E0
2.100000E1	3.347460E2	-2.735358E0
2.102000E1	3.351809E2	-2.506457E0
2.104000E1	3.357490E2	-2.482236E0
2.106000E1	3.365240E2	-1.877208E0
2.108000E1	3.374957E2	-1.272749E0
2.110000E1	3.383854E2	-7.843136E-1
2.112000E1	3.386775E2	-7.672446E-1
2.114000E1	3.386666E2	-1.497758E0
2.116000E1	3.390045E2	-2.908441E0
2.118000E1	3.395839E2	-4.614596E0
2.120000E1	3.400862E2	-5.304162E0
2.122000E1	3.402855E2	-4.741903E0
2.124000E1	3.405650E2	-4.252573E0
2.126000E1	3.407755E2	-3.630102E0
2.128000E1	3.409128E2	-2.865202E0
2.130000E1	3.408946E2	-2.262161E0
2.132000E1	3.409890E2	-2.456106E0
2.134000E1	3.416836E2	-3.649837E0
2.136000E1	3.423422E2	-5.195974E0
2.138000E1	3.423508E2	-5.892539E0
2.140000E1	3.424703E2	-5.280185E0
2.142000E1	3.427556E2	-4.419834E0
2.144000E1	3.430003E2	-4.444512E0
2.146000E1	3.432008E2	-4.604408E0
2.148000E1	3.435734E2	-4.410738E0
2.150000E1	3.438407E2	-3.994135E0
2.152000E1	3.442314E2	-3.879848E0
2.154000E1	3.445179E2	-4.387211E0
2.156000E1	3.451140E2	-4.735961E0
2.158000E1	3.459211E2	-4.732003E0
2.160000E1	3.465441E2	-4.403627E0
2.162000E1	3.473859E2	-3.985272E0
2.164000E1	3.483278E2	-3.529951E0
2.166000E1	3.487650E2	-3.687435E0
2.168000E1	3.487545E2	-4.009384E0
2.170000E1	3.483812E2	-4.154761E0
2.172000E1	3.486517E2	-3.876369E0
2.174000E1	3.489568E2	-3.359024E0
2.176000E1	3.492335E2	-3.701382E0
2.178000E1	3.488685E2	-4.565900E0
2.180000E1	3.485316E2	-5.028986E0
2.182000E1	3.486335E2	-4.958638E0
2.184000E1	3.493489E2	-3.628539E0
2.186000E1	3.496923E2	-1.531425E0
2.188000E1	3.492312E2	6.920762E-2
2.190000E1	3.492752E2	4.461596E-1
2.192000E1	3.497859E2	-2.700279E-1
2.194000E1	3.504919E2	-1.519797E0
2.196000E1	3.510678E2	-3.023379E0
2.198000E1	3.514935E2	-3.044900E0
2.200000E1	3.514292E2	-1.686517E0
2.202000E1	3.513335E2	-8.316922E-1
2.204000E1	3.522878E2	-1.927489E0
2.206000E1	3.532845E2	-3.529781E0
2.208000E1	3.532452E2	-4.747563E0
2.210000E1	3.526798E2	-5.378266E0
2.212000E1	3.531006E2	-5.335822E0
2.214000E1	3.539627E2	-4.546684E0
2.216000E1	3.548650E2	-3.340650E0
2.218000E1	3.555076E2	-1.737013E0
2.220000E1	3.564057E2	-6.153489E-1
2.222000E1	3.574584E2	-6.841523E-1
2.224000E1	3.580298E2	-1.618527E0
2.226000E1	3.576511E2	-2.670527E0
2.228000E1	3.570549E2	-3.767699E0
2.230000E1	3.568518E2	-4.477180E0
2.232000E1	3.569811E2	-4.376871E0
2.234000E1	3.574509E2	-3.624593E0
2.236000E1	3.575086E2	-2.484114E0
2.238000E1	3.575525E2	-1.868613E0
2.240000E1	3.576375E2	-2.529459E0
2.242000E1	3.580117E2	-3.799936E0
2.244000E1	3.585822E2	-4.670669E0
2.246000E1	3.593239E2	-5.098060E0
2.248000E1	3.599513E2	-5.272915E0
2.250000E1	3.606805E2	-5.048105E0
2.252000E1	3.610689E2	-4.796580E0
2.254000E1	3.609165E2	-4.745478E0
2.256000E1	3.608928E2	-4.732753E0
2.258000E1	3.611626E2	-4.501936E0
2.260000E1	3.615675E2	-3.973597E0
2.262000E1	3.613488E2	-4.007354E0
2.264000E1	3.613025E2	-4.879612E0
2.266000E1	3.617098E2	-5.479895E0
2.268000E1	3.624321E2	-4.965019E0
2.270000E1	3.629771E2	-3.705554E0
2.272000E1	3.631053E2	-1.913499E0
2.274000E1	3.632517E2	-5.996536E-1
2.276000E1	3.633581E2	-2.187697E-1
2.278000E1	3.636453E2	-1.028670E0
2.280000E1	3.643899E2	-2.454102E0
2.282000E1	3.651453E2	-3.529321E0
2.284000E1	3.657223E2	-3.491899E0
2.286000E1	3.660037E2	-2.058779E0
2.288000E1	3.659226E2	-5.087159E-1
2.290000E1	3.661957E2	-4.006498E-1
2.292000E1	3.665568E2	-1.846184E0
2.294000E1	3.663544E2	-3.952213E0
2.296000E1	3.663359E2	-4.849963E0
2.298000E1	3.670822E2	-3.822355E0
2.300000E1	3.677909E2	-2.403786E0
2.302000E1	3.682485E2	-1.860438E0
2.304000E1	3.682496E2	-1.917737E0
2.306000E1	3.683729E2	-2.759866E0
2.308000E1	3.689774E2	-3.110724E0
2.310000E1	3.692221E2	-2.997295E0
2.312000E1	3.694751E2	-2.867834E0
2.314000E1	3.697034E2	-2.944282E0
2.316000E1	3.696663E2	-3.381000E0
2.318000E1	3.694937E2	-3.644959E0
2.320000E1	3.699137E2	-3.759205E0
2.322000E1	3.704385E2	-3.791450E0
2.324000E1	3.703661E2	-3.901156E0
2.326000E1	3.707852E2	-4.341463E0
2.328000E1	3.717970E2	-4.933135E0
2.330000E1	3.730903E2	-4.948107E0
2.332000E1	3.739402E2	-4.365598E0
2.334000E1	3.742157E2	-3.511085E0
2.336000E1	3.741549E2	-2.754495E0
2.338000E1	3.740794E2	-2.878420E0
2.340000E1	3.741271E2	-3.777614E0
2.342000E1	3.745826E2	-4.607868E0
2.344000E1	3.751085E2	-4.562133E0
2.346000E1	3.755427E2	-4.269536E0
2.348000E1	3.747589E2	-3.723098E0
2.350000E1	3.743428E2	-3.813081E0
2.352000E1	3.752119E2	-3.808730E0
2.354000E1	3.759495E2	-3.463609E0
2.356000E1	3.764770E2	-2.639815E0
2.358000E1	3.770233E2	-2.099825E0
2.360000E1	3.770429E2	-2.739615E0
2.362000E1	3.769909E2	-3.977777E0
2.364000E1	3.770936E2	-4.110252E0
2.366000E1	3.772801E2	-3.430808E0
2.368000E1	3.775214E2	-3.306097E0
2.370000E1	3.778777E2	-3.564623E0
2.372000E1	3.783949E2	-3.547494E0
2.374000E1	3.786356E2	-3.691901E0
2.376000E1	3.788113E2	-4.337075E0
2.378000E1	3.795031E2	-4.894057E0
2.380000E1	3.802453E2	-4.772317E0
2.382000E1	3.807552E2	-4.150510E0
2.384000E1	3.809077E2	-3.672927E0
2.386000E1	3.812167E2	-3.499287E0
2.388000E1	3.812695E2	-3.420031E0
2.390000E1	3.816187E2	-2.961441E0
2.392000E1	3.823689E2	-2.847040E0
2.394000E1	3.830137E2	-3.008460E0
2.396000E1	3.834113E2	-3.256728E0
2.398000E1	3.835580E2	-3.245284E0
2.400000E1	3.836850E2	-3.147467E0
