	mass A		
t	x	y	
0.000000E0	2.532052E-2	-2.532052E-2
2.000000E-2	2.310844E-1	-9.277948E-2
4.000000E-2	4.567227E-1	-2.522347E-1
6.000000E-2	7.735553E-1	-4.331408E-1
8.000000E-2	1.200785E0	-4.245786E-1
1.000000E-1	1.705918E0	-7.587931E-1
1.200000E-1	2.242961E0	-1.394000E0
1.400000E-1	2.356107E0	-1.561112E0
1.600000E-1	2.452871E0	-1.477307E0
1.800000E-1	2.646680E0	-1.252593E0
2.000000E-1	2.743424E0	-1.006953E0
2.200000E-1	2.804787E0	-9.930596E-1
2.400000E-1	2.756390E0	-1.006372E0
2.600000E-1	2.789661E0	-1.104591E0
2.800000E-1	3.153142E0	-1.239761E0
3.000000E-1	3.633021E0	-1.173812E0
3.200000E-1	4.059811E0	-1.076128E0
3.400000E-1	4.468954E0	-6.878121E-1
3.600000E-1	4.521783E0	-5.969606E-1
3.800000E-1	4.591100E0	-6.380771E-1
4.000000E-1	4.686429E0	-8.082951E-1
4.200000E-1	4.648540E0	-6.831032E-1
4.400000E-1	4.620102E0	-2.997150E-1
4.600000E-1	4.758253E0	-2.187432E-1
4.800000E-1	5.089559E0	-1.936763E-1
5.000000E-1	5.569589E0	-2.511487E-1
5.200000E-1	5.675453E0	-3.390991E-1
5.400000E-1	5.759489E0	-9.144532E-1
5.600000E-1	5.932278E0	-1.538316E0
5.800000E-1	6.331748E0	-2.092384E0
6.000000E-1	6.297925E0	-2.088880E0
6.200000E-1	6.284392E0	-1.881858E0
6.400000E-1	6.341317E0	-1.779876E0
6.600000E-1	6.303654E0	-1.636269E0
6.800000E-1	6.464030E0	-1.222885E0
7.000000E-1	6.721638E0	-9.510498E-1
7.200000E-1	6.768062E0	-1.126418E0
7.400000E-1	7.230110E0	-1.124081E0
7.600000E-1	7.499795E0	-9.894506E-1
7.800000E-1	7.748266E0	-7.300911E-1
8.000000E-1	8.135567E0	-6.939325E-1
8.200000E-1	8.253211E0	-7.308290E-1
8.400000E-1	8.265252E0	-5.967146E-1
8.600000E-1	8.373854E0	-2.405754E-1
8.800000E-1	8.390988E0	9.316193E-2
9.000000E-1	8.475011E0	6.157097E-2
9.200000E-1	8.742724E0	-3.888630E-1
9.400000E-1	9.329764E0	-9.148972E-1
9.600000E-1	9.834673E0	-1.135591E0
9.800000E-1	1.026869E1	-1.026814E0
1.000000E0	1.079885E1	-9.000431E-1
1.020000E0	1.144621E1	-8.235392E-1
1.040000E0	1.185576E1	-8.876684E-1
1.060000E0	1.158852E1	-6.940945E-1
1.080000E0	1.165896E1	-5.904347E-1
1.100000E0	1.168413E1	-5.630289E-1
1.120000E0	1.181967E1	-1.006715E0
1.140000E0	1.165172E1	-1.638930E0
1.160000E0	1.158540E1	-1.851156E0
1.180000E0	1.169763E1	-2.039183E0
1.200000E0	1.181044E1	-1.907564E0
1.220000E0	1.190827E1	-1.662191E0
1.240000E0	1.237329E1	-1.387351E0
1.260000E0	1.333780E1	-9.441984E-1
1.280000E0	1.344274E1	-7.810963E-1
1.300000E0	1.360912E1	-4.700800E-1
1.320000E0	1.413128E1	-5.131873E-1
1.340000E0	1.430289E1	-9.449054E-1
1.360000E0	1.451766E1	-1.259087E0
1.380000E0	1.459746E1	-1.201407E0
1.400000E0	1.479142E1	-1.063852E0
1.420000E0	1.472472E1	-1.104507E0
1.440000E0	1.468527E1	-1.165346E0
1.460000E0	1.485276E1	-1.208880E0
1.480000E0	1.523763E1	-1.398780E0
1.500000E0	1.573539E1	-1.562541E0
1.520000E0	1.608904E1	-1.785880E0
1.540000E0	1.610521E1	-2.031621E0
1.560000E0	1.624123E1	-2.048969E0
1.580000E0	1.647850E1	-1.834484E0
1.600000E0	1.676311E1	-1.294856E0
1.620000E0	1.688273E1	-1.369243E0
1.640000E0	1.699905E1	-1.683120E0
1.660000E0	1.723740E1	-1.967876E0
1.680000E0	1.766604E1	-1.879097E0
1.700000E0	1.791782E1	-1.765724E0
1.720000E0	1.808806E1	-1.660279E0
1.740000E0	1.808893E1	-1.738951E0
1.760000E0	1.816003E1	-1.568516E0
1.780000E0	1.834682E1	-1.228152E0
1.800000E0	1.861311E1	-1.068074E0
1.820000E0	1.891385E1	-9.834973E-1
1.840000E0	1.896607E1	-1.030259E0
1.860000E0	1.933824E1	-9.860086E-1
1.880000E0	1.986560E1	-9.730606E-1
1.900000E0	2.038930E1	-9.584097E-1
1.920000E0	2.088451E1	-9.571478E-1
1.940000E0	2.136813E1	-1.060606E0
1.960000E0	2.146497E1	-1.302533E0
1.980000E0	2.130219E1	-1.319726E0
2.000000E0	2.131374E1	-1.380881E0
2.020000E0	2.138527E1	-1.558009E0
2.040000E0	2.164285E1	-1.612063E0
2.060000E0	2.157891E1	-1.621941E0
2.080000E0	2.120540E1	-1.875945E0
2.100000E0	2.132319E1	-2.254717E0
2.120000E0	2.178761E1	-2.224920E0
2.140000E0	2.230065E1	-1.956964E0
2.160000E0	2.257237E1	-1.590532E0
2.180000E0	2.289851E1	-9.824407E-1
2.200000E0	2.281154E1	-8.562831E-1
2.220000E0	2.292008E1	-1.306683E0
2.240000E0	2.306553E1	-2.209177E0
2.260000E0	2.314643E1	-2.537248E0
2.280000E0	2.353531E1	-2.240666E0
2.300000E0	2.366046E1	-1.943592E0
2.320000E0	2.379416E1	-2.058321E0
2.340000E0	2.396100E1	-2.102167E0
2.360000E0	2.404908E1	-2.020852E0
2.380000E0	2.456585E1	-2.144164E0
2.400000E0	2.556755E1	-2.461219E0
2.420000E0	2.653000E1	-2.443097E0
2.440000E0	2.698048E1	-2.065114E0
2.460000E0	2.680838E1	-1.805856E0
2.480000E0	2.646071E1	-1.898414E0
2.500000E0	2.640972E1	-2.474809E0
2.520000E0	2.662756E1	-2.706873E0
2.540000E0	2.710497E1	-2.239456E0
2.560000E0	2.710706E1	-2.095781E0
2.580000E0	2.754017E1	-2.055134E0
2.600000E0	2.766987E1	-1.939039E0
2.620000E0	2.786172E1	-1.780020E0
2.640000E0	2.787573E1	-1.607393E0
2.660000E0	2.786758E1	-1.857161E0
2.680000E0	2.813932E1	-2.152158E0
2.700000E0	2.874765E1	-2.116083E0
2.720000E0	2.914702E1	-1.976556E0
2.740000E0	2.921022E1	-2.066047E0
2.760000E0	2.923773E1	-2.203014E0
2.780000E0	2.926928E1	-2.171026E0
2.800000E0	2.929894E1	-2.197859E0
2.820000E0	2.952374E1	-2.418395E0
2.840000E0	3.004825E1	-2.565762E0
2.860000E0	3.053350E1	-2.584638E0
2.880000E0	3.059531E1	-2.586744E0
2.900000E0	3.051815E1	-2.535439E0
2.920000E0	3.057262E1	-2.429649E0
2.940000E0	3.072165E1	-2.140132E0
2.960000E0	3.087677E1	-1.757925E0
2.980000E0	3.080170E1	-1.655594E0
3.000000E0	3.074653E1	-1.849327E0
3.020000E0	3.100892E1	-2.364777E0
3.040000E0	3.139554E1	-2.422366E0
3.060000E0	3.192180E1	-2.201665E0
3.080000E0	3.242225E1	-1.470766E0
3.100000E0	3.246693E1	-1.573495E0
3.120000E0	3.234444E1	-2.310843E0
3.140000E0	3.237526E1	-2.514405E0
3.160000E0	3.256496E1	-2.039498E0
3.180000E0	3.273090E1	-1.498571E0
3.200000E0	3.309091E1	-1.448324E0
3.220000E0	3.333257E1	-1.630726E0
3.240000E0	3.350139E1	-1.655523E0
3.260000E0	3.349509E1	-1.664874E0
3.280000E0	3.357775E1	-2.137976E0
3.300000E0	3.395056E1	-2.813859E0
3.320000E0	3.454587E1	-3.348736E0
3.340000E0	3.504106E1	-3.515283E0
3.360000E0	3.495332E1	-3.450401E0
3.380000E0	3.485833E1	-3.114545E0
3.400000E0	3.524947E1	-2.918074E0
3.420000E0	3.594223E1	-2.450140E0
3.440000E0	3.693303E1	-2.272473E0
3.460000E0	3.723677E1	-2.138371E0
3.480000E0	3.765312E1	-2.070125E0
3.500000E0	3.782936E1	-2.041965E0
3.520000E0	3.798627E1	-2.259639E0
3.540000E0	3.793169E1	-2.802168E0
3.560000E0	3.800316E1	-2.849962E0
3.580000E0	3.827679E1	-2.604593E0
3.600000E0	3.852448E1	-2.297239E0
3.620000E0	3.871161E1	-2.040090E0
3.640000E0	3.872031E1	-2.036315E0
3.660000E0	3.861131E1	-2.296806E0
3.680000E0	3.864941E1	-2.506235E0
3.700000E0	3.900700E1	-2.797869E0
3.720000E0	3.958153E1	-2.737327E0
3.740000E0	4.024906E1	-2.789351E0
3.760000E0	4.067862E1	-2.996448E0
3.780000E0	4.067616E1	-3.075662E0
3.800000E0	4.064034E1	-3.033433E0
3.820000E0	4.063264E1	-2.997764E0
3.840000E0	4.064536E1	-3.003731E0
3.860000E0	4.077062E1	-2.932407E0
3.880000E0	4.047757E1	-3.069102E0
3.900000E0	4.028314E1	-3.487100E0
3.920000E0	4.019001E1	-3.648158E0
3.940000E0	4.025565E1	-3.414939E0
3.960000E0	4.033653E1	-3.263244E0
3.980000E0	4.049684E1	-3.178894E0
4.000000E0	4.095054E1	-2.688670E0
4.020000E0	4.130527E1	-2.047709E0
4.040000E0	4.140436E1	-1.786131E0
4.060000E0	4.146360E1	-1.954982E0
4.080000E0	4.161674E1	-2.154316E0
4.100000E0	4.168706E1	-2.112107E0
4.120000E0	4.190360E1	-2.043900E0
4.140000E0	4.203294E1	-2.004923E0
4.160000E0	4.231569E1	-2.197527E0
4.180000E0	4.240376E1	-2.893936E0
4.200000E0	4.247326E1	-3.195199E0
4.220000E0	4.300936E1	-3.006024E0
4.240000E0	4.355359E1	-2.773177E0
4.260000E0	4.399315E1	-2.727825E0
4.280000E0	4.401608E1	-2.718113E0
4.300000E0	4.412848E1	-2.648557E0
4.320000E0	4.425537E1	-2.518398E0
4.340000E0	4.423806E1	-2.399456E0
4.360000E0	4.428432E1	-2.137755E0
4.380000E0	4.461431E1	-2.363933E0
4.400000E0	4.522725E1	-2.913463E0
4.420000E0	4.569861E1	-3.308744E0
4.440000E0	4.587930E1	-3.382277E0
4.460000E0	4.586738E1	-3.477640E0
4.480000E0	4.589991E1	-3.477653E0
4.500000E0	4.606453E1	-3.291747E0
4.520000E0	4.660970E1	-3.199591E0
4.540000E0	4.715187E1	-2.850042E0
4.560000E0	4.814414E1	-2.879026E0
4.580000E0	4.868540E1	-2.900950E0
4.600000E0	4.907025E1	-3.071419E0
4.620000E0	4.910033E1	-3.356005E0
4.640000E0	4.928562E1	-3.702538E0
4.660000E0	4.977484E1	-4.001533E0
4.680000E0	5.042106E1	-4.219243E0
4.700000E0	5.075783E1	-4.135792E0
4.720000E0	5.072961E1	-3.858184E0
4.740000E0	5.068973E1	-3.926238E0
4.760000E0	5.043584E1	-3.822653E0
4.780000E0	5.052143E1	-3.618029E0
4.800000E0	5.038442E1	-3.491951E0
4.820000E0	5.007158E1	-3.748165E0
4.840000E0	5.032085E1	-4.001514E0
4.860000E0	5.082598E1	-4.003261E0
4.880000E0	5.134766E1	-3.961313E0
4.900000E0	5.159863E1	-3.875038E0
4.920000E0	5.192725E1	-3.709789E0
4.940000E0	5.182297E1	-3.621410E0
4.960000E0	5.178224E1	-3.679238E0
4.980000E0	5.183280E1	-3.752130E0
5.000000E0	5.187809E1	-3.537315E0
5.020000E0	5.187610E1	-3.624574E0
5.040000E0	5.180033E1	-3.684818E0
5.060000E0	5.179316E1	-3.615380E0
5.080000E0	5.178263E1	-3.522647E0
5.100000E0	5.177604E1	-3.634121E0
5.120000E0	5.214016E1	-3.695894E0
5.140000E0	5.251968E1	-3.569371E0
5.160000E0	5.296151E1	-3.442196E0
5.180000E0	5.324763E1	-3.493774E0
5.200000E0	5.336229E1	-3.465444E0
5.220000E0	5.367182E1	-3.331413E0
5.240000E0	5.376216E1	-3.255191E0
5.260000E0	5.373017E1	-3.089530E0
5.280000E0	5.382116E1	-3.291544E0
5.300000E0	5.428373E1	-3.640708E0
5.320000E0	5.484275E1	-3.598101E0
5.340000E0	5.522515E1	-3.462439E0
5.360000E0	5.528669E1	-3.398359E0
5.380000E0	5.527381E1	-3.418153E0
5.400000E0	5.536801E1	-3.219653E0
5.420000E0	5.536709E1	-2.931274E0
5.440000E0	5.541990E1	-2.840835E0
5.460000E0	5.574521E1	-2.990940E0
5.480000E0	5.613185E1	-3.616899E0
5.500000E0	5.675536E1	-4.084826E0
5.520000E0	5.712848E1	-4.390898E0
5.540000E0	5.725292E1	-4.544770E0
5.560000E0	5.757070E1	-4.724408E0
5.580000E0	5.839908E1	-4.516551E0
5.600000E0	5.932424E1	-4.243177E0
5.620000E0	5.970674E1	-3.787138E0
5.640000E0	5.974121E1	-3.524658E0
5.660000E0	5.975856E1	-3.505394E0
5.680000E0	6.001106E1	-3.772075E0
5.700000E0	5.972725E1	-4.265368E0
5.720000E0	5.943462E1	-4.608095E0
5.740000E0	5.980324E1	-4.627978E0
5.760000E0	6.006032E1	-4.374810E0
5.780000E0	6.001892E1	-4.202894E0
5.800000E0	6.007662E1	-3.931863E0
5.820000E0	6.047631E1	-3.457431E0
5.840000E0	6.087457E1	-2.866547E0
5.860000E0	6.105773E1	-2.781026E0
5.880000E0	6.126441E1	-3.034105E0
5.900000E0	6.142816E1	-3.625526E0
5.920000E0	6.147637E1	-4.031740E0
5.940000E0	6.165409E1	-4.037265E0
5.960000E0	6.170073E1	-3.943093E0
5.980000E0	6.153953E1	-4.106331E0
6.000000E0	6.167491E1	-4.434464E0
6.020000E0	6.185963E1	-4.452214E0
6.040000E0	6.217042E1	-4.459580E0
6.060000E0	6.228329E1	-4.623234E0
6.080000E0	6.222661E1	-4.896175E0
6.100000E0	6.221099E1	-4.992806E0
6.120000E0	6.244462E1	-4.645775E0
6.140000E0	6.273344E1	-3.636405E0
6.160000E0	6.303838E1	-3.202613E0
6.180000E0	6.344288E1	-3.296989E0
6.200000E0	6.393269E1	-3.722055E0
6.220000E0	6.439668E1	-3.938512E0
6.240000E0	6.470112E1	-3.896471E0
6.260000E0	6.481704E1	-3.680102E0
6.280000E0	6.480514E1	-3.685449E0
6.300000E0	6.479451E1	-3.634721E0
6.320000E0	6.481006E1	-3.542279E0
6.340000E0	6.503226E1	-3.661519E0
6.360000E0	6.533830E1	-3.675222E0
6.380000E0	6.576290E1	-3.566468E0
6.400000E0	6.623012E1	-3.543198E0
6.420000E0	6.673871E1	-3.448145E0
6.440000E0	6.721251E1	-3.320691E0
6.460000E0	6.766771E1	-3.363444E0
6.480000E0	6.782269E1	-3.381420E0
6.500000E0	6.796864E1	-3.382949E0
6.520000E0	6.795399E1	-3.407839E0
6.540000E0	6.791175E1	-3.429780E0
6.560000E0	6.815277E1	-4.040974E0
6.580000E0	6.842009E1	-4.595992E0
6.600000E0	6.854331E1	-4.653874E0
6.620000E0	6.844425E1	-4.692200E0
6.640000E0	6.813289E1	-4.953900E0
6.660000E0	6.804575E1	-5.145134E0
6.680000E0	6.819170E1	-4.997176E0
6.700000E0	6.867362E1	-4.599595E0
6.720000E0	6.961774E1	-4.517795E0
6.740000E0	7.045526E1	-3.963601E0
6.760000E0	7.075951E1	-3.303374E0
6.780000E0	7.069575E1	-2.929471E0
6.800000E0	7.087057E1	-3.161509E0
6.820000E0	7.106075E1	-4.046203E0
6.840000E0	7.120906E1	-4.553708E0
6.860000E0	7.138269E1	-4.497699E0
6.880000E0	7.180837E1	-4.169756E0
6.900000E0	7.197603E1	-4.163368E0
6.920000E0	7.197754E1	-4.188297E0
6.940000E0	7.191042E1	-4.342521E0
6.960000E0	7.199182E1	-4.803179E0
6.980000E0	7.245393E1	-5.123855E0
7.000000E0	7.290020E1	-5.251281E0
7.020000E0	7.310280E1	-5.499592E0
7.040000E0	7.323551E1	-5.475154E0
7.060000E0	7.350177E1	-5.187107E0
7.080000E0	7.373954E1	-4.545061E0
7.100000E0	7.406482E1	-4.323801E0
7.120000E0	7.419734E1	-4.554969E0
7.140000E0	7.427565E1	-4.767162E0
7.160000E0	7.459052E1	-4.657990E0
7.180000E0	7.491902E1	-4.583636E0
7.200000E0	7.506489E1	-4.588548E0
7.220000E0	7.505773E1	-4.583822E0
7.240000E0	7.505132E1	-4.500187E0
7.260000E0	7.514707E1	-4.031768E0
7.280000E0	7.538948E1	-3.716057E0
7.300000E0	7.575769E1	-3.646049E0
7.320000E0	7.604443E1	-3.730321E0
7.340000E0	7.660786E1	-3.650668E0
7.360000E0	7.714403E1	-3.515652E0
7.380000E0	7.760626E1	-3.435247E0
7.400000E0	7.799980E1	-3.360390E0
7.420000E0	7.815230E1	-3.288123E0
7.440000E0	7.807471E1	-3.373537E0
7.460000E0	7.807786E1	-3.517666E0
7.480000E0	7.808994E1	-3.898602E0
7.500000E0	7.827578E1	-3.791439E0
7.520000E0	7.832052E1	-3.549086E0
7.540000E0	7.820982E1	-3.625057E0
7.560000E0	7.817770E1	-3.916520E0
7.580000E0	7.848856E1	-4.142760E0
7.600000E0	7.858244E1	-4.071444E0
7.620000E0	7.881621E1	-3.727761E0
7.640000E0	7.936821E1	-3.087807E0
7.660000E0	7.954004E1	-3.333299E0
7.680000E0	7.961916E1	-4.045222E0
7.700000E0	7.971013E1	-4.646739E0
7.720000E0	7.957015E1	-4.482488E0
7.740000E0	7.972111E1	-4.152943E0
7.760000E0	8.007644E1	-3.836091E0
7.780000E0	8.103093E1	-3.727306E0
7.800000E0	8.198640E1	-3.609222E0
7.820000E0	8.251174E1	-3.498179E0
7.840000E0	8.251776E1	-3.827268E0
7.860000E0	8.275919E1	-4.540002E0
7.880000E0	8.320968E1	-5.071070E0
7.900000E0	8.330608E1	-5.469742E0
7.920000E0	8.318154E1	-5.443448E0
7.940000E0	8.316359E1	-5.214020E0
7.960000E0	8.313566E1	-5.100985E0
7.980000E0	8.303034E1	-5.029470E0
8.000000E0	8.325077E1	-4.684272E0
8.020000E0	8.376294E1	-4.227302E0
8.040000E0	8.446764E1	-4.008712E0
8.060000E0	8.507605E1	-3.991887E0
8.080000E0	8.529317E1	-4.336461E0
8.100000E0	8.509370E1	-5.055970E0
8.120000E0	8.511880E1	-5.153547E0
8.140000E0	8.525584E1	-4.850009E0
8.160000E0	8.540091E1	-4.589516E0
8.180000E0	8.558316E1	-4.683174E0
8.200000E0	8.566441E1	-4.720569E0
8.220000E0	8.573923E1	-4.695779E0
8.240000E0	8.597083E1	-4.644071E0
8.260000E0	8.619957E1	-4.710722E0
8.280000E0	8.641108E1	-4.879824E0
8.300000E0	8.664480E1	-4.921566E0
8.320000E0	8.715727E1	-4.881872E0
8.340000E0	8.767267E1	-4.381393E0
8.360000E0	8.798811E1	-3.923600E0
8.380000E0	8.826825E1	-3.423024E0
8.400000E0	8.828375E1	-3.278223E0
8.420000E0	8.824889E1	-3.226867E0
8.440000E0	8.814233E1	-3.500740E0
8.460000E0	8.783454E1	-3.962745E0
8.480000E0	8.774253E1	-4.362486E0
8.500000E0	8.803026E1	-4.943539E0
8.520000E0	8.860843E1	-5.280937E0
8.540000E0	8.904950E1	-5.116952E0
8.560000E0	8.964290E1	-4.224615E0
8.580000E0	8.968568E1	-3.411022E0
8.600000E0	8.968631E1	-3.451374E0
8.620000E0	8.979324E1	-3.747354E0
8.640000E0	8.985014E1	-3.721460E0
8.660000E0	9.000752E1	-3.567089E0
8.680000E0	9.011280E1	-3.496326E0
8.700000E0	9.025191E1	-3.569584E0
8.720000E0	9.066006E1	-4.088361E0
8.740000E0	9.095897E1	-4.641047E0
8.760000E0	9.115249E1	-5.182685E0
8.780000E0	9.153537E1	-5.511465E0
8.800000E0	9.206540E1	-5.511985E0
8.820000E0	9.235470E1	-5.339058E0
8.840000E0	9.249069E1	-5.302976E0
8.860000E0	9.259375E1	-5.192264E0
8.880000E0	9.309502E1	-5.191171E0
8.900000E0	9.384975E1	-5.001773E0
8.920000E0	9.441871E1	-4.471722E0
8.940000E0	9.473539E1	-4.239222E0
8.960000E0	9.501226E1	-3.928945E0
8.980000E0	9.556798E1	-4.004869E0
9.000000E0	9.568597E1	-4.719394E0
9.020000E0	9.549721E1	-5.248160E0
9.040000E0	9.554286E1	-5.301673E0
9.060000E0	9.583505E1	-4.912622E0
9.080000E0	9.601302E1	-4.571856E0
9.100000E0	9.634207E1	-4.393742E0
9.120000E0	9.633878E1	-4.429225E0
9.140000E0	9.633480E1	-4.532135E0
9.160000E0	9.627477E1	-5.042662E0
9.180000E0	9.662100E1	-5.277259E0
9.200000E0	9.719793E1	-5.270685E0
9.220000E0	9.781656E1	-5.236742E0
9.240000E0	9.804931E1	-5.386398E0
9.260000E0	9.837601E1	-5.324446E0
9.280000E0	9.836878E1	-5.262579E0
9.300000E0	9.835635E1	-5.227868E0
9.320000E0	9.833505E1	-5.209792E0
9.340000E0	9.851895E1	-5.089315E0
9.360000E0	9.842401E1	-5.074967E0
9.380000E0	9.806807E1	-5.406868E0
9.400000E0	9.795839E1	-5.735489E0
9.420000E0	9.806495E1	-5.600710E0
9.440000E0	9.822482E1	-5.215151E0
9.460000E0	9.828975E1	-5.147062E0
9.480000E0	9.864827E1	-4.863927E0
9.500000E0	9.917308E1	-4.059599E0
9.520000E0	9.923896E1	-3.402150E0
9.540000E0	9.925651E1	-3.467730E0
9.560000E0	9.937120E1	-4.047583E0
9.580000E0	9.938871E1	-4.051149E0
9.600000E0	9.967440E1	-3.924620E0
9.620000E0	9.998056E1	-3.946448E0
9.640000E0	1.003050E2	-4.300486E0
9.660000E0	1.004825E2	-4.919916E0
9.680000E0	1.005449E2	-5.275160E0
9.700000E0	1.010156E2	-5.128887E0
9.720000E0	1.016284E2	-4.834454E0
9.740000E0	1.019527E2	-4.692072E0
9.760000E0	1.019822E2	-4.726451E0
9.780000E0	1.020010E2	-4.703975E0
9.800000E0	1.020200E2	-4.422453E0
9.820000E0	1.020436E2	-4.208015E0
9.840000E0	1.020793E2	-4.274385E0
9.860000E0	1.025993E2	-4.970162E0
9.880000E0	1.032393E2	-5.461300E0
9.900000E0	1.035056E2	-5.601245E0
9.920000E0	1.034882E2	-5.331224E0
9.940000E0	1.036582E2	-4.901141E0
9.960000E0	1.041934E2	-4.818022E0
9.980000E0	1.049528E2	-4.538747E0
1.000000E1	1.055431E2	-4.253723E0
1.002000E1	1.057989E2	-4.069868E0
1.004000E1	1.058733E2	-4.080826E0
1.006000E1	1.061222E2	-4.725975E0
1.008000E1	1.065021E2	-5.503214E0
1.010000E1	1.064742E2	-5.548918E0
1.012000E1	1.068898E2	-5.486223E0
1.014000E1	1.071177E2	-5.488169E0
1.016000E1	1.071817E2	-5.565457E0
1.018000E1	1.071893E2	-5.535739E0
1.020000E1	1.071703E2	-5.334195E0
1.022000E1	1.072458E2	-5.201351E0
1.024000E1	1.076195E2	-4.939158E0
1.026000E1	1.080048E2	-4.954389E0
1.028000E1	1.075901E2	-5.337678E0
1.030000E1	1.076059E2	-6.004318E0
1.032000E1	1.078146E2	-5.906488E0
1.034000E1	1.079535E2	-5.646383E0
1.036000E1	1.080414E2	-5.533689E0
1.038000E1	1.083701E2	-5.376731E0
1.040000E1	1.084702E2	-4.992227E0
1.042000E1	1.084583E2	-5.027970E0
1.044000E1	1.083709E2	-5.203796E0
1.046000E1	1.083902E2	-5.151130E0
1.048000E1	1.085701E2	-4.741410E0
1.050000E1	1.085973E2	-4.649321E0
1.052000E1	1.086222E2	-4.598769E0
1.054000E1	1.086164E2	-4.571278E0
1.056000E1	1.086373E2	-4.548524E0
1.058000E1	1.092598E2	-4.852574E0
1.060000E1	1.097824E2	-4.993489E0
1.062000E1	1.100692E2	-5.104757E0
1.064000E1	1.101285E2	-5.125488E0
1.066000E1	1.101276E2	-5.075789E0
1.068000E1	1.102793E2	-5.016993E0
1.070000E1	1.104663E2	-5.047675E0
1.072000E1	1.106438E2	-4.960865E0
1.074000E1	1.108789E2	-4.681381E0
1.076000E1	1.114130E2	-4.722680E0
1.078000E1	1.120708E2	-4.867600E0
1.080000E1	1.124095E2	-4.831955E0
1.082000E1	1.125669E2	-4.807377E0
1.084000E1	1.125243E2	-4.755335E0
1.086000E1	1.124754E2	-4.668655E0
1.088000E1	1.125053E2	-4.206730E0
1.090000E1	1.125093E2	-4.169423E0
1.092000E1	1.128154E2	-4.664073E0
1.094000E1	1.132094E2	-5.130478E0
1.096000E1	1.137072E2	-5.326179E0
1.098000E1	1.139919E2	-5.225769E0
1.100000E1	1.141892E2	-5.240433E0
1.102000E1	1.144849E2	-5.498202E0
1.104000E1	1.150035E2	-5.518765E0
1.106000E1	1.160603E2	-5.367222E0
1.108000E1	1.170573E2	-5.375743E0
1.110000E1	1.170405E2	-5.359666E0
1.112000E1	1.166535E2	-5.418651E0
1.114000E1	1.167001E2	-5.507435E0
1.116000E1	1.172305E2	-5.534630E0
1.118000E1	1.172170E2	-5.551972E0
1.120000E1	1.167229E2	-5.801961E0
1.122000E1	1.167453E2	-6.151033E0
1.124000E1	1.171751E2	-6.114269E0
1.126000E1	1.171140E2	-5.754078E0
1.128000E1	1.171202E2	-5.451983E0
1.130000E1	1.174060E2	-5.104121E0
1.132000E1	1.177525E2	-4.680059E0
1.134000E1	1.180291E2	-4.401786E0
1.136000E1	1.182114E2	-4.532626E0
1.138000E1	1.182367E2	-4.982501E0
1.140000E1	1.183641E2	-5.271774E0
1.142000E1	1.185207E2	-5.309516E0
1.144000E1	1.185469E2	-5.246215E0
1.146000E1	1.185377E2	-5.218578E0
1.148000E1	1.185048E2	-5.535345E0
1.150000E1	1.187355E2	-5.735364E0
1.152000E1	1.189742E2	-5.720379E0
1.154000E1	1.192010E2	-5.733982E0
1.156000E1	1.192212E2	-5.947815E0
1.158000E1	1.191821E2	-6.253143E0
1.160000E1	1.191832E2	-6.218439E0
1.162000E1	1.194157E2	-5.507135E0
1.164000E1	1.196747E2	-4.596242E0
1.166000E1	1.199694E2	-4.417639E0
1.168000E1	1.203344E2	-4.621196E0
1.170000E1	1.210296E2	-4.987257E0
1.172000E1	1.215538E2	-5.072911E0
1.174000E1	1.216945E2	-5.018351E0
1.176000E1	1.216631E2	-4.971385E0
1.178000E1	1.216143E2	-4.980325E0
1.180000E1	1.215117E2	-4.782284E0
1.182000E1	1.215410E2	-4.698956E0
1.184000E1	1.218181E2	-4.951634E0
1.186000E1	1.222837E2	-5.015007E0
1.188000E1	1.227211E2	-4.943930E0
1.190000E1	1.232204E2	-4.811944E0
1.192000E1	1.237034E2	-4.543403E0
1.194000E1	1.241054E2	-4.440938E0
1.196000E1	1.243696E2	-4.503856E0
1.198000E1	1.244967E2	-4.489588E0
1.200000E1	1.245209E2	-4.484574E0
1.202000E1	1.245556E2	-4.577563E0
1.204000E1	1.248351E2	-5.168718E0
1.206000E1	1.251453E2	-5.351925E0
1.208000E1	1.249976E2	-5.607958E0
1.210000E1	1.246187E2	-5.970561E0
1.212000E1	1.245711E2	-6.207837E0
1.214000E1	1.247905E2	-6.018086E0
1.216000E1	1.253871E2	-5.667546E0
1.218000E1	1.261515E2	-5.327371E0
1.220000E1	1.267694E2	-4.641019E0
1.222000E1	1.268490E2	-4.317883E0
1.224000E1	1.267125E2	-4.353871E0
1.226000E1	1.267476E2	-5.238768E0
1.228000E1	1.267665E2	-5.578213E0
1.230000E1	1.268766E2	-5.268811E0
1.232000E1	1.268417E2	-5.015454E0
1.234000E1	1.270115E2	-4.953928E0
1.236000E1	1.273260E2	-4.953108E0
1.238000E1	1.272742E2	-4.864218E0
1.240000E1	1.272932E2	-4.982311E0
1.242000E1	1.276238E2	-5.514517E0
1.244000E1	1.282332E2	-6.298155E0
1.246000E1	1.286907E2	-6.949326E0
1.248000E1	1.286947E2	-7.004883E0
1.250000E1	1.287115E2	-6.495323E0
1.252000E1	1.288463E2	-5.915224E0
1.254000E1	1.287797E2	-5.667182E0
1.256000E1	1.290980E2	-5.603871E0
1.258000E1	1.294547E2	-5.726920E0
1.260000E1	1.298973E2	-5.711368E0
1.262000E1	1.300453E2	-5.699420E0
1.264000E1	1.301778E2	-5.701481E0
1.266000E1	1.302887E2	-5.585270E0
1.268000E1	1.304123E2	-5.258572E0
1.270000E1	1.305405E2	-5.004042E0
1.272000E1	1.306980E2	-4.878213E0
1.274000E1	1.308552E2	-4.796411E0
1.276000E1	1.311523E2	-4.562021E0
1.278000E1	1.315367E2	-4.507731E0
1.280000E1	1.321043E2	-4.547284E0
1.282000E1	1.327697E2	-4.713784E0
1.284000E1	1.331904E2	-4.758674E0
1.286000E1	1.332801E2	-4.662436E0
1.288000E1	1.335807E2	-4.570618E0
1.290000E1	1.337552E2	-4.876129E0
1.292000E1	1.337847E2	-5.288898E0
1.294000E1	1.339395E2	-5.044902E0
1.296000E1	1.341933E2	-4.521949E0
1.298000E1	1.343347E2	-4.166494E0
1.300000E1	1.342412E2	-4.333458E0
1.302000E1	1.340200E2	-4.888648E0
1.304000E1	1.339882E2	-5.499666E0
1.306000E1	1.341573E2	-5.668299E0
1.308000E1	1.343489E2	-5.344833E0
1.310000E1	1.347648E2	-5.252678E0
1.312000E1	1.354714E2	-5.062299E0
1.314000E1	1.355029E2	-5.207355E0
1.316000E1	1.354061E2	-5.566423E0
1.318000E1	1.353730E2	-5.512212E0
1.320000E1	1.354072E2	-5.347650E0
1.322000E1	1.355796E2	-5.239584E0
1.324000E1	1.361194E2	-5.169334E0
1.326000E1	1.370815E2	-5.126438E0
1.328000E1	1.381191E2	-5.088850E0
1.330000E1	1.385950E2	-5.067391E0
1.332000E1	1.387401E2	-5.242875E0
1.334000E1	1.390146E2	-5.481853E0
1.336000E1	1.393382E2	-5.961286E0
1.338000E1	1.394502E2	-6.212434E0
1.340000E1	1.393278E2	-6.394197E0
1.342000E1	1.392780E2	-6.517310E0
1.344000E1	1.393236E2	-6.437379E0
1.346000E1	1.393098E2	-6.206778E0
1.348000E1	1.395754E2	-5.558601E0
1.350000E1	1.400052E2	-5.295421E0
1.352000E1	1.404640E2	-5.152037E0
1.354000E1	1.409588E2	-5.170433E0
1.356000E1	1.413224E2	-5.254107E0
1.358000E1	1.413497E2	-5.282093E0
1.360000E1	1.414461E2	-5.730476E0
1.362000E1	1.413751E2	-5.998692E0
1.364000E1	1.414467E2	-5.892538E0
1.366000E1	1.416530E2	-5.645928E0
1.368000E1	1.418860E2	-5.720705E0
1.370000E1	1.418543E2	-5.785745E0
1.372000E1	1.418995E2	-5.771363E0
1.374000E1	1.423023E2	-5.719654E0
1.376000E1	1.424749E2	-5.837068E0
1.378000E1	1.428271E2	-5.890330E0
1.380000E1	1.429141E2	-5.892892E0
1.382000E1	1.432361E2	-5.652161E0
1.384000E1	1.434155E2	-5.442492E0
1.386000E1	1.434629E2	-5.410052E0
1.388000E1	1.436135E2	-5.239054E0
1.390000E1	1.439375E2	-4.702850E0
1.392000E1	1.441529E2	-4.273679E0
1.394000E1	1.440368E2	-4.376264E0
1.396000E1	1.439505E2	-5.005615E0
1.398000E1	1.441445E2	-5.492746E0
1.400000E1	1.445623E2	-5.545695E0
1.402000E1	1.447322E2	-5.147879E0
1.404000E1	1.454327E2	-4.976944E0
1.406000E1	1.454162E2	-5.012518E0
1.408000E1	1.454468E2	-5.311768E0
1.410000E1	1.455883E2	-5.177092E0
1.412000E1	1.456088E2	-4.934465E0
1.414000E1	1.458145E2	-4.693716E0
1.416000E1	1.462040E2	-4.563435E0
1.418000E1	1.465935E2	-4.579801E0
1.420000E1	1.466730E2	-4.568853E0
1.422000E1	1.467416E2	-4.621078E0
1.424000E1	1.469524E2	-5.256224E0
1.426000E1	1.474012E2	-6.088773E0
1.428000E1	1.481364E2	-6.458863E0
1.430000E1	1.484131E2	-6.219351E0
1.432000E1	1.483564E2	-6.101494E0
1.434000E1	1.482799E2	-6.143863E0
1.436000E1	1.485950E2	-6.211452E0
1.438000E1	1.492145E2	-6.038660E0
1.440000E1	1.499124E2	-5.138535E0
1.442000E1	1.502967E2	-4.669694E0
1.444000E1	1.508454E2	-4.672637E0
1.446000E1	1.511542E2	-5.190540E0
1.448000E1	1.511930E2	-5.751067E0
1.450000E1	1.511434E2	-5.784509E0
1.452000E1	1.511193E2	-5.624490E0
1.454000E1	1.511823E2	-5.485235E0
1.456000E1	1.512898E2	-5.388740E0
1.458000E1	1.515749E2	-5.166109E0
1.460000E1	1.516175E2	-5.080344E0
1.462000E1	1.515231E2	-5.335097E0
1.464000E1	1.517394E2	-5.651913E0
1.466000E1	1.522560E2	-5.785695E0
1.468000E1	1.528458E2	-5.797941E0
1.470000E1	1.533215E2	-5.919081E0
1.472000E1	1.535635E2	-5.901212E0
1.474000E1	1.535455E2	-5.949905E0
1.476000E1	1.535122E2	-5.967733E0
1.478000E1	1.535192E2	-5.989701E0
1.480000E1	1.537434E2	-5.837532E0
1.482000E1	1.535581E2	-5.937372E0
1.484000E1	1.532877E2	-6.332780E0
1.486000E1	1.532501E2	-6.436703E0
1.488000E1	1.533980E2	-6.297364E0
1.490000E1	1.534590E2	-6.096598E0
1.492000E1	1.535245E2	-6.109561E0
1.494000E1	1.539035E2	-5.627865E0
1.496000E1	1.543539E2	-4.827045E0
1.498000E1	1.544458E2	-4.320057E0
1.500000E1	1.544305E2	-4.460661E0
1.502000E1	1.545033E2	-4.847679E0
1.504000E1	1.545981E2	-4.871663E0
1.506000E1	1.549952E2	-4.797418E0
1.508000E1	1.552263E2	-4.620995E0
1.510000E1	1.555130E2	-4.953303E0
1.512000E1	1.557014E2	-5.738090E0
1.514000E1	1.557343E2	-6.016545E0
1.516000E1	1.561572E2	-5.721752E0
1.518000E1	1.566642E2	-5.605113E0
1.520000E1	1.570276E2	-5.621351E0
1.522000E1	1.571266E2	-5.614999E0
1.524000E1	1.573532E2	-5.600805E0
1.526000E1	1.574342E2	-5.463114E0
1.528000E1	1.574099E2	-5.094439E0
1.530000E1	1.574431E2	-5.064794E0
1.532000E1	1.577971E2	-5.584797E0
1.534000E1	1.584539E2	-6.089869E0
1.536000E1	1.590416E2	-6.234821E0
1.538000E1	1.591605E2	-6.267323E0
1.540000E1	1.589827E2	-6.109001E0
1.542000E1	1.590180E2	-6.044109E0
1.544000E1	1.593869E2	-5.929399E0
1.546000E1	1.600961E2	-5.659133E0
1.548000E1	1.610748E2	-5.568941E0
1.550000E1	1.617063E2	-5.291386E0
1.552000E1	1.619179E2	-5.079966E0
1.554000E1	1.622111E2	-5.247415E0
1.556000E1	1.624381E2	-5.883252E0
1.558000E1	1.627104E2	-6.316097E0
1.560000E1	1.628423E2	-6.268026E0
1.562000E1	1.633108E2	-5.942642E0
1.564000E1	1.637141E2	-5.938089E0
1.566000E1	1.636580E2	-5.989296E0
1.568000E1	1.632692E2	-6.068632E0
1.570000E1	1.631163E2	-6.039506E0
1.572000E1	1.632436E2	-5.929979E0
1.574000E1	1.633390E2	-5.938943E0
1.576000E1	1.632420E2	-6.079326E0
1.578000E1	1.633135E2	-6.220008E0
1.580000E1	1.636004E2	-6.224370E0
1.582000E1	1.639087E2	-6.202267E0
1.584000E1	1.640990E2	-6.281582E0
1.586000E1	1.643281E2	-5.915396E0
1.588000E1	1.643770E2	-5.698490E0
1.590000E1	1.643941E2	-5.838642E0
1.592000E1	1.644331E2	-5.875217E0
1.594000E1	1.645667E2	-5.804051E0
1.596000E1	1.646363E2	-5.738037E0
1.598000E1	1.646860E2	-5.762445E0
1.600000E1	1.646665E2	-5.713386E0
1.602000E1	1.646401E2	-5.675846E0
1.604000E1	1.645597E2	-5.781013E0
1.606000E1	1.648067E2	-5.948265E0
1.608000E1	1.653053E2	-5.942983E0
1.610000E1	1.656525E2	-5.826008E0
1.612000E1	1.658875E2	-5.687392E0
1.614000E1	1.660989E2	-5.742813E0
1.616000E1	1.664566E2	-5.684671E0
1.618000E1	1.666033E2	-5.399568E0
1.620000E1	1.667245E2	-5.213411E0
1.622000E1	1.666639E2	-5.014771E0
1.624000E1	1.667750E2	-5.379625E0
1.626000E1	1.671017E2	-5.902841E0
1.628000E1	1.676458E2	-5.881258E0
1.630000E1	1.681011E2	-5.595163E0
1.632000E1	1.683473E2	-5.571269E0
1.634000E1	1.682860E2	-5.577563E0
1.636000E1	1.683248E2	-5.189192E0
1.638000E1	1.682419E2	-4.829412E0
1.640000E1	1.683586E2	-4.811070E0
1.642000E1	1.685260E2	-4.870956E0
1.644000E1	1.687807E2	-5.053358E0
1.646000E1	1.692694E2	-5.135739E0
1.648000E1	1.699699E2	-5.586144E0
1.650000E1	1.705549E2	-6.026319E0
1.652000E1	1.709750E2	-6.435691E0
1.654000E1	1.712577E2	-6.230136E0
1.656000E1	1.714395E2	-5.976968E0
1.658000E1	1.717758E2	-5.852135E0
1.660000E1	1.722724E2	-5.828466E0
1.662000E1	1.726505E2	-5.370268E0
1.664000E1	1.726592E2	-5.327305E0
1.666000E1	1.723404E2	-5.598102E0
1.668000E1	1.723154E2	-5.968406E0
1.670000E1	1.725790E2	-6.190412E0
1.672000E1	1.728719E2	-6.225161E0
1.674000E1	1.730178E2	-6.013171E0
1.676000E1	1.733672E2	-5.544126E0
1.678000E1	1.732321E2	-5.177890E0
1.680000E1	1.732186E2	-5.036901E0
1.682000E1	1.732854E2	-5.101750E0
1.684000E1	1.733274E2	-5.069712E0
1.686000E1	1.737174E2	-5.105549E0
1.688000E1	1.742328E2	-5.123656E0
1.690000E1	1.746438E2	-5.439806E0
1.692000E1	1.746411E2	-5.878467E0
1.694000E1	1.746406E2	-5.926789E0
1.696000E1	1.747162E2	-6.092174E0
1.698000E1	1.748277E2	-6.348602E0
1.700000E1	1.750482E2	-6.552896E0
1.702000E1	1.752442E2	-6.690541E0
1.704000E1	1.752914E2	-6.823793E0
1.706000E1	1.752852E2	-6.713807E0
1.708000E1	1.753104E2	-6.166203E0
1.710000E1	1.754081E2	-5.517149E0
1.712000E1	1.757739E2	-5.193763E0
1.714000E1	1.762632E2	-5.300067E0
1.716000E1	1.767503E2	-5.536599E0
1.718000E1	1.771532E2	-5.582641E0
1.720000E1	1.774938E2	-5.550368E0
1.722000E1	1.774619E2	-5.572803E0
1.724000E1	1.773816E2	-5.477539E0
1.726000E1	1.774370E2	-5.107216E0
1.728000E1	1.773486E2	-4.968134E0
1.730000E1	1.773268E2	-5.086996E0
1.732000E1	1.776792E2	-5.520891E0
1.734000E1	1.780409E2	-5.653356E0
1.736000E1	1.787676E2	-5.436539E0
1.738000E1	1.793063E2	-5.102611E0
1.740000E1	1.798313E2	-4.961335E0
1.742000E1	1.803219E2	-5.004479E0
1.744000E1	1.805884E2	-5.030667E0
1.746000E1	1.806230E2	-5.049735E0
1.748000E1	1.805630E2	-4.912938E0
1.750000E1	1.807449E2	-4.827450E0
1.752000E1	1.807692E2	-4.776376E0
1.754000E1	1.810424E2	-5.421463E0
1.756000E1	1.808264E2	-6.162860E0
1.758000E1	1.806596E2	-6.539221E0
1.760000E1	1.808234E2	-6.582685E0
1.762000E1	1.810385E2	-6.290091E0
1.764000E1	1.811948E2	-6.081394E0
1.766000E1	1.817534E2	-5.919800E0
1.768000E1	1.825177E2	-5.456843E0
1.770000E1	1.827152E2	-5.297580E0
1.772000E1	1.830800E2	-5.198848E0
1.774000E1	1.833913E2	-5.228720E0
1.776000E1	1.835516E2	-5.240965E0
1.778000E1	1.837132E2	-5.415141E0
1.780000E1	1.839128E2	-5.681815E0
1.782000E1	1.839715E2	-5.728096E0
1.784000E1	1.839930E2	-5.695152E0
1.786000E1	1.840370E2	-5.724333E0
1.788000E1	1.842523E2	-5.957529E0
1.790000E1	1.845411E2	-6.297732E0
1.792000E1	1.847081E2	-6.685070E0
1.794000E1	1.847822E2	-6.823259E0
1.796000E1	1.848426E2	-6.934456E0
1.798000E1	1.850881E2	-7.035833E0
1.800000E1	1.852570E2	-6.713407E0
1.802000E1	1.857422E2	-5.853847E0
1.804000E1	1.862866E2	-5.543379E0
1.806000E1	1.865179E2	-6.187589E0
1.808000E1	1.867376E2	-6.443006E0
1.810000E1	1.868914E2	-6.522735E0
1.812000E1	1.870685E2	-6.352323E0
1.814000E1	1.871579E2	-6.227086E0
1.816000E1	1.874291E2	-6.086287E0
1.818000E1	1.875692E2	-6.025947E0
1.820000E1	1.876624E2	-5.944468E0
1.822000E1	1.877451E2	-5.932428E0
1.824000E1	1.878919E2	-5.964444E0
1.826000E1	1.879289E2	-5.902441E0
1.828000E1	1.881843E2	-5.640202E0
1.830000E1	1.886117E2	-5.434342E0
1.832000E1	1.889842E2	-5.451326E0
1.834000E1	1.894166E2	-5.321229E0
1.836000E1	1.900435E2	-5.053158E0
1.838000E1	1.904892E2	-4.914886E0
1.840000E1	1.906795E2	-4.998235E0
1.842000E1	1.905382E2	-4.792239E0
1.844000E1	1.904425E2	-4.682443E0
1.846000E1	1.904212E2	-4.690188E0
1.848000E1	1.904537E2	-5.130918E0
1.850000E1	1.902778E2	-5.927909E0
1.852000E1	1.902456E2	-6.639305E0
1.854000E1	1.904349E2	-6.601347E0
1.856000E1	1.909465E2	-6.087652E0
1.858000E1	1.916856E2	-5.494096E0
1.860000E1	1.921842E2	-4.740548E0
1.862000E1	1.919844E2	-4.509383E0
1.864000E1	1.919212E2	-4.781793E0
1.866000E1	1.920156E2	-5.058801E0
1.868000E1	1.920651E2	-5.125876E0
1.870000E1	1.923940E2	-5.312017E0
1.872000E1	1.928630E2	-5.516077E0
1.874000E1	1.934194E2	-5.678318E0
1.876000E1	1.937405E2	-5.778442E0
1.878000E1	1.938112E2	-5.758431E0
1.880000E1	1.939807E2	-6.012606E0
1.882000E1	1.945854E2	-6.132880E0
1.884000E1	1.957185E2	-6.094121E0
1.886000E1	1.965662E2	-5.734520E0
1.888000E1	1.969447E2	-5.241248E0
1.890000E1	1.967883E2	-5.099356E0
1.892000E1	1.965814E2	-5.396326E0
1.894000E1	1.964688E2	-5.705246E0
1.896000E1	1.966072E2	-5.713102E0
1.898000E1	1.969317E2	-5.694482E0
1.900000E1	1.970501E2	-5.695659E0
1.902000E1	1.974407E2	-5.805957E0
1.904000E1	1.975329E2	-5.703132E0
1.906000E1	1.974933E2	-5.461082E0
1.908000E1	1.974815E2	-5.378140E0
1.910000E1	1.976090E2	-5.541800E0
1.912000E1	1.981452E2	-5.516136E0
1.914000E1	1.986247E2	-5.465800E0
1.916000E1	1.986441E2	-5.690176E0
1.918000E1	1.986189E2	-5.897557E0
1.920000E1	1.986265E2	-5.903822E0
1.922000E1	1.986521E2	-5.922160E0
1.924000E1	1.987384E2	-6.190877E0
1.926000E1	1.991893E2	-6.449679E0
1.928000E1	1.996320E2	-6.242234E0
1.930000E1	1.996682E2	-6.014227E0
1.932000E1	1.996252E2	-6.059215E0
1.934000E1	1.995854E2	-6.112236E0
1.936000E1	1.996987E2	-5.881361E0
1.938000E1	1.997251E2	-5.694194E0
1.940000E1	1.995666E2	-5.922262E0
1.942000E1	1.995845E2	-6.335458E0
1.944000E1	1.998248E2	-6.135505E0
1.946000E1	2.003268E2	-5.660570E0
1.948000E1	2.010961E2	-5.132559E0
1.950000E1	2.015946E2	-4.475808E0
1.952000E1	2.013237E2	-4.532438E0
1.954000E1	2.014220E2	-4.989873E0
1.956000E1	2.014940E2	-5.590485E0
1.958000E1	2.015207E2	-5.829292E0
1.960000E1	2.016968E2	-5.458116E0
1.962000E1	2.020052E2	-5.012303E0
1.964000E1	2.025389E2	-4.999261E0
1.966000E1	2.030825E2	-5.035587E0
1.968000E1	2.033602E2	-5.141585E0
1.970000E1	2.035776E2	-5.735631E0
1.972000E1	2.038678E2	-5.932636E0
1.974000E1	2.041287E2	-5.793573E0
1.976000E1	2.044048E2	-5.943196E0
1.978000E1	2.046986E2	-6.374414E0
1.980000E1	2.048242E2	-6.575851E0
1.982000E1	2.048008E2	-6.608365E0
1.984000E1	2.047098E2	-6.538196E0
1.986000E1	2.048560E2	-6.095063E0
1.988000E1	2.053130E2	-6.149651E0
1.990000E1	2.060950E2	-6.164657E0
1.992000E1	2.071032E2	-6.119866E0
1.994000E1	2.077144E2	-6.112354E0
1.996000E1	2.078854E2	-5.687714E0
1.998000E1	2.077131E2	-5.182789E0
2.000000E1	2.077151E2	-5.242034E0
2.002000E1	2.080128E2	-5.758923E0
2.004000E1	2.083338E2	-5.986181E0
2.006000E1	2.084518E2	-5.979279E0
2.008000E1	2.085846E2	-6.016496E0
2.010000E1	2.088584E2	-6.072771E0
2.012000E1	2.090857E2	-6.312517E0
2.014000E1	2.091976E2	-6.226814E0
2.016000E1	2.092530E2	-6.080496E0
2.018000E1	2.093948E2	-6.074905E0
2.020000E1	2.097393E2	-6.037903E0
2.022000E1	2.099868E2	-6.039538E0
2.024000E1	2.102845E2	-6.040546E0
2.026000E1	2.103583E2	-6.044295E0
2.028000E1	2.105326E2	-6.133210E0
2.030000E1	2.104710E2	-6.120988E0
2.032000E1	2.103077E2	-6.317820E0
2.034000E1	2.102851E2	-6.546786E0
2.036000E1	2.102749E2	-6.506758E0
2.038000E1	2.103527E2	-6.312656E0
2.040000E1	2.103596E2	-6.270772E0
2.042000E1	2.105912E2	-6.064061E0
2.044000E1	2.107969E2	-5.676514E0
2.046000E1	2.107367E2	-5.620897E0
2.048000E1	2.106756E2	-5.793856E0
2.050000E1	2.106775E2	-5.803019E0
2.052000E1	2.107533E2	-5.524396E0
2.054000E1	2.109414E2	-5.411248E0
2.056000E1	2.109063E2	-5.388811E0
2.058000E1	2.109223E2	-5.308767E0
2.060000E1	2.109682E2	-5.181660E0
2.062000E1	2.115103E2	-5.514217E0
2.064000E1	2.121409E2	-5.801538E0
2.066000E1	2.126020E2	-5.873354E0
2.068000E1	2.127630E2	-5.983801E0
2.070000E1	2.127480E2	-5.874146E0
2.072000E1	2.127580E2	-5.939666E0
2.074000E1	2.130220E2	-5.949314E0
2.076000E1	2.130932E2	-5.974918E0
2.078000E1	2.131901E2	-5.586374E0
2.080000E1	2.137443E2	-5.493562E0
2.082000E1	2.145919E2	-5.713540E0
2.084000E1	2.151107E2	-5.687898E0
2.086000E1	2.151469E2	-5.600059E0
2.088000E1	2.151261E2	-5.570583E0
2.090000E1	2.151261E2	-5.571999E0
2.092000E1	2.151747E2	-5.290099E0
2.094000E1	2.151475E2	-5.062697E0
2.096000E1	2.155091E2	-5.433165E0
2.098000E1	2.159151E2	-5.990482E0
2.100000E1	2.161693E2	-6.170942E0
2.102000E1	2.164477E2	-6.054840E0
2.104000E1	2.167700E2	-6.031322E0
2.106000E1	2.173034E2	-6.144646E0
2.108000E1	2.182888E2	-6.178181E0
2.110000E1	2.192412E2	-6.015539E0
2.112000E1	2.194400E2	-5.924593E0
2.114000E1	2.191955E2	-5.873873E0
2.116000E1	2.193087E2	-6.066736E0
2.118000E1	2.197052E2	-6.021421E0
2.120000E1	2.196530E2	-6.042023E0
2.122000E1	2.192575E2	-6.351259E0
2.124000E1	2.193082E2	-6.734951E0
2.126000E1	2.193353E2	-6.664474E0
2.128000E1	2.192887E2	-6.182353E0
2.130000E1	2.193840E2	-6.002799E0
2.132000E1	2.197619E2	-5.795686E0
2.134000E1	2.202623E2	-5.446915E0
2.136000E1	2.205292E2	-5.111363E0
2.138000E1	2.204132E2	-5.448951E0
2.140000E1	2.204495E2	-6.116755E0
2.142000E1	2.205299E2	-6.105024E0
2.144000E1	2.204479E2	-5.965897E0
2.146000E1	2.204339E2	-6.089984E0
2.148000E1	2.204345E2	-6.153308E0
2.150000E1	2.204099E2	-6.158143E0
2.152000E1	2.205008E2	-6.431417E0
2.154000E1	2.206304E2	-6.667492E0
2.156000E1	2.207396E2	-6.794933E0
2.158000E1	2.208794E2	-6.740614E0
2.160000E1	2.212181E2	-6.427859E0
2.162000E1	2.215250E2	-6.093416E0
2.164000E1	2.217311E2	-5.738492E0
2.166000E1	2.217569E2	-5.600771E0
2.168000E1	2.218817E2	-5.564384E0
2.170000E1	2.223853E2	-5.600593E0
2.172000E1	2.228088E2	-5.750279E0
2.174000E1	2.233638E2	-5.966668E0
2.176000E1	2.235071E2	-5.938203E0
2.178000E1	2.234315E2	-5.941826E0
2.180000E1	2.232015E2	-6.089592E0
2.182000E1	2.231629E2	-5.953715E0
2.184000E1	2.234050E2	-5.712106E0
2.186000E1	2.237874E2	-5.531896E0
2.188000E1	2.243238E2	-5.303550E0
2.190000E1	2.245868E2	-5.266313E0
2.192000E1	2.249022E2	-5.269286E0
2.194000E1	2.253079E2	-5.286149E0
2.196000E1	2.256573E2	-5.181407E0
2.198000E1	2.260129E2	-5.030858E0
2.200000E1	2.262033E2	-5.037368E0
2.202000E1	2.266333E2	-5.798312E0
2.204000E1	2.267516E2	-6.176427E0
2.206000E1	2.269957E2	-6.099955E0
2.208000E1	2.269991E2	-5.758719E0
2.210000E1	2.269816E2	-5.752066E0
2.212000E1	2.267025E2	-6.059392E0
2.214000E1	2.266035E2	-6.268782E0
2.216000E1	2.268566E2	-6.261387E0
2.218000E1	2.274777E2	-6.062463E0
2.220000E1	2.280869E2	-5.970510E0
2.222000E1	2.284632E2	-5.637579E0
2.224000E1	2.287058E2	-5.211948E0
2.226000E1	2.287356E2	-5.217527E0
2.228000E1	2.287436E2	-5.739125E0
2.230000E1	2.288231E2	-5.826647E0
2.232000E1	2.289253E2	-5.621411E0
2.234000E1	2.289407E2	-5.666687E0
2.236000E1	2.290384E2	-5.689910E0
2.238000E1	2.292713E2	-5.472554E0
2.240000E1	2.295022E2	-5.341660E0
2.242000E1	2.294458E2	-5.335546E0
2.244000E1	2.296349E2	-5.552256E0
2.246000E1	2.301006E2	-6.174395E0
2.248000E1	2.306794E2	-6.774261E0
2.250000E1	2.307853E2	-7.062368E0
2.252000E1	2.308006E2	-6.964760E0
2.254000E1	2.308163E2	-6.803273E0
2.256000E1	2.308017E2	-6.574950E0
2.258000E1	2.308595E2	-6.261422E0
2.260000E1	2.310443E2	-5.869530E0
2.262000E1	2.314695E2	-5.989557E0
2.264000E1	2.319353E2	-6.387194E0
2.266000E1	2.321910E2	-6.565425E0
2.268000E1	2.322608E2	-6.566152E0
2.270000E1	2.323801E2	-6.398072E0
2.272000E1	2.324073E2	-6.258489E0
2.274000E1	2.324525E2	-6.168989E0
2.276000E1	2.325518E2	-5.900612E0
2.278000E1	2.326705E2	-5.646969E0
2.280000E1	2.327736E2	-5.501582E0
2.282000E1	2.329785E2	-5.417293E0
2.284000E1	2.334141E2	-5.311923E0
2.286000E1	2.339820E2	-5.122546E0
2.288000E1	2.347957E2	-5.273095E0
2.290000E1	2.353553E2	-5.352505E0
2.292000E1	2.356761E2	-5.325192E0
2.294000E1	2.355707E2	-5.077276E0
2.296000E1	2.355225E2	-5.122299E0
2.298000E1	2.355666E2	-5.413131E0
2.300000E1	2.356713E2	-5.744331E0
2.302000E1	2.359195E2	-5.512775E0
2.304000E1	2.360204E2	-5.215567E0
2.306000E1	2.359785E2	-5.234111E0
2.308000E1	2.359435E2	-5.586640E0
2.310000E1	2.361846E2	-5.839616E0
2.312000E1	2.363923E2	-5.873111E0
2.314000E1	2.365826E2	-5.634591E0
2.316000E1	2.368477E2	-4.910250E0
2.318000E1	2.370749E2	-4.810034E0
2.320000E1	2.372519E2	-5.300175E0
2.322000E1	2.372888E2	-6.110871E0
2.324000E1	2.374086E2	-5.935557E0
2.326000E1	2.374914E2	-5.729910E0
2.328000E1	2.375434E2	-5.771339E0
2.330000E1	2.380504E2	-5.739987E0
2.332000E1	2.389223E2	-5.629933E0
2.334000E1	2.396253E2	-5.527782E0
2.336000E1	2.401001E2	-5.548796E0
2.338000E1	2.404596E2	-5.690229E0
2.340000E1	2.408301E2	-5.931689E0
2.342000E1	2.410026E2	-6.111565E0
2.344000E1	2.409549E2	-6.416856E0
2.346000E1	2.406096E2	-6.926177E0
2.348000E1	2.406182E2	-6.940824E0
2.350000E1	2.407113E2	-6.212484E0
2.352000E1	2.410944E2	-5.572148E0
2.354000E1	2.414057E2	-5.412410E0
2.356000E1	2.418744E2	-5.507933E0
2.358000E1	2.421090E2	-5.809947E0
2.360000E1	2.421659E2	-6.026875E0
2.362000E1	2.423372E2	-6.117515E0
2.364000E1	2.423816E2	-6.182407E0
2.366000E1	2.424890E2	-6.269419E0
2.368000E1	2.425678E2	-6.153367E0
2.370000E1	2.426054E2	-6.118603E0
2.372000E1	2.426171E2	-6.147219E0
2.374000E1	2.427985E2	-6.241811E0
2.376000E1	2.430640E2	-6.155557E0
2.378000E1	2.432158E2	-6.194180E0
2.380000E1	2.434601E2	-6.237908E0
2.382000E1	2.436873E2	-6.191741E0
2.384000E1	2.438935E2	-5.978100E0
2.386000E1	2.440271E2	-5.922109E0
2.388000E1	2.442750E2	-5.811586E0
2.390000E1	2.443796E2	-5.532278E0
2.392000E1	2.446166E2	-4.995622E0
2.394000E1	2.446355E2	-4.901074E0
2.396000E1	2.446438E2	-5.192539E0
2.398000E1	2.446892E2	-5.736765E0
2.400000E1	2.450147E2	-6.032553E0
