	mass A		
t	x	y	
0.000000E0	2.531269E-2	-2.531269E-2
2.000000E-2	2.531269E-2	-2.531269E-2
4.000000E-2	1.655959E-1	-2.673216E-2
6.000000E-2	1.098060E-1	-2.332574E-2
8.000000E-2	8.680749E-2	-2.604209E-2
1.000000E-1	-1.534602E-1	-2.485908E-1
1.200000E-1	-2.150411E-1	-4.699234E-1
1.400000E-1	-1.405952E-1	-5.235390E-1
1.600000E-1	-6.586630E-2	-4.672755E-1
1.800000E-1	4.425387E-3	-4.267749E-1
2.000000E-1	8.842558E-2	-3.308754E-1
2.200000E-1	2.630850E-1	1.252665E-1
2.400000E-1	4.250722E-1	2.889742E-1
2.600000E-1	4.573333E-1	4.428568E-1
2.800000E-1	4.850863E-1	3.248038E-1
3.000000E-1	5.652382E-1	4.064383E-1
3.200000E-1	8.212385E-1	9.108638E-1
3.400000E-1	1.288733E0	9.619720E-1
3.600000E-1	1.717873E0	9.565081E-1
3.800000E-1	1.839281E0	9.650818E-1
4.000000E-1	1.757296E0	4.667011E-1
4.200000E-1	1.922413E0	-1.391719E-1
4.400000E-1	2.365058E0	-3.318399E-1
4.600000E-1	2.811571E0	-4.654382E-1
4.800000E-1	3.205373E0	-4.137558E-1
5.000000E-1	3.394354E0	-1.167088E-1
5.200000E-1	3.625245E0	1.832335E-1
5.400000E-1	3.640356E0	1.868727E-1
5.600000E-1	3.688003E0	2.673578E-1
5.800000E-1	3.736442E0	3.043183E-1
6.000000E-1	4.046695E0	1.346803E-1
6.200000E-1	4.567934E0	-1.164766E-1
6.400000E-1	4.928140E0	-4.311884E-1
6.600000E-1	5.036756E0	-5.325564E-1
6.800000E-1	5.064742E0	-6.538041E-1
7.000000E-1	5.089549E0	-6.508721E-1
7.200000E-1	5.504187E0	-3.443494E-1
7.400000E-1	6.011885E0	-7.680975E-2
7.600000E-1	6.902312E0	1.241199E-1
7.800000E-1	7.449222E0	8.462364E-2
8.000000E-1	8.030734E0	-6.634124E-2
8.200000E-1	8.149600E0	-3.726526E-1
8.400000E-1	8.304396E0	-6.339425E-1
8.600000E-1	8.760726E0	-9.490868E-1
8.800000E-1	9.241447E0	-1.019967E0
9.000000E-1	9.235169E0	-8.440380E-1
9.200000E-1	9.232968E0	-8.106280E-1
9.400000E-1	8.910038E0	-6.599403E-1
9.600000E-1	8.957730E0	-4.975753E-1
9.800000E-1	8.965361E0	-4.593006E-1
1.000000E0	8.674392E0	-6.188407E-1
1.020000E0	8.753666E0	-8.130767E-1
1.040000E0	9.200601E0	-8.716813E-1
1.060000E0	9.607688E0	-9.720204E-1
1.080000E0	9.842726E0	-1.096976E0
1.100000E0	9.846441E0	-7.772268E-1
1.120000E0	9.826653E0	-6.599025E-1
1.140000E0	9.785110E0	-6.570914E-1
1.160000E0	9.801062E0	-6.493299E-1
1.180000E0	9.809784E0	-6.115404E-1
1.200000E0	9.834864E0	-6.087061E-1
1.220000E0	9.770155E0	-6.251180E-1
1.240000E0	9.764476E0	-6.109931E-1
1.260000E0	9.765695E0	-5.478082E-1
1.280000E0	9.741383E0	-5.065085E-1
1.300000E0	9.849784E0	-8.072194E-1
1.320000E0	1.022299E1	-9.863751E-1
1.340000E0	1.069523E1	-9.879419E-1
1.360000E0	1.112524E1	-9.234892E-1
1.380000E0	1.126176E1	-9.732874E-1
1.400000E0	1.137759E1	-8.876019E-1
1.420000E0	1.158978E1	-6.601262E-1
1.440000E0	1.173613E1	-4.806815E-1
1.460000E0	1.179891E1	-1.417242E-1
1.480000E0	1.188633E1	-2.450466E-1
1.500000E0	1.225327E1	-7.224837E-1
1.520000E0	1.277324E1	-1.127233E0
1.540000E0	1.327401E1	-1.050413E0
1.560000E0	1.348238E1	-6.889577E-1
1.580000E0	1.353264E1	-5.495105E-1
1.600000E0	1.351730E1	-4.710627E-1
1.620000E0	1.380369E1	-1.539005E-1
1.640000E0	1.415960E1	1.796422E-1
1.660000E0	1.453118E1	2.465665E-1
1.680000E0	1.462693E1	6.211798E-2
1.700000E0	1.474845E1	-5.093735E-1
1.720000E0	1.517688E1	-8.408120E-1
1.740000E0	1.564589E1	-1.296538E0
1.760000E0	1.628212E1	-1.663998E0
1.780000E0	1.688120E1	-1.889775E0
1.800000E0	1.722330E1	-1.994365E0
1.820000E0	1.710777E1	-1.931510E0
1.840000E0	1.723400E1	-1.914065E0
1.860000E0	1.757526E1	-1.642751E0
1.880000E0	1.824082E1	-1.286377E0
1.900000E0	1.838199E1	-1.179414E0
1.920000E0	1.815969E1	-1.397326E0
1.940000E0	1.820319E1	-1.726745E0
1.960000E0	1.858365E1	-1.816816E0
1.980000E0	1.910556E1	-1.780439E0
2.000000E0	1.929535E1	-1.584646E0
2.020000E0	1.963013E1	-1.269428E0
2.040000E0	1.964714E1	-1.177901E0
2.060000E0	1.963518E1	-1.115622E0
2.080000E0	1.963867E1	-9.009023E-1
2.100000E0	1.974171E1	-7.020054E-1
2.120000E0	2.001249E1	-5.740398E-1
2.140000E0	2.025615E1	-7.775352E-1
2.160000E0	2.086200E1	-1.020578E0
2.180000E0	2.128676E1	-1.176431E0
2.200000E0	2.101318E1	-1.516984E0
2.220000E0	2.098614E1	-1.968287E0
2.240000E0	2.124260E1	-2.176163E0
2.260000E0	2.130104E1	-2.210608E0
2.280000E0	2.134178E1	-2.298037E0
2.300000E0	2.155326E1	-2.237025E0
2.320000E0	2.178799E1	-2.086945E0
2.340000E0	2.186262E1	-1.758780E0
2.360000E0	2.194215E1	-1.401628E0
2.380000E0	2.220052E1	-1.344030E0
2.400000E0	2.233707E1	-1.404918E0
2.420000E0	2.270485E1	-1.331918E0
2.440000E0	2.309572E1	-1.336224E0
2.460000E0	2.360512E1	-1.274417E0
2.480000E0	2.370427E1	-1.208653E0
2.500000E0	2.370385E1	-1.171633E0
2.520000E0	2.370957E1	-8.164989E-1
2.540000E0	2.372422E1	-4.992871E-1
2.560000E0	2.385220E1	-4.252590E-1
2.580000E0	2.407055E1	-6.995047E-1
2.600000E0	2.460908E1	-1.314364E0
2.620000E0	2.511422E1	-1.459074E0
2.640000E0	2.537046E1	-1.682538E0
2.660000E0	2.585296E1	-1.662975E0
2.680000E0	2.642355E1	-1.672212E0
2.700000E0	2.689627E1	-1.352313E0
2.720000E0	2.689268E1	-1.005789E0
2.740000E0	2.682051E1	-9.673675E-1
2.760000E0	2.682214E1	-1.121305E0
2.780000E0	2.677501E1	-1.423681E0
2.800000E0	2.642322E1	-2.150847E0
2.820000E0	2.648996E1	-2.694657E0
2.840000E0	2.681049E1	-2.646840E0
2.860000E0	2.722649E1	-2.578997E0
2.880000E0	2.727894E1	-2.395268E0
2.900000E0	2.753942E1	-2.081851E0
2.920000E0	2.817460E1	-1.552529E0
2.940000E0	2.854908E1	-1.338025E0
2.960000E0	2.892065E1	-1.180452E0
2.980000E0	2.930089E1	-1.134740E0
3.000000E0	2.941604E1	-1.226727E0
3.020000E0	2.957356E1	-1.643730E0
3.040000E0	2.974061E1	-1.921586E0
3.060000E0	2.982240E1	-1.923022E0
3.080000E0	2.980655E1	-1.905189E0
3.100000E0	2.986713E1	-2.107243E0
3.120000E0	2.998780E1	-2.150384E0
3.140000E0	3.034618E1	-2.389306E0
3.160000E0	3.082095E1	-2.547584E0
3.180000E0	3.107976E1	-2.720693E0
3.200000E0	3.101318E1	-2.917425E0
3.220000E0	3.135834E1	-2.891074E0
3.240000E0	3.152417E1	-2.574961E0
3.260000E0	3.169366E1	-2.035172E0
3.280000E0	3.194089E1	-2.182097E0
3.300000E0	3.197214E1	-2.397479E0
3.320000E0	3.202514E1	-2.435901E0
3.340000E0	3.240983E1	-2.332185E0
3.360000E0	3.280198E1	-2.325607E0
3.380000E0	3.281794E1	-2.360656E0
3.400000E0	3.285391E1	-2.339700E0
3.420000E0	3.290960E1	-2.274191E0
3.440000E0	3.295992E1	-2.095245E0
3.460000E0	3.301428E1	-1.929748E0
3.480000E0	3.314604E1	-1.870624E0
3.500000E0	3.350979E1	-1.942064E0
3.520000E0	3.398966E1	-1.959665E0
3.540000E0	3.448785E1	-1.954610E0
3.560000E0	3.513591E1	-1.964674E0
3.580000E0	3.578539E1	-2.125012E0
3.600000E0	3.615124E1	-2.247145E0
3.620000E0	3.597258E1	-2.062491E0
3.640000E0	3.582890E1	-1.904858E0
3.660000E0	3.587418E1	-2.058072E0
3.680000E0	3.594678E1	-2.409111E0
3.700000E0	3.568874E1	-2.967203E0
3.720000E0	3.540255E1	-3.392581E0
3.740000E0	3.544060E1	-3.615942E0
3.760000E0	3.590768E1	-3.508284E0
3.780000E0	3.654593E1	-2.988448E0
3.800000E0	3.712891E1	-2.349578E0
3.820000E0	3.743484E1	-1.724587E0
3.840000E0	3.712877E1	-1.678096E0
3.860000E0	3.724630E1	-2.127157E0
3.880000E0	3.734516E1	-2.409435E0
3.900000E0	3.744418E1	-2.511232E0
3.920000E0	3.784494E1	-2.661454E0
3.940000E0	3.826013E1	-2.779476E0
3.960000E0	3.878493E1	-2.846763E0
3.980000E0	3.925876E1	-2.964781E0
4.000000E0	3.913588E1	-3.147642E0
4.020000E0	3.908417E1	-3.436801E0
4.040000E0	3.957089E1	-3.513897E0
4.060000E0	4.063016E1	-3.536338E0
4.080000E0	4.170321E1	-3.476223E0
4.100000E0	4.227527E1	-3.263890E0
4.120000E0	4.207071E1	-2.850926E0
4.140000E0	4.178682E1	-2.672620E0
4.160000E0	4.187613E1	-2.699463E0
4.180000E0	4.233385E1	-3.206148E0
4.200000E0	4.256703E1	-3.453309E0
4.220000E0	4.270132E1	-3.339119E0
4.240000E0	4.275212E1	-3.303483E0
4.260000E0	4.281097E1	-3.191902E0
4.280000E0	4.311561E1	-3.056162E0
4.300000E0	4.311925E1	-2.927885E0
4.320000E0	4.311489E1	-2.948134E0
4.340000E0	4.359174E1	-2.987552E0
4.360000E0	4.412743E1	-2.995802E0
4.380000E0	4.460179E1	-3.068962E0
4.400000E0	4.462072E1	-3.304164E0
4.420000E0	4.462535E1	-3.357301E0
4.440000E0	4.469150E1	-3.494437E0
4.460000E0	4.495233E1	-3.676990E0
4.480000E0	4.535020E1	-3.960981E0
4.500000E0	4.597951E1	-3.841056E0
4.520000E0	4.613010E1	-3.694630E0
4.540000E0	4.609930E1	-3.633247E0
4.560000E0	4.606457E1	-3.631703E0
4.580000E0	4.611425E1	-3.521805E0
4.600000E0	4.607924E1	-3.488967E0
4.620000E0	4.593245E1	-3.656635E0
4.640000E0	4.572107E1	-4.173880E0
4.660000E0	4.575986E1	-4.085164E0
4.680000E0	4.621373E1	-3.470565E0
4.700000E0	4.679370E1	-2.938498E0
4.720000E0	4.765797E1	-2.226047E0
4.740000E0	4.754712E1	-2.146214E0
4.760000E0	4.733539E1	-2.549989E0
4.780000E0	4.735550E1	-2.693698E0
4.800000E0	4.738366E1	-2.651601E0
4.820000E0	4.749589E1	-2.677600E0
4.840000E0	4.769444E1	-2.754007E0
4.860000E0	4.817381E1	-2.683131E0
4.880000E0	4.860181E1	-2.491907E0
4.900000E0	4.863656E1	-2.558278E0
4.920000E0	4.874258E1	-3.026007E0
4.940000E0	4.921144E1	-3.061372E0
4.960000E0	4.956020E1	-3.116061E0
4.980000E0	4.962408E1	-3.103184E0
5.000000E0	4.971197E1	-3.169079E0
5.020000E0	4.999443E1	-3.302631E0
5.040000E0	5.046702E1	-3.331739E0
5.060000E0	5.082425E1	-3.475891E0
5.080000E0	5.085421E1	-3.490255E0
5.100000E0	5.120571E1	-3.457592E0
5.120000E0	5.175622E1	-3.431960E0
5.140000E0	5.264900E1	-3.297547E0
5.160000E0	5.313888E1	-3.028162E0
5.180000E0	5.333670E1	-2.872069E0
5.200000E0	5.327619E1	-2.843286E0
5.220000E0	5.347468E1	-3.025014E0
5.240000E0	5.395624E1	-3.463566E0
5.260000E0	5.412121E1	-3.625994E0
5.280000E0	5.406559E1	-3.586037E0
5.300000E0	5.425403E1	-3.654220E0
5.320000E0	5.421932E1	-3.847175E0
5.340000E0	5.424568E1	-3.987142E0
5.360000E0	5.442074E1	-4.166416E0
5.380000E0	5.488044E1	-4.131028E0
5.400000E0	5.518803E1	-3.999855E0
5.420000E0	5.549014E1	-3.969274E0
5.440000E0	5.572785E1	-3.994670E0
5.460000E0	5.590060E1	-4.059800E0
5.480000E0	5.587224E1	-4.022324E0
5.500000E0	5.559479E1	-4.185809E0
5.520000E0	5.542444E1	-4.683182E0
5.540000E0	5.555370E1	-4.738918E0
5.560000E0	5.586433E1	-4.345561E0
5.580000E0	5.601420E1	-4.190479E0
5.600000E0	5.616116E1	-4.148880E0
5.620000E0	5.648455E1	-3.732789E0
5.640000E0	5.669028E1	-3.218320E0
5.660000E0	5.674435E1	-3.079504E0
5.680000E0	5.673317E1	-3.203455E0
5.700000E0	5.674083E1	-3.123655E0
5.720000E0	5.687733E1	-2.926728E0
5.740000E0	5.702549E1	-2.784392E0
5.760000E0	5.725517E1	-2.735458E0
5.780000E0	5.733473E1	-2.764576E0
5.800000E0	5.740094E1	-3.158483E0
5.820000E0	5.764265E1	-3.517132E0
5.840000E0	5.810686E1	-3.515120E0
5.860000E0	5.821059E1	-3.566464E0
5.880000E0	5.839026E1	-3.691057E0
5.900000E0	5.845899E1	-3.625355E0
5.920000E0	5.865606E1	-3.369807E0
5.940000E0	5.902830E1	-3.224940E0
5.960000E0	5.934304E1	-3.197617E0
5.980000E0	5.962119E1	-3.075351E0
6.000000E0	6.012129E1	-3.127981E0
6.020000E0	6.059452E1	-3.077665E0
6.040000E0	6.074750E1	-3.200552E0
6.060000E0	6.078526E1	-3.243376E0
6.080000E0	6.079894E1	-3.173920E0
6.100000E0	6.084305E1	-3.008970E0
6.120000E0	6.109286E1	-3.015126E0
6.140000E0	6.142463E1	-3.367478E0
6.160000E0	6.190255E1	-3.557265E0
6.180000E0	6.222632E1	-3.713088E0
6.200000E0	6.226090E1	-3.850436E0
6.220000E0	6.246121E1	-4.124042E0
6.240000E0	6.283920E1	-4.356210E0
6.260000E0	6.365334E1	-4.257853E0
6.280000E0	6.477586E1	-4.168823E0
6.300000E0	6.584656E1	-4.032722E0
6.320000E0	6.577561E1	-4.003092E0
6.340000E0	6.535206E1	-4.058098E0
6.360000E0	6.561384E1	-4.225459E0
6.380000E0	6.614794E1	-4.277480E0
6.400000E0	6.615521E1	-4.204150E0
6.420000E0	6.571853E1	-4.272202E0
6.440000E0	6.582639E1	-4.730243E0
6.460000E0	6.580518E1	-4.645291E0
6.480000E0	6.586811E1	-4.184148E0
6.500000E0	6.606913E1	-4.060023E0
6.520000E0	6.650724E1	-3.747942E0
6.540000E0	6.677709E1	-3.354629E0
6.560000E0	6.726635E1	-3.023342E0
6.580000E0	6.735391E1	-3.147673E0
6.600000E0	6.733246E1	-3.942150E0
6.620000E0	6.732319E1	-4.005876E0
6.640000E0	6.739031E1	-3.755988E0
6.660000E0	6.740659E1	-3.689175E0
6.680000E0	6.741781E1	-3.834268E0
6.700000E0	6.735157E1	-3.967137E0
6.720000E0	6.744643E1	-4.101938E0
6.740000E0	6.751675E1	-4.184783E0
6.760000E0	6.764139E1	-4.381171E0
6.780000E0	6.766404E1	-4.681240E0
6.800000E0	6.769539E1	-4.768397E0
6.820000E0	6.791084E1	-4.606414E0
6.840000E0	6.839285E1	-3.678107E0
6.860000E0	6.844430E1	-2.794781E0
6.880000E0	6.887696E1	-2.755863E0
6.900000E0	6.931830E1	-3.131064E0
6.920000E0	6.966945E1	-3.461599E0
6.940000E0	7.008756E1	-3.463787E0
6.960000E0	7.016676E1	-3.327870E0
6.980000E0	7.020059E1	-3.446742E0
7.000000E0	7.022692E1	-3.478252E0
7.020000E0	7.027029E1	-3.382594E0
7.040000E0	7.037454E1	-3.417804E0
7.060000E0	7.076448E1	-3.492877E0
7.080000E0	7.111431E1	-3.392841E0
7.100000E0	7.135890E1	-3.309239E0
7.120000E0	7.188773E1	-3.136595E0
7.140000E0	7.241167E1	-2.994969E0
7.160000E0	7.280751E1	-3.030577E0
7.180000E0	7.292969E1	-3.169664E0
7.200000E0	7.297123E1	-3.114092E0
7.220000E0	7.294238E1	-3.138482E0
7.240000E0	7.315542E1	-3.658837E0
7.260000E0	7.337695E1	-4.170504E0
7.280000E0	7.346502E1	-4.145677E0
7.300000E0	7.310091E1	-4.210180E0
7.320000E0	7.284867E1	-4.555681E0
7.340000E0	7.290577E1	-4.587963E0
7.360000E0	7.344011E1	-4.554544E0
7.380000E0	7.422589E1	-4.211721E0
7.400000E0	7.483146E1	-3.844230E0
7.420000E0	7.534487E1	-3.229396E0
7.440000E0	7.538742E1	-3.066520E0
7.460000E0	7.535249E1	-3.629605E0
7.480000E0	7.537392E1	-4.388373E0
7.500000E0	7.540349E1	-4.265898E0
7.520000E0	7.562811E1	-3.765307E0
7.540000E0	7.566544E1	-3.550728E0
7.560000E0	7.564968E1	-3.605267E0
7.580000E0	7.605773E1	-3.659091E0
7.600000E0	7.625467E1	-3.515462E0
7.620000E0	7.653444E1	-3.707657E0
7.640000E0	7.692335E1	-4.119223E0
7.660000E0	7.744488E1	-4.951669E0
7.680000E0	7.724352E1	-5.623650E0
7.700000E0	7.705052E1	-5.763990E0
7.720000E0	7.726831E1	-5.542128E0
7.740000E0	7.735029E1	-4.690981E0
7.760000E0	7.773057E1	-4.067617E0
7.780000E0	7.814845E1	-4.016274E0
7.800000E0	7.853774E1	-4.227599E0
7.820000E0	7.876743E1	-4.425112E0
7.840000E0	7.896853E1	-4.375288E0
7.860000E0	7.911845E1	-4.102926E0
7.880000E0	7.932182E1	-3.812319E0
7.900000E0	7.955494E1	-3.619545E0
7.920000E0	7.960507E1	-3.586350E0
7.940000E0	7.979320E1	-3.459211E0
7.960000E0	7.993816E1	-3.460247E0
7.980000E0	8.029837E1	-3.335578E0
8.000000E0	8.081702E1	-3.399800E0
8.020000E0	8.141128E1	-3.448026E0
8.040000E0	8.203704E1	-3.556980E0
8.060000E0	8.218380E1	-3.627152E0
8.080000E0	8.217527E1	-3.689802E0
8.100000E0	8.254468E1	-3.733860E0
8.120000E0	8.271415E1	-3.984717E0
8.140000E0	8.293556E1	-3.926527E0
8.160000E0	8.324209E1	-3.551592E0
8.180000E0	8.335235E1	-3.134345E0
8.200000E0	8.339714E1	-3.122601E0
8.220000E0	8.329589E1	-3.473852E0
8.240000E0	8.311127E1	-3.819848E0
8.260000E0	8.297841E1	-4.188459E0
8.280000E0	8.315635E1	-4.215847E0
8.300000E0	8.342067E1	-3.781198E0
8.320000E0	8.394183E1	-3.679833E0
8.340000E0	8.452917E1	-3.634799E0
8.360000E0	8.459180E1	-4.014913E0
8.380000E0	8.454632E1	-4.311691E0
8.400000E0	8.452891E1	-4.215978E0
8.420000E0	8.455282E1	-4.067550E0
8.440000E0	8.467824E1	-4.029919E0
8.460000E0	8.516877E1	-4.038869E0
8.480000E0	8.613475E1	-4.050743E0
8.500000E0	8.716354E1	-3.971548E0
8.520000E0	8.779289E1	-3.826063E0
8.540000E0	8.775231E1	-4.019753E0
8.560000E0	8.798058E1	-4.551868E0
8.580000E0	8.830267E1	-5.006157E0
8.600000E0	8.833058E1	-5.623579E0
8.620000E0	8.802512E1	-5.887193E0
8.640000E0	8.805396E1	-5.893831E0
8.660000E0	8.826856E1	-5.559114E0
8.680000E0	8.833119E1	-5.095136E0
8.700000E0	8.858917E1	-4.426345E0
8.720000E0	8.923197E1	-4.101234E0
8.740000E0	8.979998E1	-3.977272E0
8.760000E0	9.030782E1	-4.155429E0
8.780000E0	9.041008E1	-4.451838E0
8.800000E0	9.043623E1	-5.101871E0
8.820000E0	9.045979E1	-5.228343E0
8.840000E0	9.056368E1	-5.120021E0
8.860000E0	9.086069E1	-4.738486E0
8.880000E0	9.083022E1	-4.729713E0
8.900000E0	9.090247E1	-4.851014E0
8.920000E0	9.097525E1	-4.998650E0
8.940000E0	9.139697E1	-4.959334E0
8.960000E0	9.163043E1	-5.035181E0
8.980000E0	9.199319E1	-5.099566E0
9.000000E0	9.220251E1	-5.057192E0
9.020000E0	9.252702E1	-4.853015E0
9.040000E0	9.281345E1	-4.532798E0
9.060000E0	9.297624E1	-4.352027E0
9.080000E0	9.319360E1	-4.181686E0
9.100000E0	9.327631E1	-3.837442E0
9.120000E0	9.322933E1	-3.666583E0
9.140000E0	9.319942E1	-3.744527E0
9.160000E0	9.310969E1	-4.161689E0
9.180000E0	9.329127E1	-4.537664E0
9.200000E0	9.375379E1	-4.556675E0
9.220000E0	9.399704E1	-4.248091E0
9.240000E0	9.464523E1	-3.950932E0
9.260000E0	9.455659E1	-4.061657E0
9.280000E0	9.462604E1	-4.369248E0
9.300000E0	9.467141E1	-4.386711E0
9.320000E0	9.481608E1	-4.157249E0
9.340000E0	9.499217E1	-3.786547E0
9.360000E0	9.549443E1	-3.667968E0
9.380000E0	9.604945E1	-3.602095E0
9.400000E0	9.608167E1	-3.493776E0
9.420000E0	9.610438E1	-3.504381E0
9.440000E0	9.635966E1	-4.199967E0
9.460000E0	9.676898E1	-5.070864E0
9.480000E0	9.732538E1	-5.700294E0
9.500000E0	9.773825E1	-5.754170E0
9.520000E0	9.774850E1	-5.705103E0
9.540000E0	9.774061E1	-5.365989E0
9.560000E0	9.831546E1	-5.004151E0
9.580000E0	9.908140E1	-4.440358E0
9.600000E0	9.937231E1	-3.954071E0
9.620000E0	9.972766E1	-4.000312E0
9.640000E0	9.990086E1	-4.259890E0
9.660000E0	1.002476E2	-4.769822E0
9.680000E0	1.004531E2	-5.077874E0
9.700000E0	1.003379E2	-5.091876E0
9.720000E0	1.003564E2	-4.926757E0
9.740000E0	1.003801E2	-4.599413E0
9.760000E0	1.005675E2	-4.339541E0
9.780000E0	1.008587E2	-4.195104E0
9.800000E0	1.009804E2	-4.162803E0
9.820000E0	1.010382E2	-4.584701E0
9.840000E0	1.013610E2	-4.976400E0
9.860000E0	1.018986E2	-5.109061E0
9.880000E0	1.023436E2	-5.187047E0
9.900000E0	1.026264E2	-5.326177E0
9.920000E0	1.029595E2	-5.220482E0
9.940000E0	1.029251E2	-5.169975E0
9.960000E0	1.029040E2	-5.143656E0
9.980000E0	1.029137E2	-5.138507E0
1.000000E1	1.030767E2	-4.973189E0
1.002000E1	1.029428E2	-5.072225E0
1.004000E1	1.026819E2	-5.433201E0
1.006000E1	1.026682E2	-5.702702E0
1.008000E1	1.027339E2	-5.558827E0
1.010000E1	1.029712E2	-5.219134E0
1.012000E1	1.031174E2	-5.034060E0
1.014000E1	1.036138E2	-4.582314E0
1.016000E1	1.037941E2	-3.932164E0
1.018000E1	1.037687E2	-3.639345E0
1.020000E1	1.038097E2	-3.824006E0
1.022000E1	1.039489E2	-4.169036E0
1.024000E1	1.039951E2	-4.088967E0
1.026000E1	1.041225E2	-3.997699E0
1.028000E1	1.043142E2	-4.046305E0
1.030000E1	1.049241E2	-4.234791E0
1.032000E1	1.055394E2	-4.824838E0
1.034000E1	1.059754E2	-5.242494E0
1.036000E1	1.062429E2	-5.100058E0
1.038000E1	1.065309E2	-5.023409E0
1.040000E1	1.065790E2	-4.995884E0
1.042000E1	1.066770E2	-5.077975E0
1.044000E1	1.069367E2	-4.981230E0
1.046000E1	1.070168E2	-4.957864E0
1.048000E1	1.069585E2	-4.819039E0
1.050000E1	1.068716E2	-4.428997E0
1.052000E1	1.069583E2	-4.513494E0
1.054000E1	1.077364E2	-5.116390E0
1.056000E1	1.085067E2	-5.333075E0
1.058000E1	1.087185E2	-5.521682E0
1.060000E1	1.086917E2	-5.805657E0
1.062000E1	1.085847E2	-5.620565E0
1.064000E1	1.086753E2	-5.433716E0
1.066000E1	1.090533E2	-5.203043E0
1.068000E1	1.097934E2	-4.808818E0
1.070000E1	1.107547E2	-4.618929E0
1.072000E1	1.111566E2	-4.747510E0
1.074000E1	1.116887E2	-4.789590E0
1.076000E1	1.120167E2	-4.901747E0
1.078000E1	1.121807E2	-5.095695E0
1.080000E1	1.126058E2	-5.473654E0
1.082000E1	1.129663E2	-5.556332E0
1.084000E1	1.132669E2	-5.350881E0
1.086000E1	1.134583E2	-5.338900E0
1.088000E1	1.133593E2	-5.313741E0
1.090000E1	1.129709E2	-5.252539E0
1.092000E1	1.129828E2	-5.160331E0
1.094000E1	1.130345E2	-4.957778E0
1.096000E1	1.128303E2	-5.124434E0
1.098000E1	1.129721E2	-5.335259E0
1.100000E1	1.134449E2	-5.320662E0
1.102000E1	1.138612E2	-5.318737E0
1.104000E1	1.140580E2	-5.326993E0
1.106000E1	1.140757E2	-5.199545E0
1.108000E1	1.140388E2	-5.187781E0
1.110000E1	1.140054E2	-5.195738E0
1.112000E1	1.140523E2	-5.185961E0
1.114000E1	1.140885E2	-5.166453E0
1.116000E1	1.140772E2	-5.182329E0
1.118000E1	1.140621E2	-5.184075E0
1.120000E1	1.140474E2	-5.144443E0
1.122000E1	1.140213E2	-5.139676E0
1.124000E1	1.139892E2	-5.269095E0
1.126000E1	1.143199E2	-5.461599E0
1.128000E1	1.148532E2	-5.522170E0
1.130000E1	1.153101E2	-5.539713E0
1.132000E1	1.154255E2	-5.589363E0
1.134000E1	1.157017E2	-5.532790E0
1.136000E1	1.162199E2	-5.322474E0
1.138000E1	1.165319E2	-4.721613E0
1.140000E1	1.162815E2	-4.597281E0
1.142000E1	1.163045E2	-4.622137E0
1.144000E1	1.164853E2	-5.015914E0
1.146000E1	1.169105E2	-5.630642E0
1.148000E1	1.174923E2	-5.594742E0
1.150000E1	1.177956E2	-5.379460E0
1.152000E1	1.178920E2	-5.373136E0
1.154000E1	1.181269E2	-5.149544E0
1.156000E1	1.182961E2	-4.579638E0
1.158000E1	1.182015E2	-4.270591E0
1.160000E1	1.181785E2	-4.254917E0
1.162000E1	1.181303E2	-4.527208E0
1.164000E1	1.184265E2	-4.738239E0
1.166000E1	1.190103E2	-4.803318E0
1.168000E1	1.197482E2	-5.070772E0
1.170000E1	1.204505E2	-5.364637E0
1.172000E1	1.210070E2	-5.602164E0
1.174000E1	1.211070E2	-5.563336E0
1.176000E1	1.211194E2	-5.189813E0
1.178000E1	1.213899E2	-4.991831E0
1.180000E1	1.219387E2	-4.676505E0
1.182000E1	1.221172E2	-4.573746E0
1.184000E1	1.219379E2	-4.795224E0
1.186000E1	1.218095E2	-5.369894E0
1.188000E1	1.220822E2	-5.657760E0
1.190000E1	1.224445E2	-5.648312E0
1.192000E1	1.226589E2	-5.407786E0
1.194000E1	1.227814E2	-5.230474E0
1.196000E1	1.225504E2	-5.017012E0
1.198000E1	1.225534E2	-4.949254E0
1.200000E1	1.225915E2	-4.841129E0
1.202000E1	1.226841E2	-4.910354E0
1.204000E1	1.231042E2	-4.943162E0
1.206000E1	1.235543E2	-4.967888E0
1.208000E1	1.236423E2	-5.264667E0
1.210000E1	1.236254E2	-5.697482E0
1.212000E1	1.235726E2	-5.892506E0
1.214000E1	1.236818E2	-6.077845E0
1.216000E1	1.237984E2	-6.240779E0
1.218000E1	1.239566E2	-6.402451E0
1.220000E1	1.240963E2	-6.700143E0
1.222000E1	1.243510E2	-6.694131E0
1.224000E1	1.247265E2	-6.501827E0
1.226000E1	1.247543E2	-6.349622E0
1.228000E1	1.246313E2	-6.132088E0
1.230000E1	1.246860E2	-5.688113E0
1.232000E1	1.248646E2	-5.632425E0
1.234000E1	1.253312E2	-5.739481E0
1.236000E1	1.257922E2	-5.859962E0
1.238000E1	1.260350E2	-5.944026E0
1.240000E1	1.262436E2	-5.953715E0
1.242000E1	1.261824E2	-6.009503E0
1.244000E1	1.262005E2	-5.907352E0
1.246000E1	1.264941E2	-5.578622E0
1.248000E1	1.269381E2	-5.459816E0
1.250000E1	1.271809E2	-5.219708E0
1.252000E1	1.272724E2	-5.338488E0
1.254000E1	1.275694E2	-5.935655E0
1.256000E1	1.280948E2	-5.987698E0
1.258000E1	1.287219E2	-5.390203E0
1.260000E1	1.291661E2	-5.445312E0
1.262000E1	1.296825E2	-5.465292E0
1.264000E1	1.297668E2	-5.394733E0
1.266000E1	1.296169E2	-5.223020E0
1.268000E1	1.296210E2	-5.097344E0
1.270000E1	1.296883E2	-5.072173E0
1.272000E1	1.297965E2	-5.015782E0
1.274000E1	1.297861E2	-5.238344E0
1.276000E1	1.297463E2	-6.081900E0
1.278000E1	1.299608E2	-6.469592E0
1.280000E1	1.305097E2	-6.502554E0
1.282000E1	1.311062E2	-6.171628E0
1.284000E1	1.312917E2	-5.951282E0
1.286000E1	1.312258E2	-5.968948E0
1.288000E1	1.312072E2	-6.000342E0
1.290000E1	1.313354E2	-5.948695E0
1.292000E1	1.316202E2	-5.912707E0
1.294000E1	1.322270E2	-5.863111E0
1.296000E1	1.330258E2	-5.709999E0
1.298000E1	1.335383E2	-5.675018E0
1.300000E1	1.337826E2	-5.788686E0
1.302000E1	1.337369E2	-5.866209E0
1.304000E1	1.337485E2	-5.928962E0
1.306000E1	1.341912E2	-6.459341E0
1.308000E1	1.344185E2	-6.973451E0
1.310000E1	1.345629E2	-7.207992E0
1.312000E1	1.345825E2	-7.408771E0
1.314000E1	1.346296E2	-7.441706E0
1.316000E1	1.347598E2	-7.166052E0
1.318000E1	1.348941E2	-6.574462E0
1.320000E1	1.354628E2	-5.767234E0
1.322000E1	1.360026E2	-5.727245E0
1.324000E1	1.364927E2	-6.397296E0
1.326000E1	1.366957E2	-6.942853E0
1.328000E1	1.367821E2	-6.957976E0
1.330000E1	1.369475E2	-6.687719E0
1.332000E1	1.369029E2	-6.627982E0
1.334000E1	1.368615E2	-6.582676E0
1.336000E1	1.370005E2	-6.345144E0
1.338000E1	1.373474E2	-6.029796E0
1.340000E1	1.374024E2	-6.054562E0
1.342000E1	1.374562E2	-6.127363E0
1.344000E1	1.374023E2	-6.091133E0
1.346000E1	1.374989E2	-5.957338E0
1.348000E1	1.376909E2	-6.009565E0
1.350000E1	1.382154E2	-6.050575E0
1.352000E1	1.389447E2	-5.947103E0
1.354000E1	1.395832E2	-5.156657E0
1.356000E1	1.397902E2	-4.716889E0
1.358000E1	1.397981E2	-4.414502E0
1.360000E1	1.397636E2	-4.549531E0
1.362000E1	1.398727E2	-4.704219E0
1.364000E1	1.398180E2	-4.746762E0
1.366000E1	1.395214E2	-5.049425E0
1.368000E1	1.395957E2	-5.816065E0
1.370000E1	1.398673E2	-6.431359E0
1.372000E1	1.402454E2	-6.552950E0
1.374000E1	1.408320E2	-5.921004E0
1.376000E1	1.415368E2	-4.920787E0
1.378000E1	1.413523E2	-4.508553E0
1.380000E1	1.414185E2	-4.692352E0
1.382000E1	1.415171E2	-4.930418E0
1.384000E1	1.414316E2	-4.971677E0
1.386000E1	1.414512E2	-4.957100E0
1.388000E1	1.417482E2	-4.928650E0
1.390000E1	1.423139E2	-5.429246E0
1.392000E1	1.428387E2	-5.905897E0
1.394000E1	1.431167E2	-6.364965E0
1.396000E1	1.430801E2	-6.537691E0
1.398000E1	1.433611E2	-6.650677E0
1.400000E1	1.440707E2	-6.587658E0
1.402000E1	1.450965E2	-6.538354E0
1.404000E1	1.458263E2	-6.088608E0
1.406000E1	1.460716E2	-5.518937E0
1.408000E1	1.459191E2	-5.228773E0
1.410000E1	1.458242E2	-5.164513E0
1.412000E1	1.460688E2	-5.878232E0
1.414000E1	1.461806E2	-6.508113E0
1.416000E1	1.464651E2	-6.443795E0
1.418000E1	1.465331E2	-6.217470E0
1.420000E1	1.465956E2	-5.981583E0
1.422000E1	1.467006E2	-5.913719E0
1.424000E1	1.466953E2	-5.908332E0
1.426000E1	1.467486E2	-5.963251E0
1.428000E1	1.472393E2	-6.001810E0
1.430000E1	1.478408E2	-5.853803E0
1.432000E1	1.483176E2	-5.937933E0
1.434000E1	1.484197E2	-6.420907E0
1.436000E1	1.485658E2	-6.627678E0
1.438000E1	1.485820E2	-6.636555E0
1.440000E1	1.488297E2	-6.653761E0
1.442000E1	1.491247E2	-6.546338E0
1.444000E1	1.495102E2	-6.445941E0
1.446000E1	1.495261E2	-6.436033E0
1.448000E1	1.495653E2	-6.434062E0
1.450000E1	1.495882E2	-6.346049E0
1.452000E1	1.496209E2	-6.157815E0
1.454000E1	1.493299E2	-6.334614E0
1.456000E1	1.491953E2	-6.637334E0
1.458000E1	1.492012E2	-6.703427E0
1.460000E1	1.494109E2	-6.452844E0
1.462000E1	1.497831E2	-5.825130E0
1.464000E1	1.504140E2	-5.164974E0
1.466000E1	1.509725E2	-4.526501E0
1.468000E1	1.508752E2	-4.596095E0
1.470000E1	1.508448E2	-5.008410E0
1.472000E1	1.508997E2	-5.079699E0
1.474000E1	1.509808E2	-5.019074E0
1.476000E1	1.511768E2	-5.187458E0
1.478000E1	1.515906E2	-5.638951E0
1.480000E1	1.520222E2	-5.640558E0
1.482000E1	1.524539E2	-5.404884E0
1.484000E1	1.525294E2	-5.446885E0
1.486000E1	1.527883E2	-5.984860E0
1.488000E1	1.533189E2	-6.000369E0
1.490000E1	1.538019E2	-5.919598E0
1.492000E1	1.540738E2	-5.906591E0
1.494000E1	1.540578E2	-5.991875E0
1.496000E1	1.540436E2	-5.924710E0
1.498000E1	1.541171E2	-5.864306E0
1.500000E1	1.541791E2	-6.024636E0
1.502000E1	1.544114E2	-6.136985E0
1.504000E1	1.548286E2	-6.412288E0
1.506000E1	1.553949E2	-6.691789E0
1.508000E1	1.556166E2	-6.733099E0
1.510000E1	1.559345E2	-6.564985E0
1.512000E1	1.563301E2	-6.460941E0
1.514000E1	1.568436E2	-6.295256E0
1.516000E1	1.573845E2	-5.938164E0
1.518000E1	1.580007E2	-5.415607E0
1.520000E1	1.584885E2	-5.093949E0
1.522000E1	1.588646E2	-5.172911E0
1.524000E1	1.590274E2	-5.840991E0
1.526000E1	1.593189E2	-6.313523E0
1.528000E1	1.594190E2	-6.439295E0
1.530000E1	1.596591E2	-6.477422E0
1.532000E1	1.601702E2	-6.385645E0
1.534000E1	1.603932E2	-6.254599E0
1.536000E1	1.604060E2	-6.215184E0
1.538000E1	1.602671E2	-6.080499E0
1.540000E1	1.603077E2	-6.072614E0
1.542000E1	1.603590E2	-6.062873E0
1.544000E1	1.607653E2	-5.949809E0
1.546000E1	1.608975E2	-5.957381E0
1.548000E1	1.607154E2	-6.245641E0
1.550000E1	1.607730E2	-6.664868E0
1.552000E1	1.612101E2	-6.686180E0
1.554000E1	1.613499E2	-6.371051E0
1.556000E1	1.615232E2	-6.223179E0
1.558000E1	1.616688E2	-5.968368E0
1.560000E1	1.616608E2	-5.918508E0
1.562000E1	1.616095E2	-5.989377E0
1.564000E1	1.615894E2	-6.055796E0
1.566000E1	1.615781E2	-6.064125E0
1.568000E1	1.615827E2	-6.048948E0
1.570000E1	1.615969E2	-6.032785E0
1.572000E1	1.616472E2	-5.872831E0
1.574000E1	1.616740E2	-5.734110E0
1.576000E1	1.617752E2	-5.934733E0
1.578000E1	1.621027E2	-6.172830E0
1.580000E1	1.626501E2	-6.172834E0
1.582000E1	1.631033E2	-6.155068E0
1.584000E1	1.634528E2	-6.099952E0
1.586000E1	1.635172E2	-6.001986E0
1.588000E1	1.637504E2	-5.895272E0
1.590000E1	1.637306E2	-5.781571E0
1.592000E1	1.636220E2	-5.561757E0
1.594000E1	1.637861E2	-5.596526E0
1.596000E1	1.643201E2	-5.984094E0
1.598000E1	1.650359E2	-6.037519E0
1.600000E1	1.654959E2	-5.992593E0
1.602000E1	1.655284E2	-5.892256E0
1.604000E1	1.655120E2	-5.853939E0
1.606000E1	1.656327E2	-5.607627E0
1.608000E1	1.656972E2	-5.170310E0
1.610000E1	1.656868E2	-5.090136E0
1.612000E1	1.657383E2	-5.010479E0
1.614000E1	1.659142E2	-5.382500E0
1.616000E1	1.666620E2	-6.037165E0
1.618000E1	1.672801E2	-6.467568E0
1.620000E1	1.677014E2	-6.583926E0
1.622000E1	1.678195E2	-6.599991E0
1.624000E1	1.682873E2	-6.424961E0
1.626000E1	1.689619E2	-6.193620E0
1.628000E1	1.695381E2	-6.038290E0
1.630000E1	1.697852E2	-5.700800E0
1.632000E1	1.697661E2	-5.457277E0
1.634000E1	1.697498E2	-5.534652E0
1.636000E1	1.695479E2	-6.202945E0
1.638000E1	1.693876E2	-6.539985E0
1.640000E1	1.696523E2	-6.639415E0
1.642000E1	1.700114E2	-6.483560E0
1.644000E1	1.700424E2	-6.258921E0
1.646000E1	1.701553E2	-5.823168E0
1.648000E1	1.704905E2	-5.307597E0
1.650000E1	1.706994E2	-4.917339E0
1.652000E1	1.708417E2	-4.990813E0
1.654000E1	1.709775E2	-5.167410E0
1.656000E1	1.710890E2	-5.426222E0
1.658000E1	1.711584E2	-5.837017E0
1.660000E1	1.712667E2	-5.882493E0
1.662000E1	1.712419E2	-5.835326E0
1.664000E1	1.711872E2	-5.867667E0
1.666000E1	1.713432E2	-6.139742E0
1.668000E1	1.715628E2	-6.303403E0
1.670000E1	1.716820E2	-6.487619E0
1.672000E1	1.717509E2	-6.675159E0
1.674000E1	1.717371E2	-6.686912E0
1.676000E1	1.718699E2	-6.661830E0
1.678000E1	1.722388E2	-6.149846E0
1.680000E1	1.723557E2	-5.439251E0
1.682000E1	1.725809E2	-5.213464E0
1.684000E1	1.729503E2	-5.345270E0
1.686000E1	1.736553E2	-5.695919E0
1.688000E1	1.742544E2	-5.773721E0
1.690000E1	1.745859E2	-5.741391E0
1.692000E1	1.744831E2	-5.568828E0
1.694000E1	1.744954E2	-5.563141E0
1.696000E1	1.744181E2	-5.274704E0
1.698000E1	1.743688E2	-5.059165E0
1.700000E1	1.745542E2	-5.218663E0
1.702000E1	1.749377E2	-5.569787E0
1.704000E1	1.753725E2	-5.593602E0
1.706000E1	1.757748E2	-5.425717E0
1.708000E1	1.763653E2	-5.197874E0
1.710000E1	1.768697E2	-4.987669E0
1.712000E1	1.772654E2	-4.983057E0
1.714000E1	1.775448E2	-4.911971E0
1.716000E1	1.775474E2	-4.979628E0
1.718000E1	1.775622E2	-4.927787E0
1.720000E1	1.776644E2	-4.828996E0
1.722000E1	1.778504E2	-4.867933E0
1.724000E1	1.780707E2	-5.488409E0
1.726000E1	1.778729E2	-6.302299E0
1.728000E1	1.776974E2	-6.540726E0
1.730000E1	1.777952E2	-6.567720E0
1.732000E1	1.780847E2	-6.370439E0
1.734000E1	1.783920E2	-6.225975E0
1.736000E1	1.788815E2	-5.982533E0
1.738000E1	1.797418E2	-5.512331E0
1.740000E1	1.799755E2	-5.135574E0
1.742000E1	1.802089E2	-4.895222E0
1.744000E1	1.803504E2	-5.041332E0
1.746000E1	1.804425E2	-5.439411E0
1.748000E1	1.806448E2	-5.695096E0
1.750000E1	1.807774E2	-5.782918E0
1.752000E1	1.809774E2	-5.807281E0
1.754000E1	1.812072E2	-5.841955E0
1.756000E1	1.811677E2	-5.787787E0
1.758000E1	1.812824E2	-5.735427E0
1.760000E1	1.815806E2	-5.907223E0
1.762000E1	1.820318E2	-6.464574E0
1.764000E1	1.823130E2	-6.668737E0
1.766000E1	1.824203E2	-6.946149E0
1.768000E1	1.824926E2	-7.013929E0
1.770000E1	1.826887E2	-6.805077E0
1.772000E1	1.828855E2	-6.080796E0
1.774000E1	1.831812E2	-5.760705E0
1.776000E1	1.835306E2	-6.130286E0
1.778000E1	1.837588E2	-6.401704E0
1.780000E1	1.838913E2	-6.561913E0
1.782000E1	1.840282E2	-6.419020E0
1.784000E1	1.842393E2	-6.289397E0
1.786000E1	1.843811E2	-6.221533E0
1.788000E1	1.844753E2	-6.204453E0
1.790000E1	1.845928E2	-5.956759E0
1.792000E1	1.847995E2	-5.907608E0
1.794000E1	1.849325E2	-5.884116E0
1.796000E1	1.849383E2	-5.921197E0
1.798000E1	1.852197E2	-5.725103E0
1.800000E1	1.856696E2	-5.653118E0
1.802000E1	1.861220E2	-5.523201E0
1.804000E1	1.867701E2	-5.313500E0
1.806000E1	1.873030E2	-5.029040E0
1.808000E1	1.875915E2	-4.946075E0
1.810000E1	1.875650E2	-4.939085E0
1.812000E1	1.873883E2	-4.586808E0
1.814000E1	1.873772E2	-4.581111E0
1.816000E1	1.874229E2	-4.828465E0
1.818000E1	1.873703E2	-5.630595E0
1.820000E1	1.869916E2	-6.405047E0
1.822000E1	1.870497E2	-6.721014E0
1.824000E1	1.874571E2	-6.287144E0
1.826000E1	1.881797E2	-5.648888E0
1.828000E1	1.889247E2	-5.009165E0
1.830000E1	1.889239E2	-4.441350E0
1.832000E1	1.888744E2	-4.476045E0
1.834000E1	1.888950E2	-4.893077E0
1.836000E1	1.888675E2	-5.127480E0
1.838000E1	1.890123E2	-5.199191E0
1.840000E1	1.894298E2	-5.324405E0
1.842000E1	1.899948E2	-5.611042E0
1.844000E1	1.905269E2	-5.889700E0
1.846000E1	1.908164E2	-6.121604E0
1.848000E1	1.908372E2	-6.134657E0
1.850000E1	1.911060E2	-6.385789E0
1.852000E1	1.920418E2	-6.586409E0
1.854000E1	1.929484E2	-6.385794E0
1.856000E1	1.936890E2	-5.802925E0
1.858000E1	1.938003E2	-5.241417E0
1.860000E1	1.935566E2	-5.336518E0
1.862000E1	1.932783E2	-5.874443E0
1.864000E1	1.934645E2	-6.090917E0
1.866000E1	1.935492E2	-6.007124E0
1.868000E1	1.938771E2	-6.074590E0
1.870000E1	1.942076E2	-6.105239E0
1.872000E1	1.943716E2	-5.945206E0
1.874000E1	1.944741E2	-5.608506E0
1.876000E1	1.944755E2	-5.447141E0
1.878000E1	1.945416E2	-5.658646E0
1.880000E1	1.949410E2	-5.847765E0
1.882000E1	1.954196E2	-5.748883E0
1.884000E1	1.954723E2	-5.880637E0
1.886000E1	1.955193E2	-6.252678E0
1.888000E1	1.955921E2	-6.225534E0
1.890000E1	1.956521E2	-6.174690E0
1.892000E1	1.958982E2	-6.276877E0
1.894000E1	1.963606E2	-6.334733E0
1.896000E1	1.968720E2	-6.168056E0
1.898000E1	1.970519E2	-5.980005E0
1.900000E1	1.970258E2	-5.998406E0
1.902000E1	1.970022E2	-6.020207E0
1.904000E1	1.970247E2	-5.918163E0
1.906000E1	1.970850E2	-5.778891E0
1.908000E1	1.969065E2	-5.960089E0
1.910000E1	1.967868E2	-6.404530E0
1.912000E1	1.968847E2	-6.468596E0
1.914000E1	1.973001E2	-5.964331E0
1.916000E1	1.980169E2	-5.277523E0
1.918000E1	1.987686E2	-4.704337E0
1.920000E1	1.987860E2	-4.552739E0
1.922000E1	1.987409E2	-4.770849E0
1.924000E1	1.988447E2	-5.033230E0
1.926000E1	1.989864E2	-5.291799E0
1.928000E1	1.991532E2	-5.589041E0
1.930000E1	1.993462E2	-5.600881E0
1.932000E1	1.998347E2	-5.444107E0
1.934000E1	2.003913E2	-5.171615E0
1.936000E1	2.008416E2	-5.095033E0
1.938000E1	2.009988E2	-5.527482E0
1.940000E1	2.013749E2	-5.806550E0
1.942000E1	2.018881E2	-5.724151E0
1.944000E1	2.020513E2	-5.715044E0
1.946000E1	2.020985E2	-5.637254E0
1.948000E1	2.021084E2	-5.670237E0
1.950000E1	2.023639E2	-6.019488E0
1.952000E1	2.024782E2	-6.143189E0
1.954000E1	2.026317E2	-6.051814E0
1.956000E1	2.029581E2	-5.966977E0
1.958000E1	2.034110E2	-6.276409E0
1.960000E1	2.039485E2	-6.376713E0
1.962000E1	2.045318E2	-6.450803E0
1.964000E1	2.051630E2	-6.078106E0
1.966000E1	2.056200E2	-5.746611E0
1.968000E1	2.058084E2	-5.324299E0
1.970000E1	2.059581E2	-4.983191E0
1.972000E1	2.064047E2	-5.102664E0
1.974000E1	2.068228E2	-5.481292E0
1.976000E1	2.069001E2	-5.954502E0
1.978000E1	2.070427E2	-6.073520E0
1.980000E1	2.072964E2	-6.071515E0
1.982000E1	2.076660E2	-6.104065E0
1.984000E1	2.078692E2	-6.216704E0
1.986000E1	2.080309E2	-6.259190E0
1.988000E1	2.082197E2	-5.967008E0
1.990000E1	2.081613E2	-5.895145E0
1.992000E1	2.081571E2	-5.956908E0
1.994000E1	2.082707E2	-6.118708E0
1.996000E1	2.083966E2	-5.864643E0
1.998000E1	2.087809E2	-5.795075E0
2.000000E1	2.084792E2	-6.090882E0
2.002000E1	2.084817E2	-6.716908E0
2.004000E1	2.086299E2	-6.676976E0
2.006000E1	2.088257E2	-6.354357E0
2.008000E1	2.088149E2	-6.262681E0
2.010000E1	2.088891E2	-6.222371E0
2.012000E1	2.091897E2	-5.896566E0
2.014000E1	2.091719E2	-5.831617E0
2.016000E1	2.091234E2	-5.893277E0
2.018000E1	2.091038E2	-5.988945E0
2.020000E1	2.091190E2	-5.921177E0
2.022000E1	2.091314E2	-5.915498E0
2.024000E1	2.092215E2	-5.948654E0
2.026000E1	2.093803E2	-5.731219E0
2.028000E1	2.094443E2	-5.692300E0
2.030000E1	2.096739E2	-6.023326E0
2.032000E1	2.102378E2	-6.167197E0
2.034000E1	2.108538E2	-6.165502E0
2.036000E1	2.111924E2	-6.200867E0
2.038000E1	2.112383E2	-6.101903E0
2.040000E1	2.112896E2	-5.956263E0
2.042000E1	2.113414E2	-5.884838E0
2.044000E1	2.113160E2	-5.769852E0
2.046000E1	2.114084E2	-5.764936E0
2.048000E1	2.118655E2	-5.906445E0
2.050000E1	2.124557E2	-6.011380E0
2.052000E1	2.130843E2	-5.939263E0
2.054000E1	2.133922E2	-5.899439E0
2.056000E1	2.133356E2	-5.857871E0
2.058000E1	2.133428E2	-5.791455E0
2.060000E1	2.133713E2	-5.412150E0
2.062000E1	2.133361E2	-5.104931E0
2.064000E1	2.132980E2	-4.957701E0
2.066000E1	2.134661E2	-5.187024E0
2.068000E1	2.139455E2	-5.894820E0
2.070000E1	2.146474E2	-6.400204E0
2.072000E1	2.151821E2	-6.482720E0
2.074000E1	2.155449E2	-6.477107E0
2.076000E1	2.159578E2	-6.498587E0
2.078000E1	2.168102E2	-6.304918E0
2.080000E1	2.174930E2	-6.096051E0
2.082000E1	2.177762E2	-5.816306E0
2.084000E1	2.176445E2	-5.613407E0
2.086000E1	2.177741E2	-5.569331E0
2.088000E1	2.178653E2	-5.918899E0
2.090000E1	2.174568E2	-6.411570E0
2.092000E1	2.173448E2	-6.699413E0
2.094000E1	2.177638E2	-6.625434E0
2.096000E1	2.178739E2	-6.424691E0
2.098000E1	2.178177E2	-6.126416E0
2.100000E1	2.180705E2	-5.721232E0
2.102000E1	2.184005E2	-5.218017E0
2.104000E1	2.186454E2	-5.062543E0
2.106000E1	2.187981E2	-5.294713E0
2.108000E1	2.187895E2	-5.574468E0
2.110000E1	2.188258E2	-5.857563E0
2.112000E1	2.189711E2	-6.098727E0
2.114000E1	2.189697E2	-6.038023E0
2.116000E1	2.188963E2	-6.048276E0
2.118000E1	2.189108E2	-6.315531E0
2.120000E1	2.191225E2	-6.481248E0
2.122000E1	2.193546E2	-6.749869E0
2.124000E1	2.193759E2	-6.954865E0
2.126000E1	2.193608E2	-6.993411E0
2.128000E1	2.193883E2	-7.004285E0
2.130000E1	2.196035E2	-6.629067E0
2.132000E1	2.198590E2	-6.139694E0
2.134000E1	2.201426E2	-5.834984E0
2.136000E1	2.205073E2	-5.603521E0
2.138000E1	2.211581E2	-5.756362E0
2.140000E1	2.218028E2	-5.885037E0
2.142000E1	2.222625E2	-6.098086E0
2.144000E1	2.222832E2	-5.949589E0
2.146000E1	2.222448E2	-5.823972E0
2.148000E1	2.221262E2	-5.565838E0
2.150000E1	2.221221E2	-5.199344E0
2.152000E1	2.222560E2	-5.287898E0
2.154000E1	2.226984E2	-5.740547E0
2.156000E1	2.229987E2	-5.906617E0
2.158000E1	2.233267E2	-5.755051E0
2.160000E1	2.238505E2	-5.494662E0
2.162000E1	2.243921E2	-5.385427E0
2.164000E1	2.248416E2	-5.409910E0
2.166000E1	2.252105E2	-5.282807E0
2.168000E1	2.252662E2	-5.153386E0
2.170000E1	2.252524E2	-5.088905E0
2.172000E1	2.252560E2	-4.919741E0
2.174000E1	2.253338E2	-4.951927E0
2.176000E1	2.256144E2	-5.370556E0
2.178000E1	2.256349E2	-6.250255E0
2.180000E1	2.255246E2	-6.569261E0
2.182000E1	2.255307E2	-6.647950E0
2.184000E1	2.257755E2	-6.463319E0
2.186000E1	2.260004E2	-6.389253E0
2.188000E1	2.264269E2	-6.165037E0
2.190000E1	2.272770E2	-5.707378E0
2.192000E1	2.276042E2	-5.253688E0
2.194000E1	2.279131E2	-4.977527E0
2.196000E1	2.280574E2	-5.009847E0
2.198000E1	2.281639E2	-5.318178E0
2.200000E1	2.283895E2	-5.675528E0
2.202000E1	2.285439E2	-5.830191E0
2.204000E1	2.287087E2	-5.793240E0
2.206000E1	2.290041E2	-5.798670E0
2.208000E1	2.289396E2	-5.867646E0
2.210000E1	2.289756E2	-6.052050E0
2.212000E1	2.292690E2	-6.282862E0
2.214000E1	2.296523E2	-6.636494E0
2.216000E1	2.298689E2	-6.917184E0
2.218000E1	2.300030E2	-7.139658E0
2.220000E1	2.301476E2	-7.241956E0
2.222000E1	2.303846E2	-6.986779E0
2.224000E1	2.306413E2	-6.321144E0
2.226000E1	2.308597E2	-5.829242E0
2.228000E1	2.311053E2	-6.198287E0
2.230000E1	2.313711E2	-6.513786E0
2.232000E1	2.315308E2	-6.733803E0
2.234000E1	2.315700E2	-6.621048E0
2.236000E1	2.317532E2	-6.474849E0
2.238000E1	2.319247E2	-6.373838E0
2.240000E1	2.319965E2	-6.408847E0
2.242000E1	2.321203E2	-6.244092E0
2.244000E1	2.321333E2	-6.062689E0
2.246000E1	2.322084E2	-6.093968E0
2.248000E1	2.322845E2	-6.166755E0
2.250000E1	2.324352E2	-6.034504E0
2.252000E1	2.326375E2	-5.998053E0
2.254000E1	2.329982E2	-6.014615E0
2.256000E1	2.334563E2	-5.745465E0
2.258000E1	2.340524E2	-5.403451E0
2.260000E1	2.345696E2	-5.111964E0
2.262000E1	2.347535E2	-5.199447E0
2.264000E1	2.345559E2	-4.933723E0
2.266000E1	2.345057E2	-4.806579E0
2.268000E1	2.345371E2	-4.627594E0
2.270000E1	2.345091E2	-5.087462E0
2.272000E1	2.344611E2	-6.047058E0
2.274000E1	2.343763E2	-6.803105E0
2.276000E1	2.346359E2	-6.873798E0
2.278000E1	2.351414E2	-6.228086E0
2.280000E1	2.358728E2	-5.420410E0
2.282000E1	2.361056E2	-4.656788E0
2.284000E1	2.360252E2	-4.454543E0
2.286000E1	2.360584E2	-4.701429E0
2.288000E1	2.359862E2	-4.907522E0
2.290000E1	2.360700E2	-5.086818E0
2.292000E1	2.361825E2	-5.092655E0
2.294000E1	2.365653E2	-5.557265E0
2.296000E1	2.371063E2	-6.008794E0
2.298000E1	2.376441E2	-6.253967E0
2.300000E1	2.376875E2	-6.442329E0
2.302000E1	2.377634E2	-6.843704E0
2.304000E1	2.383606E2	-7.073254E0
2.306000E1	2.391769E2	-7.132260E0
2.308000E1	2.398218E2	-6.792233E0
2.310000E1	2.403510E2	-6.232870E0
2.312000E1	2.404687E2	-5.959018E0
2.314000E1	2.404385E2	-5.804237E0
2.316000E1	2.405444E2	-5.776676E0
2.318000E1	2.405750E2	-6.156288E0
2.320000E1	2.410292E2	-6.510720E0
2.322000E1	2.410542E2	-6.557456E0
2.324000E1	2.412216E2	-6.444998E0
2.326000E1	2.413508E2	-6.119214E0
2.328000E1	2.415160E2	-5.691998E0
2.330000E1	2.415374E2	-5.601998E0
2.332000E1	2.418091E2	-5.765513E0
2.334000E1	2.423726E2	-5.724018E0
2.336000E1	2.426188E2	-5.808725E0
2.338000E1	2.426243E2	-6.166515E0
2.340000E1	2.427333E2	-6.364931E0
2.342000E1	2.428209E2	-6.401107E0
2.344000E1	2.430715E2	-6.447817E0
2.346000E1	2.433809E2	-6.531152E0
2.348000E1	2.437710E2	-6.393849E0
2.350000E1	2.439269E2	-6.365568E0
2.352000E1	2.439901E2	-6.381424E0
2.354000E1	2.439755E2	-6.428360E0
2.356000E1	2.439782E2	-6.444598E0
2.358000E1	2.439855E2	-6.489876E0
2.360000E1	2.439202E2	-6.645728E0
2.362000E1	2.439088E2	-6.798468E0
2.364000E1	2.440042E2	-6.742139E0
2.366000E1	2.442256E2	-6.360992E0
2.368000E1	2.448081E2	-5.720193E0
2.370000E1	2.453238E2	-4.849773E0
2.372000E1	2.454609E2	-4.576316E0
2.374000E1	2.453416E2	-4.783123E0
2.376000E1	2.453522E2	-5.182157E0
2.378000E1	2.453997E2	-5.171665E0
2.380000E1	2.456585E2	-5.371448E0
2.382000E1	2.459391E2	-5.850556E0
2.384000E1	2.463678E2	-6.455707E0
2.386000E1	2.471910E2	-6.519981E0
2.388000E1	2.476509E2	-5.716216E0
2.390000E1	2.479936E2	-5.720776E0
2.392000E1	2.483729E2	-6.172157E0
2.394000E1	2.487823E2	-6.412797E0
2.396000E1	2.488433E2	-6.484710E0
2.398000E1	2.488232E2	-6.256135E0
2.400000E1	2.487518E2	-6.185235E0
