	mass A		
t	x	y	
0.000000E0	2.556803E-2	-1.883578E-2
2.000000E-2	2.574043E-1	-3.623472E-1
4.000000E-2	2.584228E-1	-6.372912E-1
6.000000E-2	2.035703E-1	-5.966784E-1
8.000000E-2	3.082620E-1	-2.995579E-1
1.000000E-1	7.397025E-1	3.251518E-1
1.200000E-1	1.327943E0	1.052935E0
1.400000E-1	1.849771E0	1.323120E0
1.600000E-1	2.289485E0	1.544911E0
1.800000E-1	2.538210E0	1.733036E0
2.000000E-1	2.910288E0	1.930736E0
2.200000E-1	3.274939E0	1.769234E0
2.400000E-1	3.421280E0	1.079101E0
2.600000E-1	3.765217E0	2.185481E-1
2.800000E-1	4.263545E0	7.955072E-2
3.000000E-1	4.504802E0	3.952044E-1
3.200000E-1	4.198003E0	4.599084E-1
3.400000E-1	4.160728E0	6.435608E-1
3.600000E-1	4.186137E0	8.990521E-1
3.800000E-1	4.284846E0	1.134003E0
4.000000E-1	4.415966E0	9.501478E-1
4.200000E-1	4.343246E0	6.943087E-1
4.400000E-1	4.475506E0	3.432710E-1
4.600000E-1	4.492870E0	1.419943E-1
4.800000E-1	4.542615E0	2.434604E-1
5.000000E-1	4.531396E0	4.385709E-1
5.200000E-1	4.521940E0	4.636515E-1
5.400000E-1	4.556840E0	4.618835E-1
5.600000E-1	4.606500E0	4.966160E-1
5.800000E-1	4.621801E0	4.771028E-1
6.000000E-1	4.625653E0	4.778778E-1
6.200000E-1	4.661108E0	4.769840E-1
6.400000E-1	4.656658E0	4.834385E-1
6.600000E-1	4.671481E0	4.869216E-1
6.800000E-1	4.736297E0	4.078100E-1
7.000000E-1	4.813311E0	2.309275E-1
7.200000E-1	5.059626E0	1.870816E-1
7.400000E-1	5.206986E0	1.748867E-1
7.600000E-1	5.301964E0	1.125029E-1
7.800000E-1	5.362064E0	2.400936E-1
8.000000E-1	5.528614E0	6.021364E-1
8.200000E-1	5.610644E0	8.052117E-1
8.400000E-1	5.621571E0	8.559080E-1
8.600000E-1	5.535515E0	1.083209E0
8.800000E-1	5.600707E0	1.336117E0
9.000000E-1	5.719760E0	1.225511E0
9.200000E-1	5.931119E0	7.931741E-1
9.400000E-1	6.057795E0	3.940771E-1
9.600000E-1	6.148971E0	2.968125E-1
9.800000E-1	6.440643E0	5.068115E-1
1.000000E0	6.589999E0	7.411580E-1
1.020000E0	6.567249E0	1.046719E0
1.040000E0	6.574359E0	1.379198E0
1.060000E0	6.626075E0	1.517744E0
1.080000E0	6.647919E0	1.623654E0
1.100000E0	6.641724E0	1.848343E0
1.120000E0	6.679312E0	2.004692E0
1.140000E0	6.849190E0	1.939887E0
1.160000E0	7.184539E0	1.762564E0
1.180000E0	7.549918E0	1.495265E0
1.200000E0	7.998742E0	1.604832E0
1.220000E0	8.288489E0	1.694155E0
1.240000E0	8.340855E0	1.566136E0
1.260000E0	8.393022E0	1.108652E0
1.280000E0	8.452028E0	1.017343E0
1.300000E0	8.503798E0	1.370866E0
1.320000E0	8.735548E0	1.809966E0
1.340000E0	8.933082E0	2.017818E0
1.360000E0	9.118737E0	2.198570E0
1.380000E0	9.338946E0	2.324311E0
1.400000E0	9.436513E0	2.540371E0
1.420000E0	9.480608E0	2.500829E0
1.440000E0	9.342161E0	1.985668E0
1.460000E0	9.463125E0	1.581951E0
1.480000E0	9.670154E0	1.488158E0
1.500000E0	9.704243E0	1.507835E0
1.520000E0	9.706062E0	1.423128E0
1.540000E0	9.725110E0	1.298348E0
1.560000E0	9.765445E0	1.398605E0
1.580000E0	9.776962E0	1.441412E0
1.600000E0	9.904771E0	1.273871E0
1.620000E0	1.003600E1	7.061297E-1
1.640000E0	1.010269E1	4.075297E-1
1.660000E0	1.019475E1	2.584819E-1
1.680000E0	1.027991E1	7.126875E-2
1.700000E0	1.029313E1	7.768608E-2
1.720000E0	1.033153E1	5.348039E-2
1.740000E0	1.030985E1	1.077561E-1
1.760000E0	1.032769E1	2.132486E-1
1.780000E0	1.034904E1	4.559030E-1
1.800000E0	1.032598E1	6.065932E-1
1.820000E0	1.038870E1	4.127174E-1
1.840000E0	1.047510E1	2.198098E-1
1.860000E0	1.056690E1	7.972861E-2
1.880000E0	1.054375E1	9.303414E-2
1.900000E0	1.073226E1	1.850508E-1
1.920000E0	1.092472E1	3.572571E-1
1.940000E0	1.089742E1	5.494224E-1
1.960000E0	1.079177E1	1.068445E0
1.980000E0	1.088582E1	1.540820E0
2.000000E0	1.091073E1	1.582149E0
2.020000E0	1.094490E1	1.798787E0
2.040000E0	1.101827E1	1.907722E0
2.060000E0	1.123359E1	2.073470E0
2.080000E0	1.142747E1	2.168373E0
2.100000E0	1.163411E1	2.028958E0
2.120000E0	1.165237E1	2.030519E0
2.140000E0	1.170157E1	2.036796E0
2.160000E0	1.167172E1	1.998686E0
2.180000E0	1.169306E1	2.000631E0
2.200000E0	1.174259E1	2.142847E0
2.220000E0	1.179383E1	2.446203E0
2.240000E0	1.178923E1	2.710900E0
2.260000E0	1.180271E1	2.883435E0
2.280000E0	1.188044E1	3.122921E0
2.300000E0	1.190522E1	3.470528E0
2.320000E0	1.173527E1	3.765162E0
2.340000E0	1.162026E1	3.798355E0
2.360000E0	1.165480E1	3.297753E0
2.380000E0	1.181340E1	2.731860E0
2.400000E0	1.187497E1	2.503768E0
2.420000E0	1.184519E1	2.468729E0
2.440000E0	1.192349E1	2.289104E0
2.460000E0	1.192758E1	1.876310E0
2.480000E0	1.200076E1	1.666592E0
2.500000E0	1.207637E1	1.603756E0
2.520000E0	1.219887E1	1.696078E0
2.540000E0	1.249797E1	1.559651E0
2.560000E0	1.296002E1	1.450075E0
2.580000E0	1.342873E1	1.372442E0
2.600000E0	1.369924E1	1.131822E0
2.620000E0	1.368336E1	9.327719E-1
2.640000E0	1.367332E1	6.510998E-1
2.660000E0	1.366074E1	6.203896E-1
2.680000E0	1.360639E1	6.622453E-1
2.700000E0	1.356564E1	9.232234E-1
2.720000E0	1.353674E1	8.939583E-1
2.740000E0	1.363831E1	6.411538E-1
2.760000E0	1.399604E1	5.472326E-1
2.780000E0	1.446201E1	7.443382E-1
2.800000E0	1.484898E1	6.725463E-1
2.820000E0	1.490709E1	3.460758E-1
2.840000E0	1.485048E1	1.754357E-1
2.860000E0	1.476461E1	4.115624E-1
2.880000E0	1.469695E1	9.599715E-1
2.900000E0	1.465100E1	1.010166E0
2.920000E0	1.458695E1	8.819357E-1
2.940000E0	1.459596E1	9.861433E-1
2.960000E0	1.455540E1	1.171955E0
2.980000E0	1.461202E1	1.077532E0
3.000000E0	1.459178E1	1.072396E0
3.020000E0	1.461710E1	1.112473E0
3.040000E0	1.460294E1	1.116690E0
3.060000E0	1.459741E1	1.121455E0
3.080000E0	1.459171E1	1.173811E0
3.100000E0	1.457754E1	1.355147E0
3.120000E0	1.458457E1	1.464899E0
3.140000E0	1.463703E1	1.555155E0
3.160000E0	1.462887E1	1.657215E0
3.180000E0	1.471030E1	1.851608E0
3.200000E0	1.481054E1	2.041371E0
3.220000E0	1.490602E1	2.201412E0
3.240000E0	1.490955E1	2.484018E0
3.260000E0	1.488502E1	2.706346E0
3.280000E0	1.485155E1	2.883690E0
3.300000E0	1.489599E1	2.942389E0
3.320000E0	1.492080E1	2.975038E0
3.340000E0	1.499272E1	2.903659E0
3.360000E0	1.510812E1	2.450391E0
3.380000E0	1.513754E1	2.080687E0
3.400000E0	1.519998E1	2.357317E0
3.420000E0	1.523880E1	2.565108E0
3.440000E0	1.538746E1	2.518850E0
3.460000E0	1.577348E1	2.107360E0
3.480000E0	1.602853E1	2.094320E0
3.500000E0	1.617007E1	2.198306E0
3.520000E0	1.628736E1	2.173906E0
3.540000E0	1.628224E1	1.959372E0
3.560000E0	1.634648E1	1.859293E0
3.580000E0	1.633168E1	1.749530E0
3.600000E0	1.637088E1	1.773407E0
3.620000E0	1.645754E1	1.828149E0
3.640000E0	1.697251E1	2.022741E0
3.660000E0	1.727163E1	1.861203E0
3.680000E0	1.739597E1	1.317778E0
3.700000E0	1.747734E1	9.414286E-1
3.720000E0	1.778754E1	9.041647E-1
3.740000E0	1.813026E1	1.030364E0
3.760000E0	1.839121E1	1.172703E0
3.780000E0	1.853939E1	1.455295E0
3.800000E0	1.854846E1	1.736669E0
3.820000E0	1.859705E1	1.922613E0
3.840000E0	1.861936E1	1.459031E0
3.860000E0	1.860687E1	1.190431E0
3.880000E0	1.866784E1	1.360774E0
3.900000E0	1.867685E1	1.381242E0
3.920000E0	1.862109E1	1.191628E0
3.940000E0	1.869188E1	1.229127E0
3.960000E0	1.870800E1	1.245800E0
3.980000E0	1.866654E1	1.235079E0
4.000000E0	1.867564E1	1.247329E0
4.020000E0	1.864556E1	1.227323E0
4.040000E0	1.865923E1	1.228924E0
4.060000E0	1.862988E1	1.135770E0
4.080000E0	1.865610E1	1.166802E0
4.100000E0	1.865990E1	1.192457E0
4.120000E0	1.866773E1	1.196105E0
4.140000E0	1.867176E1	1.207623E0
4.160000E0	1.866330E1	1.292588E0
4.180000E0	1.865313E1	1.306446E0
4.200000E0	1.866171E1	1.268221E0
4.220000E0	1.867289E1	1.335057E0
4.240000E0	1.866448E1	1.321865E0
4.260000E0	1.867714E1	1.313315E0
4.280000E0	1.872181E1	1.447184E0
4.300000E0	1.873101E1	1.424004E0
4.320000E0	1.872208E1	1.389315E0
4.340000E0	1.880562E1	1.533842E0
4.360000E0	1.887376E1	1.522432E0
4.380000E0	1.908079E1	1.662200E0
4.400000E0	1.940213E1	1.720087E0
4.420000E0	1.946582E1	1.614665E0
4.440000E0	1.951206E1	1.664192E0
4.460000E0	1.962193E1	1.868014E0
4.480000E0	1.966239E1	1.851672E0
4.500000E0	1.964940E1	1.818430E0
4.520000E0	1.963459E1	1.815272E0
4.540000E0	1.963896E1	1.811924E0
4.560000E0	1.971523E1	1.737185E0
4.580000E0	2.007144E1	1.601617E0
4.600000E0	2.030240E1	1.508670E0
4.620000E0	2.034660E1	1.592149E0
4.640000E0	2.046517E1	1.692914E0
4.660000E0	2.057107E1	1.772700E0
4.680000E0	2.047048E1	2.242856E0
4.700000E0	2.021006E1	2.620808E0
4.720000E0	1.999726E1	2.518857E0
4.740000E0	2.003330E1	2.346772E0
4.760000E0	2.011101E1	2.215763E0
4.780000E0	2.018132E1	2.259258E0
4.800000E0	2.046327E1	2.248021E0
4.820000E0	2.066107E1	2.107212E0
4.840000E0	2.069032E1	1.922199E0
4.860000E0	2.065534E1	1.826992E0
4.880000E0	2.063684E1	1.783671E0
4.900000E0	2.059536E1	1.801627E0
4.920000E0	2.058612E1	2.052256E0
4.940000E0	2.058546E1	2.104923E0
4.960000E0	2.057738E1	2.147745E0
4.980000E0	2.056599E1	2.137302E0
5.000000E0	2.058591E1	1.946792E0
5.020000E0	2.054519E1	1.689591E0
5.040000E0	2.057155E1	1.688855E0
5.060000E0	2.055010E1	1.707162E0
5.080000E0	2.049082E1	1.697567E0
5.100000E0	2.046373E1	1.708851E0
5.120000E0	2.051387E1	1.781986E0
5.140000E0	2.051470E1	1.880215E0
5.160000E0	2.054324E1	1.755921E0
5.180000E0	2.054995E1	1.740577E0
5.200000E0	2.055050E1	1.732020E0
5.220000E0	2.051239E1	1.560361E0
5.240000E0	2.054587E1	1.588004E0
5.260000E0	2.056537E1	1.578684E0
5.280000E0	2.062849E1	1.544741E0
5.300000E0	2.074460E1	1.435443E0
5.320000E0	2.076786E1	1.245133E0
5.340000E0	2.075282E1	1.155390E0
5.360000E0	2.071829E1	1.179292E0
5.380000E0	2.070473E1	1.261274E0
5.400000E0	2.068039E1	1.270339E0
5.420000E0	2.067632E1	1.406540E0
5.440000E0	2.062797E1	1.538601E0
5.460000E0	2.069180E1	1.566805E0
5.480000E0	2.088424E1	1.545176E0
5.500000E0	2.109733E1	1.642760E0
5.520000E0	2.125586E1	1.626105E0
5.540000E0	2.135459E1	1.672228E0
5.560000E0	2.154802E1	1.901190E0
5.580000E0	2.152913E1	2.037173E0
5.600000E0	2.129435E1	2.322731E0
5.620000E0	2.123824E1	2.662990E0
5.640000E0	2.119565E1	2.748581E0
5.660000E0	2.109649E1	2.766665E0
5.680000E0	2.108089E1	2.772300E0
5.700000E0	2.115632E1	2.546651E0
5.720000E0	2.110630E1	2.295103E0
5.740000E0	2.118023E1	2.327008E0
5.760000E0	2.127298E1	2.535698E0
5.780000E0	2.146749E1	2.682862E0
5.800000E0	2.145661E1	2.743891E0
5.820000E0	2.148530E1	2.954699E0
5.840000E0	2.140738E1	3.429103E0
5.860000E0	2.135268E1	3.887276E0
5.880000E0	2.139454E1	3.915419E0
5.900000E0	2.153922E1	3.405052E0
5.920000E0	2.162471E1	2.855138E0
5.940000E0	2.163492E1	2.758261E0
5.960000E0	2.156716E1	2.997442E0
5.980000E0	2.155425E1	2.967241E0
6.000000E0	2.153943E1	2.591006E0
6.020000E0	2.154423E1	2.355123E0
6.040000E0	2.158169E1	2.449589E0
6.060000E0	2.150528E1	2.290490E0
6.080000E0	2.156071E1	2.221847E0
6.100000E0	2.160193E1	2.287731E0
6.120000E0	2.157654E1	2.329149E0
6.140000E0	2.156937E1	2.282474E0
6.160000E0	2.157083E1	2.218866E0
6.180000E0	2.159920E1	1.799011E0
6.200000E0	2.170510E1	1.649762E0
6.220000E0	2.172376E1	1.550597E0
6.240000E0	2.173391E1	1.430287E0
6.260000E0	2.170603E1	1.291000E0
6.280000E0	2.170221E1	1.324219E0
6.300000E0	2.166867E1	1.433798E0
6.320000E0	2.165370E1	1.476467E0
6.340000E0	2.161708E1	1.465648E0
6.360000E0	2.161074E1	1.421404E0
6.380000E0	2.163233E1	1.189011E0
6.400000E0	2.170815E1	1.061406E0
6.420000E0	2.170423E1	1.003684E0
6.440000E0	2.172950E1	8.992144E-1
6.460000E0	2.178190E1	8.043848E-1
6.480000E0	2.170637E1	8.304044E-1
6.500000E0	2.168379E1	1.277277E0
6.520000E0	2.163526E1	1.567425E0
6.540000E0	2.161364E1	1.599643E0
6.560000E0	2.159654E1	1.617799E0
6.580000E0	2.159792E1	1.695279E0
6.600000E0	2.159361E1	1.786732E0
6.620000E0	2.159013E1	1.770097E0
6.640000E0	2.164389E1	1.846692E0
6.660000E0	2.166746E1	1.968048E0
6.680000E0	2.167945E1	1.930176E0
6.700000E0	2.162608E1	1.937153E0
6.720000E0	2.173895E1	2.163713E0
6.740000E0	2.166887E1	2.405469E0
6.760000E0	2.166490E1	2.653859E0
6.780000E0	2.165753E1	2.750166E0
6.800000E0	2.166366E1	2.693411E0
6.820000E0	2.168937E1	2.728944E0
6.840000E0	2.162558E1	2.882366E0
6.860000E0	2.164202E1	2.885814E0
6.880000E0	2.166851E1	2.585743E0
6.900000E0	2.174109E1	2.233350E0
6.920000E0	2.170936E1	2.231169E0
6.940000E0	2.171838E1	2.637487E0
6.960000E0	2.165211E1	2.823833E0
6.980000E0	2.173480E1	2.674564E0
7.000000E0	2.174181E1	2.758346E0
7.020000E0	2.176973E1	3.040149E0
7.040000E0	2.163650E1	3.392090E0
7.060000E0	2.167167E1	3.431748E0
7.080000E0	2.165802E1	2.883512E0
7.100000E0	2.195814E1	2.138508E0
7.120000E0	2.227159E1	2.091472E0
7.140000E0	2.244786E1	2.003852E0
7.160000E0	2.249570E1	1.818067E0
7.180000E0	2.255747E1	1.660251E0
7.200000E0	2.256473E1	1.598108E0
7.220000E0	2.253000E1	1.634275E0
7.240000E0	2.249780E1	1.778874E0
7.260000E0	2.246355E1	1.846982E0
7.280000E0	2.254295E1	1.815380E0
7.300000E0	2.279133E1	1.678774E0
7.320000E0	2.304079E1	1.394627E0
7.340000E0	2.327948E1	1.086918E0
7.360000E0	2.332643E1	7.863043E-1
7.380000E0	2.333649E1	7.902171E-1
7.400000E0	2.324501E1	1.157291E0
7.420000E0	2.319048E1	1.594325E0
7.440000E0	2.303847E1	1.620825E0
7.460000E0	2.300107E1	1.669779E0
7.480000E0	2.296992E1	1.767034E0
7.500000E0	2.298205E1	1.805617E0
7.520000E0	2.295864E1	1.772341E0
7.540000E0	2.297230E1	1.692826E0
7.560000E0	2.297052E1	1.689834E0
7.580000E0	2.295012E1	1.692154E0
7.600000E0	2.294468E1	1.681220E0
7.620000E0	2.293918E1	1.704926E0
7.640000E0	2.286640E1	1.788086E0
7.660000E0	2.291202E1	1.744018E0
7.680000E0	2.293798E1	1.775359E0
7.700000E0	2.293791E1	1.764690E0
7.720000E0	2.295498E1	1.755140E0
7.740000E0	2.295984E1	1.753051E0
7.760000E0	2.295502E1	1.798859E0
7.780000E0	2.295780E1	1.803967E0
7.800000E0	2.297147E1	1.847555E0
7.820000E0	2.295830E1	1.914161E0
7.840000E0	2.295950E1	1.970513E0
7.860000E0	2.300457E1	2.196540E0
7.880000E0	2.300597E1	2.218844E0
7.900000E0	2.304810E1	2.393902E0
7.920000E0	2.306148E1	2.633679E0
7.940000E0	2.304281E1	2.804691E0
7.960000E0	2.302498E1	2.784450E0
7.980000E0	2.309844E1	2.792279E0
8.000000E0	2.335194E1	2.541217E0
8.020000E0	2.359609E1	2.312137E0
8.040000E0	2.368303E1	2.011315E0
8.060000E0	2.369278E1	1.757762E0
8.080000E0	2.376932E1	1.792174E0
8.100000E0	2.388471E1	2.097649E0
8.120000E0	2.390573E1	2.129378E0
8.140000E0	2.390384E1	2.313918E0
8.160000E0	2.389987E1	2.498387E0
8.180000E0	2.401322E1	2.574716E0
8.200000E0	2.422015E1	2.564503E0
8.220000E0	2.434769E1	2.371002E0
8.240000E0	2.444589E1	1.936393E0
8.260000E0	2.444089E1	1.620652E0
8.280000E0	2.433290E1	1.635714E0
8.300000E0	2.427876E1	1.776004E0
8.320000E0	2.451815E1	2.375809E0
8.340000E0	2.448389E1	2.689698E0
8.360000E0	2.443412E1	2.395375E0
8.380000E0	2.440704E1	2.184529E0
8.400000E0	2.435938E1	2.322612E0
8.420000E0	2.439402E1	2.317404E0
8.440000E0	2.439171E1	2.302143E0
8.460000E0	2.441912E1	2.302076E0
8.480000E0	2.443105E1	2.272974E0
8.500000E0	2.442257E1	2.266157E0
8.520000E0	2.441965E1	2.161169E0
8.540000E0	2.439164E1	2.125543E0
8.560000E0	2.438307E1	2.116783E0
8.580000E0	2.438217E1	2.137902E0
8.600000E0	2.437736E1	2.130504E0
8.620000E0	2.437720E1	2.157110E0
8.640000E0	2.437988E1	2.182892E0
8.660000E0	2.438073E1	2.190149E0
8.680000E0	2.438051E1	2.197131E0
8.700000E0	2.438169E1	2.201422E0
8.720000E0	2.431133E1	2.079805E0
8.740000E0	2.431510E1	2.114473E0
8.760000E0	2.433243E1	2.228475E0
8.780000E0	2.434019E1	2.204529E0
8.800000E0	2.435143E1	2.213485E0
8.820000E0	2.436445E1	2.212883E0
8.840000E0	2.436746E1	2.211542E0
8.860000E0	2.436829E1	2.212786E0
8.880000E0	2.436981E1	2.212103E0
8.900000E0	2.446006E1	2.133173E0
8.920000E0	2.445753E1	2.084737E0
8.940000E0	2.454955E1	1.916977E0
8.960000E0	2.454041E1	1.878674E0
8.980000E0	2.461873E1	1.935110E0
9.000000E0	2.473762E1	2.040499E0
9.020000E0	2.474573E1	2.211230E0
9.040000E0	2.486678E1	2.457965E0
9.060000E0	2.493191E1	2.692120E0
9.080000E0	2.505356E1	2.895270E0
9.100000E0	2.527743E1	2.658304E0
9.120000E0	2.546986E1	2.605038E0
9.140000E0	2.565195E1	2.577374E0
9.160000E0	2.582900E1	2.625031E0
9.180000E0	2.581953E1	2.571659E0
9.200000E0	2.574710E1	2.629641E0
9.220000E0	2.549281E1	2.897281E0
9.240000E0	2.545871E1	2.939763E0
9.260000E0	2.542930E1	2.895975E0
9.280000E0	2.540803E1	2.961821E0
9.300000E0	2.543359E1	3.162589E0
9.320000E0	2.543050E1	3.191498E0
9.340000E0	2.541921E1	3.306701E0
9.360000E0	2.544966E1	3.638025E0
9.380000E0	2.529699E1	3.947596E0
9.400000E0	2.533465E1	3.881640E0
9.420000E0	2.531778E1	3.191237E0
9.440000E0	2.534231E1	2.745000E0
9.460000E0	2.534748E1	2.741259E0
9.480000E0	2.531851E1	2.843487E0
9.500000E0	2.535815E1	2.529119E0
9.520000E0	2.534333E1	2.352176E0
9.540000E0	2.534262E1	2.343309E0
9.560000E0	2.532193E1	2.343526E0
9.580000E0	2.532960E1	2.298392E0
9.600000E0	2.533698E1	2.322520E0
9.620000E0	2.530494E1	2.357864E0
9.640000E0	2.532034E1	2.353834E0
9.660000E0	2.532464E1	2.390928E0
9.680000E0	2.530078E1	2.106145E0
9.700000E0	2.532544E1	2.131785E0
9.720000E0	2.532389E1	2.164199E0
9.740000E0	2.531834E1	2.151762E0
9.760000E0	2.531692E1	2.110871E0
9.780000E0	2.532208E1	2.149589E0
9.800000E0	2.535501E1	2.170264E0
9.820000E0	2.546946E1	2.154564E0
9.840000E0	2.548564E1	1.913747E0
9.860000E0	2.547866E1	1.683839E0
9.880000E0	2.544167E1	1.742398E0
9.900000E0	2.540387E1	1.821673E0
9.920000E0	2.539356E1	1.817867E0
9.940000E0	2.539179E1	1.933860E0
9.960000E0	2.534383E1	1.981948E0
9.980000E0	2.538888E1	1.900755E0
1.000000E1	2.551918E1	1.691208E0
1.002000E1	2.553300E1	1.700218E0
1.004000E1	2.561881E1	1.616754E0
1.006000E1	2.568093E1	1.565727E0
1.008000E1	2.574455E1	1.491021E0
1.010000E1	2.576564E1	1.597138E0
1.012000E1	2.574672E1	2.187477E0
1.014000E1	2.572086E1	2.357858E0
1.016000E1	2.573658E1	2.303420E0
1.018000E1	2.575308E1	2.410967E0
1.020000E1	2.577405E1	2.712913E0
1.022000E1	2.586186E1	2.856119E0
1.024000E1	2.587252E1	2.928356E0
1.026000E1	2.591517E1	2.980106E0
1.028000E1	2.590042E1	3.163890E0
1.030000E1	2.599902E1	3.332029E0
1.032000E1	2.594256E1	3.281855E0
1.034000E1	2.588527E1	3.353127E0
1.036000E1	2.594711E1	3.138263E0
1.038000E1	2.597249E1	2.703770E0
1.040000E1	2.594394E1	2.575099E0
1.042000E1	2.599654E1	2.989462E0
1.044000E1	2.608621E1	3.132430E0
1.046000E1	2.613941E1	3.144440E0
1.048000E1	2.616768E1	3.200055E0
1.050000E1	2.615223E1	3.587153E0
1.052000E1	2.603790E1	4.026308E0
1.054000E1	2.610906E1	4.060161E0
1.056000E1	2.626047E1	3.669665E0
1.058000E1	2.625063E1	2.989137E0
1.060000E1	2.627610E1	2.787822E0
1.062000E1	2.624197E1	2.914997E0
1.064000E1	2.622788E1	2.780941E0
1.066000E1	2.621803E1	2.412327E0
1.068000E1	2.623187E1	2.383859E0
1.070000E1	2.625301E1	2.320719E0
1.072000E1	2.632805E1	2.215690E0
1.074000E1	2.639742E1	2.094412E0
1.076000E1	2.646777E1	2.012944E0
1.078000E1	2.642426E1	1.931071E0
1.080000E1	2.643951E1	1.933667E0
1.082000E1	2.639358E1	1.914733E0
1.084000E1	2.631249E1	1.869658E0
1.086000E1	2.626652E1	1.891014E0
1.088000E1	2.627502E1	1.891929E0
1.090000E1	2.632413E1	1.727455E0
1.092000E1	2.639723E1	1.640952E0
1.094000E1	2.645100E1	1.580617E0
1.096000E1	2.649529E1	1.507285E0
1.098000E1	2.662538E1	1.405981E0
1.100000E1	2.663634E1	1.372702E0
1.102000E1	2.653995E1	1.720316E0
1.104000E1	2.647262E1	1.824545E0
1.106000E1	2.642225E1	1.806027E0
1.108000E1	2.638282E1	1.826577E0
1.110000E1	2.631138E1	1.935053E0
1.112000E1	2.630610E1	1.899794E0
1.114000E1	2.632488E1	1.844962E0
1.116000E1	2.629908E1	1.873286E0
1.118000E1	2.632162E1	1.866399E0
1.120000E1	2.634979E1	1.846941E0
1.122000E1	2.630708E1	1.833146E0
1.124000E1	2.628495E1	1.876891E0
1.126000E1	2.627928E1	1.890606E0
1.128000E1	2.628204E1	1.887606E0
1.130000E1	2.626431E1	1.934918E0
1.132000E1	2.637637E1	2.071663E0
1.134000E1	2.636781E1	2.235520E0
1.136000E1	2.636498E1	2.305859E0
1.138000E1	2.642037E1	2.610866E0
1.140000E1	2.631501E1	2.935804E0
1.142000E1	2.635466E1	3.054017E0
1.144000E1	2.634299E1	3.079733E0
1.146000E1	2.636503E1	3.192668E0
1.148000E1	2.625956E1	3.402448E0
1.150000E1	2.638003E1	3.298265E0
1.152000E1	2.643203E1	2.849073E0
1.154000E1	2.638187E1	2.479728E0
1.156000E1	2.645733E1	2.701772E0
1.158000E1	2.650545E1	3.021802E0
1.160000E1	2.658833E1	3.010373E0
1.162000E1	2.684200E1	2.829215E0
1.164000E1	2.698541E1	2.856178E0
1.166000E1	2.714649E1	2.834110E0
1.168000E1	2.718473E1	2.854061E0
1.170000E1	2.719153E1	2.823224E0
1.172000E1	2.724259E1	2.572139E0
1.174000E1	2.714782E1	2.400915E0
1.176000E1	2.717581E1	2.420397E0
1.178000E1	2.720153E1	2.551126E0
1.180000E1	2.722670E1	2.401320E0
1.182000E1	2.737136E1	1.966353E0
1.184000E1	2.743370E1	1.826765E0
1.186000E1	2.755292E1	1.821912E0
1.188000E1	2.768086E1	1.703572E0
1.190000E1	2.766522E1	1.647621E0
1.192000E1	2.760722E1	2.006273E0
1.194000E1	2.764068E1	2.491761E0
1.196000E1	2.758730E1	2.472436E0
1.198000E1	2.755105E1	2.189491E0
1.200000E1	2.756551E1	2.196570E0
1.202000E1	2.756073E1	2.317751E0
1.204000E1	2.759851E1	2.250807E0
1.206000E1	2.756838E1	2.208545E0
1.208000E1	2.759156E1	2.314859E0
1.210000E1	2.764602E1	2.272289E0
1.212000E1	2.759400E1	2.226861E0
1.214000E1	2.760261E1	2.274370E0
1.216000E1	2.760770E1	2.265281E0
1.218000E1	2.758717E1	2.228993E0
1.220000E1	2.756992E1	2.232753E0
1.222000E1	2.759089E1	2.247725E0
1.224000E1	2.760149E1	2.255684E0
1.226000E1	2.760437E1	2.271174E0
1.228000E1	2.760998E1	2.279053E0
1.230000E1	2.761382E1	2.286228E0
1.232000E1	2.761219E1	2.329024E0
1.234000E1	2.761731E1	2.324616E0
1.236000E1	2.761919E1	2.326916E0
1.238000E1	2.763311E1	2.350003E0
1.240000E1	2.762833E1	2.313817E0
1.242000E1	2.765009E1	2.352852E0
1.244000E1	2.766849E1	2.401902E0
1.246000E1	2.765070E1	2.376636E0
1.248000E1	2.770010E1	2.441451E0
1.250000E1	2.768894E1	2.462945E0
1.252000E1	2.785091E1	2.462841E0
1.254000E1	2.804316E1	2.634529E0
1.256000E1	2.820205E1	2.481672E0
1.258000E1	2.817918E1	2.482469E0
1.260000E1	2.825269E1	2.630120E0
1.262000E1	2.823980E1	2.692785E0
1.264000E1	2.820693E1	2.682022E0
1.266000E1	2.818978E1	2.712066E0
1.268000E1	2.815550E1	2.751342E0
1.270000E1	2.824962E1	2.725794E0
1.272000E1	2.861540E1	2.769720E0
1.274000E1	2.891343E1	2.740126E0
1.276000E1	2.910236E1	2.708873E0
1.278000E1	2.929339E1	2.721496E0
1.280000E1	2.944001E1	2.822995E0
1.282000E1	2.929191E1	3.252513E0
1.284000E1	2.913805E1	3.535200E0
1.286000E1	2.898817E1	3.470449E0
1.288000E1	2.895949E1	2.893498E0
1.290000E1	2.897295E1	2.807644E0
1.292000E1	2.895317E1	2.946736E0
1.294000E1	2.900037E1	2.782440E0
1.296000E1	2.898122E1	2.640312E0
1.298000E1	2.898639E1	2.672086E0
1.300000E1	2.897854E1	2.672293E0
1.302000E1	2.894926E1	2.613196E0
1.304000E1	2.896351E1	2.651686E0
1.306000E1	2.895420E1	2.794696E0
1.308000E1	2.897068E1	2.777382E0
1.310000E1	2.899175E1	2.757440E0
1.312000E1	2.901552E1	2.708489E0
1.314000E1	2.902737E1	2.600706E0
1.316000E1	2.900741E1	2.635579E0
1.318000E1	2.901409E1	2.667068E0
1.320000E1	2.900299E1	2.676330E0
1.322000E1	2.897662E1	2.706008E0
1.324000E1	2.898212E1	2.735794E0
1.326000E1	2.898850E1	2.731149E0
1.328000E1	2.899809E1	2.794196E0
1.330000E1	2.900582E1	2.702746E0
1.332000E1	2.901647E1	2.705076E0
1.334000E1	2.899901E1	2.686170E0
1.336000E1	2.900248E1	2.688816E0
1.338000E1	2.900238E1	2.686383E0
1.340000E1	2.898530E1	2.704987E0
1.342000E1	2.906290E1	2.636550E0
1.344000E1	2.910071E1	2.626545E0
1.346000E1	2.911067E1	2.507392E0
1.348000E1	2.913477E1	2.374987E0
1.350000E1	2.911788E1	2.387027E0
1.352000E1	2.909210E1	2.441796E0
1.354000E1	2.908790E1	2.346845E0
1.356000E1	2.907154E1	2.443004E0
1.358000E1	2.907662E1	2.619605E0
1.360000E1	2.912522E1	2.511646E0
1.362000E1	2.921546E1	2.449166E0
1.364000E1	2.944630E1	2.654950E0
1.366000E1	2.968524E1	2.717476E0
1.368000E1	2.975549E1	2.744051E0
1.370000E1	2.982545E1	2.689907E0
1.372000E1	2.975859E1	2.977743E0
1.374000E1	2.962192E1	3.467228E0
1.376000E1	2.954595E1	3.486960E0
1.378000E1	2.955659E1	3.316544E0
1.380000E1	2.950635E1	3.155897E0
1.382000E1	2.951025E1	3.156926E0
1.384000E1	2.954489E1	3.089839E0
1.386000E1	2.951638E1	3.323635E0
1.388000E1	2.955917E1	3.379955E0
1.390000E1	2.958300E1	3.397023E0
1.392000E1	2.958884E1	3.392897E0
1.394000E1	2.958472E1	3.677950E0
1.396000E1	2.942865E1	4.118717E0
1.398000E1	2.944310E1	4.149164E0
1.400000E1	2.952932E1	3.614856E0
1.402000E1	2.955233E1	2.920373E0
1.404000E1	2.954082E1	2.989464E0
1.406000E1	2.949269E1	3.087764E0
1.408000E1	2.951274E1	2.841792E0
1.410000E1	2.945381E1	2.736882E0
1.412000E1	2.947437E1	2.744922E0
1.414000E1	2.946291E1	2.758953E0
1.416000E1	2.938172E1	2.755512E0
1.418000E1	2.950006E1	2.780125E0
1.420000E1	2.950259E1	2.779604E0
1.422000E1	2.950648E1	2.782085E0
1.424000E1	2.949224E1	2.777528E0
1.426000E1	2.948052E1	2.751448E0
1.428000E1	2.948688E1	2.654149E0
1.430000E1	2.950550E1	2.609975E0
1.432000E1	2.951540E1	2.616599E0
1.434000E1	2.953915E1	2.571017E0
1.436000E1	2.958283E1	2.377884E0
1.438000E1	2.957813E1	2.338900E0
1.440000E1	2.957511E1	2.345477E0
1.442000E1	2.959170E1	2.351222E0
1.444000E1	2.955553E1	2.328759E0
1.446000E1	2.954874E1	2.330819E0
1.448000E1	2.952768E1	2.355768E0
1.450000E1	2.953228E1	2.334752E0
1.452000E1	2.963434E1	2.171378E0
1.454000E1	2.966323E1	2.151358E0
1.456000E1	2.969157E1	2.134872E0
1.458000E1	2.976328E1	2.045357E0
1.460000E1	2.982783E1	1.996411E0
1.462000E1	2.980737E1	2.165614E0
1.464000E1	2.975229E1	2.498155E0
1.466000E1	2.976771E1	2.470344E0
1.468000E1	2.978726E1	2.440217E0
1.470000E1	2.981713E1	2.427956E0
1.472000E1	2.981958E1	2.518401E0
1.474000E1	2.986136E1	2.466978E0
1.476000E1	2.987316E1	2.479299E0
1.478000E1	2.992870E1	2.684451E0
1.480000E1	2.995684E1	2.827824E0
1.482000E1	2.994326E1	2.950827E0
1.484000E1	2.995251E1	3.079056E0
1.486000E1	2.985672E1	3.258522E0
1.488000E1	2.996151E1	3.270437E0
1.490000E1	2.991635E1	3.369744E0
1.492000E1	2.994480E1	3.380200E0
1.494000E1	2.999926E1	3.074002E0
1.496000E1	2.998479E1	2.836769E0
1.498000E1	3.000214E1	2.878477E0
1.500000E1	3.001253E1	3.220012E0
1.502000E1	2.999506E1	3.319281E0
1.504000E1	2.998405E1	3.313108E0
1.506000E1	2.999913E1	3.431189E0
1.508000E1	3.000332E1	3.833730E0
1.510000E1	2.994254E1	4.018221E0
1.512000E1	3.003184E1	3.873110E0
1.514000E1	3.004149E1	3.222900E0
1.516000E1	2.999361E1	2.918147E0
1.518000E1	2.997744E1	2.979271E0
1.520000E1	2.988877E1	2.970208E0
1.522000E1	3.003930E1	2.522560E0
1.524000E1	3.004408E1	2.463730E0
1.526000E1	3.002528E1	2.415397E0
1.528000E1	3.006119E1	2.305407E0
1.530000E1	3.000953E1	2.195613E0
1.532000E1	3.005133E1	2.309705E0
1.534000E1	3.003120E1	2.350004E0
1.536000E1	3.005269E1	2.457538E0
1.538000E1	3.002809E1	2.439812E0
1.540000E1	3.003064E1	2.300628E0
1.542000E1	3.005348E1	2.179216E0
1.544000E1	3.005142E1	2.114434E0
1.546000E1	3.014966E1	1.924584E0
1.548000E1	3.015586E1	1.801267E0
1.550000E1	3.011982E1	1.847948E0
1.552000E1	3.006507E1	2.057601E0
1.554000E1	2.994640E1	2.347015E0
1.556000E1	2.995460E1	2.358886E0
1.558000E1	2.991618E1	2.324987E0
1.560000E1	2.989553E1	2.320019E0
1.562000E1	2.989514E1	2.340416E0
1.564000E1	2.990350E1	2.340104E0
1.566000E1	2.991283E1	2.333340E0
1.568000E1	2.992790E1	2.346752E0
1.570000E1	2.994172E1	2.347092E0
1.572000E1	2.991364E1	2.349817E0
1.574000E1	2.992835E1	2.359804E0
1.576000E1	2.992931E1	2.378735E0
1.578000E1	2.993278E1	2.369124E0
1.580000E1	2.994422E1	2.373222E0
1.582000E1	2.994441E1	2.371684E0
1.584000E1	2.994561E1	2.374803E0
1.586000E1	2.996741E1	2.427579E0
1.588000E1	2.996361E1	2.495849E0
1.590000E1	2.997015E1	2.475834E0
1.592000E1	3.002141E1	2.592585E0
1.594000E1	3.001833E1	2.818995E0
1.596000E1	2.999216E1	3.013647E0
1.598000E1	3.009437E1	3.190545E0
1.600000E1	3.006434E1	3.191855E0
1.602000E1	3.005093E1	3.211524E0
1.604000E1	3.005221E1	3.303459E0
1.606000E1	3.005085E1	3.283822E0
1.608000E1	2.999894E1	2.889020E0
1.610000E1	3.001473E1	2.834171E0
1.612000E1	3.012808E1	2.929178E0
1.614000E1	3.020080E1	3.009855E0
1.616000E1	3.029382E1	2.858656E0
1.618000E1	3.043549E1	2.772662E0
1.620000E1	3.053450E1	2.931884E0
1.622000E1	3.051193E1	3.223046E0
1.624000E1	3.050206E1	3.226423E0
1.626000E1	3.040241E1	3.096356E0
1.628000E1	3.035527E1	2.935682E0
1.630000E1	3.043962E1	2.801011E0
1.632000E1	3.055541E1	2.608136E0
1.634000E1	3.068798E1	2.474139E0
1.636000E1	3.092634E1	2.234732E0
1.638000E1	3.093080E1	2.201997E0
1.640000E1	3.093018E1	2.246387E0
1.642000E1	3.079516E1	2.478532E0
1.644000E1	3.071324E1	2.652482E0
1.646000E1	3.074236E1	2.734335E0
1.648000E1	3.075955E1	2.756008E0
1.650000E1	3.078426E1	2.803090E0
1.652000E1	3.076318E1	2.782159E0
1.654000E1	3.072188E1	2.690039E0
1.656000E1	3.075877E1	2.718439E0
1.658000E1	3.079416E1	2.743540E0
1.660000E1	3.083064E1	2.721174E0
1.662000E1	3.080688E1	2.717144E0
1.664000E1	3.081629E1	2.769859E0
1.666000E1	3.082480E1	2.779291E0
1.668000E1	3.083047E1	2.773165E0
1.670000E1	3.083064E1	2.762954E0
1.672000E1	3.083085E1	2.715950E0
1.674000E1	3.083481E1	2.723197E0
1.676000E1	3.082355E1	2.746453E0
1.678000E1	3.082100E1	2.762203E0
1.680000E1	3.083100E1	2.768162E0
1.682000E1	3.083660E1	2.805140E0
1.684000E1	3.084540E1	2.790937E0
1.686000E1	3.085239E1	2.817908E0
1.688000E1	3.085017E1	2.869090E0
1.690000E1	3.085941E1	2.802316E0
1.692000E1	3.085995E1	2.806369E0
1.694000E1	3.086615E1	2.818855E0
1.696000E1	3.087901E1	2.815882E0
1.698000E1	3.087890E1	2.813545E0
1.700000E1	3.088818E1	2.809890E0
1.702000E1	3.095851E1	2.826490E0
1.704000E1	3.102101E1	2.922480E0
1.706000E1	3.109983E1	2.855339E0
1.708000E1	3.113805E1	2.929666E0
1.710000E1	3.112845E1	3.034712E0
1.712000E1	3.108433E1	3.086909E0
1.714000E1	3.110699E1	3.171156E0
1.716000E1	3.107088E1	3.358769E0
1.718000E1	3.103089E1	3.347620E0
1.720000E1	3.112776E1	3.066256E0
1.722000E1	3.119611E1	2.827902E0
1.724000E1	3.137244E1	2.775514E0
1.726000E1	3.161772E1	2.930750E0
1.728000E1	3.180295E1	2.953289E0
1.730000E1	3.185197E1	2.981218E0
1.732000E1	3.173448E1	3.289888E0
1.734000E1	3.167254E1	3.672482E0
1.736000E1	3.155266E1	3.961722E0
1.738000E1	3.150751E1	3.885885E0
1.740000E1	3.150473E1	3.339984E0
1.742000E1	3.141390E1	2.890430E0
1.744000E1	3.137667E1	2.981639E0
1.746000E1	3.135429E1	3.036308E0
1.748000E1	3.138451E1	2.779935E0
1.750000E1	3.132916E1	2.619891E0
1.752000E1	3.131737E1	2.686453E0
1.754000E1	3.131338E1	2.818203E0
1.756000E1	3.131705E1	2.742849E0
1.758000E1	3.133512E1	2.762205E0
1.760000E1	3.133675E1	2.806652E0
1.762000E1	3.134645E1	2.815217E0
1.764000E1	3.135364E1	2.838264E0
1.766000E1	3.135064E1	2.784018E0
1.768000E1	3.135992E1	2.737921E0
1.770000E1	3.134439E1	2.751437E0
1.772000E1	3.133771E1	2.780759E0
1.774000E1	3.134238E1	2.765922E0
1.776000E1	3.134809E1	2.797350E0
1.778000E1	3.135742E1	2.844220E0
1.780000E1	3.136695E1	2.792980E0
1.782000E1	3.136680E1	2.801194E0
1.784000E1	3.136755E1	2.781925E0
1.786000E1	3.134036E1	2.723601E0
1.788000E1	3.135156E1	2.739661E0
1.790000E1	3.135246E1	2.731092E0
1.792000E1	3.141227E1	2.706094E0
1.794000E1	3.142310E1	2.724555E0
1.796000E1	3.144569E1	2.592976E0
1.798000E1	3.142453E1	2.467499E0
1.800000E1	3.142236E1	2.537509E0
1.802000E1	3.142640E1	2.493997E0
1.804000E1	3.142282E1	2.478828E0
1.806000E1	3.138245E1	2.531082E0
1.808000E1	3.139580E1	2.510458E0
1.810000E1	3.146824E1	2.413310E0
1.812000E1	3.152273E1	2.369853E0
1.814000E1	3.162534E1	2.359812E0
1.816000E1	3.177940E1	2.372601E0
1.818000E1	3.192012E1	2.454636E0
1.820000E1	3.192551E1	2.586649E0
1.822000E1	3.176090E1	2.912620E0
1.824000E1	3.165987E1	3.154672E0
1.826000E1	3.173220E1	3.241839E0
1.828000E1	3.174170E1	3.269671E0
1.830000E1	3.175488E1	3.358756E0
1.832000E1	3.176980E1	3.346534E0
1.834000E1	3.170978E1	3.097216E0
1.836000E1	3.179444E1	2.988102E0
1.838000E1	3.183058E1	3.270166E0
1.840000E1	3.181301E1	3.319521E0
1.842000E1	3.180113E1	3.323118E0
1.844000E1	3.181133E1	3.346724E0
1.846000E1	3.177819E1	3.672264E0
1.848000E1	3.179228E1	3.984443E0
1.850000E1	3.166179E1	4.098842E0
1.852000E1	3.182342E1	3.787515E0
1.854000E1	3.185992E1	3.118515E0
1.856000E1	3.183179E1	2.835771E0
1.858000E1	3.174695E1	3.181681E0
1.860000E1	3.174377E1	3.223634E0
1.862000E1	3.179251E1	2.905040E0
1.864000E1	3.172717E1	2.830940E0
1.866000E1	3.173317E1	2.979195E0
1.868000E1	3.174891E1	2.947520E0
1.870000E1	3.178495E1	2.757070E0
1.872000E1	3.179248E1	2.875283E0
1.874000E1	3.177705E1	2.895279E0
1.876000E1	3.178886E1	2.859062E0
1.878000E1	3.178973E1	2.854532E0
1.880000E1	3.175409E1	2.647184E0
1.882000E1	3.181848E1	2.708846E0
1.884000E1	3.182346E1	2.733916E0
1.886000E1	3.187481E1	2.581346E0
1.888000E1	3.184771E1	2.487689E0
1.890000E1	3.187621E1	2.563270E0
1.892000E1	3.185005E1	2.522110E0
1.894000E1	3.184709E1	2.494866E0
1.896000E1	3.182097E1	2.494086E0
1.898000E1	3.181836E1	2.471739E0
1.900000E1	3.186991E1	2.270239E0
1.902000E1	3.188308E1	2.304764E0
1.904000E1	3.196339E1	2.184229E0
1.906000E1	3.202408E1	2.091314E0
1.908000E1	3.198574E1	2.043881E0
1.910000E1	3.190484E1	2.105199E0
1.912000E1	3.180359E1	2.427154E0
1.914000E1	3.177938E1	2.430580E0
1.916000E1	3.177310E1	2.419081E0
1.918000E1	3.175601E1	2.436128E0
1.920000E1	3.173975E1	2.444231E0
1.922000E1	3.175467E1	2.445186E0
1.924000E1	3.177933E1	2.447592E0
1.926000E1	3.179808E1	2.459932E0
1.928000E1	3.180283E1	2.556267E0
1.930000E1	3.180897E1	2.531710E0
1.932000E1	3.182793E1	2.652405E0
1.934000E1	3.177322E1	2.968410E0
1.936000E1	3.183578E1	3.104122E0
1.938000E1	3.183309E1	3.168759E0
1.940000E1	3.183768E1	3.212984E0
1.942000E1	3.184383E1	3.327165E0
1.944000E1	3.185641E1	3.466171E0
1.946000E1	3.184695E1	3.314935E0
1.948000E1	3.185619E1	2.975621E0
1.950000E1	3.185321E1	2.937368E0
1.952000E1	3.187929E1	3.257787E0
1.954000E1	3.185519E1	3.296866E0
1.956000E1	3.188684E1	3.381827E0
1.958000E1	3.186659E1	3.448643E0
1.960000E1	3.193709E1	3.651802E0
1.962000E1	3.182711E1	3.937802E0
1.964000E1	3.183747E1	3.922134E0
1.966000E1	3.183063E1	3.475178E0
1.968000E1	3.183386E1	2.863133E0
1.970000E1	3.185956E1	2.585566E0
1.972000E1	3.187833E1	2.781968E0
1.974000E1	3.187088E1	2.705208E0
1.976000E1	3.190474E1	2.378462E0
1.978000E1	3.188629E1	2.358762E0
1.980000E1	3.187252E1	2.472432E0
1.982000E1	3.185725E1	2.443940E0
1.984000E1	3.186521E1	2.441212E0
1.986000E1	3.181830E1	2.540132E0
1.988000E1	3.183369E1	2.506765E0
1.990000E1	3.191920E1	2.379699E0
1.992000E1	3.197974E1	2.277396E0
1.994000E1	3.200383E1	1.983728E0
1.996000E1	3.197989E1	1.958977E0
1.998000E1	3.196741E1	1.977846E0
2.000000E1	3.187952E1	2.061777E0
2.002000E1	3.175554E1	2.355113E0
2.004000E1	3.177440E1	2.380782E0
2.006000E1	3.178237E1	2.387118E0
2.008000E1	3.178541E1	2.402284E0
2.010000E1	3.178354E1	2.415612E0
2.012000E1	3.177105E1	2.373012E0
2.014000E1	3.171762E1	2.313764E0
2.016000E1	3.176836E1	2.396137E0
2.018000E1	3.179110E1	2.380848E0
2.020000E1	3.177227E1	2.366360E0
2.022000E1	3.179136E1	2.411050E0
2.024000E1	3.177650E1	2.411750E0
2.026000E1	3.179614E1	2.408281E0
2.028000E1	3.179700E1	2.410356E0
2.030000E1	3.180151E1	2.407829E0
2.032000E1	3.180255E1	2.406427E0
2.034000E1	3.180709E1	2.414898E0
2.036000E1	3.181745E1	2.440719E0
2.038000E1	3.181426E1	2.429760E0
2.040000E1	3.180850E1	2.442387E0
2.042000E1	3.182347E1	2.527172E0
2.044000E1	3.183301E1	2.592347E0
2.046000E1	3.192592E1	2.820852E0
2.048000E1	3.187983E1	2.920921E0
2.050000E1	3.191298E1	3.120161E0
2.052000E1	3.190261E1	3.182093E0
2.054000E1	3.190269E1	3.262987E0
2.056000E1	3.186983E1	3.305598E0
2.058000E1	3.188136E1	3.360142E0
2.060000E1	3.199848E1	3.002194E0
2.062000E1	3.202634E1	2.683330E0
2.064000E1	3.213226E1	2.631109E0
2.066000E1	3.224203E1	2.955362E0
2.068000E1	3.231130E1	2.969329E0
2.070000E1	3.240778E1	3.041546E0
2.072000E1	3.238093E1	3.074704E0
2.074000E1	3.235573E1	3.317752E0
2.076000E1	3.234981E1	3.677991E0
2.078000E1	3.241589E1	3.489253E0
2.080000E1	3.255014E1	2.785735E0
2.082000E1	3.258631E1	2.360385E0
2.084000E1	3.264123E1	2.356897E0
2.086000E1	3.267764E1	2.380837E0
2.088000E1	3.270109E1	2.389935E0
2.090000E1	3.260368E1	2.684238E0
2.092000E1	3.258700E1	2.747829E0
2.094000E1	3.256959E1	2.776758E0
2.096000E1	3.248840E1	2.777618E0
2.098000E1	3.246270E1	2.888906E0
2.100000E1	3.242658E1	2.881402E0
2.102000E1	3.239435E1	2.875710E0
2.104000E1	3.237627E1	2.869660E0
2.106000E1	3.235578E1	2.861457E0
2.108000E1	3.236669E1	2.658515E0
2.110000E1	3.231459E1	2.687455E0
2.112000E1	3.227088E1	2.818263E0
2.114000E1	3.227004E1	2.786488E0
2.116000E1	3.229432E1	2.801183E0
2.118000E1	3.229837E1	2.821567E0
2.120000E1	3.230159E1	2.811479E0
2.122000E1	3.230707E1	2.820210E0
2.124000E1	3.230239E1	2.814398E0
2.126000E1	3.228988E1	2.805312E0
2.128000E1	3.229013E1	2.807334E0
2.130000E1	3.227449E1	2.804154E0
2.132000E1	3.227685E1	2.787971E0
2.134000E1	3.228966E1	2.844853E0
2.136000E1	3.228326E1	2.858739E0
2.138000E1	3.229976E1	2.824895E0
2.140000E1	3.228928E1	2.870794E0
2.142000E1	3.229235E1	2.873600E0
2.144000E1	3.231345E1	2.790555E0
2.146000E1	3.233006E1	2.805888E0
2.148000E1	3.232611E1	2.812331E0
2.150000E1	3.238081E1	2.810223E0
2.152000E1	3.238195E1	2.826139E0
2.154000E1	3.245576E1	2.736836E0
2.156000E1	3.248703E1	2.815032E0
2.158000E1	3.247015E1	3.047475E0
2.160000E1	3.249909E1	3.068327E0
2.162000E1	3.258306E1	3.155691E0
2.164000E1	3.253454E1	3.436145E0
2.166000E1	3.258371E1	3.494950E0
2.168000E1	3.277782E1	3.308148E0
2.170000E1	3.293859E1	3.232869E0
2.172000E1	3.309544E1	3.013803E0
2.174000E1	3.316288E1	2.838647E0
2.176000E1	3.316375E1	2.842956E0
2.178000E1	3.320502E1	3.143019E0
2.180000E1	3.313955E1	3.634451E0
2.182000E1	3.312542E1	3.722269E0
2.184000E1	3.314808E1	3.744478E0
2.186000E1	3.313293E1	3.910030E0
2.188000E1	3.311332E1	4.325119E0
2.190000E1	3.311188E1	4.372383E0
2.192000E1	3.310064E1	4.090582E0
2.194000E1	3.317127E1	3.484562E0
2.196000E1	3.313994E1	3.023409E0
2.198000E1	3.312842E1	3.150887E0
2.200000E1	3.303674E1	3.288625E0
2.202000E1	3.305535E1	3.091072E0
2.204000E1	3.302078E1	2.942387E0
2.206000E1	3.307979E1	2.979317E0
2.208000E1	3.307100E1	2.912837E0
2.210000E1	3.310628E1	2.891543E0
2.212000E1	3.313493E1	2.913569E0
2.214000E1	3.315496E1	2.927415E0
2.216000E1	3.314273E1	2.963246E0
2.218000E1	3.315506E1	2.900939E0
2.220000E1	3.313010E1	2.760860E0
2.222000E1	3.312663E1	2.802283E0
2.224000E1	3.313354E1	2.905720E0
2.226000E1	3.317282E1	2.783724E0
2.228000E1	3.316350E1	2.850669E0
2.230000E1	3.316263E1	2.874621E0
2.232000E1	3.316743E1	2.862792E0
2.234000E1	3.317892E1	2.853437E0
2.236000E1	3.315836E1	2.835038E0
2.238000E1	3.322210E1	2.751488E0
2.240000E1	3.323764E1	2.768512E0
2.242000E1	3.324935E1	2.674533E0
2.244000E1	3.327236E1	2.706366E0
2.246000E1	3.326104E1	2.745390E0
2.248000E1	3.325377E1	2.771729E0
2.250000E1	3.323820E1	2.801810E0
2.252000E1	3.322264E1	2.891267E0
2.254000E1	3.321878E1	2.888325E0
2.256000E1	3.321863E1	2.879602E0
2.258000E1	3.333511E1	2.760559E0
2.260000E1	3.337258E1	2.617729E0
2.262000E1	3.338081E1	2.519159E0
2.264000E1	3.338792E1	2.493935E0
2.266000E1	3.333105E1	2.481268E0
2.268000E1	3.325969E1	2.832743E0
2.270000E1	3.322939E1	3.085260E0
2.272000E1	3.319900E1	3.053936E0
2.274000E1	3.323041E1	3.211277E0
2.276000E1	3.322941E1	3.406123E0
2.278000E1	3.324296E1	3.491973E0
2.280000E1	3.326827E1	3.493988E0
2.282000E1	3.323329E1	3.488006E0
2.284000E1	3.324972E1	3.599776E0
2.286000E1	3.322022E1	3.475200E0
2.288000E1	3.317303E1	3.077620E0
2.290000E1	3.320486E1	3.063105E0
2.292000E1	3.322214E1	3.326346E0
2.294000E1	3.322780E1	3.352728E0
2.296000E1	3.323572E1	3.364572E0
2.298000E1	3.325507E1	3.486998E0
2.300000E1	3.323236E1	3.735556E0
2.302000E1	3.315875E1	4.088434E0
2.304000E1	3.317548E1	4.129749E0
2.306000E1	3.320405E1	3.635091E0
2.308000E1	3.326043E1	3.131801E0
2.310000E1	3.322291E1	3.169537E0
2.312000E1	3.319084E1	3.350068E0
2.314000E1	3.319979E1	3.220284E0
2.316000E1	3.312764E1	2.990287E0
2.318000E1	3.315883E1	3.032927E0
2.320000E1	3.315138E1	3.040442E0
2.322000E1	3.315607E1	2.896149E0
2.324000E1	3.319454E1	2.898421E0
2.326000E1	3.318563E1	2.886613E0
2.328000E1	3.324422E1	2.860034E0
2.330000E1	3.326472E1	2.849871E0
2.332000E1	3.324958E1	2.638726E0
2.334000E1	3.325588E1	2.562335E0
2.336000E1	3.325531E1	2.538371E0
2.338000E1	3.324981E1	2.512194E0
2.340000E1	3.324498E1	2.500270E0
2.342000E1	3.320626E1	2.593052E0
2.344000E1	3.323182E1	2.593707E0
2.346000E1	3.325798E1	2.408672E0
2.348000E1	3.333180E1	2.356619E0
2.350000E1	3.340732E1	2.198319E0
2.352000E1	3.334900E1	2.043034E0
2.354000E1	3.332828E1	2.107744E0
2.356000E1	3.329148E1	2.186823E0
2.358000E1	3.316350E1	2.519057E0
2.360000E1	3.316500E1	2.510624E0
2.362000E1	3.316473E1	2.492457E0
2.364000E1	3.316062E1	2.494072E0
2.366000E1	3.311610E1	2.552037E0
2.368000E1	3.315648E1	2.483374E0
2.370000E1	3.313705E1	2.480004E0
2.372000E1	3.316074E1	2.479641E0
2.374000E1	3.317857E1	2.490487E0
2.376000E1	3.318381E1	2.465892E0
2.378000E1	3.319176E1	2.456374E0
2.380000E1	3.319721E1	2.617995E0
2.382000E1	3.320632E1	2.579916E0
2.384000E1	3.325953E1	2.670612E0
2.386000E1	3.321707E1	2.868676E0
2.388000E1	3.332546E1	2.978571E0
2.390000E1	3.328192E1	3.069225E0
2.392000E1	3.327424E1	3.111376E0
2.394000E1	3.323821E1	3.200031E0
2.396000E1	3.323167E1	3.349974E0
2.398000E1	3.325897E1	3.231223E0
2.400000E1	3.326394E1	2.818518E0
