	mass A		
t	x	y	
0.000000E0	2.925222E-2	-1.632917E-2
2.000000E-2	2.853451E-1	-1.839862E-1
4.000000E-2	6.410981E-1	-8.312129E-3
6.000000E-2	6.851231E-1	1.065761E-1
8.000000E-2	9.777480E-1	1.600372E-2
1.000000E-1	1.224469E0	-1.715059E-1
1.200000E-1	1.267743E0	-4.344656E-1
1.400000E-1	1.371508E0	-7.305644E-1
1.600000E-1	1.622139E0	-8.476191E-1
1.800000E-1	1.623663E0	-7.247013E-1
2.000000E-1	1.615117E0	-3.993033E-1
2.200000E-1	1.836247E0	-1.816060E-1
2.400000E-1	2.039343E0	-1.030744E-1
2.600000E-1	2.121698E0	-5.886172E-2
2.800000E-1	2.099621E0	-3.270835E-1
3.000000E-1	2.048394E0	-8.557488E-1
3.200000E-1	2.115972E0	-1.118953E0
3.400000E-1	2.100468E0	-9.934629E-1
3.600000E-1	2.071626E0	-9.950713E-1
3.800000E-1	2.045320E0	-1.002068E0
4.000000E-1	2.033398E0	-9.639806E-1
4.200000E-1	2.016435E0	-9.588516E-1
4.400000E-1	2.021679E0	-1.013673E0
4.600000E-1	2.001144E0	-1.196615E0
4.800000E-1	2.007658E0	-1.587654E0
5.000000E-1	2.027708E0	-1.867684E0
5.200000E-1	2.167179E0	-1.953936E0
5.400000E-1	2.174957E0	-2.082262E0
5.600000E-1	2.125155E0	-2.217107E0
5.800000E-1	2.098019E0	-2.287270E0
6.000000E-1	2.188499E0	-2.167358E0
6.200000E-1	2.286872E0	-2.016402E0
6.400000E-1	2.384801E0	-1.710288E0
6.600000E-1	2.467473E0	-1.574220E0
6.800000E-1	2.597566E0	-1.581041E0
7.000000E-1	2.795483E0	-1.558060E0
7.200000E-1	3.056350E0	-1.513104E0
7.400000E-1	3.221738E0	-1.425630E0
7.600000E-1	3.307127E0	-1.282991E0
7.800000E-1	3.316837E0	-1.108117E0
8.000000E-1	3.274355E0	-5.913369E-1
8.200000E-1	3.289378E0	-3.496112E-1
8.400000E-1	3.330996E0	-2.283429E-1
8.600000E-1	3.382748E0	-1.169216E-1
8.800000E-1	3.505072E0	1.276039E-1
9.000000E-1	3.670242E0	1.024717E-1
9.200000E-1	3.757006E0	7.326874E-2
9.400000E-1	3.827077E0	1.306348E-1
9.600000E-1	3.849126E0	9.214533E-2
9.800000E-1	3.850923E0	-2.990975E-2
1.000000E0	3.809303E0	-2.542403E-2
1.020000E0	3.763751E0	-1.007075E-1
1.040000E0	3.779097E0	-2.344655E-1
1.060000E0	3.880625E0	-3.007710E-1
1.080000E0	3.923875E0	-1.952048E-1
1.100000E0	3.992070E0	-7.981511E-2
1.120000E0	4.202596E0	5.922099E-2
1.140000E0	4.467618E0	1.684497E-1
1.160000E0	4.429882E0	5.043857E-1
1.180000E0	4.142639E0	1.253146E0
1.200000E0	3.969559E0	1.779954E0
1.220000E0	4.089492E0	1.714699E0
1.240000E0	4.369724E0	9.595399E-1
1.260000E0	4.483798E0	1.287024E-1
1.280000E0	4.587282E0	8.358111E-2
1.300000E0	4.741870E0	3.492580E-1
1.320000E0	4.772554E0	2.809989E-1
1.340000E0	4.810162E0	-2.366316E-1
1.360000E0	4.832331E0	-7.773078E-1
1.380000E0	5.060998E0	-1.026856E0
1.400000E0	5.454035E0	-1.021784E0
1.420000E0	5.535688E0	-1.236093E0
1.440000E0	5.764327E0	-1.304847E0
1.460000E0	5.956659E0	-1.182585E0
1.480000E0	6.079844E0	-1.151454E0
1.500000E0	6.118281E0	-1.177039E0
1.520000E0	6.140221E0	-1.213570E0
1.540000E0	6.152992E0	-1.394672E0
1.560000E0	6.198241E0	-1.707045E0
1.580000E0	6.315172E0	-1.994184E0
1.600000E0	6.319392E0	-2.249645E0
1.620000E0	6.326604E0	-2.268212E0
1.640000E0	6.308911E0	-2.187946E0
1.660000E0	6.386136E0	-1.881306E0
1.680000E0	6.579949E0	-1.285345E0
1.700000E0	6.538780E0	-1.243432E0
1.720000E0	6.400140E0	-1.512049E0
1.740000E0	6.352632E0	-1.462199E0
1.760000E0	6.406218E0	-1.341098E0
1.780000E0	6.361848E0	-1.349321E0
1.800000E0	6.334789E0	-1.357298E0
1.820000E0	6.311031E0	-1.396111E0
1.840000E0	6.303499E0	-1.387337E0
1.860000E0	6.256892E0	-1.389719E0
1.880000E0	6.266510E0	-1.367824E0
1.900000E0	6.256683E0	-1.331671E0
1.920000E0	6.262828E0	-1.237846E0
1.940000E0	6.277862E0	-1.194026E0
1.960000E0	6.302189E0	-1.171376E0
1.980000E0	6.307626E0	-1.202566E0
2.000000E0	6.325124E0	-1.172265E0
2.020000E0	6.423631E0	-9.112685E-1
2.040000E0	6.442601E0	-6.490630E-1
2.060000E0	6.501587E0	-6.635291E-1
2.080000E0	6.545469E0	-5.986247E-1
2.100000E0	6.683864E0	-2.258127E-1
2.120000E0	6.734010E0	-1.608337E-2
2.140000E0	6.789452E0	1.836878E-1
2.160000E0	6.782366E0	1.867753E-1
2.180000E0	6.795518E0	1.938854E-1
2.200000E0	6.781065E0	2.147051E-1
2.220000E0	6.789372E0	1.766702E-1
2.240000E0	6.951219E0	-4.821060E-2
2.260000E0	7.239854E0	-4.701461E-1
2.280000E0	7.228702E0	-7.651233E-1
2.300000E0	7.264804E0	-9.350700E-1
2.320000E0	7.343513E0	-8.995938E-1
2.340000E0	7.424633E0	-7.056279E-1
2.360000E0	7.504811E0	-5.762618E-1
2.380000E0	7.548469E0	-4.573839E-1
2.400000E0	7.621724E0	-2.092155E-1
2.420000E0	7.625985E0	9.617227E-3
2.440000E0	7.751156E0	1.118289E-1
2.460000E0	7.954398E0	-1.566999E-1
2.480000E0	8.056253E0	-6.982827E-1
2.500000E0	8.077907E0	-1.030496E0
2.520000E0	8.036457E0	-1.042013E0
2.540000E0	8.073769E0	-7.342272E-1
2.560000E0	8.174563E0	-3.914198E-1
2.580000E0	8.220138E0	-4.023366E-1
2.600000E0	8.214742E0	-7.519564E-1
2.620000E0	8.161645E0	-9.614044E-1
2.640000E0	8.263012E0	-9.688767E-1
2.660000E0	8.465514E0	-8.410649E-1
2.680000E0	8.493520E0	-8.535734E-1
2.700000E0	8.529170E0	-8.166715E-1
2.720000E0	8.654711E0	-7.748718E-1
2.740000E0	8.624991E0	-8.798489E-1
2.760000E0	8.624873E0	-8.755530E-1
2.780000E0	8.622309E0	-1.004124E0
2.800000E0	8.635557E0	-1.278943E0
2.820000E0	8.620550E0	-1.333761E0
2.840000E0	8.613626E0	-1.323602E0
2.860000E0	8.581213E0	-1.409772E0
2.880000E0	8.582982E0	-1.421542E0
2.900000E0	8.595665E0	-1.304098E0
2.920000E0	8.599775E0	-1.212676E0
2.940000E0	8.580839E0	-1.225964E0
2.960000E0	8.558891E0	-1.248504E0
2.980000E0	8.557656E0	-1.268847E0
3.000000E0	8.564361E0	-1.270323E0
3.020000E0	8.561100E0	-1.275175E0
3.040000E0	8.566389E0	-1.270992E0
3.060000E0	8.577278E0	-1.281635E0
3.080000E0	8.576279E0	-1.288393E0
3.100000E0	8.580134E0	-1.305451E0
3.120000E0	8.591721E0	-1.348491E0
3.140000E0	8.673738E0	-1.522872E0
3.160000E0	8.719351E0	-1.656845E0
3.180000E0	8.799705E0	-1.751626E0
3.200000E0	8.933757E0	-1.870517E0
3.220000E0	9.128569E0	-1.718751E0
3.240000E0	9.164318E0	-1.550622E0
3.260000E0	9.148785E0	-1.379395E0
3.280000E0	9.169915E0	-1.169672E0
3.300000E0	9.130151E0	-9.355141E-1
3.320000E0	9.326311E0	-7.725720E-1
3.340000E0	9.691879E0	-8.301780E-1
3.360000E0	9.861637E0	-9.284535E-1
3.380000E0	9.960492E0	-9.769912E-1
3.400000E0	1.000240E1	-8.645124E-1
3.420000E0	9.914381E0	-4.445751E-1
3.440000E0	9.803799E0	7.904504E-2
3.460000E0	9.692040E0	3.053580E-1
3.480000E0	9.643820E0	2.651715E-1
3.500000E0	9.676387E0	-3.535755E-2
3.520000E0	9.758332E0	-2.079201E-1
3.540000E0	9.996533E0	-2.454997E-1
3.560000E0	1.012690E1	-7.017203E-2
3.580000E0	1.032426E1	2.416317E-1
3.600000E0	1.042798E1	2.496882E-1
3.620000E0	1.043145E1	2.279320E-1
3.640000E0	1.042158E1	4.663787E-1
3.660000E0	1.025973E1	9.707965E-1
3.680000E0	1.021696E1	1.528788E0
3.700000E0	1.025052E1	1.519907E0
3.720000E0	1.039995E1	7.293073E-1
3.740000E0	1.054557E1	-1.039326E-1
3.760000E0	1.069282E1	-5.240594E-1
3.780000E0	1.084407E1	-3.508767E-1
3.800000E0	1.090466E1	-1.388839E-1
3.820000E0	1.088016E1	-2.746284E-1
3.840000E0	1.083805E1	-6.213845E-1
3.860000E0	1.089612E1	-6.739738E-1
3.880000E0	1.089156E1	-6.989428E-1
3.900000E0	1.089507E1	-7.209336E-1
3.920000E0	1.101273E1	-6.871376E-1
3.940000E0	1.091798E1	-6.852668E-1
3.960000E0	1.089351E1	-7.349459E-1
3.980000E0	1.089633E1	-8.466628E-1
4.000000E0	1.082362E1	-1.079012E0
4.020000E0	1.089547E1	-1.379679E0
4.040000E0	1.093730E1	-1.443405E0
4.060000E0	1.100700E1	-1.507889E0
4.080000E0	1.098811E1	-1.744505E0
4.100000E0	1.102319E1	-1.784203E0
4.120000E0	1.101544E1	-1.744746E0
4.140000E0	1.102959E1	-1.564558E0
4.160000E0	1.098952E1	-1.580585E0
4.180000E0	1.092920E1	-1.557910E0
4.200000E0	1.094580E1	-1.602235E0
4.220000E0	1.104257E1	-1.879394E0
4.240000E0	1.107367E1	-2.042568E0
4.260000E0	1.108590E1	-2.177440E0
4.280000E0	1.106324E1	-2.171480E0
4.300000E0	1.100973E1	-2.050850E0
4.320000E0	1.095871E1	-1.623956E0
4.340000E0	1.089562E1	-1.346328E0
4.360000E0	1.087903E1	-1.311241E0
4.380000E0	1.089730E1	-1.297124E0
4.400000E0	1.090910E1	-1.217304E0
4.420000E0	1.098314E1	-1.077582E0
4.440000E0	1.095452E1	-1.057254E0
4.460000E0	1.101545E1	-9.955589E-1
4.480000E0	1.103993E1	-9.527156E-1
4.500000E0	1.096712E1	-8.795366E-1
4.520000E0	1.099291E1	-6.915387E-1
4.540000E0	1.096724E1	-7.030191E-1
4.560000E0	1.101328E1	-5.545687E-1
4.580000E0	1.109202E1	-2.519322E-1
4.600000E0	1.105335E1	-1.419919E-1
4.620000E0	1.114472E1	1.248580E-1
4.640000E0	1.130378E1	1.625550E-1
4.660000E0	1.132723E1	2.393627E-1
4.680000E0	1.132415E1	6.135425E-1
4.700000E0	1.110872E1	1.098636E0
4.720000E0	1.105764E1	1.267314E0
4.740000E0	1.125082E1	1.036164E0
4.760000E0	1.132811E1	3.747825E-1
4.780000E0	1.146517E1	-1.086227E-1
4.800000E0	1.146892E1	-6.136951E-3
4.820000E0	1.144317E1	4.797416E-1
4.840000E0	1.142163E1	6.467922E-1
4.860000E0	1.142814E1	5.470247E-1
4.880000E0	1.158549E1	4.531166E-1
4.900000E0	1.180680E1	3.672067E-1
4.920000E0	1.197655E1	3.306513E-1
4.940000E0	1.201044E1	3.057120E-1
4.960000E0	1.212629E1	-2.813733E-2
4.980000E0	1.211978E1	-4.645363E-1
5.000000E0	1.221753E1	-7.723985E-1
5.020000E0	1.229319E1	-8.829319E-1
5.040000E0	1.232189E1	-8.617037E-1
5.060000E0	1.240932E1	-6.622881E-1
5.080000E0	1.261760E1	-6.222893E-1
5.100000E0	1.288169E1	-1.123993E0
5.120000E0	1.305765E1	-1.754337E0
5.140000E0	1.327741E1	-2.112591E0
5.160000E0	1.326886E1	-2.111912E0
5.180000E0	1.326643E1	-1.661815E0
5.200000E0	1.321935E1	-9.944365E-1
5.220000E0	1.308434E1	-5.612457E-1
5.240000E0	1.304970E1	-6.625086E-1
5.260000E0	1.299554E1	-1.117602E0
5.280000E0	1.299137E1	-1.249734E0
5.300000E0	1.295740E1	-1.122149E0
5.320000E0	1.290558E1	-1.086219E0
5.340000E0	1.288310E1	-1.168257E0
5.360000E0	1.286525E1	-1.255468E0
5.380000E0	1.283856E1	-1.231900E0
5.400000E0	1.283689E1	-1.154685E0
5.420000E0	1.278436E1	-1.215531E0
5.440000E0	1.277249E1	-1.253931E0
5.460000E0	1.275825E1	-1.249453E0
5.480000E0	1.276678E1	-1.246903E0
5.500000E0	1.277036E1	-1.264429E0
5.520000E0	1.278165E1	-1.288678E0
5.540000E0	1.278186E1	-1.266659E0
5.560000E0	1.278161E1	-1.139709E0
5.580000E0	1.274586E1	-1.068089E0
5.600000E0	1.275530E1	-1.054829E0
5.620000E0	1.276612E1	-1.054238E0
5.640000E0	1.277763E1	-1.081706E0
5.660000E0	1.278546E1	-1.104024E0
5.680000E0	1.282218E1	-1.009053E0
5.700000E0	1.283418E1	-8.385875E-1
5.720000E0	1.284599E1	-7.674492E-1
5.740000E0	1.285460E1	-7.292008E-1
5.760000E0	1.285791E1	-7.003575E-1
5.780000E0	1.295712E1	-9.218987E-1
5.800000E0	1.309028E1	-8.666830E-1
5.820000E0	1.345124E1	-7.350635E-1
5.840000E0	1.364244E1	-8.451960E-1
5.860000E0	1.361676E1	-6.938832E-1
5.880000E0	1.369663E1	-5.824319E-1
5.900000E0	1.373390E1	-3.701846E-1
5.920000E0	1.380431E1	-1.984042E-1
5.940000E0	1.373813E1	1.398738E-1
5.960000E0	1.378610E1	2.696092E-1
5.980000E0	1.418886E1	-2.236562E-1
6.000000E0	1.453067E1	-8.076855E-1
6.020000E0	1.502163E1	-8.623739E-1
6.040000E0	1.517194E1	-3.878266E-1
6.060000E0	1.516363E1	1.257074E-1
6.080000E0	1.501212E1	6.174775E-1
6.100000E0	1.511817E1	9.786100E-1
6.120000E0	1.514539E1	1.207395E0
6.140000E0	1.511564E1	1.330251E0
6.160000E0	1.509340E1	1.615414E0
6.180000E0	1.513634E1	1.696615E0
6.200000E0	1.511087E1	1.278680E0
6.220000E0	1.515835E1	7.309929E-1
6.240000E0	1.528529E1	5.243426E-2
6.260000E0	1.521846E1	-1.256347E-1
6.280000E0	1.514650E1	-9.783005E-2
6.300000E0	1.513026E1	-1.367581E-1
6.320000E0	1.512395E1	-2.420995E-1
6.340000E0	1.512200E1	-4.897175E-1
6.360000E0	1.513126E1	-4.873311E-1
6.380000E0	1.513505E1	-4.344920E-1
6.400000E0	1.513538E1	-3.204596E-1
6.420000E0	1.513097E1	-2.524957E-1
6.440000E0	1.509601E1	-1.292099E-1
6.460000E0	1.506882E1	-9.144513E-2
6.480000E0	1.500981E1	-2.921750E-1
6.500000E0	1.505684E1	-3.138409E-1
6.520000E0	1.505655E1	-2.775623E-1
6.540000E0	1.507279E1	-2.755792E-1
6.560000E0	1.509773E1	-2.300563E-1
6.580000E0	1.509970E1	-2.424186E-1
6.600000E0	1.511140E1	-2.285462E-1
6.620000E0	1.512717E1	-2.423807E-1
6.640000E0	1.514676E1	-4.836420E-1
6.660000E0	1.521289E1	-6.786733E-1
6.680000E0	1.523273E1	-7.701873E-1
6.700000E0	1.523128E1	-9.508393E-1
6.720000E0	1.528990E1	-1.053122E0
6.740000E0	1.524416E1	-1.167253E0
6.760000E0	1.524212E1	-1.105982E0
6.780000E0	1.520310E1	-1.072638E0
6.800000E0	1.523359E1	-8.472987E-1
6.820000E0	1.520269E1	-8.166736E-1
6.840000E0	1.527664E1	-9.344206E-1
6.860000E0	1.547242E1	-9.827771E-1
6.880000E0	1.574541E1	-9.294451E-1
6.900000E0	1.584603E1	-7.247071E-1
6.920000E0	1.587198E1	-6.118835E-1
6.940000E0	1.591988E1	-5.456459E-1
6.960000E0	1.587264E1	-3.411063E-2
6.980000E0	1.592012E1	1.721794E-1
7.000000E0	1.592404E1	1.206091E-1
7.020000E0	1.599190E1	2.142299E-1
7.040000E0	1.612008E1	5.569405E-1
7.060000E0	1.624468E1	9.060178E-1
7.080000E0	1.623573E1	8.449364E-1
7.100000E0	1.620382E1	8.070023E-1
7.120000E0	1.624514E1	8.067422E-1
7.140000E0	1.624643E1	8.926002E-1
7.160000E0	1.605661E1	1.106543E0
7.180000E0	1.607713E1	1.226119E0
7.200000E0	1.622726E1	8.695044E-1
7.220000E0	1.621756E1	2.427255E-1
7.240000E0	1.633380E1	2.267457E-1
7.260000E0	1.650611E1	5.596289E-1
7.280000E0	1.659405E1	7.134703E-1
7.300000E0	1.674817E1	8.417889E-1
7.320000E0	1.672200E1	8.804339E-1
7.340000E0	1.664790E1	1.107051E0
7.360000E0	1.659256E1	1.479977E0
7.380000E0	1.651769E1	1.765680E0
7.400000E0	1.654917E1	1.659030E0
7.420000E0	1.678974E1	9.461276E-1
7.440000E0	1.690145E1	3.839755E-1
7.460000E0	1.690088E1	2.413139E-1
7.480000E0	1.688419E1	3.397168E-1
7.500000E0	1.689699E1	1.129692E-1
7.520000E0	1.697276E1	-2.589085E-1
7.540000E0	1.702938E1	-3.060960E-1
7.560000E0	1.714415E1	-3.157002E-1
7.580000E0	1.715611E1	-6.548193E-1
7.600000E0	1.713852E1	-7.638477E-1
7.620000E0	1.722715E1	-6.512448E-1
7.640000E0	1.721222E1	-5.618683E-1
7.660000E0	1.716557E1	-5.719499E-1
7.680000E0	1.712774E1	-4.874601E-1
7.700000E0	1.713200E1	-6.229682E-1
7.720000E0	1.721842E1	-8.641405E-1
7.740000E0	1.729490E1	-9.141768E-1
7.760000E0	1.742147E1	-9.307421E-1
7.780000E0	1.749485E1	-8.912438E-1
7.800000E0	1.753362E1	-7.685895E-1
7.820000E0	1.756762E1	-3.265099E-1
7.840000E0	1.748801E1	-1.087908E-1
7.860000E0	1.741536E1	-3.562882E-1
7.880000E0	1.740945E1	-4.644724E-1
7.900000E0	1.740972E1	-2.654761E-1
7.920000E0	1.744632E1	-2.363127E-1
7.940000E0	1.744487E1	-3.360239E-1
7.960000E0	1.745163E1	-3.249414E-1
7.980000E0	1.745848E1	-4.109277E-1
8.000000E0	1.743625E1	-3.461385E-1
8.020000E0	1.742987E1	-2.938095E-1
8.040000E0	1.742902E1	-2.915130E-1
8.060000E0	1.743138E1	-2.589058E-1
8.080000E0	1.745385E1	-2.130002E-1
8.100000E0	1.745834E1	-2.191427E-1
8.120000E0	1.750679E1	-1.737996E-1
8.140000E0	1.751102E1	-1.794783E-1
8.160000E0	1.753833E1	-1.300609E-1
8.180000E0	1.754592E1	-1.509063E-2
8.200000E0	1.755158E1	4.590835E-2
8.220000E0	1.753497E1	1.321726E-1
8.240000E0	1.758700E1	2.756577E-1
8.260000E0	1.764981E1	6.009995E-1
8.280000E0	1.759956E1	7.268248E-1
8.300000E0	1.768016E1	8.287077E-1
8.320000E0	1.762324E1	8.141815E-1
8.340000E0	1.764397E1	9.021383E-1
8.360000E0	1.761774E1	8.599801E-1
8.380000E0	1.761334E1	8.237642E-1
8.400000E0	1.785749E1	5.906935E-1
8.420000E0	1.808553E1	2.033080E-1
8.440000E0	1.821527E1	-1.510873E-2
8.460000E0	1.834621E1	-1.626434E-1
8.480000E0	1.851479E1	3.328078E-2
8.500000E0	1.864964E1	2.074394E-1
8.520000E0	1.882044E1	4.217967E-1
8.540000E0	1.888761E1	4.960862E-1
8.560000E0	1.900735E1	8.395356E-1
8.580000E0	1.918602E1	8.926734E-1
8.600000E0	1.952261E1	6.146908E-1
8.620000E0	1.958548E1	9.450263E-2
8.640000E0	1.955393E1	-2.972070E-1
8.660000E0	1.950600E1	-3.160174E-1
8.680000E0	1.945618E1	-9.896573E-2
8.700000E0	1.937696E1	2.551628E-1
8.720000E0	1.935153E1	2.199842E-1
8.740000E0	1.925402E1	-7.862608E-3
8.760000E0	1.928697E1	-5.499468E-2
8.780000E0	1.934505E1	3.683288E-2
8.800000E0	1.933176E1	3.816183E-3
8.820000E0	1.935437E1	-8.734429E-2
8.840000E0	1.937464E1	-1.065935E-1
8.860000E0	1.939707E1	-1.817040E-1
8.880000E0	1.936731E1	-2.355269E-1
8.900000E0	1.934432E1	-2.020071E-1
8.920000E0	1.931684E1	-3.298542E-1
8.940000E0	1.936600E1	-3.104693E-1
8.960000E0	1.937575E1	-2.187821E-1
8.980000E0	1.937924E1	-2.609570E-1
9.000000E0	1.939241E1	-2.688598E-1
9.020000E0	1.940943E1	-2.314126E-1
9.040000E0	1.943000E1	-1.950549E-1
9.060000E0	1.942430E1	-1.923454E-1
9.080000E0	1.935825E1	-2.318366E-1
9.100000E0	1.931866E1	-3.135200E-1
9.120000E0	1.932674E1	-2.082048E-1
9.140000E0	1.934392E1	-2.001008E-1
9.160000E0	1.935471E1	-2.009652E-1
9.180000E0	1.936000E1	-2.028352E-1
9.200000E0	1.935406E1	-1.657372E-1
9.220000E0	1.936440E1	-1.755923E-1
9.240000E0	1.937483E1	-1.957429E-1
9.260000E0	1.939857E1	-2.911563E-1
9.280000E0	1.942494E1	-3.254318E-1
9.300000E0	1.949988E1	-3.836780E-1
9.320000E0	1.953289E1	-5.163686E-1
9.340000E0	1.963480E1	-5.671073E-1
9.360000E0	1.967691E1	-5.536563E-1
9.380000E0	1.982206E1	-3.776938E-1
9.400000E0	1.979541E1	-2.270216E-1
9.420000E0	1.987185E1	6.170825E-2
9.440000E0	1.998682E1	2.772673E-1
9.460000E0	2.015650E1	3.392910E-1
9.480000E0	2.048729E1	2.344422E-1
9.500000E0	2.062152E1	1.026358E-1
9.520000E0	2.071337E1	1.575138E-1
9.540000E0	2.074809E1	3.209237E-1
9.560000E0	2.069408E1	7.924498E-1
9.580000E0	2.045016E1	1.130401E0
9.600000E0	2.042177E1	1.149243E0
9.620000E0	2.042381E1	7.634365E-1
9.640000E0	2.044911E1	4.687114E-1
9.660000E0	2.048527E1	5.803540E-1
9.680000E0	2.050680E1	8.619147E-1
9.700000E0	2.052720E1	9.397304E-1
9.720000E0	2.052010E1	1.000642E0
9.740000E0	2.053355E1	1.150724E0
9.760000E0	2.039959E1	1.421544E0
9.780000E0	2.024784E1	1.844431E0
9.800000E0	2.023564E1	2.081781E0
9.820000E0	2.028788E1	1.715991E0
9.840000E0	2.047021E1	7.233799E-1
9.860000E0	2.049206E1	3.394607E-2
9.880000E0	2.050295E1	-6.279568E-3
9.900000E0	2.039348E1	1.669335E-1
9.920000E0	2.039676E1	1.702242E-1
9.940000E0	2.030568E1	-6.430956E-2
9.960000E0	2.028717E1	-9.468569E-2
9.980000E0	2.028943E1	4.045181E-4
1.000000E1	2.030642E1	-1.081670E-2
1.002000E1	2.032144E1	-6.276037E-2
1.004000E1	2.031689E1	-7.257897E-2
1.006000E1	2.031447E1	-7.115688E-2
1.008000E1	2.032096E1	-9.725925E-2
1.010000E1	2.031519E1	-2.749384E-1
1.012000E1	2.031899E1	-3.286836E-1
1.014000E1	2.033885E1	-4.168199E-1
1.016000E1	2.037254E1	-3.899186E-1
1.018000E1	2.046034E1	-5.181942E-1
1.020000E1	2.049204E1	-6.806455E-1
1.022000E1	2.051584E1	-7.383320E-1
1.024000E1	2.049068E1	-7.200958E-1
1.026000E1	2.046072E1	-7.088918E-1
1.028000E1	2.041930E1	-6.320694E-1
1.030000E1	2.034928E1	-5.268874E-1
1.032000E1	2.038821E1	-5.799620E-1
1.034000E1	2.053985E1	-8.298883E-1
1.036000E1	2.056830E1	-1.046139E0
1.038000E1	2.060088E1	-1.125741E0
1.040000E1	2.068714E1	-1.082760E0
1.042000E1	2.069727E1	-9.502528E-1
1.044000E1	2.062964E1	-5.439602E-1
1.046000E1	2.060898E1	-3.806959E-1
1.048000E1	2.061653E1	-3.853576E-1
1.050000E1	2.064844E1	-3.400722E-1
1.052000E1	2.069176E1	-2.402301E-1
1.054000E1	2.071351E1	-1.977383E-1
1.056000E1	2.073445E1	-1.718459E-1
1.058000E1	2.077978E1	-1.080474E-1
1.060000E1	2.080877E1	-1.094147E-1
1.062000E1	2.077510E1	-1.002847E-1
1.064000E1	2.083040E1	1.751087E-1
1.066000E1	2.077869E1	5.165821E-1
1.068000E1	2.075216E1	8.896166E-1
1.070000E1	2.074893E1	9.602689E-1
1.072000E1	2.080183E1	8.946659E-1
1.074000E1	2.087697E1	8.716887E-1
1.076000E1	2.089713E1	8.908635E-1
1.078000E1	2.088623E1	1.074161E0
1.080000E1	2.088059E1	1.144579E0
1.082000E1	2.079964E1	9.020302E-1
1.084000E1	2.087080E1	5.458088E-1
1.086000E1	2.087700E1	6.337711E-1
1.088000E1	2.087192E1	1.162334E0
1.090000E1	2.085256E1	1.223277E0
1.092000E1	2.087292E1	1.199894E0
1.094000E1	2.087153E1	1.207725E0
1.096000E1	2.086675E1	1.457423E0
1.098000E1	2.076097E1	1.884996E0
1.100000E1	2.073483E1	1.871584E0
1.102000E1	2.104532E1	1.195081E0
1.104000E1	2.127769E1	1.258946E-1
1.106000E1	2.138962E1	-5.869584E-1
1.108000E1	2.136891E1	-5.090428E-1
1.110000E1	2.125915E1	-2.278705E-1
1.112000E1	2.123174E1	-3.800574E-1
1.114000E1	2.118394E1	-6.354001E-1
1.116000E1	2.119535E1	-4.308835E-1
1.118000E1	2.123905E1	-3.151620E-1
1.120000E1	2.126525E1	-4.865532E-1
1.122000E1	2.147381E1	-7.862902E-1
1.124000E1	2.160417E1	-1.018078E0
1.126000E1	2.167711E1	-1.110940E0
1.128000E1	2.165423E1	-1.047011E0
1.130000E1	2.154528E1	-8.560224E-1
1.132000E1	2.144892E1	-4.623890E-1
1.134000E1	2.136928E1	-4.289979E-1
1.136000E1	2.128535E1	-5.019842E-1
1.138000E1	2.128420E1	-5.124866E-1
1.140000E1	2.128548E1	-5.353665E-1
1.142000E1	2.127783E1	-5.547031E-1
1.144000E1	2.130658E1	-5.926485E-1
1.146000E1	2.129467E1	-6.561727E-1
1.148000E1	2.123771E1	-7.394437E-1
1.150000E1	2.121722E1	-6.529237E-1
1.152000E1	2.121090E1	-5.875812E-1
1.154000E1	2.123204E1	-5.932745E-1
1.156000E1	2.123940E1	-5.954790E-1
1.158000E1	2.125942E1	-6.050795E-1
1.160000E1	2.127359E1	-5.670476E-1
1.162000E1	2.128185E1	-5.850348E-1
1.164000E1	2.128140E1	-5.973768E-1
1.166000E1	2.129053E1	-5.375534E-1
1.168000E1	2.129039E1	-5.338969E-1
1.170000E1	2.124635E1	-5.021959E-1
1.172000E1	2.125857E1	-4.972612E-1
1.174000E1	2.129008E1	-3.108368E-1
1.176000E1	2.127374E1	-2.887426E-1
1.178000E1	2.131714E1	-2.210508E-1
1.180000E1	2.130112E1	-6.611867E-2
1.182000E1	2.129993E1	-4.401552E-2
1.184000E1	2.132843E1	-1.482777E-2
1.186000E1	2.139694E1	1.742402E-1
1.188000E1	2.147161E1	1.723589E-1
1.190000E1	2.168695E1	1.270117E-1
1.192000E1	2.184390E1	1.275209E-1
1.194000E1	2.192440E1	7.760327E-2
1.196000E1	2.194273E1	3.014618E-1
1.198000E1	2.193504E1	3.357939E-1
1.200000E1	2.193080E1	3.181369E-1
1.202000E1	2.194605E1	2.950663E-1
1.204000E1	2.189588E1	3.007543E-1
1.206000E1	2.187420E1	2.951855E-1
1.208000E1	2.227978E1	1.593597E-1
1.210000E1	2.259877E1	-9.558820E-2
1.212000E1	2.279023E1	-3.081571E-1
1.214000E1	2.269142E1	-1.454655E-1
1.216000E1	2.253588E1	3.920926E-1
1.218000E1	2.221768E1	1.316270E0
1.220000E1	2.198659E1	2.181187E0
1.222000E1	2.189237E1	2.278586E0
1.224000E1	2.198219E1	1.269192E0
1.226000E1	2.224723E1	1.279651E-1
1.228000E1	2.233889E1	-8.343788E-2
1.230000E1	2.224946E1	3.305931E-1
1.232000E1	2.206669E1	4.374384E-1
1.234000E1	2.208743E1	-6.330811E-2
1.236000E1	2.214979E1	-3.684574E-1
1.238000E1	2.222823E1	-8.549200E-2
1.240000E1	2.206791E1	-5.995244E-4
1.242000E1	2.208725E1	-4.609319E-2
1.244000E1	2.210686E1	-7.171586E-2
1.246000E1	2.217291E1	-5.323873E-2
1.248000E1	2.218088E1	-8.323907E-2
1.250000E1	2.216725E1	-2.228983E-1
1.252000E1	2.216173E1	-4.405999E-1
1.254000E1	2.219371E1	-4.669394E-1
1.256000E1	2.213918E1	-3.376918E-1
1.258000E1	2.208015E1	-2.778377E-1
1.260000E1	2.210014E1	-2.477961E-1
1.262000E1	2.210633E1	-2.204217E-1
1.264000E1	2.218268E1	-1.961438E-1
1.266000E1	2.217897E1	-1.941971E-1
1.268000E1	2.214746E1	-2.379752E-1
1.270000E1	2.212544E1	-2.966429E-1
1.272000E1	2.219959E1	-1.657735E-1
1.274000E1	2.225629E1	-3.389413E-1
1.276000E1	2.228859E1	-3.517226E-1
1.278000E1	2.228307E1	-4.427588E-1
1.280000E1	2.232968E1	-6.347482E-1
1.282000E1	2.242480E1	-7.227574E-1
1.284000E1	2.237396E1	-6.754761E-1
1.286000E1	2.229508E1	-6.027497E-1
1.288000E1	2.229028E1	-5.492147E-1
1.290000E1	2.227146E1	-4.349184E-1
1.292000E1	2.229957E1	-4.993810E-1
1.294000E1	2.244609E1	-6.318726E-1
1.296000E1	2.251194E1	-8.380283E-1
1.298000E1	2.261764E1	-8.307726E-1
1.300000E1	2.274165E1	-6.999421E-1
1.302000E1	2.271584E1	-5.618121E-1
1.304000E1	2.254196E1	-1.372073E-1
1.306000E1	2.250207E1	3.249073E-1
1.308000E1	2.254188E1	7.084032E-1
1.310000E1	2.246640E1	9.749052E-1
1.312000E1	2.257859E1	1.145039E0
1.314000E1	2.259180E1	1.176459E0
1.316000E1	2.261609E1	1.216628E0
1.318000E1	2.259945E1	1.416853E0
1.320000E1	2.260971E1	1.506945E0
1.322000E1	2.259197E1	1.350944E0
1.324000E1	2.261656E1	8.806593E-1
1.326000E1	2.271550E1	6.189452E-1
1.328000E1	2.271834E1	8.439731E-1
1.330000E1	2.268275E1	1.309814E0
1.332000E1	2.260960E1	1.507418E0
1.334000E1	2.262519E1	1.569961E0
1.336000E1	2.275522E1	1.641142E0
1.338000E1	2.268626E1	1.934182E0
1.340000E1	2.254250E1	2.331461E0
1.342000E1	2.249779E1	2.373180E0
1.344000E1	2.256928E1	1.719243E0
1.346000E1	2.277146E1	6.966939E-1
1.348000E1	2.279035E1	3.047737E-1
1.350000E1	2.264624E1	5.080521E-1
1.352000E1	2.259625E1	6.186287E-1
1.354000E1	2.264748E1	2.609840E-1
1.356000E1	2.265671E1	1.153891E-2
1.358000E1	2.266667E1	1.769347E-2
1.360000E1	2.258680E1	-2.243352E-2
1.362000E1	2.271149E1	-2.030590E-1
1.364000E1	2.283281E1	-3.620435E-1
1.366000E1	2.283911E1	-4.865599E-1
1.368000E1	2.283227E1	-5.631030E-1
1.370000E1	2.280740E1	-7.685885E-1
1.372000E1	2.280638E1	-8.251102E-1
1.374000E1	2.276785E1	-7.852773E-1
1.376000E1	2.271693E1	-5.637438E-1
1.378000E1	2.270755E1	-5.877311E-1
1.380000E1	2.279838E1	-7.551104E-1
1.382000E1	2.293701E1	-1.000091E0
1.384000E1	2.305959E1	-1.173762E0
1.386000E1	2.314296E1	-1.234441E0
1.388000E1	2.308334E1	-1.205685E0
1.390000E1	2.295845E1	-8.659652E-1
1.392000E1	2.285436E1	-4.546231E-1
1.394000E1	2.277330E1	-4.844022E-1
1.396000E1	2.271090E1	-5.293186E-1
1.398000E1	2.270364E1	-5.408970E-1
1.400000E1	2.272604E1	-5.498425E-1
1.402000E1	2.271246E1	-5.475192E-1
1.404000E1	2.272138E1	-5.418740E-1
1.406000E1	2.269651E1	-5.856492E-1
1.408000E1	2.265837E1	-5.881422E-1
1.410000E1	2.264938E1	-5.184035E-1
1.412000E1	2.264052E1	-5.170935E-1
1.414000E1	2.265630E1	-5.489560E-1
1.416000E1	2.266499E1	-5.611095E-1
1.418000E1	2.267534E1	-5.367272E-1
1.420000E1	2.268423E1	-4.283014E-1
1.422000E1	2.268111E1	-4.717915E-1
1.424000E1	2.269272E1	-4.727066E-1
1.426000E1	2.274128E1	-2.102678E-1
1.428000E1	2.263672E1	2.295279E-1
1.430000E1	2.250724E1	7.723397E-1
1.432000E1	2.254785E1	1.029309E0
1.434000E1	2.261675E1	1.132499E0
1.436000E1	2.263159E1	1.135438E0
1.438000E1	2.266942E1	1.240624E0
1.440000E1	2.259804E1	1.335961E0
1.442000E1	2.270150E1	1.247931E0
1.444000E1	2.274457E1	8.275116E-1
1.446000E1	2.281836E1	3.980214E-1
1.448000E1	2.298534E1	1.375973E-1
1.450000E1	2.332903E1	1.752987E-1
1.452000E1	2.341509E1	1.826813E-1
1.454000E1	2.356910E1	1.367201E-1
1.456000E1	2.361230E1	1.794218E-1
1.458000E1	2.371642E1	3.436848E-1
1.460000E1	2.359313E1	8.356832E-1
1.462000E1	2.344050E1	1.394547E0
1.464000E1	2.335837E1	1.484542E0
1.466000E1	2.359977E1	7.068348E-1
1.468000E1	2.393034E1	-4.646559E-1
1.470000E1	2.431054E1	-1.270873E0
1.472000E1	2.427543E1	-1.197018E0
1.474000E1	2.407157E1	-9.112756E-1
1.476000E1	2.395550E1	-6.719123E-1
1.478000E1	2.383025E1	-5.044537E-1
1.480000E1	2.378946E1	-4.740499E-1
1.482000E1	2.355659E1	-5.274876E-1
1.484000E1	2.358979E1	-4.781002E-1
1.486000E1	2.359737E1	-3.524156E-1
1.488000E1	2.358475E1	-2.286290E-1
1.490000E1	2.358579E1	-1.904056E-1
1.492000E1	2.358634E1	-3.437381E-1
1.494000E1	2.358373E1	-6.910351E-1
1.496000E1	2.356166E1	-6.863956E-1
1.498000E1	2.350787E1	-5.170692E-1
1.500000E1	2.352389E1	-5.588678E-1
1.502000E1	2.354494E1	-5.680563E-1
1.504000E1	2.355131E1	-5.765003E-1
1.506000E1	2.357428E1	-5.864017E-1
1.508000E1	2.359051E1	-6.048620E-1
1.510000E1	2.356379E1	-6.792658E-1
1.512000E1	2.358065E1	-6.702945E-1
1.514000E1	2.355747E1	-5.866136E-1
1.516000E1	2.349777E1	-5.312027E-1
1.518000E1	2.349879E1	-5.030832E-1
1.520000E1	2.356119E1	-4.618152E-1
1.522000E1	2.356233E1	-5.107933E-1
1.524000E1	2.358049E1	-5.172605E-1
1.526000E1	2.358676E1	-5.243533E-1
1.528000E1	2.358321E1	-5.664489E-1
1.530000E1	2.358082E1	-5.803424E-1
1.532000E1	2.356938E1	-5.746187E-1
1.534000E1	2.358983E1	-6.612657E-1
1.536000E1	2.377343E1	-7.674400E-1
1.538000E1	2.377999E1	-8.857694E-1
1.540000E1	2.383692E1	-1.058483E0
1.542000E1	2.381485E1	-1.007700E0
1.544000E1	2.382186E1	-9.147927E-1
1.546000E1	2.376222E1	-8.810543E-1
1.548000E1	2.381619E1	-7.071093E-1
1.550000E1	2.375692E1	-3.224948E-1
1.552000E1	2.384933E1	-1.084408E-1
1.554000E1	2.415959E1	-2.596218E-1
1.556000E1	2.440738E1	-6.997837E-1
1.558000E1	2.460178E1	-8.383219E-1
1.560000E1	2.458504E1	-6.793807E-1
1.562000E1	2.438333E1	-2.005635E-1
1.564000E1	2.437881E1	5.502521E-1
1.566000E1	2.429656E1	8.842632E-1
1.568000E1	2.434890E1	7.663025E-1
1.570000E1	2.442844E1	6.303961E-1
1.572000E1	2.453179E1	7.091420E-1
1.574000E1	2.456835E1	1.149348E0
1.576000E1	2.457645E1	1.523895E0
1.578000E1	2.453985E1	1.787332E0
1.580000E1	2.451375E1	1.983907E0
1.582000E1	2.445125E1	2.228894E0
1.584000E1	2.440889E1	2.120357E0
1.586000E1	2.457565E1	1.420425E0
1.588000E1	2.460372E1	6.702566E-1
1.590000E1	2.457718E1	6.894894E-1
1.592000E1	2.451799E1	8.902435E-1
1.594000E1	2.450583E1	7.002056E-1
1.596000E1	2.448690E1	4.302500E-1
1.598000E1	2.450721E1	3.916980E-1
1.600000E1	2.447947E1	4.246924E-1
1.602000E1	2.442142E1	4.585470E-1
1.604000E1	2.443789E1	4.067871E-1
1.606000E1	2.446714E1	4.806546E-1
1.608000E1	2.445355E1	6.199733E-1
1.610000E1	2.449630E1	5.630520E-1
1.612000E1	2.448004E1	3.013705E-1
1.614000E1	2.447752E1	1.104535E-1
1.616000E1	2.451074E1	9.595507E-2
1.618000E1	2.451980E1	1.932739E-1
1.620000E1	2.454326E1	9.358241E-2
1.622000E1	2.462595E1	-2.152169E-2
1.624000E1	2.474097E1	-2.442084E-1
1.626000E1	2.469489E1	-4.754992E-1
1.628000E1	2.471766E1	-5.392974E-1
1.630000E1	2.467849E1	-5.864356E-1
1.632000E1	2.464531E1	-6.193327E-1
1.634000E1	2.464501E1	-4.889677E-1
1.636000E1	2.462112E1	-3.556252E-1
1.638000E1	2.462740E1	-3.164438E-1
1.640000E1	2.478647E1	-5.363638E-1
1.642000E1	2.486992E1	-8.226539E-1
1.644000E1	2.502173E1	-7.847223E-1
1.646000E1	2.502318E1	-7.500195E-1
1.648000E1	2.501384E1	-6.004641E-1
1.650000E1	2.483815E1	-2.351884E-1
1.652000E1	2.486195E1	-5.584215E-2
1.654000E1	2.485607E1	2.170692E-2
1.656000E1	2.489867E1	-1.027317E-2
1.658000E1	2.492418E1	1.508831E-2
1.660000E1	2.494786E1	1.388954E-2
1.662000E1	2.495282E1	8.766878E-2
1.664000E1	2.499477E1	9.745500E-2
1.666000E1	2.501569E1	6.440396E-2
1.668000E1	2.495326E1	2.417603E-1
1.670000E1	2.494675E1	6.528849E-1
1.672000E1	2.486907E1	1.082340E0
1.674000E1	2.495809E1	1.300137E0
1.676000E1	2.496064E1	1.278116E0
1.678000E1	2.503172E1	1.216734E0
1.680000E1	2.497883E1	1.319269E0
1.682000E1	2.500452E1	1.459953E0
1.684000E1	2.506231E1	1.260463E0
1.686000E1	2.512279E1	9.343562E-1
1.688000E1	2.511331E1	8.454237E-1
1.690000E1	2.510150E1	1.022272E0
1.692000E1	2.513053E1	1.283334E0
1.694000E1	2.513682E1	1.419795E0
1.696000E1	2.514187E1	1.421766E0
1.698000E1	2.520141E1	1.529759E0
1.700000E1	2.519507E1	1.893136E0
1.702000E1	2.511355E1	2.094836E0
1.704000E1	2.509735E1	2.104744E0
1.706000E1	2.511655E1	1.544998E0
1.708000E1	2.536611E1	7.719688E-1
1.710000E1	2.548726E1	4.004933E-1
1.712000E1	2.549120E1	2.665545E-1
1.714000E1	2.549117E1	2.511082E-1
1.716000E1	2.552404E1	5.269936E-2
1.718000E1	2.550252E1	-1.742487E-1
1.720000E1	2.549941E1	-1.505440E-1
1.722000E1	2.549497E1	5.068945E-2
1.724000E1	2.549676E1	3.434683E-2
1.726000E1	2.563894E1	-1.414733E-1
1.728000E1	2.578253E1	-3.666539E-1
1.730000E1	2.601492E1	-5.506902E-1
1.732000E1	2.608438E1	-6.741380E-1
1.734000E1	2.595633E1	-8.266311E-1
1.736000E1	2.580085E1	-4.898497E-1
1.738000E1	2.569275E1	-1.812745E-1
1.740000E1	2.562023E1	-1.703521E-1
1.742000E1	2.556286E1	-2.082494E-1
1.744000E1	2.557490E1	-1.714160E-1
1.746000E1	2.557094E1	-1.547235E-1
1.748000E1	2.555850E1	-1.507191E-1
1.750000E1	2.553929E1	-1.510935E-1
1.752000E1	2.549907E1	-3.203434E-1
1.754000E1	2.545088E1	-2.532808E-1
1.756000E1	2.544460E1	-7.917139E-2
1.758000E1	2.541937E1	-2.437424E-2
1.760000E1	2.546594E1	-7.959029E-2
1.762000E1	2.547845E1	-1.300370E-1
1.764000E1	2.549302E1	-9.342003E-2
1.766000E1	2.549813E1	-7.553807E-2
1.768000E1	2.549346E1	-9.386779E-2
1.770000E1	2.550177E1	-1.004162E-1
1.772000E1	2.548971E1	-6.509324E-2
1.774000E1	2.549132E1	-1.591320E-2
1.776000E1	2.548230E1	-3.047196E-2
1.778000E1	2.550113E1	8.626338E-3
1.780000E1	2.551614E1	6.325611E-2
1.782000E1	2.551126E1	2.846353E-2
1.784000E1	2.550860E1	4.601928E-2
1.786000E1	2.551125E1	5.375081E-2
1.788000E1	2.552254E1	1.118011E-1
1.790000E1	2.552717E1	4.531488E-1
1.792000E1	2.552154E1	7.281064E-1
1.794000E1	2.559690E1	7.586049E-1
1.796000E1	2.584077E1	6.783323E-1
1.798000E1	2.611326E1	3.716649E-1
1.800000E1	2.622713E1	2.486205E-1
1.802000E1	2.623838E1	3.808693E-1
1.804000E1	2.631722E1	5.397278E-1
1.806000E1	2.628919E1	4.061831E-1
1.808000E1	2.633144E1	3.298903E-1
1.810000E1	2.639111E1	3.941006E-1
1.812000E1	2.660145E1	4.970683E-1
1.814000E1	2.693056E1	3.461071E-1
1.816000E1	2.725579E1	1.118696E-1
1.818000E1	2.747899E1	-1.525571E-1
1.820000E1	2.742451E1	1.388499E-1
1.822000E1	2.705660E1	1.071476E0
1.824000E1	2.652054E1	2.060313E0
1.826000E1	2.636154E1	2.340435E0
1.828000E1	2.659258E1	1.344459E0
1.830000E1	2.669713E1	9.142357E-2
1.832000E1	2.674895E1	-8.341755E-2
1.834000E1	2.662843E1	4.132455E-1
1.836000E1	2.649765E1	5.343788E-1
1.838000E1	2.649070E1	2.210591E-2
1.840000E1	2.646934E1	-3.153050E-1
1.842000E1	2.648152E1	-7.302871E-2
1.844000E1	2.638681E1	2.659056E-1
1.846000E1	2.639595E1	2.947178E-1
1.848000E1	2.640039E1	3.160641E-1
1.850000E1	2.637056E1	4.084491E-1
1.852000E1	2.640577E1	4.217910E-1
1.854000E1	2.640869E1	1.752724E-1
1.856000E1	2.641945E1	-1.192762E-1
1.858000E1	2.643370E1	-1.309021E-1
1.860000E1	2.639137E1	1.801966E-2
1.862000E1	2.639837E1	1.374159E-2
1.864000E1	2.642802E1	-8.937377E-2
1.866000E1	2.643337E1	-4.268229E-2
1.868000E1	2.642668E1	-3.517778E-2
1.870000E1	2.643966E1	-6.252504E-2
1.872000E1	2.642140E1	-2.476861E-1
1.874000E1	2.642761E1	-2.132779E-1
1.876000E1	2.642958E1	-1.429489E-1
1.878000E1	2.643344E1	-9.461549E-2
1.880000E1	2.647035E1	-2.247255E-1
1.882000E1	2.661790E1	-3.535339E-1
1.884000E1	2.656920E1	-4.679723E-1
1.886000E1	2.659284E1	-5.083126E-1
1.888000E1	2.657800E1	-5.391963E-1
1.890000E1	2.658488E1	-5.353489E-1
1.892000E1	2.655573E1	-5.372824E-1
1.894000E1	2.651819E1	-3.933624E-1
1.896000E1	2.649805E1	-3.696897E-1
1.898000E1	2.661848E1	-5.113292E-1
1.900000E1	2.675645E1	-7.421446E-1
1.902000E1	2.693484E1	-7.950577E-1
1.904000E1	2.701460E1	-7.605723E-1
1.906000E1	2.693675E1	-6.170188E-1
1.908000E1	2.690824E1	-2.642171E-1
1.910000E1	2.670474E1	3.074166E-1
1.912000E1	2.653760E1	9.964424E-1
1.914000E1	2.645657E1	1.186768E0
1.916000E1	2.657534E1	1.104134E0
1.918000E1	2.664139E1	1.080728E0
1.920000E1	2.651553E1	1.289241E0
1.922000E1	2.654499E1	1.617809E0
1.924000E1	2.656614E1	1.452338E0
1.926000E1	2.656283E1	9.313145E-1
1.928000E1	2.658598E1	6.838757E-1
1.930000E1	2.656966E1	9.742444E-1
1.932000E1	2.654920E1	1.387508E0
1.934000E1	2.656611E1	1.558358E0
1.936000E1	2.652037E1	1.651664E0
1.938000E1	2.660747E1	1.766695E0
1.940000E1	2.652352E1	2.077000E0
1.942000E1	2.643675E1	2.412305E0
1.944000E1	2.641645E1	2.366494E0
1.946000E1	2.655485E1	1.738836E0
1.948000E1	2.660446E1	9.409111E-1
1.950000E1	2.657848E1	6.800665E-1
1.952000E1	2.653537E1	9.254868E-1
1.954000E1	2.637347E1	9.096942E-1
1.956000E1	2.644838E1	4.208904E-1
1.958000E1	2.648188E1	1.519934E-1
1.960000E1	2.646220E1	3.011788E-1
1.962000E1	2.638465E1	4.370394E-1
1.964000E1	2.640972E1	4.180787E-1
1.966000E1	2.643045E1	2.923546E-1
1.968000E1	2.659702E1	2.638203E-1
1.970000E1	2.661598E1	2.032439E-1
1.972000E1	2.665235E1	-5.236430E-2
1.974000E1	2.664036E1	-4.048479E-1
1.976000E1	2.661585E1	-4.529585E-1
1.978000E1	2.656763E1	-4.052816E-1
1.980000E1	2.653684E1	-3.103769E-1
1.982000E1	2.650573E1	-1.963471E-1
1.984000E1	2.657254E1	-3.174753E-1
1.986000E1	2.678224E1	-5.187058E-1
1.988000E1	2.688409E1	-7.432878E-1
1.990000E1	2.692094E1	-8.654098E-1
1.992000E1	2.691734E1	-9.313367E-1
1.994000E1	2.683915E1	-5.597540E-1
1.996000E1	2.660860E1	-1.327650E-1
1.998000E1	2.655560E1	-5.252248E-2
2.000000E1	2.653823E1	-1.576601E-1
2.002000E1	2.654015E1	-1.808833E-1
2.004000E1	2.653865E1	-5.278133E-2
2.006000E1	2.649894E1	-4.083556E-2
2.008000E1	2.650859E1	-8.784625E-2
2.010000E1	2.651310E1	-9.258162E-2
2.012000E1	2.647775E1	-7.237295E-2
2.014000E1	2.646128E1	-6.487181E-2
2.016000E1	2.647668E1	-5.539111E-2
2.018000E1	2.646874E1	-7.067785E-2
2.020000E1	2.650227E1	-7.219540E-2
2.022000E1	2.647793E1	4.028849E-2
2.024000E1	2.650605E1	4.429384E-2
2.026000E1	2.647301E1	1.012824E-1
2.028000E1	2.647917E1	3.067530E-1
2.030000E1	2.644017E1	7.898771E-1
2.032000E1	2.635472E1	1.233051E0
2.034000E1	2.640290E1	1.395186E0
2.036000E1	2.642928E1	1.254725E0
2.038000E1	2.656102E1	1.272579E0
2.040000E1	2.643946E1	1.537478E0
2.042000E1	2.651786E1	1.671829E0
2.044000E1	2.659966E1	1.441979E0
2.046000E1	2.676058E1	7.649197E-1
2.048000E1	2.685666E1	5.963628E-1
2.050000E1	2.688213E1	8.957494E-1
2.052000E1	2.690217E1	1.277398E0
2.054000E1	2.715757E1	1.304789E0
2.056000E1	2.782114E1	1.142056E0
2.058000E1	2.792411E1	8.821664E-1
2.060000E1	2.794672E1	1.158121E0
2.062000E1	2.789225E1	1.460973E0
2.064000E1	2.787016E1	1.361255E0
2.066000E1	2.782439E1	9.944758E-1
2.068000E1	2.775771E1	7.788610E-1
2.070000E1	2.786976E1	7.346322E-1
2.072000E1	2.789379E1	4.831823E-1
2.074000E1	2.803254E1	3.900721E-2
2.076000E1	2.811774E1	-3.079175E-1
2.078000E1	2.815622E1	-3.057458E-1
2.080000E1	2.806941E1	1.539703E-2
2.082000E1	2.780913E1	4.181372E-1
2.084000E1	2.780438E1	4.032204E-1
2.086000E1	2.782774E1	3.678459E-1
2.088000E1	2.782914E1	3.758948E-1
2.090000E1	2.781429E1	5.679519E-1
2.092000E1	2.774693E1	3.470607E-1
2.094000E1	2.779503E1	1.657751E-1
2.096000E1	2.779943E1	2.357863E-1
2.098000E1	2.779755E1	1.874253E-1
2.100000E1	2.780701E1	2.227884E-1
2.102000E1	2.780377E1	3.331163E-1
2.104000E1	2.781947E1	2.650574E-1
2.106000E1	2.782705E1	2.859563E-1
2.108000E1	2.780677E1	3.145021E-1
2.110000E1	2.783817E1	3.017898E-1
2.112000E1	2.781678E1	2.061969E-1
2.114000E1	2.781068E1	2.866945E-1
2.116000E1	2.781749E1	3.516597E-1
2.118000E1	2.781812E1	3.557064E-1
2.120000E1	2.782243E1	3.554484E-1
2.122000E1	2.782207E1	3.721836E-1
2.124000E1	2.782996E1	4.359686E-1
2.126000E1	2.781377E1	4.428640E-1
2.128000E1	2.783334E1	4.029190E-1
2.130000E1	2.783173E1	4.010373E-1
2.132000E1	2.783744E1	3.965309E-1
2.134000E1	2.783420E1	3.927729E-1
2.136000E1	2.786458E1	3.926979E-1
2.138000E1	2.786834E1	3.586982E-1
2.140000E1	2.794919E1	3.628219E-1
2.142000E1	2.795710E1	3.707714E-1
2.144000E1	2.801308E1	2.660938E-1
2.146000E1	2.803846E1	3.140701E-1
2.148000E1	2.811360E1	5.184449E-1
2.150000E1	2.819640E1	6.438704E-1
2.152000E1	2.820351E1	8.219673E-1
2.154000E1	2.822103E1	1.032022E0
2.156000E1	2.837870E1	1.109736E0
2.158000E1	2.868993E1	9.698019E-1
2.160000E1	2.889655E1	5.983926E-1
2.162000E1	2.901830E1	3.146812E-1
2.164000E1	2.895380E1	2.682573E-1
2.166000E1	2.883002E1	4.006155E-1
2.168000E1	2.868481E1	9.031739E-1
2.170000E1	2.862021E1	1.299796E0
2.172000E1	2.865483E1	1.314954E0
2.174000E1	2.871127E1	1.325840E0
2.176000E1	2.874048E1	1.483525E0
2.178000E1	2.870812E1	1.848309E0
2.180000E1	2.873067E1	2.172261E0
2.182000E1	2.869321E1	2.287784E0
2.184000E1	2.863707E1	1.998050E0
2.186000E1	2.878140E1	1.318156E0
2.188000E1	2.879382E1	7.271892E-1
2.190000E1	2.878911E1	7.383492E-1
2.192000E1	2.868244E1	9.246799E-1
2.194000E1	2.867956E1	7.266842E-1
2.196000E1	2.871822E1	3.706968E-1
2.198000E1	2.873083E1	3.587726E-1
2.200000E1	2.869208E1	4.604751E-1
2.202000E1	2.870839E1	4.500384E-1
2.204000E1	2.870210E1	4.405703E-1
2.206000E1	2.866960E1	5.178628E-1
2.208000E1	2.862584E1	5.968714E-1
2.210000E1	2.866783E1	5.511202E-1
2.212000E1	2.870194E1	3.201296E-1
2.214000E1	2.873762E1	1.616712E-1
2.216000E1	2.876229E1	2.250732E-1
2.218000E1	2.873280E1	2.401874E-1
2.220000E1	2.874088E1	2.727932E-1
2.222000E1	2.875190E1	2.827380E-1
2.224000E1	2.875013E1	2.617724E-1
2.226000E1	2.882307E1	2.085466E-1
2.228000E1	2.883388E1	7.480770E-2
2.230000E1	2.887240E1	-2.114327E-1
2.232000E1	2.884854E1	-1.971591E-1
2.234000E1	2.884432E1	-5.482039E-2
2.236000E1	2.882441E1	-4.340759E-2
2.238000E1	2.883152E1	-2.162449E-4
2.240000E1	2.879315E1	5.679245E-2
2.242000E1	2.883208E1	-1.710453E-3
2.244000E1	2.900410E1	-1.802397E-1
2.246000E1	2.900870E1	-3.261168E-1
2.248000E1	2.901848E1	-4.305217E-1
2.250000E1	2.898616E1	-4.769844E-1
2.252000E1	2.885277E1	-3.606765E-1
2.254000E1	2.870730E1	5.430008E-2
2.256000E1	2.870419E1	1.349135E-1
2.258000E1	2.869622E1	-3.707479E-2
2.260000E1	2.872251E1	-4.749520E-2
2.262000E1	2.873693E1	9.638085E-2
2.264000E1	2.873445E1	1.751349E-1
2.266000E1	2.877635E1	2.604300E-1
2.268000E1	2.877142E1	5.197837E-1
2.270000E1	2.864856E1	8.785395E-1
2.272000E1	2.866063E1	1.092551E0
2.274000E1	2.869307E1	1.035426E0
2.276000E1	2.879423E1	1.019414E0
2.278000E1	2.875047E1	1.049653E0
2.280000E1	2.869409E1	1.268244E0
2.282000E1	2.880364E1	1.084120E0
2.284000E1	2.885762E1	5.999250E-1
2.286000E1	2.892013E1	3.489069E-1
2.288000E1	2.885364E1	6.811404E-1
2.290000E1	2.882978E1	1.095393E0
2.292000E1	2.881981E1	1.162705E0
2.294000E1	2.882443E1	1.176548E0
2.296000E1	2.884473E1	1.341448E0
2.298000E1	2.881726E1	1.819167E0
2.300000E1	2.880364E1	2.009296E0
2.302000E1	2.881532E1	1.920220E0
2.304000E1	2.891070E1	1.326296E0
2.306000E1	2.891115E1	6.100794E-1
2.308000E1	2.889704E1	4.323115E-1
2.310000E1	2.886245E1	4.506566E-1
2.312000E1	2.886276E1	3.998153E-1
2.314000E1	2.895771E1	2.113233E-2
2.316000E1	2.892934E1	-3.368605E-1
2.318000E1	2.892626E1	-3.441594E-1
2.320000E1	2.893497E1	-3.100959E-1
2.322000E1	2.890261E1	-2.608034E-1
2.324000E1	2.889081E1	-1.279601E-1
2.326000E1	2.883442E1	7.652589E-2
2.328000E1	2.884219E1	5.844815E-2
2.330000E1	2.897132E1	-2.400590E-1
2.332000E1	2.905316E1	-6.222079E-1
2.334000E1	2.904681E1	-6.728489E-1
2.336000E1	2.899937E1	-6.140003E-1
2.338000E1	2.889031E1	-4.549173E-1
2.340000E1	2.871647E1	-1.247617E-1
2.342000E1	2.873387E1	-3.702884E-3
2.344000E1	2.877147E1	-5.519742E-2
2.346000E1	2.872095E1	-1.442792E-1
2.348000E1	2.873809E1	-9.966532E-2
2.350000E1	2.872403E1	-1.017316E-1
2.352000E1	2.875588E1	-9.660558E-2
2.354000E1	2.876152E1	-6.942952E-2
2.356000E1	2.874733E1	-6.457428E-2
2.358000E1	2.875749E1	-2.673037E-2
2.360000E1	2.876352E1	-3.055574E-2
2.362000E1	2.877365E1	-2.426424E-2
2.364000E1	2.878187E1	-1.856753E-2
2.366000E1	2.877125E1	-8.981431E-3
2.368000E1	2.879478E1	-3.458237E-2
2.370000E1	2.879532E1	-3.846038E-2
2.372000E1	2.879444E1	-3.888912E-2
2.374000E1	2.878962E1	-1.590275E-2
2.376000E1	2.878719E1	9.913299E-3
2.378000E1	2.881088E1	2.222435E-2
2.380000E1	2.879446E1	2.124328E-2
2.382000E1	2.880106E1	9.213808E-2
2.384000E1	2.884253E1	1.922960E-1
2.386000E1	2.884770E1	2.664771E-1
2.388000E1	2.885792E1	5.051667E-1
2.390000E1	2.878786E1	8.085780E-1
2.392000E1	2.883321E1	8.750204E-1
2.394000E1	2.884732E1	8.731639E-1
2.396000E1	2.886609E1	8.733647E-1
2.398000E1	2.894093E1	8.981598E-1
2.400000E1	2.915121E1	8.351960E-1
