	mass A		
t	x	y	
0.000000E0	2.533783E-2	-2.533783E-2
2.000000E-2	3.843695E-1	-8.305667E-2
4.000000E-2	6.175796E-1	-3.784229E-1
6.000000E-2	9.461734E-1	-8.385188E-1
8.000000E-2	1.274109E0	-1.413152E0
1.000000E-1	1.443819E0	-1.779115E0
1.200000E-1	1.700560E0	-1.779770E0
1.400000E-1	2.156038E0	-1.669517E0
1.600000E-1	2.903917E0	-1.634162E0
1.800000E-1	3.678655E0	-1.534989E0
2.000000E-1	4.139448E0	-1.142388E0
2.200000E-1	4.081362E0	-6.226445E-1
2.400000E-1	4.003443E0	-4.225320E-1
2.600000E-1	4.355739E0	-4.901482E-1
2.800000E-1	4.513814E0	-9.512052E-1
3.000000E-1	5.021308E0	-1.094427E0
3.200000E-1	5.287979E0	-1.217889E0
3.400000E-1	5.289651E0	-1.129910E0
3.600000E-1	5.403614E0	-7.328112E-1
3.800000E-1	5.463166E0	-1.922716E-1
4.000000E-1	5.477141E0	-4.449849E-2
4.200000E-1	5.719489E0	-1.287731E-1
4.400000E-1	6.207480E0	-1.973423E-1
4.600000E-1	6.675806E0	-1.068949E-1
4.800000E-1	6.879546E0	-2.303058E-1
5.000000E-1	7.081383E0	-5.855401E-1
5.200000E-1	7.205358E0	-7.097619E-1
5.400000E-1	7.444592E0	-6.871504E-1
5.600000E-1	7.926159E0	-6.671704E-1
5.800000E-1	8.406408E0	-9.893986E-1
6.000000E-1	8.804807E0	-1.070035E0
6.200000E-1	8.673422E0	-9.547267E-1
6.400000E-1	8.692907E0	-8.941554E-1
6.600000E-1	8.668178E0	-9.204702E-1
6.800000E-1	8.631224E0	-9.561252E-1
7.000000E-1	8.513724E0	-1.128462E0
7.200000E-1	8.339050E0	-1.411556E0
7.400000E-1	8.226849E0	-1.493871E0
7.600000E-1	8.200370E0	-1.507619E0
7.800000E-1	8.447321E0	-1.274803E0
8.000000E-1	8.806943E0	-9.445261E-1
8.200000E-1	8.934533E0	-5.163158E-1
8.400000E-1	8.962461E0	-3.214896E-1
8.600000E-1	8.997133E0	-3.005418E-1
8.800000E-1	9.156998E0	-3.507667E-1
9.000000E-1	9.293298E0	-3.627448E-1
9.200000E-1	9.733697E0	-4.062205E-1
9.400000E-1	1.015565E1	-4.392671E-1
9.600000E-1	1.052646E1	-5.543243E-1
9.800000E-1	1.085406E1	-1.002655E0
1.000000E0	1.085147E1	-1.869279E0
1.020000E0	1.103577E1	-2.116708E0
1.040000E0	1.160526E1	-1.782933E0
1.060000E0	1.223906E1	-1.563493E0
1.080000E0	1.266012E1	-1.467722E0
1.100000E0	1.264739E1	-1.461350E0
1.120000E0	1.263174E1	-1.431783E0
1.140000E0	1.260951E1	-1.346984E0
1.160000E0	1.257895E1	-1.093180E0
1.180000E0	1.299497E1	-1.098983E0
1.200000E0	1.355012E1	-1.741994E0
1.220000E0	1.415460E1	-1.952378E0
1.240000E0	1.442908E1	-2.028576E0
1.260000E0	1.448135E1	-1.712893E0
1.280000E0	1.482976E1	-1.278896E0
1.300000E0	1.531997E1	-1.127707E0
1.320000E0	1.575360E1	-7.523215E-1
1.340000E0	1.622674E1	-5.341356E-1
1.360000E0	1.658026E1	-4.466448E-1
1.380000E0	1.678077E1	-7.322959E-1
1.400000E0	1.693641E1	-1.200180E0
1.420000E0	1.728312E1	-1.191277E0
1.440000E0	1.758211E1	-1.020848E0
1.460000E0	1.771876E1	-1.098767E0
1.480000E0	1.796454E1	-1.293210E0
1.500000E0	1.796616E1	-1.374272E0
1.520000E0	1.774853E1	-1.174459E0
1.540000E0	1.778646E1	-9.610343E-1
1.560000E0	1.802960E1	-6.691208E-1
1.580000E0	1.855137E1	-5.307424E-1
1.600000E0	1.835968E1	-8.613590E-1
1.620000E0	1.814456E1	-1.537510E0
1.640000E0	1.856035E1	-1.691659E0
1.660000E0	1.879126E1	-1.411677E0
1.680000E0	1.896879E1	-1.279394E0
1.700000E0	1.905831E1	-1.047276E0
1.720000E0	1.912457E1	-9.704027E-1
1.740000E0	1.915112E1	-1.006693E0
1.760000E0	1.919611E1	-1.063732E0
1.780000E0	1.922216E1	-1.057072E0
1.800000E0	1.922653E1	-1.033296E0
1.820000E0	1.923842E1	-1.058399E0
1.840000E0	1.924736E1	-1.049240E0
1.860000E0	1.924473E1	-1.008676E0
1.880000E0	1.924611E1	-1.002739E0
1.900000E0	1.927677E1	-1.204450E0
1.920000E0	1.942477E1	-1.381859E0
1.940000E0	1.981020E1	-1.401916E0
1.960000E0	2.029843E1	-1.407393E0
1.980000E0	2.068898E1	-1.447070E0
2.000000E0	2.085633E1	-1.491951E0
2.020000E0	2.086303E1	-1.424118E0
2.040000E0	2.092253E1	-1.102125E0
2.060000E0	2.085139E1	-8.983677E-1
2.080000E0	2.086749E1	-8.690640E-1
2.100000E0	2.143999E1	-1.402390E0
2.120000E0	2.195225E1	-1.837245E0
2.140000E0	2.241608E1	-1.929951E0
2.160000E0	2.278873E1	-1.779792E0
2.180000E0	2.282620E1	-1.518145E0
2.200000E0	2.281718E1	-1.478132E0
2.220000E0	2.281588E1	-1.378702E0
2.240000E0	2.304230E1	-9.802010E-1
2.260000E0	2.295767E1	-7.315420E-1
2.280000E0	2.300369E1	-5.752771E-1
2.300000E0	2.312920E1	-9.270707E-1
2.320000E0	2.384617E1	-1.684830E0
2.340000E0	2.456631E1	-1.871825E0
2.360000E0	2.510260E1	-1.969845E0
2.380000E0	2.537597E1	-2.053376E0
2.400000E0	2.587728E1	-2.047777E0
2.420000E0	2.633828E1	-1.963093E0
2.440000E0	2.655891E1	-1.363057E0
2.460000E0	2.682889E1	-9.120815E-1
2.480000E0	2.701720E1	-7.147237E-1
2.500000E0	2.687439E1	-1.033117E0
2.520000E0	2.669621E1	-1.768578E0
2.540000E0	2.669557E1	-1.985224E0
2.560000E0	2.711553E1	-1.953772E0
2.580000E0	2.725889E1	-1.787289E0
2.600000E0	2.723103E1	-1.524012E0
2.620000E0	2.741196E1	-9.951404E-1
2.640000E0	2.743668E1	-7.069576E-1
2.660000E0	2.749700E1	-6.023612E-1
2.680000E0	2.781065E1	-6.281857E-1
2.700000E0	2.800585E1	-6.130838E-1
2.720000E0	2.828401E1	-6.866854E-1
2.740000E0	2.836546E1	-1.138055E0
2.760000E0	2.845596E1	-1.308157E0
2.780000E0	2.843585E1	-1.355114E0
2.800000E0	2.838269E1	-1.493937E0
2.820000E0	2.847142E1	-1.782562E0
2.840000E0	2.871064E1	-1.838496E0
2.860000E0	2.901410E1	-1.989097E0
2.880000E0	2.919703E1	-2.235081E0
2.900000E0	2.937104E1	-2.330066E0
2.920000E0	2.966007E1	-2.266923E0
2.940000E0	2.959293E1	-2.095412E0
2.960000E0	2.953843E1	-1.759130E0
2.980000E0	2.969558E1	-1.192677E0
3.000000E0	3.017777E1	-1.089777E0
3.020000E0	3.070235E1	-1.227254E0
3.040000E0	3.125590E1	-1.442498E0
3.060000E0	3.171505E1	-1.552100E0
3.080000E0	3.186177E1	-1.519793E0
3.100000E0	3.190316E1	-1.425462E0
3.120000E0	3.186630E1	-1.213957E0
3.140000E0	3.195625E1	-8.574565E-1
3.160000E0	3.195849E1	-8.038190E-1
3.180000E0	3.196764E1	-8.737619E-1
3.200000E0	3.236925E1	-1.279000E0
3.220000E0	3.275158E1	-1.542229E0
3.240000E0	3.326963E1	-1.575088E0
3.260000E0	3.378119E1	-1.487891E0
3.280000E0	3.429268E1	-1.349285E0
3.300000E0	3.496489E1	-1.416332E0
3.320000E0	3.558593E1	-1.592719E0
3.340000E0	3.546867E1	-1.533715E0
3.360000E0	3.538450E1	-1.273016E0
3.380000E0	3.540475E1	-1.187868E0
3.400000E0	3.543649E1	-1.127099E0
3.420000E0	3.535355E1	-1.369695E0
3.440000E0	3.535456E1	-2.225047E0
3.460000E0	3.540946E1	-2.449448E0
3.480000E0	3.592033E1	-2.461738E0
3.500000E0	3.644736E1	-2.296908E0
3.520000E0	3.661424E1	-2.074538E0
3.540000E0	3.667124E1	-1.829190E0
3.560000E0	3.679453E1	-1.576947E0
3.580000E0	3.720149E1	-1.507874E0
3.600000E0	3.750406E1	-1.437009E0
3.620000E0	3.803734E1	-1.373844E0
3.640000E0	3.852327E1	-1.320268E0
3.660000E0	3.875230E1	-1.563301E0
3.680000E0	3.884848E1	-1.859539E0
3.700000E0	3.884575E1	-2.045099E0
3.720000E0	3.886692E1	-2.150090E0
3.740000E0	3.905976E1	-2.418631E0
3.760000E0	3.946606E1	-2.551260E0
3.780000E0	3.961800E1	-2.554595E0
3.800000E0	3.972234E1	-2.622576E0
3.820000E0	3.978499E1	-2.729761E0
3.840000E0	3.979279E1	-2.793246E0
3.860000E0	4.007043E1	-2.643154E0
3.880000E0	4.050434E1	-2.018659E0
3.900000E0	4.072944E1	-1.790487E0
3.920000E0	4.089838E1	-2.168185E0
3.940000E0	4.106167E1	-2.342561E0
3.960000E0	4.111704E1	-2.381472E0
3.980000E0	4.121737E1	-2.269488E0
4.000000E0	4.149537E1	-2.178654E0
4.020000E0	4.166031E1	-2.148965E0
4.040000E0	4.165540E1	-2.053501E0
4.060000E0	4.169867E1	-1.937537E0
4.080000E0	4.177798E1	-1.913101E0
4.100000E0	4.184529E1	-1.820655E0
4.120000E0	4.196237E1	-1.855747E0
4.140000E0	4.228066E1	-1.842655E0
4.160000E0	4.261887E1	-1.891867E0
4.180000E0	4.307961E1	-1.903564E0
4.200000E0	4.395838E1	-1.904415E0
4.220000E0	4.449932E1	-1.963313E0
4.240000E0	4.456228E1	-1.962214E0
4.260000E0	4.437648E1	-1.581416E0
4.280000E0	4.443842E1	-1.559741E0
4.300000E0	4.446234E1	-1.543319E0
4.320000E0	4.450334E1	-2.076544E0
4.340000E0	4.436193E1	-2.727119E0
4.360000E0	4.423903E1	-3.167921E0
4.380000E0	4.454759E1	-3.094346E0
4.400000E0	4.511939E1	-2.593593E0
4.420000E0	4.571832E1	-1.914150E0
4.440000E0	4.594821E1	-1.283763E0
4.460000E0	4.584389E1	-1.134423E0
4.480000E0	4.581187E1	-1.280108E0
4.500000E0	4.581824E1	-1.421189E0
4.520000E0	4.581570E1	-1.552412E0
4.540000E0	4.590850E1	-1.622545E0
4.560000E0	4.635579E1	-2.000339E0
4.580000E0	4.681082E1	-2.186321E0
4.600000E0	4.728967E1	-2.220753E0
4.620000E0	4.737955E1	-2.346684E0
4.640000E0	4.726437E1	-2.839523E0
4.660000E0	4.749883E1	-3.010662E0
4.680000E0	4.803144E1	-3.025668E0
4.700000E0	4.893424E1	-3.036702E0
4.720000E0	4.997941E1	-3.044841E0
4.740000E0	5.052128E1	-2.806350E0
4.760000E0	5.064004E1	-2.274345E0
4.780000E0	5.052230E1	-1.863533E0
4.800000E0	5.059623E1	-1.864675E0
4.820000E0	5.100000E1	-2.281933E0
4.840000E0	5.154343E1	-2.761396E0
4.860000E0	5.157772E1	-2.699877E0
4.880000E0	5.172397E1	-2.530843E0
4.900000E0	5.188969E1	-2.437944E0
4.920000E0	5.196235E1	-2.224871E0
4.940000E0	5.191865E1	-2.053056E0
4.960000E0	5.188936E1	-1.890276E0
4.980000E0	5.233757E1	-1.908691E0
5.000000E0	5.281843E1	-1.917185E0
5.020000E0	5.327976E1	-1.976863E0
5.040000E0	5.336081E1	-2.352450E0
5.060000E0	5.348462E1	-2.635946E0
5.080000E0	5.357015E1	-2.629372E0
5.100000E0	5.409839E1	-2.670517E0
5.120000E0	5.463085E1	-2.854255E0
5.140000E0	5.487414E1	-3.022206E0
5.160000E0	5.474743E1	-2.889089E0
5.180000E0	5.485628E1	-2.795172E0
5.200000E0	5.486464E1	-2.656998E0
5.220000E0	5.479964E1	-2.672064E0
5.240000E0	5.451825E1	-3.044926E0
5.260000E0	5.443823E1	-3.233228E0
5.280000E0	5.438742E1	-3.121940E0
5.300000E0	5.458867E1	-2.951553E0
5.320000E0	5.487547E1	-2.697165E0
5.340000E0	5.547228E1	-2.013932E0
5.360000E0	5.552358E1	-1.554873E0
5.380000E0	5.549466E1	-1.440044E0
5.400000E0	5.549647E1	-1.808143E0
5.420000E0	5.553125E1	-2.038450E0
5.440000E0	5.566778E1	-2.034390E0
5.460000E0	5.587262E1	-2.027531E0
5.480000E0	5.632989E1	-2.333493E0
5.500000E0	5.682717E1	-2.528192E0
5.520000E0	5.720510E1	-2.531253E0
5.540000E0	5.729255E1	-2.626105E0
5.560000E0	5.755224E1	-2.773688E0
5.580000E0	5.811403E1	-2.641796E0
5.600000E0	5.867888E1	-2.597736E0
5.620000E0	5.882757E1	-2.673569E0
5.640000E0	5.880570E1	-2.671974E0
5.660000E0	5.882403E1	-2.635948E0
5.680000E0	5.892497E1	-2.556453E0
5.700000E0	5.928684E1	-2.626772E0
5.720000E0	5.971977E1	-2.650008E0
5.740000E0	6.014274E1	-2.990079E0
5.760000E0	6.061182E1	-3.073563E0
5.780000E0	6.104766E1	-3.091098E0
5.800000E0	6.141799E1	-2.923819E0
5.820000E0	6.204052E1	-2.639972E0
5.840000E0	6.244284E1	-2.416594E0
5.860000E0	6.268550E1	-2.215974E0
5.880000E0	6.307808E1	-1.850881E0
5.900000E0	6.343502E1	-1.915250E0
5.920000E0	6.378858E1	-2.361994E0
5.940000E0	6.392935E1	-2.903125E0
5.960000E0	6.405709E1	-2.904018E0
5.980000E0	6.434127E1	-2.808016E0
6.000000E0	6.478796E1	-2.777230E0
6.020000E0	6.495795E1	-3.076945E0
6.040000E0	6.527476E1	-3.136653E0
6.060000E0	6.527871E1	-3.088283E0
6.080000E0	6.508081E1	-2.791783E0
6.100000E0	6.513005E1	-2.589588E0
6.120000E0	6.556442E1	-2.267928E0
6.140000E0	6.589326E1	-2.160136E0
6.160000E0	6.550910E1	-2.644618E0
6.180000E0	6.541306E1	-3.164027E0
6.200000E0	6.571026E1	-3.051680E0
6.220000E0	6.607825E1	-2.803946E0
6.240000E0	6.617981E1	-2.611625E0
6.260000E0	6.631154E1	-2.477804E0
6.280000E0	6.635745E1	-2.432911E0
6.300000E0	6.635975E1	-2.478680E0
6.320000E0	6.638152E1	-2.522460E0
6.340000E0	6.639294E1	-2.500603E0
6.360000E0	6.642272E1	-2.486947E0
6.380000E0	6.643002E1	-2.461376E0
6.400000E0	6.643698E1	-2.371277E0
6.420000E0	6.650348E1	-2.266850E0
6.440000E0	6.649085E1	-2.287520E0
6.460000E0	6.671373E1	-2.523098E0
6.480000E0	6.731048E1	-2.568392E0
6.500000E0	6.794561E1	-2.567927E0
6.520000E0	6.842752E1	-2.577882E0
6.540000E0	6.847303E1	-2.554251E0
6.560000E0	6.850524E1	-2.525702E0
6.580000E0	6.856496E1	-2.428413E0
6.600000E0	6.856592E1	-2.461830E0
6.620000E0	6.878559E1	-2.343386E0
6.640000E0	6.927985E1	-2.473126E0
6.660000E0	6.988204E1	-2.534086E0
6.680000E0	7.047590E1	-2.550009E0
6.700000E0	7.087768E1	-2.521372E0
6.720000E0	7.087645E1	-2.474926E0
6.740000E0	7.087507E1	-2.474586E0
6.760000E0	7.087353E1	-2.403525E0
6.780000E0	7.092206E1	-2.133474E0
6.800000E0	7.104424E1	-1.944462E0
6.820000E0	7.164187E1	-2.300008E0
6.840000E0	7.211838E1	-2.830848E0
6.860000E0	7.257841E1	-3.158904E0
6.880000E0	7.305556E1	-3.147895E0
6.900000E0	7.353054E1	-3.126478E0
6.920000E0	7.423310E1	-3.100214E0
6.940000E0	7.523863E1	-3.074839E0
6.960000E0	7.572141E1	-2.914621E0
6.980000E0	7.546010E1	-2.540428E0
7.000000E0	7.547445E1	-2.476192E0
7.020000E0	7.601643E1	-2.523800E0
7.040000E0	7.602805E1	-3.015743E0
7.060000E0	7.545445E1	-3.274143E0
7.080000E0	7.549217E1	-3.369792E0
7.100000E0	7.588438E1	-3.285897E0
7.120000E0	7.587982E1	-3.065006E0
7.140000E0	7.598368E1	-2.838415E0
7.160000E0	7.622807E1	-2.513917E0
7.180000E0	7.648009E1	-2.086800E0
7.200000E0	7.670213E1	-1.879380E0
7.220000E0	7.683725E1	-2.002925E0
7.240000E0	7.699015E1	-2.389884E0
7.260000E0	7.706017E1	-2.652487E0
7.280000E0	7.725970E1	-2.792115E0
7.300000E0	7.727001E1	-2.694875E0
7.320000E0	7.723518E1	-2.632014E0
7.340000E0	7.715289E1	-2.786704E0
7.360000E0	7.717483E1	-2.988817E0
7.380000E0	7.745399E1	-2.999766E0
7.400000E0	7.782446E1	-3.085000E0
7.420000E0	7.809683E1	-3.372751E0
7.440000E0	7.824286E1	-3.835044E0
7.460000E0	7.825447E1	-3.963442E0
7.480000E0	7.830612E1	-3.878949E0
7.500000E0	7.841575E1	-3.052169E0
7.520000E0	7.871092E1	-2.447115E0
7.540000E0	7.909875E1	-2.211106E0
7.560000E0	7.957536E1	-2.346217E0
7.580000E0	8.009444E1	-2.795572E0
7.600000E0	8.053368E1	-2.930110E0
7.620000E0	8.090249E1	-2.911690E0
7.640000E0	8.100794E1	-2.735968E0
7.660000E0	8.099432E1	-2.587429E0
7.680000E0	8.101470E1	-2.368496E0
7.700000E0	8.106167E1	-2.321590E0
7.720000E0	8.118070E1	-2.381331E0
7.740000E0	8.154928E1	-2.502823E0
7.760000E0	8.178741E1	-2.856118E0
7.780000E0	8.232404E1	-2.945112E0
7.800000E0	8.303036E1	-2.805617E0
7.820000E0	8.357554E1	-2.633327E0
7.840000E0	8.418480E1	-2.632342E0
7.860000E0	8.453839E1	-2.711861E0
7.880000E0	8.439992E1	-2.653086E0
7.900000E0	8.416012E1	-2.319550E0
7.920000E0	8.416435E1	-2.351247E0
7.940000E0	8.439552E1	-2.702741E0
7.960000E0	8.462667E1	-3.290744E0
7.980000E0	8.461236E1	-3.490547E0
8.000000E0	8.474958E1	-3.707154E0
8.020000E0	8.482920E1	-3.639529E0
8.040000E0	8.510684E1	-3.264647E0
8.060000E0	8.580309E1	-2.782704E0
8.080000E0	8.639945E1	-2.269997E0
8.100000E0	8.653633E1	-2.157877E0
8.120000E0	8.670787E1	-2.161006E0
8.140000E0	8.678423E1	-2.433916E0
8.160000E0	8.695308E1	-2.681526E0
8.180000E0	8.707607E1	-2.759925E0
8.200000E0	8.719875E1	-2.752387E0
8.220000E0	8.739570E1	-2.640148E0
8.240000E0	8.742530E1	-2.672116E0
8.260000E0	8.736801E1	-2.635503E0
8.280000E0	8.735802E1	-2.643909E0
8.300000E0	8.777952E1	-2.775891E0
8.320000E0	8.830114E1	-3.176389E0
8.340000E0	8.886003E1	-3.587605E0
8.360000E0	8.916531E1	-3.803459E0
8.380000E0	8.919612E1	-3.729617E0
8.400000E0	8.907603E1	-3.500997E0
8.420000E0	8.914609E1	-3.146222E0
8.440000E0	8.938885E1	-2.712992E0
8.460000E0	8.960193E1	-2.852204E0
8.480000E0	8.996235E1	-3.226301E0
8.500000E0	9.033478E1	-3.313438E0
8.520000E0	9.069569E1	-3.270874E0
8.540000E0	9.081372E1	-3.178688E0
8.560000E0	9.084916E1	-3.120590E0
8.580000E0	9.085925E1	-3.013538E0
8.600000E0	9.090346E1	-2.831494E0
8.620000E0	9.115488E1	-2.643675E0
8.640000E0	9.129136E1	-2.587416E0
8.660000E0	9.149050E1	-2.509051E0
8.680000E0	9.173096E1	-2.584776E0
8.700000E0	9.218489E1	-2.607198E0
8.720000E0	9.266150E1	-2.632931E0
8.740000E0	9.320253E1	-2.618155E0
8.760000E0	9.381305E1	-2.645564E0
8.780000E0	9.434557E1	-2.715033E0
8.800000E0	9.435593E1	-2.724267E0
8.820000E0	9.421904E1	-2.336956E0
8.840000E0	9.409804E1	-2.098256E0
8.860000E0	9.414830E1	-2.059254E0
8.880000E0	9.432956E1	-2.575208E0
8.900000E0	9.422650E1	-3.385613E0
8.920000E0	9.414836E1	-4.087979E0
8.940000E0	9.442045E1	-4.116925E0
8.960000E0	9.513159E1	-3.532355E0
8.980000E0	9.572235E1	-2.801875E0
9.000000E0	9.577918E1	-2.075572E0
9.020000E0	9.576680E1	-2.027479E0
9.040000E0	9.580688E1	-2.229704E0
9.060000E0	9.580216E1	-2.457886E0
9.080000E0	9.585855E1	-2.536128E0
9.100000E0	9.610012E1	-2.684030E0
9.120000E0	9.680470E1	-3.128201E0
9.140000E0	9.743812E1	-3.390525E0
9.160000E0	9.793581E1	-3.566460E0
9.180000E0	9.800874E1	-3.710199E0
9.200000E0	9.814876E1	-3.989017E0
9.220000E0	9.878358E1	-4.055133E0
9.240000E0	9.980450E1	-4.065897E0
9.260000E0	1.005840E2	-3.701334E0
9.280000E0	1.007599E2	-3.193964E0
9.300000E0	1.005697E2	-3.270790E0
9.320000E0	1.004467E2	-3.803627E0
9.340000E0	1.003192E2	-3.982759E0
9.360000E0	1.005238E2	-3.420744E0
9.380000E0	1.008984E2	-3.333240E0
9.400000E0	1.011869E2	-3.621997E0
9.420000E0	1.014967E2	-3.721677E0
9.440000E0	1.014959E2	-3.599603E0
9.460000E0	1.015774E2	-3.066632E0
9.480000E0	1.016541E2	-2.864504E0
9.500000E0	1.019903E2	-3.066867E0
9.520000E0	1.023919E2	-3.176403E0
9.540000E0	1.025475E2	-3.390429E0
9.560000E0	1.027091E2	-3.610567E0
9.580000E0	1.027424E2	-3.626090E0
9.600000E0	1.028314E2	-3.586213E0
9.620000E0	1.030939E2	-3.619798E0
9.640000E0	1.033117E2	-3.760261E0
9.660000E0	1.038233E2	-3.863836E0
9.680000E0	1.045730E2	-3.998710E0
9.700000E0	1.047310E2	-3.959285E0
9.720000E0	1.047389E2	-3.929949E0
9.740000E0	1.047982E2	-3.910323E0
9.760000E0	1.048764E2	-3.723267E0
9.780000E0	1.048468E2	-3.679273E0
9.800000E0	1.046902E2	-3.953990E0
9.820000E0	1.045292E2	-4.358112E0
9.840000E0	1.045295E2	-4.510835E0
9.860000E0	1.048504E2	-4.234631E0
9.880000E0	1.054058E2	-3.644208E0
9.900000E0	1.058439E2	-2.871902E0
9.920000E0	1.058136E2	-2.495236E0
9.940000E0	1.058469E2	-2.754236E0
9.960000E0	1.059115E2	-3.125272E0
9.980000E0	1.059632E2	-3.145184E0
1.000000E1	1.060356E2	-3.079408E0
1.002000E1	1.063706E2	-3.061276E0
1.004000E1	1.069278E2	-3.528562E0
1.006000E1	1.075314E2	-3.719163E0
1.008000E1	1.079861E2	-3.746180E0
1.010000E1	1.080178E2	-3.884113E0
1.012000E1	1.082404E2	-4.150781E0
1.014000E1	1.087754E2	-4.117239E0
1.016000E1	1.093026E2	-4.096291E0
1.018000E1	1.095609E2	-4.117537E0
1.020000E1	1.095617E2	-4.095518E0
1.022000E1	1.095649E2	-4.064148E0
1.024000E1	1.095887E2	-3.882996E0
1.026000E1	1.096130E2	-3.806288E0
1.028000E1	1.097042E2	-3.780225E0
1.030000E1	1.101633E2	-4.136945E0
1.032000E1	1.108829E2	-4.443968E0
1.034000E1	1.113122E2	-4.794909E0
1.036000E1	1.114911E2	-4.735426E0
1.038000E1	1.116700E2	-4.470634E0
1.040000E1	1.120407E2	-4.369772E0
1.042000E1	1.125826E2	-4.053956E0
1.044000E1	1.130866E2	-3.549792E0
1.046000E1	1.135467E2	-3.228471E0
1.048000E1	1.137200E2	-3.444160E0
1.050000E1	1.139587E2	-4.038368E0
1.052000E1	1.143327E2	-4.332465E0
1.054000E1	1.146690E2	-4.226675E0
1.056000E1	1.148494E2	-4.213683E0
1.058000E1	1.153144E2	-4.304861E0
1.060000E1	1.154812E2	-4.433336E0
1.062000E1	1.153560E2	-4.371277E0
1.064000E1	1.152409E2	-4.138824E0
1.066000E1	1.153981E2	-3.904184E0
1.068000E1	1.158065E2	-3.703707E0
1.070000E1	1.158049E2	-3.700386E0
1.072000E1	1.155474E2	-4.168815E0
1.074000E1	1.156528E2	-4.730551E0
1.076000E1	1.159036E2	-4.571060E0
1.078000E1	1.162223E2	-4.257235E0
1.080000E1	1.162806E2	-4.072635E0
1.082000E1	1.161950E2	-4.092309E0
1.084000E1	1.161853E2	-4.103670E0
1.086000E1	1.161686E2	-4.113075E0
1.088000E1	1.161788E2	-4.108845E0
1.090000E1	1.161701E2	-4.102191E0
1.092000E1	1.161767E2	-4.094309E0
1.094000E1	1.161648E2	-4.073606E0
1.096000E1	1.161742E2	-4.004244E0
1.098000E1	1.161603E2	-3.994326E0
1.100000E1	1.161716E2	-4.118948E0
1.102000E1	1.164244E2	-4.427672E0
1.104000E1	1.169919E2	-4.469461E0
1.106000E1	1.175725E2	-4.456543E0
1.108000E1	1.177560E2	-4.566544E0
1.110000E1	1.176981E2	-4.569905E0
1.112000E1	1.176989E2	-4.541328E0
1.114000E1	1.179259E2	-4.444712E0
1.116000E1	1.180047E2	-4.492825E0
1.118000E1	1.180580E2	-4.517176E0
1.120000E1	1.186773E2	-4.647825E0
1.122000E1	1.193827E2	-4.780394E0
1.124000E1	1.199806E2	-4.721240E0
1.126000E1	1.204268E2	-4.682167E0
1.128000E1	1.204667E2	-4.638791E0
1.130000E1	1.204979E2	-4.614075E0
1.132000E1	1.205454E2	-4.489612E0
1.134000E1	1.207362E2	-4.215069E0
1.136000E1	1.209370E2	-3.976719E0
1.138000E1	1.210991E2	-3.980310E0
1.140000E1	1.210936E2	-4.001618E0
1.142000E1	1.212324E2	-4.152161E0
1.144000E1	1.216518E2	-4.385915E0
1.146000E1	1.223240E2	-5.031022E0
1.148000E1	1.228365E2	-5.039042E0
1.150000E1	1.233642E2	-5.197416E0
1.152000E1	1.237824E2	-5.207647E0
1.154000E1	1.238565E2	-5.198952E0
1.156000E1	1.238751E2	-5.159158E0
1.158000E1	1.241119E2	-5.006358E0
1.160000E1	1.244960E2	-4.727716E0
1.162000E1	1.247244E2	-4.648118E0
1.164000E1	1.247595E2	-4.666060E0
1.166000E1	1.248734E2	-4.871328E0
1.168000E1	1.251225E2	-5.057482E0
1.170000E1	1.256585E2	-5.086197E0
1.172000E1	1.260114E2	-5.009054E0
1.174000E1	1.259250E2	-4.910594E0
1.176000E1	1.258779E2	-4.959686E0
1.178000E1	1.258719E2	-5.085727E0
1.180000E1	1.257797E2	-4.922324E0
1.182000E1	1.257583E2	-4.573726E0
1.184000E1	1.258576E2	-4.530849E0
1.186000E1	1.260343E2	-4.550879E0
1.188000E1	1.265789E2	-4.652788E0
1.190000E1	1.270091E2	-4.737628E0
1.192000E1	1.269820E2	-5.127562E0
1.194000E1	1.271174E2	-5.505624E0
1.196000E1	1.275110E2	-5.943953E0
1.198000E1	1.276830E2	-6.234042E0
1.200000E1	1.277119E2	-6.209554E0
1.202000E1	1.277116E2	-6.175970E0
1.204000E1	1.277995E2	-6.180965E0
1.206000E1	1.281665E2	-6.096367E0
1.208000E1	1.282413E2	-5.837658E0
1.210000E1	1.283469E2	-5.388805E0
1.212000E1	1.286899E2	-5.314418E0
1.214000E1	1.289804E2	-5.442378E0
1.216000E1	1.292803E2	-5.577114E0
1.218000E1	1.294643E2	-5.547677E0
1.220000E1	1.296190E2	-5.354113E0
1.222000E1	1.297498E2	-5.370819E0
1.224000E1	1.297937E2	-5.381298E0
1.226000E1	1.298869E2	-5.125782E0
1.228000E1	1.299765E2	-4.684694E0
1.230000E1	1.299426E2	-4.551693E0
1.232000E1	1.302184E2	-4.503794E0
1.234000E1	1.306579E2	-4.682598E0
1.236000E1	1.310700E2	-4.906944E0
1.238000E1	1.316257E2	-5.190754E0
1.240000E1	1.319218E2	-5.358115E0
1.242000E1	1.324827E2	-5.614528E0
1.244000E1	1.330003E2	-5.152950E0
1.246000E1	1.331169E2	-4.717217E0
1.248000E1	1.331738E2	-4.327720E0
1.250000E1	1.332258E2	-4.236953E0
1.252000E1	1.332967E2	-4.164374E0
1.254000E1	1.332912E2	-4.245065E0
1.256000E1	1.332056E2	-4.534570E0
1.258000E1	1.330933E2	-5.002938E0
1.260000E1	1.331643E2	-5.118468E0
1.262000E1	1.336831E2	-5.512999E0
1.264000E1	1.342518E2	-5.449635E0
1.266000E1	1.348161E2	-5.007402E0
1.268000E1	1.347780E2	-5.033563E0
1.270000E1	1.347501E2	-5.336111E0
1.272000E1	1.347669E2	-5.298578E0
1.274000E1	1.348045E2	-5.206432E0
1.276000E1	1.349120E2	-5.038262E0
1.278000E1	1.352883E2	-5.085302E0
1.280000E1	1.360059E2	-5.031559E0
1.282000E1	1.368913E2	-4.799434E0
1.284000E1	1.374504E2	-4.496752E0
1.286000E1	1.375104E2	-4.666933E0
1.288000E1	1.376437E2	-5.244338E0
1.290000E1	1.380289E2	-6.008517E0
1.292000E1	1.382006E2	-6.432821E0
1.294000E1	1.382336E2	-6.497629E0
1.296000E1	1.382834E2	-6.399535E0
1.298000E1	1.383928E2	-6.389587E0
1.300000E1	1.384057E2	-6.224499E0
1.302000E1	1.384197E2	-5.499284E0
1.304000E1	1.389933E2	-4.923518E0
1.306000E1	1.394378E2	-4.728800E0
1.308000E1	1.399947E2	-4.980160E0
1.310000E1	1.402349E2	-5.558763E0
1.312000E1	1.402912E2	-6.028047E0
1.314000E1	1.403141E2	-6.070559E0
1.316000E1	1.403767E2	-6.032140E0
1.318000E1	1.404217E2	-5.813197E0
1.320000E1	1.404980E2	-5.660501E0
1.322000E1	1.406180E2	-5.634750E0
1.324000E1	1.407067E2	-5.648799E0
1.326000E1	1.408570E2	-5.696766E0
1.328000E1	1.411790E2	-5.625619E0
1.330000E1	1.413905E2	-5.682036E0
1.332000E1	1.417874E2	-5.671651E0
1.334000E1	1.419806E2	-5.629708E0
1.336000E1	1.423272E2	-5.229412E0
1.338000E1	1.424029E2	-5.207402E0
1.340000E1	1.424977E2	-5.089310E0
1.342000E1	1.425728E2	-4.759488E0
1.344000E1	1.427508E2	-4.183709E0
1.346000E1	1.427824E2	-4.076181E0
1.348000E1	1.429613E2	-4.266680E0
1.350000E1	1.430447E2	-4.753260E0
1.352000E1	1.432806E2	-4.954322E0
1.354000E1	1.435369E2	-4.810867E0
1.356000E1	1.439456E2	-4.522593E0
1.358000E1	1.440986E2	-4.682176E0
1.360000E1	1.439101E2	-5.040019E0
1.362000E1	1.439871E2	-5.286403E0
1.364000E1	1.440628E2	-4.771064E0
1.366000E1	1.441514E2	-4.383323E0
1.368000E1	1.443499E2	-4.291665E0
1.370000E1	1.448895E2	-4.117867E0
1.372000E1	1.453725E2	-4.085448E0
1.374000E1	1.457342E2	-4.155599E0
1.376000E1	1.456947E2	-4.267985E0
1.378000E1	1.457441E2	-4.978729E0
1.380000E1	1.462555E2	-5.860271E0
1.382000E1	1.468972E2	-6.489669E0
1.384000E1	1.473614E2	-6.430577E0
1.386000E1	1.474072E2	-6.445066E0
1.388000E1	1.474471E2	-6.567305E0
1.390000E1	1.476137E2	-6.652021E0
1.392000E1	1.479862E2	-6.330213E0
1.394000E1	1.485265E2	-5.462033E0
1.396000E1	1.492148E2	-4.776995E0
1.398000E1	1.498712E2	-4.568909E0
1.400000E1	1.504612E2	-4.880263E0
1.402000E1	1.506652E2	-5.462009E0
1.404000E1	1.506104E2	-5.667296E0
1.406000E1	1.504794E2	-5.674288E0
1.408000E1	1.505159E2	-5.664713E0
1.410000E1	1.507049E2	-5.693685E0
1.412000E1	1.508331E2	-5.392874E0
1.414000E1	1.511800E2	-5.032417E0
1.416000E1	1.514175E2	-4.849936E0
1.418000E1	1.514561E2	-5.054943E0
1.420000E1	1.516324E2	-5.303438E0
1.422000E1	1.518711E2	-5.647040E0
1.424000E1	1.523155E2	-5.659891E0
1.426000E1	1.529223E2	-5.574569E0
1.428000E1	1.534736E2	-5.552828E0
1.430000E1	1.534880E2	-5.653139E0
1.432000E1	1.534850E2	-5.693927E0
1.434000E1	1.535096E2	-5.658534E0
1.436000E1	1.534976E2	-5.613853E0
1.438000E1	1.535104E2	-5.638721E0
1.440000E1	1.534964E2	-5.740487E0
1.442000E1	1.534300E2	-5.775627E0
1.444000E1	1.534526E2	-5.767982E0
1.446000E1	1.534992E2	-5.712179E0
1.448000E1	1.535680E2	-5.590905E0
1.450000E1	1.536546E2	-5.370646E0
1.452000E1	1.536785E2	-5.255307E0
1.454000E1	1.536634E2	-5.109957E0
1.456000E1	1.536414E2	-5.104400E0
1.458000E1	1.536862E2	-5.063031E0
1.460000E1	1.538105E2	-4.651966E0
1.462000E1	1.541053E2	-4.157938E0
1.464000E1	1.543947E2	-3.993071E0
1.466000E1	1.547330E2	-4.019493E0
1.468000E1	1.548639E2	-4.257680E0
1.470000E1	1.549327E2	-4.847269E0
1.472000E1	1.553055E2	-5.665890E0
1.474000E1	1.556622E2	-6.145332E0
1.476000E1	1.559661E2	-6.150043E0
1.478000E1	1.563011E2	-5.827848E0
1.480000E1	1.565989E2	-5.571802E0
1.482000E1	1.570258E2	-5.493933E0
1.484000E1	1.571482E2	-5.240700E0
1.486000E1	1.571558E2	-4.691644E0
1.488000E1	1.571161E2	-4.381615E0
1.490000E1	1.575334E2	-4.718191E0
1.492000E1	1.582062E2	-5.209616E0
1.494000E1	1.585820E2	-5.594892E0
1.496000E1	1.585796E2	-5.749629E0
1.498000E1	1.585426E2	-5.880083E0
1.500000E1	1.585945E2	-5.833120E0
1.502000E1	1.587648E2	-5.619516E0
1.504000E1	1.591404E2	-5.429977E0
1.506000E1	1.597977E2	-5.139841E0
1.508000E1	1.606066E2	-5.137418E0
1.510000E1	1.612587E2	-5.080704E0
1.512000E1	1.617943E2	-5.099615E0
1.514000E1	1.619853E2	-5.183947E0
1.516000E1	1.623174E2	-5.665056E0
1.518000E1	1.627999E2	-5.670967E0
1.520000E1	1.629758E2	-5.550480E0
1.522000E1	1.630261E2	-5.425650E0
1.524000E1	1.630787E2	-5.608341E0
1.526000E1	1.631015E2	-5.572613E0
1.528000E1	1.629775E2	-5.315575E0
1.530000E1	1.626032E2	-5.251861E0
1.532000E1	1.625440E2	-5.443257E0
1.534000E1	1.627492E2	-5.680845E0
1.536000E1	1.632534E2	-5.679208E0
1.538000E1	1.638722E2	-5.389500E0
1.540000E1	1.642199E2	-5.016153E0
1.542000E1	1.640236E2	-5.228255E0
1.544000E1	1.641350E2	-5.635780E0
1.546000E1	1.641817E2	-5.566504E0
1.548000E1	1.642141E2	-5.523174E0
1.550000E1	1.642224E2	-5.592425E0
1.552000E1	1.642298E2	-5.681176E0
1.554000E1	1.643201E2	-5.609562E0
1.556000E1	1.643928E2	-5.549734E0
1.558000E1	1.642754E2	-5.685703E0
1.560000E1	1.642542E2	-6.076315E0
1.562000E1	1.644546E2	-6.168258E0
1.564000E1	1.645648E2	-6.289253E0
1.566000E1	1.646959E2	-6.324375E0
1.568000E1	1.650378E2	-6.160566E0
1.570000E1	1.653472E2	-5.890360E0
1.572000E1	1.657199E2	-5.854814E0
1.574000E1	1.658577E2	-5.831205E0
1.576000E1	1.659740E2	-5.407545E0
1.578000E1	1.661030E2	-4.958320E0
1.580000E1	1.665595E2	-5.013366E0
1.582000E1	1.670999E2	-5.384170E0
1.584000E1	1.677439E2	-5.796422E0
1.586000E1	1.677309E2	-5.731346E0
1.588000E1	1.674095E2	-5.469100E0
1.590000E1	1.672477E2	-5.465986E0
1.592000E1	1.672320E2	-5.433628E0
1.594000E1	1.675326E2	-5.295130E0
1.596000E1	1.680881E2	-4.917278E0
1.598000E1	1.687464E2	-4.663416E0
1.600000E1	1.688582E2	-4.608995E0
1.602000E1	1.692636E2	-4.751901E0
1.604000E1	1.696092E2	-5.016762E0
1.606000E1	1.700755E2	-5.082648E0
1.608000E1	1.703252E2	-4.715352E0
1.610000E1	1.704811E2	-4.848244E0
1.612000E1	1.708100E2	-5.476792E0
1.614000E1	1.710658E2	-5.820708E0
1.616000E1	1.710995E2	-5.646997E0
1.618000E1	1.710527E2	-5.530326E0
1.620000E1	1.709361E2	-5.553229E0
1.622000E1	1.709110E2	-5.628628E0
1.624000E1	1.713447E2	-5.561228E0
1.626000E1	1.719219E2	-5.406286E0
1.628000E1	1.724363E2	-5.218557E0
1.630000E1	1.728472E2	-4.719595E0
1.632000E1	1.728185E2	-4.790331E0
1.634000E1	1.728080E2	-5.138469E0
1.636000E1	1.728753E2	-5.120680E0
1.638000E1	1.729038E2	-5.049232E0
1.640000E1	1.728941E2	-5.059674E0
1.642000E1	1.729922E2	-4.904911E0
1.644000E1	1.730253E2	-4.868461E0
1.646000E1	1.733925E2	-4.758233E0
1.648000E1	1.733963E2	-4.783642E0
1.650000E1	1.735856E2	-4.784809E0
1.652000E1	1.739863E2	-4.823206E0
1.654000E1	1.745208E2	-5.514810E0
1.656000E1	1.746323E2	-6.252924E0
1.658000E1	1.745930E2	-6.402861E0
1.660000E1	1.746325E2	-6.164952E0
1.662000E1	1.747900E2	-5.712750E0
1.664000E1	1.747509E2	-5.636504E0
1.666000E1	1.749461E2	-5.411955E0
1.668000E1	1.753100E2	-5.206966E0
1.670000E1	1.756638E2	-5.273976E0
1.672000E1	1.760841E2	-5.607937E0
1.674000E1	1.764172E2	-5.785933E0
1.676000E1	1.765038E2	-5.709138E0
1.678000E1	1.764676E2	-5.520570E0
1.680000E1	1.764721E2	-5.419544E0
1.682000E1	1.765323E2	-5.248233E0
1.684000E1	1.766904E2	-4.922725E0
1.686000E1	1.769732E2	-4.838292E0
1.688000E1	1.771270E2	-4.836161E0
1.690000E1	1.772643E2	-4.900141E0
1.692000E1	1.776861E2	-4.736145E0
1.694000E1	1.782562E2	-4.454481E0
1.696000E1	1.788332E2	-4.491498E0
1.698000E1	1.793470E2	-4.521829E0
1.700000E1	1.797897E2	-4.518476E0
1.702000E1	1.798585E2	-4.525673E0
1.704000E1	1.797443E2	-4.541198E0
1.706000E1	1.797423E2	-4.561820E0
1.708000E1	1.798066E2	-4.971740E0
1.710000E1	1.799500E2	-5.096203E0
1.712000E1	1.799144E2	-5.127597E0
1.714000E1	1.798875E2	-5.140779E0
1.716000E1	1.800386E2	-5.248802E0
1.718000E1	1.805020E2	-5.053529E0
1.720000E1	1.810640E2	-4.639608E0
1.722000E1	1.811692E2	-4.166286E0
1.724000E1	1.808968E2	-4.019776E0
1.726000E1	1.809957E2	-4.467190E0
1.728000E1	1.812176E2	-5.166463E0
1.730000E1	1.814529E2	-5.580870E0
1.732000E1	1.818804E2	-5.330376E0
1.734000E1	1.820367E2	-5.152869E0
1.736000E1	1.820392E2	-5.238630E0
1.738000E1	1.821530E2	-5.200899E0
1.740000E1	1.828566E2	-5.076708E0
1.742000E1	1.833822E2	-5.010401E0
1.744000E1	1.840079E2	-4.976301E0
1.746000E1	1.847028E2	-5.136386E0
1.748000E1	1.849500E2	-5.377520E0
1.750000E1	1.849673E2	-5.518407E0
1.752000E1	1.847120E2	-5.762252E0
1.754000E1	1.845787E2	-6.029069E0
1.756000E1	1.846749E2	-5.886270E0
1.758000E1	1.847306E2	-5.159027E0
1.760000E1	1.850711E2	-4.693088E0
1.762000E1	1.854415E2	-4.613048E0
1.764000E1	1.857884E2	-4.785406E0
1.766000E1	1.860692E2	-5.166349E0
1.768000E1	1.862015E2	-5.329248E0
1.770000E1	1.864266E2	-5.120592E0
1.772000E1	1.864730E2	-5.122131E0
1.774000E1	1.865883E2	-5.413865E0
1.776000E1	1.865985E2	-5.440033E0
1.778000E1	1.866731E2	-5.303059E0
1.780000E1	1.866866E2	-5.303773E0
1.782000E1	1.868302E2	-5.306675E0
1.784000E1	1.872852E2	-5.207345E0
1.786000E1	1.876636E2	-5.260818E0
1.788000E1	1.879565E2	-5.426694E0
1.790000E1	1.883506E2	-5.609128E0
1.792000E1	1.888018E2	-5.497100E0
1.794000E1	1.889730E2	-5.301979E0
1.796000E1	1.889723E2	-5.234904E0
1.798000E1	1.889796E2	-5.195187E0
1.800000E1	1.891334E2	-4.911086E0
1.802000E1	1.890780E2	-4.880941E0
1.804000E1	1.888910E2	-5.242782E0
1.806000E1	1.887551E2	-5.716813E0
1.808000E1	1.887513E2	-5.730732E0
1.810000E1	1.890470E2	-5.156456E0
1.812000E1	1.895950E2	-4.443647E0
1.814000E1	1.902907E2	-4.005483E0
1.816000E1	1.901895E2	-3.988122E0
1.818000E1	1.899968E2	-4.368749E0
1.820000E1	1.900103E2	-4.675050E0
1.822000E1	1.901030E2	-4.600374E0
1.824000E1	1.902305E2	-4.818842E0
1.826000E1	1.903707E2	-5.137855E0
1.828000E1	1.909806E2	-5.147814E0
1.830000E1	1.915878E2	-4.877324E0
1.832000E1	1.916478E2	-4.766246E0
1.834000E1	1.917792E2	-5.123984E0
1.836000E1	1.921607E2	-5.531271E0
1.838000E1	1.928969E2	-5.466823E0
1.840000E1	1.933619E2	-5.421099E0
1.842000E1	1.933626E2	-5.449396E0
1.844000E1	1.931885E2	-5.509923E0
1.846000E1	1.932301E2	-5.532689E0
1.848000E1	1.934919E2	-5.598551E0
1.850000E1	1.936119E2	-5.590445E0
1.852000E1	1.940081E2	-5.613132E0
1.854000E1	1.943658E2	-6.016081E0
1.856000E1	1.948190E2	-6.154734E0
1.858000E1	1.952949E2	-6.097256E0
1.860000E1	1.957798E2	-5.825099E0
1.862000E1	1.962275E2	-5.384701E0
1.864000E1	1.964441E2	-5.034151E0
1.866000E1	1.967787E2	-4.627520E0
1.868000E1	1.970965E2	-4.696695E0
1.870000E1	1.973840E2	-5.070517E0
1.872000E1	1.974803E2	-5.462802E0
1.874000E1	1.976563E2	-5.544878E0
1.876000E1	1.980731E2	-5.539670E0
1.878000E1	1.981839E2	-5.685571E0
1.880000E1	1.983554E2	-5.847458E0
1.882000E1	1.986611E2	-5.741385E0
1.884000E1	1.986391E2	-5.377208E0
1.886000E1	1.986607E2	-5.410505E0
1.888000E1	1.988473E2	-5.486694E0
1.890000E1	1.991235E2	-5.287586E0
1.892000E1	1.992942E2	-5.212328E0
1.894000E1	1.990254E2	-5.684923E0
1.896000E1	1.989829E2	-6.140362E0
1.898000E1	1.991328E2	-6.074052E0
1.900000E1	1.993174E2	-5.761510E0
1.902000E1	1.993869E2	-5.665367E0
1.904000E1	1.995633E2	-5.415088E0
1.906000E1	1.997111E2	-5.317214E0
1.908000E1	1.996838E2	-5.292988E0
1.910000E1	1.996739E2	-5.333057E0
1.912000E1	1.997002E2	-5.219673E0
1.914000E1	1.997080E2	-5.055523E0
1.916000E1	1.997178E2	-5.075894E0
1.918000E1	1.998046E2	-5.051034E0
1.920000E1	1.998467E2	-4.979053E0
1.922000E1	1.997617E2	-5.159320E0
1.924000E1	1.999435E2	-5.458836E0
1.926000E1	2.005381E2	-5.524478E0
1.928000E1	2.011483E2	-5.447434E0
1.930000E1	2.015009E2	-5.600679E0
1.932000E1	2.016704E2	-5.643744E0
1.934000E1	2.018051E2	-5.632142E0
1.936000E1	2.019951E2	-5.515177E0
1.938000E1	2.020586E2	-5.423017E0
1.940000E1	2.020662E2	-5.440813E0
1.942000E1	2.021799E2	-5.455743E0
1.944000E1	2.026613E2	-5.534233E0
1.946000E1	2.032923E2	-5.558506E0
1.948000E1	2.038156E2	-5.653623E0
1.950000E1	2.040808E2	-5.704163E0
1.952000E1	2.041543E2	-5.588809E0
1.954000E1	2.041680E2	-5.482310E0
1.956000E1	2.042228E2	-5.198812E0
1.958000E1	2.042317E2	-4.787574E0
1.960000E1	2.042322E2	-4.725481E0
1.962000E1	2.042150E2	-4.664239E0
1.964000E1	2.042709E2	-4.671888E0
1.966000E1	2.046986E2	-5.031515E0
1.968000E1	2.053280E2	-5.413928E0
1.970000E1	2.058005E2	-5.645530E0
1.972000E1	2.061655E2	-5.831397E0
1.974000E1	2.064391E2	-5.778164E0
1.976000E1	2.069344E2	-5.511324E0
1.978000E1	2.071471E2	-5.520873E0
1.980000E1	2.073942E2	-5.463461E0
1.982000E1	2.077782E2	-5.398420E0
1.984000E1	2.081805E2	-5.021213E0
1.986000E1	2.082009E2	-5.044367E0
1.988000E1	2.081373E2	-5.362576E0
1.990000E1	2.083030E2	-5.617206E0
1.992000E1	2.085920E2	-5.796583E0
1.994000E1	2.088003E2	-5.731663E0
1.996000E1	2.090213E2	-5.528139E0
1.998000E1	2.091199E2	-5.242189E0
2.000000E1	2.090629E2	-5.134445E0
2.002000E1	2.091116E2	-5.021818E0
2.004000E1	2.091357E2	-4.904863E0
2.006000E1	2.093572E2	-4.706931E0
2.008000E1	2.096271E2	-4.790456E0
2.010000E1	2.101624E2	-4.888207E0
2.012000E1	2.106734E2	-4.995725E0
2.014000E1	2.106045E2	-5.408956E0
2.016000E1	2.106442E2	-5.731397E0
2.018000E1	2.108516E2	-5.922061E0
2.020000E1	2.109726E2	-6.133848E0
2.022000E1	2.110029E2	-6.290770E0
2.024000E1	2.110767E2	-6.387726E0
2.026000E1	2.111265E2	-6.462655E0
2.028000E1	2.114605E2	-6.524525E0
2.030000E1	2.115661E2	-6.247882E0
2.032000E1	2.116456E2	-5.762179E0
2.034000E1	2.119280E2	-5.464192E0
2.036000E1	2.121843E2	-5.730966E0
2.038000E1	2.126938E2	-5.734716E0
2.040000E1	2.132103E2	-5.723052E0
2.042000E1	2.134413E2	-5.593706E0
2.044000E1	2.134749E2	-5.555581E0
2.046000E1	2.135019E2	-5.556148E0
2.048000E1	2.135804E2	-5.325965E0
2.050000E1	2.135727E2	-5.039510E0
2.052000E1	2.137864E2	-4.753689E0
2.054000E1	2.139470E2	-4.626061E0
2.056000E1	2.140119E2	-4.675531E0
2.058000E1	2.140564E2	-4.812303E0
2.060000E1	2.143996E2	-5.054478E0
2.062000E1	2.149951E2	-5.152707E0
2.064000E1	2.155128E2	-5.163378E0
2.066000E1	2.160234E2	-5.145514E0
2.068000E1	2.163632E2	-4.853178E0
2.070000E1	2.163748E2	-4.876182E0
2.072000E1	2.164079E2	-4.662317E0
2.074000E1	2.164466E2	-4.576366E0
2.076000E1	2.165079E2	-4.472275E0
2.078000E1	2.165195E2	-4.550843E0
2.080000E1	2.163455E2	-4.900491E0
2.082000E1	2.161579E2	-5.304077E0
2.084000E1	2.162188E2	-5.368392E0
2.086000E1	2.164725E2	-5.581872E0
2.088000E1	2.171586E2	-5.628545E0
2.090000E1	2.176442E2	-5.343592E0
2.092000E1	2.175874E2	-5.286365E0
2.094000E1	2.175339E2	-5.526153E0
2.096000E1	2.175134E2	-5.534310E0
2.098000E1	2.175316E2	-5.485270E0
2.100000E1	2.175461E2	-5.516598E0
2.102000E1	2.178184E2	-5.545406E0
2.104000E1	2.183568E2	-5.441888E0
2.106000E1	2.192849E2	-5.466558E0
2.108000E1	2.198217E2	-5.655813E0
2.110000E1	2.202918E2	-5.612519E0
2.112000E1	2.206963E2	-5.704035E0
2.114000E1	2.211168E2	-5.977687E0
2.116000E1	2.212913E2	-6.167310E0
2.118000E1	2.212911E2	-6.350547E0
2.120000E1	2.210697E2	-6.583657E0
2.122000E1	2.211578E2	-6.442201E0
2.124000E1	2.211930E2	-5.877190E0
2.126000E1	2.214180E2	-5.273311E0
2.128000E1	2.215709E2	-5.265039E0
2.130000E1	2.219079E2	-5.416120E0
2.132000E1	2.222136E2	-5.835628E0
2.134000E1	2.225288E2	-5.925017E0
2.136000E1	2.227982E2	-5.814087E0
2.138000E1	2.228570E2	-5.657162E0
2.140000E1	2.229222E2	-5.987377E0
2.142000E1	2.230466E2	-5.986574E0
2.144000E1	2.231395E2	-5.800419E0
2.146000E1	2.231294E2	-5.779961E0
2.148000E1	2.231463E2	-5.928723E0
2.150000E1	2.234500E2	-5.933878E0
2.152000E1	2.237725E2	-5.971552E0
2.154000E1	2.241468E2	-6.052566E0
2.156000E1	2.243355E2	-6.084435E0
2.158000E1	2.246667E2	-5.953578E0
2.160000E1	2.247739E2	-5.720047E0
2.162000E1	2.248910E2	-5.579879E0
2.164000E1	2.250191E2	-5.427824E0
2.166000E1	2.250569E2	-5.384337E0
2.168000E1	2.250727E2	-5.292156E0
2.170000E1	2.250587E2	-5.231467E0
2.172000E1	2.250396E2	-5.190853E0
2.174000E1	2.252706E2	-5.408901E0
2.176000E1	2.257560E2	-5.568316E0
2.178000E1	2.262283E2	-5.324238E0
2.180000E1	2.263308E2	-4.533046E0
2.182000E1	2.262014E2	-4.462270E0
2.184000E1	2.262220E2	-5.294397E0
2.186000E1	2.261727E2	-6.018366E0
2.188000E1	2.261917E2	-5.784383E0
2.190000E1	2.264371E2	-5.123140E0
2.192000E1	2.269647E2	-4.851871E0
2.194000E1	2.274261E2	-5.052680E0
2.196000E1	2.279323E2	-5.051061E0
2.198000E1	2.279913E2	-4.929554E0
2.200000E1	2.281090E2	-5.260314E0
2.202000E1	2.285602E2	-5.766064E0
2.204000E1	2.290108E2	-5.803135E0
2.206000E1	2.290713E2	-5.764170E0
2.208000E1	2.293042E2	-6.042479E0
2.210000E1	2.293950E2	-6.368943E0
2.212000E1	2.297757E2	-6.532747E0
2.214000E1	2.300611E2	-6.428768E0
2.216000E1	2.300946E2	-6.220652E0
2.218000E1	2.300906E2	-5.853925E0
2.220000E1	2.304647E2	-6.042301E0
2.222000E1	2.311168E2	-6.272904E0
2.224000E1	2.317482E2	-6.306531E0
2.226000E1	2.323417E2	-6.191067E0
2.228000E1	2.326531E2	-5.999076E0
2.230000E1	2.327959E2	-5.566981E0
2.232000E1	2.329847E2	-5.201800E0
2.234000E1	2.332509E2	-4.983163E0
2.236000E1	2.337414E2	-5.209987E0
2.238000E1	2.340698E2	-5.584910E0
2.240000E1	2.341636E2	-5.725161E0
2.242000E1	2.342626E2	-5.700156E0
2.244000E1	2.346577E2	-5.707625E0
2.246000E1	2.349235E2	-5.809640E0
2.248000E1	2.350376E2	-5.788980E0
2.250000E1	2.352431E2	-5.633642E0
2.252000E1	2.353764E2	-5.315885E0
2.254000E1	2.353077E2	-5.304737E0
2.256000E1	2.353714E2	-5.405923E0
2.258000E1	2.355541E2	-5.284674E0
2.260000E1	2.358406E2	-5.083275E0
2.262000E1	2.355962E2	-5.508387E0
2.264000E1	2.355688E2	-6.119344E0
2.266000E1	2.356404E2	-6.065024E0
2.268000E1	2.357561E2	-5.789938E0
2.270000E1	2.357546E2	-5.717238E0
2.272000E1	2.360171E2	-5.599400E0
2.274000E1	2.361431E2	-5.423996E0
2.276000E1	2.361432E2	-5.455452E0
2.278000E1	2.361016E2	-5.595431E0
2.280000E1	2.361271E2	-5.600827E0
2.282000E1	2.361513E2	-5.428614E0
2.284000E1	2.362436E2	-5.482026E0
2.286000E1	2.362724E2	-5.487956E0
2.288000E1	2.362990E2	-5.420805E0
2.290000E1	2.362858E2	-5.419823E0
2.292000E1	2.366057E2	-5.636096E0
2.294000E1	2.371783E2	-5.717566E0
2.296000E1	2.376514E2	-5.732002E0
2.298000E1	2.377093E2	-5.788088E0
2.300000E1	2.377271E2	-5.781626E0
2.302000E1	2.377717E2	-5.743415E0
2.304000E1	2.379442E2	-5.665239E0
2.306000E1	2.383649E2	-5.620432E0
2.308000E1	2.384315E2	-5.491580E0
2.310000E1	2.385044E2	-5.371635E0
2.312000E1	2.390276E2	-5.632596E0
2.314000E1	2.399601E2	-5.765076E0
2.316000E1	2.404272E2	-5.629057E0
2.318000E1	2.405508E2	-5.419133E0
2.320000E1	2.405799E2	-5.345994E0
2.322000E1	2.405285E2	-5.314839E0
2.324000E1	2.404263E2	-5.084055E0
2.326000E1	2.402174E2	-4.707530E0
2.328000E1	2.402099E2	-4.635435E0
2.330000E1	2.406078E2	-5.194394E0
2.332000E1	2.410087E2	-5.696090E0
2.334000E1	2.416798E2	-5.661749E0
2.336000E1	2.421975E2	-5.614111E0
2.338000E1	2.422879E2	-5.623751E0
2.340000E1	2.427545E2	-5.790730E0
2.342000E1	2.433251E2	-5.663386E0
2.344000E1	2.438657E2	-5.412239E0
2.346000E1	2.442248E2	-5.428486E0
2.348000E1	2.444227E2	-5.518147E0
2.350000E1	2.446296E2	-5.322704E0
2.352000E1	2.448627E2	-5.049886E0
2.354000E1	2.447095E2	-5.261597E0
2.356000E1	2.446168E2	-5.674433E0
2.358000E1	2.447719E2	-5.816727E0
2.360000E1	2.450609E2	-5.744328E0
2.362000E1	2.454719E2	-5.549892E0
2.364000E1	2.457500E2	-5.302816E0
2.366000E1	2.455893E2	-5.092105E0
2.368000E1	2.455569E2	-5.015451E0
2.370000E1	2.456337E2	-4.989512E0
2.372000E1	2.457312E2	-4.960116E0
2.374000E1	2.459789E2	-4.951084E0
2.376000E1	2.464037E2	-4.990132E0
2.378000E1	2.468548E2	-5.010676E0
2.380000E1	2.469419E2	-5.417044E0
2.382000E1	2.468666E2	-5.792930E0
2.384000E1	2.469668E2	-5.913659E0
2.386000E1	2.471297E2	-6.125831E0
2.388000E1	2.472062E2	-6.388320E0
2.390000E1	2.472912E2	-6.602261E0
2.392000E1	2.474917E2	-6.710427E0
2.394000E1	2.475076E2	-6.653742E0
2.396000E1	2.476802E2	-6.506121E0
2.398000E1	2.476580E2	-6.118241E0
2.400000E1	2.477362E2	-5.614290E0
