	mass A		
t	x	y	
0.000000E0	2.536231E-2	-2.536231E-2
2.000000E-2	-1.013421E-1	7.266517E-2
4.000000E-2	-8.546841E-2	3.076270E-2
6.000000E-2	3.049459E-1	4.009763E-3
8.000000E-2	6.970616E-1	-4.946728E-2
1.000000E-1	7.765293E-1	-1.862407E-4
1.200000E-1	1.017383E0	4.698875E-1
1.400000E-1	1.134078E0	3.272605E-1
1.600000E-1	1.248752E0	-2.612654E-1
1.800000E-1	1.361967E0	-6.285509E-1
2.000000E-1	1.466587E0	-4.739211E-1
2.200000E-1	1.522317E0	-2.548412E-1
2.400000E-1	1.675804E0	-1.822438E-1
2.600000E-1	2.355455E0	-1.010886E-1
2.800000E-1	3.436359E0	9.395276E-3
3.000000E-1	4.000376E0	1.538014E-1
3.200000E-1	4.202665E0	4.528930E-2
3.400000E-1	4.349429E0	-3.182706E-1
3.600000E-1	4.724306E0	-7.567716E-1
3.800000E-1	4.920842E0	-1.296886E0
4.000000E-1	5.000414E0	-1.876943E0
4.200000E-1	4.964178E0	-1.641967E0
4.400000E-1	5.236555E0	-1.167074E0
4.600000E-1	5.222231E0	-5.440433E-1
4.800000E-1	5.303414E0	4.978603E-2
5.000000E-1	5.788406E0	1.182197E-1
5.200000E-1	6.240211E0	3.219617E-2
5.400000E-1	6.517044E0	-2.311592E-1
5.600000E-1	6.830168E0	-4.124903E-1
5.800000E-1	6.958191E0	-4.591513E-1
6.000000E-1	7.152287E0	-6.177299E-1
6.200000E-1	7.300910E0	-8.056758E-1
6.400000E-1	7.365959E0	-7.783606E-1
6.600000E-1	7.406137E0	-5.469770E-1
6.800000E-1	7.490159E0	-5.545148E-1
7.000000E-1	7.638619E0	-6.458330E-1
7.200000E-1	7.966046E0	-5.982008E-1
7.400000E-1	8.279168E0	-5.713717E-1
7.600000E-1	8.598530E0	-6.847396E-1
7.800000E-1	8.981688E0	-8.354390E-1
8.000000E-1	9.405823E0	-1.069553E0
8.200000E-1	9.755455E0	-1.000048E0
8.400000E-1	9.717308E0	-9.813636E-1
8.600000E-1	9.766422E0	-7.601520E-1
8.800000E-1	9.890719E0	-4.719943E-1
9.000000E-1	9.986877E0	1.056333E-2
9.200000E-1	9.967632E0	2.070939E-1
9.400000E-1	9.803657E0	5.864735E-2
9.600000E-1	9.762411E0	-3.711620E-1
9.800000E-1	1.005523E1	-7.629697E-1
1.000000E0	1.032967E1	-6.621639E-1
1.020000E0	1.081059E1	-4.915643E-1
1.040000E0	1.143488E1	-4.214443E-1
1.060000E0	1.137701E1	-5.145604E-1
1.080000E0	1.126929E1	-6.799626E-1
1.100000E0	1.135750E1	-4.989552E-1
1.120000E0	1.156962E1	-1.371089E-1
1.140000E0	1.174408E1	2.284751E-1
1.160000E0	1.203290E1	3.847411E-1
1.180000E0	1.234791E1	4.027846E-1
1.200000E0	1.242836E1	3.139128E-1
1.220000E0	1.228613E1	1.639435E-1
1.240000E0	1.235582E1	-6.720506E-1
1.260000E0	1.283702E1	-1.545334E0
1.280000E0	1.353387E1	-2.007353E0
1.300000E0	1.378056E1	-2.062390E0
1.320000E0	1.375525E1	-1.981349E0
1.340000E0	1.390395E1	-1.744785E0
1.360000E0	1.443652E1	-1.504473E0
1.380000E0	1.522575E1	-7.782183E-1
1.400000E0	1.585507E1	-1.274076E-1
1.420000E0	1.587244E1	-4.168128E-2
1.440000E0	1.626972E1	-6.379937E-2
1.460000E0	1.646836E1	-6.863847E-1
1.480000E0	1.652319E1	-1.165120E0
1.500000E0	1.658366E1	-1.160220E0
1.520000E0	1.673777E1	-7.760546E-1
1.540000E0	1.666746E1	-4.171136E-1
1.560000E0	1.688916E1	-2.630711E-1
1.580000E0	1.736464E1	-1.303678E-1
1.600000E0	1.745228E1	-6.193194E-2
1.620000E0	1.743508E1	-3.975386E-1
1.640000E0	1.770452E1	-7.799135E-1
1.660000E0	1.821101E1	-8.408930E-1
1.680000E0	1.874282E1	-9.775089E-1
1.700000E0	1.921110E1	-1.323460E0
1.720000E0	1.957531E1	-1.479223E0
1.740000E0	1.962304E1	-1.495761E0
1.760000E0	1.968838E1	-1.403345E0
1.780000E0	1.975656E1	-1.395273E0
1.800000E0	1.993008E1	-1.255905E0
1.820000E0	1.977552E1	-1.287373E0
1.840000E0	1.943321E1	-1.582582E0
1.860000E0	1.927510E1	-1.947913E0
1.880000E0	1.934417E1	-1.886005E0
1.900000E0	1.947734E1	-1.573039E0
1.920000E0	1.945245E1	-1.574780E0
1.940000E0	1.959221E1	-1.419602E0
1.960000E0	2.008609E1	-8.432794E-1
1.980000E0	2.027370E1	-5.927787E-1
2.000000E0	2.024143E1	-5.114068E-1
2.020000E0	2.028995E1	-5.204757E-1
2.040000E0	2.043480E1	-4.475356E-1
2.060000E0	2.063562E1	-3.703068E-1
2.080000E0	2.120117E1	-4.491041E-1
2.100000E0	2.166499E1	-4.733820E-1
2.120000E0	2.170173E1	-5.728747E-1
2.140000E0	2.175374E1	-1.357365E0
2.160000E0	2.193873E1	-2.117856E0
2.180000E0	2.254116E1	-2.176143E0
2.200000E0	2.305707E1	-1.884909E0
2.220000E0	2.337319E1	-1.609617E0
2.240000E0	2.344131E1	-1.404466E0
2.260000E0	2.358400E1	-1.381049E0
2.280000E0	2.361525E1	-1.234300E0
2.300000E0	2.365742E1	-9.481547E-1
2.320000E0	2.376829E1	-8.649772E-1
2.340000E0	2.424953E1	-9.917993E-1
2.360000E0	2.486981E1	-1.554927E0
2.380000E0	2.543040E1	-2.077577E0
2.400000E0	2.554486E1	-2.177671E0
2.420000E0	2.548856E1	-2.178318E0
2.440000E0	2.546921E1	-2.059598E0
2.460000E0	2.584027E1	-1.616393E0
2.480000E0	2.660944E1	-1.173580E0
2.500000E0	2.729352E1	-8.972330E-1
2.520000E0	2.773578E1	-9.465088E-1
2.540000E0	2.787744E1	-1.157225E0
2.560000E0	2.793583E1	-1.677532E0
2.580000E0	2.832443E1	-2.077977E0
2.600000E0	2.885302E1	-2.224615E0
2.620000E0	2.940100E1	-2.256313E0
2.640000E0	2.935569E1	-2.032614E0
2.660000E0	2.914108E1	-1.880277E0
2.680000E0	2.904574E1	-1.829662E0
2.700000E0	2.907140E1	-1.633526E0
2.720000E0	2.895669E1	-1.575299E0
2.740000E0	2.875050E1	-1.867274E0
2.760000E0	2.897017E1	-2.076116E0
2.780000E0	2.941108E1	-2.058883E0
2.800000E0	2.982680E1	-2.229635E0
2.820000E0	3.006918E1	-2.202203E0
2.840000E0	2.998469E1	-1.951621E0
2.860000E0	2.999153E1	-1.907718E0
2.880000E0	3.000375E1	-1.965532E0
2.900000E0	3.004539E1	-1.976614E0
2.920000E0	3.006093E1	-1.987089E0
2.940000E0	3.011515E1	-2.011312E0
2.960000E0	3.008357E1	-2.013370E0
2.980000E0	3.007679E1	-1.984388E0
3.000000E0	3.004243E1	-1.985636E0
3.020000E0	2.997637E1	-2.102095E0
3.040000E0	3.017491E1	-2.192002E0
3.060000E0	3.060810E1	-2.186878E0
3.080000E0	3.087152E1	-2.044946E0
3.100000E0	3.103533E1	-2.064777E0
3.120000E0	3.137528E1	-2.133384E0
3.140000E0	3.165592E1	-2.055198E0
3.160000E0	3.209037E1	-2.000487E0
3.180000E0	3.238061E1	-1.809656E0
3.200000E0	3.242582E1	-1.649450E0
3.220000E0	3.245413E1	-1.686988E0
3.240000E0	3.270612E1	-2.012493E0
3.260000E0	3.313710E1	-2.208215E0
3.280000E0	3.363958E1	-2.081577E0
3.300000E0	3.398860E1	-1.863924E0
3.320000E0	3.397417E1	-1.895084E0
3.340000E0	3.390448E1	-1.849926E0
3.360000E0	3.402508E1	-1.377021E0
3.380000E0	3.421404E1	-1.165925E0
3.400000E0	3.449527E1	-1.083934E0
3.420000E0	3.455711E1	-1.274226E0
3.440000E0	3.472948E1	-1.523722E0
3.460000E0	3.507574E1	-1.882560E0
3.480000E0	3.559117E1	-2.469983E0
3.500000E0	3.612297E1	-2.710557E0
3.520000E0	3.696141E1	-3.049565E0
3.540000E0	3.745859E1	-3.042245E0
3.560000E0	3.740908E1	-2.907845E0
3.580000E0	3.749891E1	-2.749630E0
3.600000E0	3.782447E1	-2.400083E0
3.620000E0	3.834436E1	-1.970342E0
3.640000E0	3.838227E1	-2.042752E0
3.660000E0	3.827187E1	-2.503245E0
3.680000E0	3.838847E1	-2.743583E0
3.700000E0	3.882862E1	-2.690450E0
3.720000E0	3.926911E1	-2.641383E0
3.740000E0	3.933309E1	-2.466092E0
3.760000E0	3.948218E1	-2.186388E0
3.780000E0	3.949082E1	-2.129767E0
3.800000E0	3.946944E1	-1.985834E0
3.820000E0	3.951240E1	-1.797831E0
3.840000E0	3.957203E1	-1.457737E0
3.860000E0	3.970115E1	-1.502371E0
3.880000E0	4.020289E1	-1.910892E0
3.900000E0	4.074608E1	-2.025888E0
3.920000E0	4.078413E1	-2.108823E0
3.940000E0	4.060443E1	-2.582301E0
3.960000E0	4.077802E1	-2.981817E0
3.980000E0	4.094844E1	-3.161192E0
4.000000E0	4.096140E1	-3.231636E0
4.020000E0	4.109274E1	-3.335190E0
4.040000E0	4.151449E1	-3.351894E0
4.060000E0	4.177935E1	-3.254797E0
4.080000E0	4.188286E1	-2.793258E0
4.100000E0	4.214744E1	-2.429889E0
4.120000E0	4.253114E1	-2.432781E0
4.140000E0	4.270292E1	-2.554485E0
4.160000E0	4.317554E1	-2.473181E0
4.180000E0	4.344713E1	-2.377302E0
4.200000E0	4.372778E1	-2.462117E0
4.220000E0	4.381320E1	-2.469998E0
4.240000E0	4.386850E1	-2.419928E0
4.260000E0	4.396247E1	-1.977537E0
4.280000E0	4.421869E1	-1.823998E0
4.300000E0	4.447277E1	-1.813091E0
4.320000E0	4.467467E1	-2.006685E0
4.340000E0	4.504182E1	-2.471899E0
4.360000E0	4.541789E1	-2.920523E0
4.380000E0	4.568804E1	-3.122254E0
4.400000E0	4.620186E1	-3.069258E0
4.420000E0	4.714600E1	-3.017805E0
4.440000E0	4.766983E1	-2.799907E0
4.460000E0	4.766813E1	-2.488237E0
4.480000E0	4.757402E1	-2.204548E0
4.500000E0	4.762761E1	-2.166952E0
4.520000E0	4.766045E1	-2.135215E0
4.540000E0	4.741684E1	-2.325606E0
4.560000E0	4.705819E1	-3.051989E0
4.580000E0	4.715468E1	-3.871278E0
4.600000E0	4.762928E1	-3.934083E0
4.620000E0	4.832203E1	-3.662909E0
4.640000E0	4.881624E1	-3.296711E0
4.660000E0	4.901217E1	-2.975824E0
4.680000E0	4.907865E1	-3.004917E0
4.700000E0	4.910734E1	-2.999085E0
4.720000E0	4.930171E1	-2.918414E0
4.740000E0	4.982007E1	-2.858817E0
4.760000E0	5.048399E1	-2.654902E0
4.780000E0	5.121339E1	-2.368049E0
4.800000E0	5.174476E1	-2.404608E0
4.820000E0	5.199913E1	-2.774960E0
4.840000E0	5.188545E1	-3.231596E0
4.860000E0	5.178893E1	-3.704613E0
4.880000E0	5.216668E1	-3.805722E0
4.900000E0	5.244667E1	-3.895697E0
4.920000E0	5.260917E1	-4.076954E0
4.940000E0	5.266281E1	-4.290021E0
4.960000E0	5.262127E1	-4.259751E0
4.980000E0	5.265440E1	-3.894710E0
5.000000E0	5.297287E1	-3.239258E0
5.020000E0	5.383401E1	-2.577798E0
5.040000E0	5.447079E1	-2.653912E0
5.060000E0	5.473222E1	-3.382506E0
5.080000E0	5.459695E1	-3.732960E0
5.100000E0	5.474313E1	-3.438577E0
5.120000E0	5.483064E1	-3.180807E0
5.140000E0	5.480788E1	-3.231059E0
5.160000E0	5.487626E1	-3.269321E0
5.180000E0	5.515560E1	-3.101810E0
5.200000E0	5.527777E1	-2.970374E0
5.220000E0	5.531198E1	-3.041875E0
5.240000E0	5.532277E1	-3.134128E0
5.260000E0	5.537201E1	-3.074837E0
5.280000E0	5.544733E1	-3.027130E0
5.300000E0	5.592030E1	-3.046958E0
5.320000E0	5.653231E1	-3.075821E0
5.340000E0	5.732283E1	-2.828158E0
5.360000E0	5.743896E1	-2.497425E0
5.380000E0	5.738906E1	-2.051824E0
5.400000E0	5.737060E1	-2.173557E0
5.420000E0	5.739550E1	-2.362824E0
5.440000E0	5.733134E1	-2.561883E0
5.460000E0	5.712452E1	-2.972557E0
5.480000E0	5.725955E1	-3.711106E0
5.500000E0	5.755986E1	-4.149883E0
5.520000E0	5.797860E1	-3.975694E0
5.540000E0	5.856376E1	-3.187313E0
5.560000E0	5.888816E1	-2.237514E0
5.580000E0	5.878795E1	-2.043337E0
5.600000E0	5.885766E1	-2.402500E0
5.620000E0	5.895742E1	-2.522960E0
5.640000E0	5.896812E1	-2.529326E0
5.660000E0	5.909183E1	-2.432055E0
5.680000E0	5.947815E1	-2.570737E0
5.700000E0	5.997440E1	-3.117930E0
5.720000E0	6.049108E1	-3.348994E0
5.740000E0	6.078265E1	-3.758945E0
5.760000E0	6.068831E1	-4.058358E0
5.780000E0	6.090476E1	-4.015080E0
5.800000E0	6.139368E1	-3.972077E0
5.820000E0	6.231768E1	-3.843257E0
5.840000E0	6.337677E1	-3.824142E0
5.860000E0	6.381007E1	-3.537052E0
5.880000E0	6.388918E1	-3.068865E0
5.900000E0	6.368096E1	-2.764260E0
5.920000E0	6.382821E1	-2.809949E0
5.940000E0	6.420538E1	-3.391042E0
5.960000E0	6.462139E1	-3.989719E0
5.980000E0	6.474839E1	-3.850957E0
6.000000E0	6.490533E1	-3.614127E0
6.020000E0	6.499574E1	-3.554825E0
6.040000E0	6.519184E1	-3.419531E0
6.060000E0	6.507531E1	-3.372516E0
6.080000E0	6.509142E1	-3.318377E0
6.100000E0	6.553635E1	-3.076970E0
6.120000E0	6.604380E1	-3.017894E0
6.140000E0	6.651466E1	-3.136030E0
6.160000E0	6.677344E1	-3.455956E0
6.180000E0	6.692760E1	-3.832735E0
6.200000E0	6.694623E1	-4.025801E0
6.220000E0	6.720308E1	-4.108516E0
6.240000E0	6.761738E1	-4.152167E0
6.260000E0	6.808297E1	-4.147784E0
6.280000E0	6.807159E1	-4.106050E0
6.300000E0	6.806923E1	-4.074538E0
6.320000E0	6.803984E1	-4.027316E0
6.340000E0	6.810914E1	-3.944245E0
6.360000E0	6.792571E1	-4.045132E0
6.380000E0	6.772934E1	-4.437009E0
6.400000E0	6.761393E1	-4.594353E0
6.420000E0	6.772245E1	-4.442227E0
6.440000E0	6.796845E1	-4.176310E0
6.460000E0	6.840988E1	-3.660690E0
6.480000E0	6.904556E1	-2.772462E0
6.500000E0	6.907058E1	-2.507189E0
6.520000E0	6.903366E1	-2.661729E0
6.540000E0	6.908758E1	-2.999805E0
6.560000E0	6.920258E1	-2.894265E0
6.580000E0	6.929803E1	-2.758681E0
6.600000E0	6.978470E1	-2.924536E0
6.620000E0	7.040023E1	-3.338205E0
6.640000E0	7.094410E1	-3.653846E0
6.660000E0	7.104807E1	-3.613851E0
6.680000E0	7.126488E1	-3.675865E0
6.700000E0	7.171945E1	-3.638643E0
6.720000E0	7.223301E1	-3.626882E0
6.740000E0	7.247689E1	-3.754562E0
6.760000E0	7.246389E1	-3.717006E0
6.780000E0	7.259052E1	-3.428430E0
6.800000E0	7.261221E1	-3.421991E0
6.820000E0	7.289864E1	-3.559596E0
6.840000E0	7.344190E1	-3.754961E0
6.860000E0	7.387281E1	-4.016095E0
6.880000E0	7.441251E1	-4.090769E0
6.900000E0	7.484380E1	-3.974766E0
6.920000E0	7.525834E1	-3.612426E0
6.940000E0	7.583391E1	-3.463933E0
6.960000E0	7.622079E1	-3.326687E0
6.980000E0	7.650332E1	-3.112383E0
7.000000E0	7.691242E1	-3.044632E0
7.020000E0	7.716401E1	-3.054179E0
7.040000E0	7.753271E1	-3.486251E0
7.060000E0	7.765624E1	-4.005290E0
7.080000E0	7.768117E1	-4.054747E0
7.100000E0	7.806926E1	-4.042892E0
7.120000E0	7.825960E1	-4.171056E0
7.140000E0	7.849988E1	-4.250964E0
7.160000E0	7.895723E1	-4.245555E0
7.180000E0	7.891865E1	-4.162595E0
7.200000E0	7.883740E1	-3.983208E0
7.220000E0	7.889664E1	-3.736188E0
7.240000E0	7.928932E1	-3.431975E0
7.260000E0	7.949898E1	-3.595386E0
7.280000E0	7.920642E1	-4.124617E0
7.300000E0	7.912776E1	-4.543128E0
7.320000E0	7.940638E1	-4.404749E0
7.340000E0	7.963106E1	-4.077636E0
7.360000E0	7.967038E1	-4.044819E0
7.380000E0	7.990422E1	-3.924335E0
7.400000E0	7.995028E1	-3.608773E0
7.420000E0	7.999198E1	-3.580195E0
7.440000E0	8.001062E1	-3.652790E0
7.460000E0	8.006166E1	-3.646389E0
7.480000E0	8.018273E1	-3.485237E0
7.500000E0	8.015557E1	-3.350615E0
7.520000E0	8.019492E1	-3.346448E0
7.540000E0	8.029871E1	-3.270903E0
7.560000E0	8.028008E1	-3.391025E0
7.580000E0	8.050376E1	-3.730638E0
7.600000E0	8.107801E1	-3.655874E0
7.620000E0	8.166447E1	-3.488075E0
7.640000E0	8.202249E1	-3.563738E0
7.660000E0	8.217385E1	-3.541609E0
7.680000E0	8.225764E1	-3.501256E0
7.700000E0	8.229967E1	-3.392567E0
7.720000E0	8.232671E1	-3.343421E0
7.740000E0	8.252158E1	-3.322271E0
7.760000E0	8.297729E1	-3.324591E0
7.780000E0	8.360443E1	-3.472632E0
7.800000E0	8.414985E1	-3.483838E0
7.820000E0	8.457006E1	-3.473196E0
7.840000E0	8.459141E1	-3.389733E0
7.860000E0	8.461395E1	-3.331850E0
7.880000E0	8.461717E1	-3.059208E0
7.900000E0	8.460217E1	-2.865900E0
7.920000E0	8.461769E1	-2.852777E0
7.940000E0	8.505560E1	-3.183847E0
7.960000E0	8.555439E1	-3.599586E0
7.980000E0	8.625976E1	-3.906466E0
8.000000E0	8.670522E1	-4.108955E0
8.020000E0	8.697888E1	-4.225808E0
8.040000E0	8.745226E1	-4.194711E0
8.060000E0	8.840500E1	-4.110653E0
8.080000E0	8.891445E1	-3.720507E0
8.100000E0	8.887178E1	-3.217341E0
8.120000E0	8.876384E1	-2.968825E0
8.140000E0	8.922455E1	-3.076693E0
8.160000E0	8.919938E1	-3.769378E0
8.180000E0	8.858529E1	-4.120916E0
8.200000E0	8.859225E1	-4.250333E0
8.220000E0	8.909433E1	-4.060857E0
8.240000E0	8.918758E1	-3.770121E0
8.260000E0	8.923883E1	-3.533186E0
8.280000E0	8.947318E1	-3.122397E0
8.300000E0	8.967737E1	-2.725536E0
8.320000E0	8.992728E1	-2.540976E0
8.340000E0	8.995480E1	-2.919836E0
8.360000E0	9.015023E1	-3.221033E0
8.380000E0	9.021251E1	-3.335930E0
8.400000E0	9.033871E1	-3.472370E0
8.420000E0	9.034085E1	-3.485580E0
8.440000E0	9.033449E1	-3.538998E0
8.460000E0	9.020875E1	-3.793156E0
8.480000E0	9.045525E1	-3.943207E0
8.500000E0	9.087310E1	-4.039885E0
8.520000E0	9.108135E1	-4.207961E0
8.540000E0	9.109860E1	-4.360253E0
8.560000E0	9.101886E1	-4.750502E0
8.580000E0	9.100297E1	-4.733051E0
8.600000E0	9.113973E1	-4.230379E0
8.620000E0	9.141846E1	-3.282121E0
8.640000E0	9.182226E1	-2.511872E0
8.660000E0	9.233844E1	-2.619489E0
8.680000E0	9.281898E1	-3.229635E0
8.700000E0	9.330529E1	-3.430779E0
8.720000E0	9.375039E1	-3.386974E0
8.740000E0	9.401980E1	-3.224414E0
8.760000E0	9.402875E1	-2.892921E0
8.780000E0	9.392287E1	-2.789948E0
8.800000E0	9.377929E1	-2.532170E0
8.820000E0	9.380604E1	-2.477992E0
8.840000E0	9.395706E1	-2.570344E0
8.860000E0	9.443080E1	-3.020430E0
8.880000E0	9.482196E1	-3.400981E0
8.900000E0	9.532711E1	-3.394015E0
8.920000E0	9.581787E1	-3.237137E0
8.940000E0	9.634318E1	-3.077512E0
8.960000E0	9.688040E1	-3.076718E0
8.980000E0	9.736366E1	-3.088325E0
9.000000E0	9.737375E1	-3.079354E0
9.020000E0	9.728602E1	-2.761280E0
9.040000E0	9.729907E1	-2.714944E0
9.060000E0	9.733796E1	-2.727573E0
9.080000E0	9.735288E1	-3.473063E0
9.100000E0	9.729090E1	-4.213425E0
9.120000E0	9.736718E1	-4.467809E0
9.140000E0	9.775982E1	-4.528270E0
9.160000E0	9.803752E1	-4.346544E0
9.180000E0	9.830257E1	-4.082953E0
9.200000E0	9.898607E1	-3.467792E0
9.220000E0	9.936615E1	-3.050906E0
9.240000E0	9.956218E1	-2.796670E0
9.260000E0	9.981529E1	-2.805268E0
9.280000E0	9.996533E1	-3.026444E0
9.300000E0	1.001450E2	-3.383477E0
9.320000E0	1.001528E2	-3.740256E0
9.340000E0	1.001474E2	-3.681878E0
9.360000E0	1.000918E2	-3.560122E0
9.380000E0	1.000938E2	-3.630551E0
9.400000E0	1.002775E2	-3.880332E0
9.420000E0	1.005471E2	-4.125305E0
9.440000E0	1.010098E2	-4.397804E0
9.460000E0	1.014284E2	-4.578636E0
9.480000E0	1.015506E2	-4.689926E0
9.500000E0	1.017602E2	-4.801096E0
9.520000E0	1.018660E2	-4.685081E0
9.540000E0	1.019933E2	-4.158304E0
9.560000E0	1.022961E2	-3.661394E0
9.580000E0	1.026104E2	-3.874471E0
9.600000E0	1.028280E2	-4.320331E0
9.620000E0	1.029474E2	-4.408590E0
9.640000E0	1.031246E2	-4.187111E0
9.660000E0	1.032047E2	-4.044998E0
9.680000E0	1.032679E2	-4.065340E0
9.700000E0	1.035265E2	-4.103455E0
9.720000E0	1.035918E2	-3.903506E0
9.740000E0	1.036343E2	-3.566219E0
9.760000E0	1.037900E2	-3.452135E0
9.780000E0	1.039169E2	-3.491958E0
9.800000E0	1.043586E2	-3.543281E0
9.820000E0	1.048197E2	-3.553419E0
9.840000E0	1.053915E2	-3.464789E0
9.860000E0	1.060770E2	-3.423861E0
9.880000E0	1.067792E2	-3.654358E0
9.900000E0	1.068350E2	-3.716770E0
9.920000E0	1.067984E2	-3.471769E0
9.940000E0	1.064944E2	-3.143290E0
9.960000E0	1.065720E2	-3.206646E0
9.980000E0	1.066709E2	-3.629604E0
1.000000E1	1.063588E2	-4.294077E0
1.002000E1	1.060962E2	-4.968739E0
1.004000E1	1.063069E2	-5.239361E0
1.006000E1	1.069893E2	-4.883467E0
1.008000E1	1.076898E2	-4.210572E0
1.010000E1	1.081744E2	-3.315247E0
1.012000E1	1.080223E2	-2.896093E0
1.014000E1	1.080094E2	-3.128932E0
1.016000E1	1.080654E2	-3.458313E0
1.018000E1	1.080858E2	-3.521304E0
1.020000E1	1.081876E2	-3.453842E0
1.022000E1	1.082732E2	-3.479239E0
1.024000E1	1.087237E2	-3.952539E0
1.026000E1	1.093186E2	-4.373670E0
1.028000E1	1.096357E2	-4.645493E0
1.030000E1	1.097071E2	-5.014596E0
1.032000E1	1.096027E2	-5.486496E0
1.034000E1	1.099227E2	-5.606617E0
1.036000E1	1.104454E2	-5.557227E0
1.038000E1	1.113169E2	-5.357414E0
1.040000E1	1.120317E2	-5.041875E0
1.042000E1	1.124947E2	-4.781410E0
1.044000E1	1.125649E2	-4.368504E0
1.046000E1	1.124338E2	-4.149521E0
1.048000E1	1.127748E2	-4.507562E0
1.050000E1	1.132762E2	-5.195423E0
1.052000E1	1.132489E2	-5.235752E0
1.054000E1	1.132718E2	-4.977569E0
1.056000E1	1.132893E2	-4.901807E0
1.058000E1	1.134450E2	-4.781063E0
1.060000E1	1.134650E2	-4.654118E0
1.062000E1	1.135909E2	-4.518448E0
1.064000E1	1.140296E2	-4.359394E0
1.066000E1	1.144858E2	-4.362546E0
1.068000E1	1.147687E2	-4.650195E0
1.070000E1	1.150714E2	-5.034851E0
1.072000E1	1.151019E2	-5.227768E0
1.074000E1	1.152440E2	-5.242340E0
1.076000E1	1.156524E2	-5.318732E0
1.078000E1	1.159666E2	-5.397503E0
1.080000E1	1.161191E2	-5.463189E0
1.082000E1	1.161872E2	-5.331171E0
1.084000E1	1.161830E2	-5.210689E0
1.086000E1	1.162405E2	-5.051945E0
1.088000E1	1.160339E2	-5.198042E0
1.090000E1	1.158323E2	-5.500174E0
1.092000E1	1.157790E2	-5.737415E0
1.094000E1	1.157794E2	-5.659468E0
1.096000E1	1.160495E2	-5.287350E0
1.098000E1	1.164363E2	-4.977628E0
1.100000E1	1.169335E2	-4.197940E0
1.102000E1	1.168782E2	-3.717917E0
1.104000E1	1.167711E2	-3.698879E0
1.106000E1	1.168466E2	-4.187625E0
1.108000E1	1.168690E2	-4.163910E0
1.110000E1	1.170392E2	-4.023565E0
1.112000E1	1.171200E2	-4.018682E0
1.114000E1	1.175788E2	-4.130135E0
1.116000E1	1.180067E2	-4.504012E0
1.118000E1	1.181886E2	-4.851803E0
1.120000E1	1.182922E2	-5.162802E0
1.122000E1	1.187818E2	-5.131105E0
1.124000E1	1.191935E2	-5.017309E0
1.126000E1	1.194238E2	-4.921154E0
1.128000E1	1.196416E2	-4.974514E0
1.130000E1	1.197731E2	-4.984503E0
1.132000E1	1.200679E2	-4.959503E0
1.134000E1	1.201048E2	-4.930046E0
1.136000E1	1.199334E2	-4.675172E0
1.138000E1	1.199490E2	-4.707639E0
1.140000E1	1.205683E2	-5.224612E0
1.142000E1	1.211657E2	-5.481700E0
1.144000E1	1.216355E2	-5.744663E0
1.146000E1	1.217011E2	-5.722498E0
1.148000E1	1.214951E2	-5.561479E0
1.150000E1	1.215073E2	-5.547138E0
1.152000E1	1.217544E2	-5.485744E0
1.154000E1	1.222429E2	-5.332691E0
1.156000E1	1.230018E2	-5.088458E0
1.158000E1	1.236423E2	-5.114406E0
1.160000E1	1.242424E2	-5.160293E0
1.162000E1	1.247262E2	-5.234014E0
1.164000E1	1.247506E2	-5.252775E0
1.166000E1	1.250090E2	-5.543647E0
1.168000E1	1.256114E2	-5.660906E0
1.170000E1	1.260246E2	-5.583370E0
1.172000E1	1.259050E2	-5.478340E0
1.174000E1	1.259987E2	-5.575802E0
1.176000E1	1.258907E2	-5.452925E0
1.178000E1	1.256818E2	-5.229732E0
1.180000E1	1.253973E2	-5.333823E0
1.182000E1	1.251632E2	-5.558360E0
1.184000E1	1.254775E2	-5.775406E0
1.186000E1	1.260227E2	-5.710820E0
1.188000E1	1.266161E2	-5.429572E0
1.190000E1	1.269888E2	-5.351436E0
1.192000E1	1.269204E2	-5.409560E0
1.194000E1	1.268592E2	-5.504436E0
1.196000E1	1.268595E2	-5.524184E0
1.198000E1	1.268679E2	-5.542178E0
1.200000E1	1.269447E2	-5.532044E0
1.202000E1	1.269458E2	-5.554796E0
1.204000E1	1.269464E2	-5.567745E0
1.206000E1	1.269283E2	-5.579057E0
1.208000E1	1.269028E2	-5.607638E0
1.210000E1	1.269323E2	-5.736914E0
1.212000E1	1.273770E2	-5.761447E0
1.214000E1	1.277713E2	-5.710791E0
1.216000E1	1.280092E2	-5.694711E0
1.218000E1	1.281165E2	-5.689037E0
1.220000E1	1.283805E2	-5.546639E0
1.222000E1	1.284808E2	-5.325456E0
1.224000E1	1.285709E2	-5.093771E0
1.226000E1	1.288032E2	-4.776136E0
1.228000E1	1.290426E2	-4.864919E0
1.230000E1	1.292560E2	-5.187094E0
1.232000E1	1.297395E2	-5.559039E0
1.234000E1	1.299847E2	-5.591457E0
1.236000E1	1.300403E2	-5.438216E0
1.238000E1	1.300127E2	-5.412320E0
1.240000E1	1.301097E2	-5.166943E0
1.242000E1	1.303694E2	-4.724849E0
1.244000E1	1.308388E2	-4.554263E0
1.246000E1	1.311025E2	-4.673342E0
1.248000E1	1.310559E2	-4.804170E0
1.250000E1	1.312148E2	-4.741739E0
1.252000E1	1.316937E2	-4.666490E0
1.254000E1	1.321660E2	-4.703982E0
1.256000E1	1.328825E2	-5.079475E0
1.258000E1	1.335773E2	-5.274489E0
1.260000E1	1.337005E2	-5.403486E0
1.262000E1	1.337431E2	-5.450084E0
1.264000E1	1.338026E2	-5.461721E0
1.266000E1	1.339990E2	-5.359218E0
1.268000E1	1.344464E2	-5.247666E0
1.270000E1	1.344947E2	-5.333604E0
1.272000E1	1.345075E2	-5.381227E0
1.274000E1	1.348267E2	-5.653456E0
1.276000E1	1.353034E2	-5.655766E0
1.278000E1	1.358037E2	-5.529319E0
1.280000E1	1.362900E2	-5.194897E0
1.282000E1	1.362591E2	-5.151522E0
1.284000E1	1.362113E2	-5.370048E0
1.286000E1	1.363391E2	-5.546478E0
1.288000E1	1.363660E2	-5.540535E0
1.290000E1	1.364035E2	-5.266024E0
1.292000E1	1.364992E2	-4.919225E0
1.294000E1	1.365894E2	-4.914410E0
1.296000E1	1.369254E2	-4.967097E0
1.298000E1	1.371346E2	-5.254253E0
1.300000E1	1.371742E2	-5.401588E0
1.302000E1	1.375257E2	-5.568524E0
1.304000E1	1.378965E2	-6.275138E0
1.306000E1	1.379528E2	-6.716372E0
1.308000E1	1.379479E2	-6.650514E0
1.310000E1	1.380356E2	-6.214154E0
1.312000E1	1.380415E2	-6.092171E0
1.314000E1	1.380551E2	-6.087900E0
1.316000E1	1.383172E2	-5.757095E0
1.318000E1	1.385919E2	-5.623391E0
1.320000E1	1.388656E2	-5.782223E0
1.322000E1	1.390419E2	-5.930770E0
1.324000E1	1.391519E2	-6.005454E0
1.326000E1	1.393281E2	-5.834728E0
1.328000E1	1.394875E2	-5.630964E0
1.330000E1	1.395677E2	-5.589497E0
1.332000E1	1.396565E2	-5.409257E0
1.334000E1	1.397678E2	-5.072161E0
1.336000E1	1.403756E2	-4.632308E0
1.338000E1	1.407361E2	-4.435635E0
1.340000E1	1.409703E2	-4.585270E0
1.342000E1	1.412946E2	-4.918770E0
1.344000E1	1.416730E2	-5.086466E0
1.346000E1	1.421160E2	-5.177798E0
1.348000E1	1.426034E2	-5.449911E0
1.350000E1	1.429108E2	-5.577630E0
1.352000E1	1.429172E2	-5.378046E0
1.354000E1	1.429884E2	-5.139141E0
1.356000E1	1.430955E2	-4.962804E0
1.358000E1	1.431083E2	-4.931648E0
1.360000E1	1.431822E2	-5.003065E0
1.362000E1	1.431862E2	-5.176784E0
1.364000E1	1.431053E2	-5.430943E0
1.366000E1	1.432628E2	-5.538022E0
1.368000E1	1.436275E2	-5.692360E0
1.370000E1	1.441353E2	-5.625023E0
1.372000E1	1.442190E2	-5.678151E0
1.374000E1	1.442030E2	-5.766952E0
1.376000E1	1.441753E2	-5.729366E0
1.378000E1	1.441978E2	-5.674267E0
1.380000E1	1.445917E2	-5.404438E0
1.382000E1	1.453350E2	-5.267886E0
1.384000E1	1.459464E2	-5.213141E0
1.386000E1	1.466878E2	-5.243612E0
1.388000E1	1.471161E2	-5.363841E0
1.390000E1	1.472115E2	-5.619247E0
1.392000E1	1.473928E2	-6.107410E0
1.394000E1	1.476733E2	-6.643352E0
1.396000E1	1.477310E2	-6.771914E0
1.398000E1	1.477960E2	-6.717479E0
1.400000E1	1.478561E2	-6.650540E0
1.402000E1	1.479880E2	-6.674979E0
1.404000E1	1.480010E2	-6.466459E0
1.406000E1	1.481016E2	-5.675756E0
1.408000E1	1.487716E2	-5.080443E0
1.410000E1	1.491489E2	-5.331642E0
1.412000E1	1.497492E2	-5.807064E0
1.414000E1	1.500422E2	-6.284928E0
1.416000E1	1.500237E2	-6.427417E0
1.418000E1	1.500430E2	-6.438259E0
1.420000E1	1.501033E2	-6.267510E0
1.422000E1	1.501250E2	-6.079920E0
1.424000E1	1.501437E2	-6.039495E0
1.426000E1	1.502230E2	-5.993873E0
1.428000E1	1.502994E2	-6.010581E0
1.430000E1	1.505135E2	-6.091716E0
1.432000E1	1.509381E2	-6.056775E0
1.434000E1	1.511644E2	-6.143748E0
1.436000E1	1.513552E2	-6.117937E0
1.438000E1	1.514722E2	-6.030797E0
1.440000E1	1.518712E2	-5.770465E0
1.442000E1	1.518913E2	-5.637249E0
1.444000E1	1.519408E2	-5.502912E0
1.446000E1	1.519069E2	-5.439813E0
1.448000E1	1.518986E2	-5.192732E0
1.450000E1	1.519961E2	-4.981927E0
1.452000E1	1.521545E2	-4.981757E0
1.454000E1	1.524451E2	-5.131674E0
1.456000E1	1.527507E2	-5.397221E0
1.458000E1	1.532345E2	-5.407416E0
1.460000E1	1.532601E2	-5.134597E0
1.462000E1	1.533054E2	-5.210002E0
1.464000E1	1.532838E2	-5.954704E0
1.466000E1	1.532587E2	-6.245244E0
1.468000E1	1.534067E2	-5.709950E0
1.470000E1	1.536189E2	-5.313156E0
1.472000E1	1.540011E2	-5.224173E0
1.474000E1	1.544860E2	-5.219291E0
1.476000E1	1.550823E2	-5.160606E0
1.478000E1	1.552511E2	-4.888577E0
1.480000E1	1.551070E2	-5.057935E0
1.482000E1	1.554968E2	-5.951484E0
1.484000E1	1.560702E2	-6.741490E0
1.486000E1	1.566414E2	-7.043851E0
1.488000E1	1.569976E2	-7.074570E0
1.490000E1	1.569144E2	-7.065831E0
1.492000E1	1.568617E2	-7.043216E0
1.494000E1	1.571356E2	-6.695510E0
1.496000E1	1.577986E2	-6.038438E0
1.498000E1	1.583841E2	-5.467937E0
1.500000E1	1.589043E2	-5.618477E0
1.502000E1	1.594187E2	-6.171284E0
1.504000E1	1.596314E2	-6.377893E0
1.506000E1	1.596758E2	-6.420966E0
1.508000E1	1.596941E2	-6.414037E0
1.510000E1	1.597408E2	-6.440384E0
1.512000E1	1.598606E2	-6.344608E0
1.514000E1	1.600485E2	-5.940618E0
1.516000E1	1.602065E2	-5.594280E0
1.518000E1	1.603447E2	-5.648887E0
1.520000E1	1.606100E2	-5.769718E0
1.522000E1	1.608572E2	-6.066592E0
1.524000E1	1.613213E2	-6.210680E0
1.526000E1	1.618069E2	-6.074357E0
1.528000E1	1.623129E2	-6.041724E0
1.530000E1	1.623355E2	-6.081344E0
1.532000E1	1.623029E2	-6.117782E0
1.534000E1	1.623300E2	-6.099248E0
1.536000E1	1.623324E2	-6.088494E0
1.538000E1	1.623331E2	-6.095216E0
1.540000E1	1.623195E2	-6.144027E0
1.542000E1	1.622373E2	-6.235702E0
1.544000E1	1.622222E2	-6.366626E0
1.546000E1	1.623010E2	-6.356856E0
1.548000E1	1.623530E2	-6.168468E0
1.550000E1	1.623920E2	-6.128885E0
1.552000E1	1.624216E2	-5.870129E0
1.554000E1	1.623903E2	-5.930069E0
1.556000E1	1.623887E2	-5.973736E0
1.558000E1	1.624015E2	-5.945458E0
1.560000E1	1.624594E2	-5.914856E0
1.562000E1	1.625991E2	-5.703781E0
1.564000E1	1.628497E2	-5.431694E0
1.566000E1	1.632303E2	-5.233114E0
1.568000E1	1.636342E2	-5.180879E0
1.570000E1	1.637730E2	-5.703387E0
1.572000E1	1.639117E2	-6.372107E0
1.574000E1	1.642534E2	-6.245546E0
1.576000E1	1.644203E2	-5.990197E0
1.578000E1	1.645279E2	-6.388155E0
1.580000E1	1.647121E2	-6.768768E0
1.582000E1	1.648442E2	-6.594021E0
1.584000E1	1.649154E2	-6.068945E0
1.586000E1	1.651097E2	-5.708173E0
1.588000E1	1.654476E2	-5.713663E0
1.590000E1	1.661307E2	-5.746155E0
1.592000E1	1.667108E2	-5.685100E0
1.594000E1	1.669044E2	-5.746999E0
1.596000E1	1.668041E2	-5.658251E0
1.598000E1	1.666563E2	-5.768851E0
1.600000E1	1.666739E2	-6.124101E0
1.602000E1	1.668397E2	-6.122136E0
1.604000E1	1.671151E2	-6.073808E0
1.606000E1	1.675679E2	-6.134185E0
1.608000E1	1.678063E2	-5.992933E0
1.610000E1	1.683018E2	-5.861319E0
1.612000E1	1.690875E2	-5.921254E0
1.614000E1	1.698351E2	-5.908737E0
1.616000E1	1.704105E2	-6.072947E0
1.618000E1	1.708212E2	-5.941806E0
1.620000E1	1.709779E2	-5.920839E0
1.622000E1	1.709667E2	-6.082694E0
1.624000E1	1.708837E2	-6.240198E0
1.626000E1	1.710139E2	-6.146447E0
1.628000E1	1.709930E2	-6.146939E0
1.630000E1	1.706204E2	-6.259435E0
1.632000E1	1.703514E2	-6.313924E0
1.634000E1	1.704908E2	-6.161574E0
1.636000E1	1.708459E2	-5.989467E0
1.638000E1	1.713909E2	-5.949657E0
1.640000E1	1.721233E2	-5.535286E0
1.642000E1	1.721690E2	-5.499858E0
1.644000E1	1.720779E2	-5.792291E0
1.646000E1	1.720446E2	-5.920794E0
1.648000E1	1.720416E2	-5.916044E0
1.650000E1	1.720583E2	-5.957867E0
1.652000E1	1.720612E2	-6.038142E0
1.654000E1	1.721886E2	-6.042571E0
1.656000E1	1.721751E2	-5.971941E0
1.658000E1	1.720575E2	-6.243880E0
1.660000E1	1.721566E2	-6.482214E0
1.662000E1	1.723175E2	-6.580934E0
1.664000E1	1.724868E2	-6.621789E0
1.666000E1	1.725775E2	-6.697586E0
1.668000E1	1.727470E2	-6.695561E0
1.670000E1	1.731241E2	-6.412513E0
1.672000E1	1.733596E2	-5.968439E0
1.674000E1	1.734790E2	-5.627710E0
1.676000E1	1.735150E2	-5.497957E0
1.678000E1	1.736442E2	-5.443868E0
1.680000E1	1.740912E2	-5.601785E0
1.682000E1	1.746059E2	-5.669037E0
1.684000E1	1.750655E2	-5.732681E0
1.686000E1	1.751738E2	-5.715794E0
1.688000E1	1.751072E2	-5.687586E0
1.690000E1	1.748164E2	-5.575614E0
1.692000E1	1.748208E2	-5.357894E0
1.694000E1	1.750658E2	-5.541607E0
1.696000E1	1.755030E2	-5.505567E0
1.698000E1	1.758868E2	-5.308566E0
1.700000E1	1.762607E2	-5.224933E0
1.702000E1	1.766005E2	-5.078097E0
1.704000E1	1.771232E2	-5.007281E0
1.706000E1	1.776206E2	-4.983139E0
1.708000E1	1.780426E2	-5.030497E0
1.710000E1	1.781320E2	-5.018778E0
1.712000E1	1.780561E2	-4.911946E0
1.714000E1	1.780308E2	-4.922510E0
1.716000E1	1.782401E2	-5.264175E0
1.718000E1	1.785143E2	-5.670046E0
1.720000E1	1.784948E2	-6.056053E0
1.722000E1	1.783413E2	-6.293697E0
1.724000E1	1.783245E2	-6.387630E0
1.726000E1	1.784372E2	-6.350973E0
1.728000E1	1.787805E2	-6.088974E0
1.730000E1	1.794892E2	-5.865963E0
1.732000E1	1.803205E2	-5.303136E0
1.734000E1	1.802868E2	-4.989221E0
1.736000E1	1.801814E2	-5.108521E0
1.738000E1	1.803022E2	-5.618892E0
1.740000E1	1.802684E2	-5.727794E0
1.742000E1	1.802512E2	-5.672589E0
1.744000E1	1.802833E2	-5.649176E0
1.746000E1	1.803539E2	-5.654790E0
1.748000E1	1.805705E2	-5.526273E0
1.750000E1	1.806181E2	-5.518135E0
1.752000E1	1.806555E2	-5.532269E0
1.754000E1	1.810539E2	-5.737484E0
1.756000E1	1.817277E2	-6.400315E0
1.758000E1	1.822561E2	-6.750247E0
1.760000E1	1.823606E2	-6.897555E0
1.762000E1	1.822408E2	-6.764595E0
1.764000E1	1.822075E2	-6.683685E0
1.766000E1	1.821913E2	-6.107875E0
1.768000E1	1.823939E2	-5.641455E0
1.770000E1	1.826843E2	-5.765608E0
1.772000E1	1.831028E2	-6.036090E0
1.774000E1	1.835272E2	-6.211035E0
1.776000E1	1.838007E2	-6.209258E0
1.778000E1	1.838748E2	-6.003778E0
1.780000E1	1.838415E2	-5.960394E0
1.782000E1	1.838248E2	-5.865022E0
1.784000E1	1.839652E2	-5.608503E0
1.786000E1	1.842928E2	-5.299491E0
1.788000E1	1.845266E2	-5.150385E0
1.790000E1	1.847974E2	-5.230425E0
1.792000E1	1.851482E2	-5.091404E0
1.794000E1	1.856448E2	-4.867756E0
1.796000E1	1.862200E2	-4.860801E0
1.798000E1	1.867539E2	-4.844996E0
1.800000E1	1.872226E2	-4.871879E0
1.802000E1	1.873241E2	-4.920191E0
1.804000E1	1.872683E2	-4.938801E0
1.806000E1	1.871065E2	-4.947969E0
1.808000E1	1.872337E2	-5.097785E0
1.810000E1	1.872979E2	-5.221466E0
1.812000E1	1.870558E2	-5.644166E0
1.814000E1	1.869757E2	-6.079027E0
1.816000E1	1.871226E2	-6.297941E0
1.818000E1	1.875493E2	-6.139395E0
1.820000E1	1.881751E2	-5.595100E0
1.822000E1	1.887683E2	-4.830953E0
1.824000E1	1.887594E2	-4.206254E0
1.826000E1	1.886873E2	-4.183169E0
1.828000E1	1.887114E2	-4.613834E0
1.830000E1	1.887058E2	-4.951911E0
1.832000E1	1.887446E2	-4.998375E0
1.834000E1	1.891172E2	-5.160491E0
1.836000E1	1.895448E2	-5.357339E0
1.838000E1	1.900319E2	-5.495027E0
1.840000E1	1.903834E2	-5.727992E0
1.842000E1	1.902210E2	-6.037950E0
1.844000E1	1.903265E2	-6.374440E0
1.846000E1	1.907302E2	-6.490894E0
1.848000E1	1.913343E2	-6.495468E0
1.850000E1	1.923184E2	-6.512195E0
1.852000E1	1.928723E2	-6.331270E0
1.854000E1	1.931994E2	-5.930500E0
1.856000E1	1.932335E2	-5.496603E0
1.858000E1	1.931507E2	-5.183563E0
1.860000E1	1.934281E2	-5.746444E0
1.862000E1	1.937777E2	-6.420054E0
1.864000E1	1.938583E2	-6.469313E0
1.866000E1	1.939393E2	-6.212557E0
1.868000E1	1.939999E2	-6.126839E0
1.870000E1	1.940465E2	-6.105351E0
1.872000E1	1.940181E2	-6.052774E0
1.874000E1	1.939961E2	-5.812207E0
1.876000E1	1.944040E2	-5.567510E0
1.878000E1	1.949182E2	-5.532326E0
1.880000E1	1.952832E2	-5.715367E0
1.882000E1	1.955350E2	-6.048622E0
1.884000E1	1.955297E2	-6.267443E0
1.886000E1	1.955521E2	-6.255388E0
1.888000E1	1.958521E2	-6.204549E0
1.890000E1	1.960759E2	-6.089957E0
1.892000E1	1.961530E2	-6.057663E0
1.894000E1	1.962864E2	-6.052913E0
1.896000E1	1.963454E2	-6.020263E0
1.898000E1	1.963957E2	-5.919401E0
1.900000E1	1.963396E2	-5.991239E0
1.902000E1	1.960960E2	-6.330180E0
1.904000E1	1.960309E2	-6.608755E0
1.906000E1	1.960364E2	-6.493719E0
1.908000E1	1.962620E2	-6.193639E0
1.910000E1	1.965336E2	-6.041830E0
1.912000E1	1.970129E2	-5.485240E0
1.914000E1	1.973394E2	-4.697912E0
1.916000E1	1.973020E2	-4.404553E0
1.918000E1	1.973410E2	-4.798579E0
1.920000E1	1.973869E2	-5.107367E0
1.922000E1	1.975600E2	-4.996399E0
1.924000E1	1.976473E2	-4.882513E0
1.926000E1	1.980376E2	-4.987828E0
1.928000E1	1.984931E2	-5.335695E0
1.930000E1	1.989027E2	-5.585307E0
1.932000E1	1.990211E2	-5.913602E0
1.934000E1	1.992731E2	-5.950429E0
1.936000E1	1.997950E2	-5.935462E0
1.938000E1	2.002449E2	-5.952772E0
1.940000E1	2.005952E2	-5.915743E0
1.942000E1	2.007691E2	-5.836424E0
1.944000E1	2.009656E2	-5.633019E0
1.946000E1	2.009578E2	-5.622774E0
1.948000E1	2.008549E2	-5.460125E0
1.950000E1	2.008610E2	-5.320985E0
1.952000E1	2.012258E2	-5.592454E0
1.954000E1	2.018414E2	-6.023228E0
1.956000E1	2.023524E2	-6.142967E0
1.958000E1	2.025638E2	-6.220899E0
1.960000E1	2.024513E2	-6.229062E0
1.962000E1	2.023218E2	-6.183796E0
1.964000E1	2.024024E2	-6.144438E0
1.966000E1	2.029000E2	-6.009837E0
1.968000E1	2.034879E2	-5.849578E0
1.970000E1	2.042019E2	-5.711865E0
1.972000E1	2.048416E2	-5.852502E0
1.974000E1	2.054164E2	-5.822354E0
1.976000E1	2.058195E2	-5.793478E0
1.978000E1	2.059712E2	-6.000973E0
1.980000E1	2.063475E2	-6.102507E0
1.982000E1	2.068795E2	-5.982253E0
1.984000E1	2.069535E2	-6.020365E0
1.986000E1	2.069628E2	-6.067256E0
1.988000E1	2.071899E2	-5.988575E0
1.990000E1	2.071715E2	-5.850108E0
1.992000E1	2.066385E2	-5.810902E0
1.994000E1	2.062328E2	-6.085189E0
1.996000E1	2.063278E2	-6.169859E0
1.998000E1	2.067812E2	-6.116108E0
2.000000E1	2.073713E2	-5.980604E0
2.002000E1	2.079259E2	-5.935795E0
2.004000E1	2.080987E2	-5.865010E0
2.006000E1	2.080449E2	-5.940063E0
2.008000E1	2.080075E2	-6.033282E0
2.010000E1	2.080046E2	-6.072332E0
2.012000E1	2.080018E2	-6.070076E0
2.014000E1	2.081006E2	-6.065240E0
2.016000E1	2.081010E2	-6.079988E0
2.018000E1	2.081008E2	-6.066791E0
2.020000E1	2.080351E2	-6.100485E0
2.022000E1	2.080373E2	-6.293892E0
2.024000E1	2.081013E2	-6.415696E0
2.026000E1	2.085245E2	-6.425313E0
2.028000E1	2.090024E2	-6.218757E0
2.030000E1	2.093644E2	-6.094456E0
2.032000E1	2.095188E2	-6.075900E0
2.034000E1	2.097643E2	-6.059407E0
2.036000E1	2.098682E2	-5.834732E0
2.038000E1	2.100146E2	-5.471191E0
2.040000E1	2.101965E2	-5.345474E0
2.042000E1	2.105320E2	-5.550499E0
2.044000E1	2.108308E2	-5.739782E0
2.046000E1	2.110217E2	-5.956958E0
2.048000E1	2.111660E2	-5.977598E0
2.050000E1	2.113200E2	-5.765506E0
2.052000E1	2.114761E2	-5.678756E0
2.054000E1	2.116792E2	-5.403418E0
2.056000E1	2.118584E2	-5.215607E0
2.058000E1	2.122497E2	-5.164186E0
2.060000E1	2.125727E2	-5.047774E0
2.062000E1	2.127951E2	-5.093759E0
2.064000E1	2.129854E2	-5.148114E0
2.066000E1	2.133953E2	-5.129558E0
2.068000E1	2.137735E2	-5.047828E0
2.070000E1	2.140102E2	-5.304563E0
2.072000E1	2.146745E2	-5.911744E0
2.074000E1	2.148538E2	-6.165209E0
2.076000E1	2.149868E2	-6.137675E0
2.078000E1	2.150241E2	-5.938780E0
2.080000E1	2.151478E2	-5.939259E0
2.082000E1	2.151531E2	-6.126075E0
2.084000E1	2.149749E2	-6.322006E0
2.086000E1	2.149184E2	-6.416616E0
2.088000E1	2.150818E2	-6.384197E0
2.090000E1	2.156846E2	-6.185876E0
2.092000E1	2.164026E2	-6.033148E0
2.094000E1	2.169911E2	-5.667161E0
2.096000E1	2.169966E2	-5.174706E0
2.098000E1	2.170005E2	-5.212156E0
2.100000E1	2.171464E2	-5.547755E0
2.102000E1	2.171527E2	-5.594047E0
2.104000E1	2.171662E2	-5.611057E0
2.106000E1	2.172730E2	-5.665722E0
2.108000E1	2.174261E2	-5.617568E0
2.110000E1	2.176695E2	-5.443636E0
2.112000E1	2.176786E2	-5.439276E0
2.114000E1	2.176671E2	-5.463675E0
2.116000E1	2.179578E2	-5.600842E0
2.118000E1	2.187151E2	-6.251235E0
2.120000E1	2.191946E2	-6.781747E0
2.122000E1	2.193578E2	-7.007433E0
2.124000E1	2.191579E2	-6.736674E0
2.126000E1	2.191958E2	-6.562971E0
2.128000E1	2.191311E2	-6.221949E0
2.130000E1	2.192510E2	-5.847193E0
2.132000E1	2.194592E2	-5.728729E0
2.134000E1	2.198089E2	-5.944554E0
2.136000E1	2.201325E2	-6.215934E0
2.138000E1	2.204555E2	-6.265583E0
2.140000E1	2.205304E2	-6.093804E0
2.142000E1	2.205403E2	-5.933484E0
2.144000E1	2.206706E2	-5.772727E0
2.146000E1	2.208220E2	-5.518820E0
2.148000E1	2.209489E2	-5.444204E0
2.150000E1	2.212545E2	-5.349866E0
2.152000E1	2.215454E2	-5.177279E0
2.154000E1	2.220157E2	-5.036673E0
2.156000E1	2.225642E2	-5.046969E0
2.158000E1	2.231460E2	-5.051813E0
2.160000E1	2.236649E2	-5.064943E0
2.162000E1	2.238749E2	-4.984181E0
2.164000E1	2.236890E2	-5.106108E0
2.166000E1	2.236773E2	-5.139975E0
2.168000E1	2.237223E2	-5.402025E0
2.170000E1	2.238756E2	-5.294110E0
2.172000E1	2.238807E2	-5.140536E0
2.174000E1	2.238586E2	-5.219941E0
2.176000E1	2.239125E2	-5.500497E0
2.178000E1	2.242547E2	-5.644179E0
2.180000E1	2.246319E2	-5.584135E0
2.182000E1	2.248199E2	-5.256393E0
2.184000E1	2.249362E2	-4.653364E0
2.186000E1	2.248455E2	-4.654628E0
2.188000E1	2.248489E2	-5.551842E0
2.190000E1	2.248991E2	-6.171418E0
2.192000E1	2.250497E2	-5.997105E0
2.194000E1	2.251765E2	-5.691402E0
2.196000E1	2.252256E2	-5.723622E0
2.198000E1	2.253903E2	-5.949344E0
2.200000E1	2.259228E2	-5.918445E0
2.202000E1	2.265753E2	-5.830310E0
2.204000E1	2.272250E2	-5.896956E0
2.206000E1	2.277731E2	-6.022185E0
2.208000E1	2.283062E2	-6.057253E0
2.210000E1	2.286409E2	-6.041736E0
2.212000E1	2.286511E2	-6.204335E0
2.214000E1	2.283895E2	-6.685024E0
2.216000E1	2.281662E2	-7.041407E0
2.218000E1	2.283217E2	-6.753952E0
2.220000E1	2.285976E2	-5.752357E0
2.222000E1	2.288778E2	-5.509023E0
2.224000E1	2.292634E2	-5.618750E0
2.226000E1	2.295843E2	-5.840154E0
2.228000E1	2.298271E2	-5.868619E0
2.230000E1	2.299231E2	-5.978286E0
2.232000E1	2.300848E2	-5.900495E0
2.234000E1	2.303513E2	-5.824199E0
2.236000E1	2.304271E2	-5.963839E0
2.238000E1	2.304503E2	-6.133938E0
2.240000E1	2.304914E2	-6.037806E0
2.242000E1	2.304922E2	-6.091943E0
2.244000E1	2.305662E2	-6.187965E0
2.246000E1	2.306534E2	-6.126759E0
2.248000E1	2.309722E2	-6.200264E0
2.250000E1	2.313436E2	-6.306591E0
2.252000E1	2.317175E2	-6.261591E0
2.254000E1	2.321382E2	-5.978552E0
2.256000E1	2.321957E2	-5.998499E0
2.258000E1	2.322155E2	-6.022198E0
2.260000E1	2.322555E2	-5.914490E0
2.262000E1	2.324034E2	-5.620542E0
2.264000E1	2.324028E2	-5.610372E0
2.266000E1	2.323207E2	-5.878376E0
2.268000E1	2.323822E2	-6.061859E0
2.270000E1	2.326654E2	-5.912842E0
2.272000E1	2.332812E2	-5.639430E0
2.274000E1	2.340388E2	-5.084563E0
2.276000E1	2.339838E2	-4.609537E0
2.278000E1	2.338007E2	-4.778079E0
2.280000E1	2.338284E2	-5.576046E0
2.282000E1	2.338911E2	-6.062261E0
2.284000E1	2.339669E2	-5.923269E0
2.286000E1	2.341982E2	-5.408248E0
2.288000E1	2.345907E2	-5.293495E0
2.290000E1	2.351449E2	-5.287051E0
2.292000E1	2.357609E2	-5.171324E0
2.294000E1	2.359031E2	-5.383555E0
2.296000E1	2.361042E2	-6.020735E0
2.298000E1	2.362794E2	-6.070059E0
2.300000E1	2.365664E2	-6.193912E0
2.302000E1	2.368466E2	-6.547679E0
2.304000E1	2.370835E2	-6.727712E0
2.306000E1	2.371837E2	-6.760300E0
2.308000E1	2.371895E2	-6.726213E0
2.310000E1	2.371945E2	-6.369929E0
2.312000E1	2.377429E2	-6.019353E0
2.314000E1	2.387828E2	-6.096291E0
2.316000E1	2.398252E2	-6.220075E0
2.318000E1	2.403517E2	-6.124685E0
2.320000E1	2.403451E2	-5.734393E0
2.322000E1	2.401020E2	-5.570586E0
2.324000E1	2.400427E2	-5.996547E0
2.326000E1	2.401242E2	-6.355695E0
2.328000E1	2.404287E2	-6.169805E0
2.330000E1	2.406715E2	-5.915314E0
2.332000E1	2.408187E2	-6.112085E0
2.334000E1	2.409732E2	-6.208080E0
2.336000E1	2.412073E2	-6.113326E0
2.338000E1	2.413146E2	-6.007660E0
2.340000E1	2.414676E2	-6.150008E0
2.342000E1	2.418569E2	-6.183191E0
2.344000E1	2.423651E2	-6.033653E0
2.346000E1	2.427073E2	-5.991623E0
2.348000E1	2.427456E2	-6.091572E0
2.350000E1	2.427881E2	-6.155242E0
2.352000E1	2.428632E2	-6.012698E0
2.354000E1	2.428541E2	-6.060364E0
2.356000E1	2.426381E2	-6.524128E0
2.358000E1	2.425560E2	-6.742691E0
2.360000E1	2.426972E2	-6.527195E0
2.362000E1	2.427514E2	-6.340661E0
2.364000E1	2.429071E2	-6.323895E0
2.366000E1	2.430593E2	-6.115481E0
2.368000E1	2.430624E2	-5.757496E0
2.370000E1	2.430352E2	-5.719497E0
2.372000E1	2.429311E2	-5.871023E0
2.374000E1	2.430338E2	-5.859868E0
2.376000E1	2.432217E2	-5.574961E0
2.378000E1	2.432020E2	-5.502141E0
2.380000E1	2.433044E2	-5.481821E0
2.382000E1	2.436271E2	-5.460713E0
2.384000E1	2.437779E2	-5.501287E0
2.386000E1	2.441727E2	-6.003002E0
2.388000E1	2.446266E2	-6.139577E0
2.390000E1	2.450502E2	-6.134573E0
2.392000E1	2.452523E2	-6.167906E0
2.394000E1	2.452079E2	-6.155016E0
2.396000E1	2.452979E2	-6.215772E0
2.398000E1	2.455517E2	-6.190771E0
2.400000E1	2.457096E2	-5.989965E0
