	mass A		
t	x	y	
0.000000E0	2.842171E-14	-2.531035E-2
2.000000E-2	8.057732E-2	-1.065725E-1
4.000000E-2	2.259680E-1	-1.381437E-1
6.000000E-2	2.541430E-1	-1.112413E-1
8.000000E-2	3.570675E-1	-1.061697E-1
1.000000E-1	4.509179E-1	-1.174363E-1
1.200000E-1	5.010006E-1	-3.697649E-1
1.400000E-1	4.439465E-1	-8.919078E-1
1.600000E-1	5.623039E-1	-1.226340E0
1.800000E-1	6.460540E-1	-1.252336E0
2.000000E-1	6.430505E-1	-1.198473E0
2.200000E-1	7.417588E-1	-1.158369E0
2.400000E-1	1.093289E0	-1.127130E0
2.600000E-1	1.613326E0	-1.115214E0
2.800000E-1	2.327131E0	-1.157692E0
3.000000E-1	2.790564E0	-1.113211E0
3.200000E-1	3.005788E0	-6.657659E-1
3.400000E-1	3.090734E0	-3.459823E-1
3.600000E-1	3.377280E0	-4.056251E-1
3.800000E-1	3.600756E0	-9.370041E-1
4.000000E-1	3.675937E0	-1.176020E0
4.200000E-1	3.729624E0	-1.117343E0
4.400000E-1	3.761143E0	-9.018386E-1
4.600000E-1	3.795727E0	-4.840431E-1
4.800000E-1	3.784459E0	-3.443499E-1
5.000000E-1	3.836175E0	-3.024852E-1
5.200000E-1	3.996671E0	-3.504872E-1
5.400000E-1	4.352007E0	-4.181285E-1
5.600000E-1	4.841768E0	-4.874376E-1
5.800000E-1	5.128355E0	-6.436219E-1
6.000000E-1	5.241714E0	-8.966530E-1
6.200000E-1	5.398497E0	-1.219588E0
6.400000E-1	5.510129E0	-1.235299E0
6.600000E-1	5.518047E0	-1.090035E0
6.800000E-1	5.515580E0	-1.029162E0
7.000000E-1	5.544994E0	-1.000374E0
7.200000E-1	5.538484E0	-1.006717E0
7.400000E-1	5.460711E0	-1.083201E0
7.600000E-1	5.416088E0	-1.096917E0
7.800000E-1	5.306287E0	-1.210798E0
8.000000E-1	5.201662E0	-1.224253E0
8.200000E-1	5.144442E0	-1.201624E0
8.400000E-1	5.219630E0	-1.063355E0
8.600000E-1	5.444319E0	-5.758660E-1
8.800000E-1	5.451744E0	-4.285940E-1
9.000000E-1	5.461345E0	-4.585451E-1
9.200000E-1	5.567818E0	-6.044111E-1
9.400000E-1	5.570069E0	-5.605401E-1
9.600000E-1	5.664838E0	-4.315941E-1
9.800000E-1	5.716569E0	-2.263979E-1
1.000000E0	5.849120E0	-6.324679E-2
1.020000E0	5.939901E0	-5.550748E-2
1.040000E0	5.918656E0	-2.155855E-1
1.060000E0	5.968128E0	-8.480988E-1
1.080000E0	6.061252E0	-1.327147E0
1.100000E0	6.577597E0	-1.510528E0
1.120000E0	7.121832E0	-1.494875E0
1.140000E0	7.610010E0	-1.400234E0
1.160000E0	8.000055E0	-1.093994E0
1.180000E0	8.023448E0	-7.977927E-1
1.200000E0	8.020819E0	-7.875033E-1
1.220000E0	7.964516E0	-8.530997E-1
1.240000E0	8.099616E0	-9.029620E-1
1.260000E0	8.467955E0	-1.040726E0
1.280000E0	9.005943E0	-1.310462E0
1.300000E0	9.389720E0	-1.567982E0
1.320000E0	9.731821E0	-1.681525E0
1.340000E0	9.644253E0	-1.572575E0
1.360000E0	9.605399E0	-1.385215E0
1.380000E0	9.810322E0	-1.258880E0
1.400000E0	1.028317E1	-1.192180E0
1.420000E0	1.081883E1	-1.059049E0
1.440000E0	1.127086E1	-9.499262E-1
1.460000E0	1.159774E1	-8.290476E-1
1.480000E0	1.179759E1	-9.498556E-1
1.500000E0	1.222701E1	-1.134660E0
1.520000E0	1.245753E1	-1.408931E0
1.540000E0	1.271522E1	-1.519975E0
1.560000E0	1.297511E1	-1.476094E0
1.580000E0	1.303226E1	-1.476869E0
1.600000E0	1.293608E1	-1.237669E0
1.620000E0	1.286511E1	-9.562950E-1
1.640000E0	1.275858E1	-6.643896E-1
1.660000E0	1.261754E1	-6.284671E-1
1.680000E0	1.243759E1	-8.176672E-1
1.700000E0	1.249453E1	-1.284039E0
1.720000E0	1.263275E1	-1.338102E0
1.740000E0	1.305742E1	-1.303807E0
1.760000E0	1.346612E1	-1.231920E0
1.780000E0	1.348127E1	-1.126860E0
1.800000E0	1.341237E1	-1.102251E0
1.820000E0	1.330512E1	-1.115906E0
1.840000E0	1.328248E1	-1.123383E0
1.860000E0	1.325993E1	-1.076940E0
1.880000E0	1.328249E1	-1.064759E0
1.900000E0	1.326488E1	-1.071121E0
1.920000E0	1.328611E1	-1.078236E0
1.940000E0	1.325164E1	-1.086926E0
1.960000E0	1.316521E1	-1.108044E0
1.980000E0	1.311489E1	-1.168899E0
2.000000E0	1.323311E1	-1.249223E0
2.020000E0	1.336814E1	-1.264385E0
2.040000E0	1.333698E1	-1.220734E0
2.060000E0	1.343849E1	-1.291651E0
2.080000E0	1.378896E1	-1.333611E0
2.100000E0	1.383183E1	-1.356700E0
2.120000E0	1.399249E1	-1.130411E0
2.140000E0	1.402384E1	-9.436483E-1
2.160000E0	1.432119E1	-7.613981E-1
2.180000E0	1.464449E1	-5.787493E-1
2.200000E0	1.492717E1	-6.949121E-1
2.220000E0	1.511537E1	-9.596987E-1
2.240000E0	1.544469E1	-1.304262E0
2.260000E0	1.577372E1	-1.421831E0
2.280000E0	1.580627E1	-1.373995E0
2.300000E0	1.579118E1	-1.345977E0
2.320000E0	1.576795E1	-1.383476E0
2.340000E0	1.578829E1	-1.458762E0
2.360000E0	1.627847E1	-1.495855E0
2.380000E0	1.670129E1	-1.456366E0
2.400000E0	1.677376E1	-1.297767E0
2.420000E0	1.690824E1	-1.265174E0
2.440000E0	1.702648E1	-1.157244E0
2.460000E0	1.753174E1	-1.205896E0
2.480000E0	1.815594E1	-1.348375E0
2.500000E0	1.850236E1	-1.508323E0
2.520000E0	1.849813E1	-1.521691E0
2.540000E0	1.849781E1	-1.622029E0
2.560000E0	1.865392E1	-1.750460E0
2.580000E0	1.871911E1	-1.833036E0
2.600000E0	1.867524E1	-1.921699E0
2.620000E0	1.860493E1	-1.991877E0
2.640000E0	1.856484E1	-2.034623E0
2.660000E0	1.858878E1	-2.000064E0
2.680000E0	1.897244E1	-1.805535E0
2.700000E0	1.946400E1	-1.581189E0
2.720000E0	1.985746E1	-1.270741E0
2.740000E0	1.973919E1	-1.110814E0
2.760000E0	1.969920E1	-1.284146E0
2.780000E0	1.974928E1	-1.641959E0
2.800000E0	1.985299E1	-1.771503E0
2.820000E0	1.983421E1	-1.682662E0
2.840000E0	1.982167E1	-1.553876E0
2.860000E0	1.985193E1	-1.397530E0
2.880000E0	1.974881E1	-1.262218E0
2.900000E0	1.951487E1	-1.160963E0
2.920000E0	1.961214E1	-1.219652E0
2.940000E0	2.010697E1	-1.328118E0
2.960000E0	2.065877E1	-1.508696E0
2.980000E0	2.105439E1	-1.852246E0
3.000000E0	2.131689E1	-2.258960E0
3.020000E0	2.127836E1	-2.357460E0
3.040000E0	2.123385E1	-2.320985E0
3.060000E0	2.119643E1	-1.914390E0
3.080000E0	2.128231E1	-1.596378E0
3.100000E0	2.134545E1	-1.633208E0
3.120000E0	2.159665E1	-1.846345E0
3.140000E0	2.174068E1	-2.039238E0
3.160000E0	2.187448E1	-2.060079E0
3.180000E0	2.192426E1	-1.957806E0
3.200000E0	2.191057E1	-1.900327E0
3.220000E0	2.186537E1	-1.852450E0
3.240000E0	2.184806E1	-1.847917E0
3.260000E0	2.185799E1	-1.817016E0
3.280000E0	2.186068E1	-1.808050E0
3.300000E0	2.191954E1	-1.794489E0
3.320000E0	2.198267E1	-1.622708E0
3.340000E0	2.217567E1	-1.496095E0
3.360000E0	2.271280E1	-1.445829E0
3.380000E0	2.325417E1	-1.413581E0
3.400000E0	2.375580E1	-1.457679E0
3.420000E0	2.384120E1	-1.509791E0
3.440000E0	2.363673E1	-1.558807E0
3.460000E0	2.366344E1	-1.874117E0
3.480000E0	2.374067E1	-2.217567E0
3.500000E0	2.369305E1	-2.230936E0
3.520000E0	2.377459E1	-2.172739E0
3.540000E0	2.401179E1	-1.962565E0
3.560000E0	2.417441E1	-1.759267E0
3.580000E0	2.458460E1	-1.473849E0
3.600000E0	2.480347E1	-1.295014E0
3.620000E0	2.477971E1	-1.154416E0
3.640000E0	2.471434E1	-1.071449E0
3.660000E0	2.469786E1	-1.174783E0
3.680000E0	2.481169E1	-1.531395E0
3.700000E0	2.481544E1	-2.012188E0
3.720000E0	2.481251E1	-2.051017E0
3.740000E0	2.480538E1	-1.986603E0
3.760000E0	2.477994E1	-1.935038E0
3.780000E0	2.479750E1	-1.921099E0
3.800000E0	2.480763E1	-1.952986E0
3.820000E0	2.481570E1	-2.055526E0
3.840000E0	2.490616E1	-2.182640E0
3.860000E0	2.530718E1	-2.200407E0
3.880000E0	2.619810E1	-2.270232E0
3.900000E0	2.684562E1	-2.361558E0
3.920000E0	2.720344E1	-2.641741E0
3.940000E0	2.713011E1	-2.639229E0
3.960000E0	2.682884E1	-2.382424E0
3.980000E0	2.686637E1	-1.956499E0
4.000000E0	2.721556E1	-1.736989E0
4.020000E0	2.739359E1	-1.711644E0
4.040000E0	2.755369E1	-1.810699E0
4.060000E0	2.761945E1	-1.879275E0
4.080000E0	2.783997E1	-1.713337E0
4.100000E0	2.801779E1	-1.418873E0
4.120000E0	2.820151E1	-1.378214E0
4.140000E0	2.836045E1	-1.474638E0
4.160000E0	2.846679E1	-1.636188E0
4.180000E0	2.844354E1	-1.787567E0
4.200000E0	2.848894E1	-1.928503E0
4.220000E0	2.848770E1	-1.950359E0
4.240000E0	2.849141E1	-1.939317E0
4.260000E0	2.846259E1	-1.946707E0
4.280000E0	2.846672E1	-1.989367E0
4.300000E0	2.861013E1	-2.017200E0
4.320000E0	2.902674E1	-2.039998E0
4.340000E0	2.913375E1	-2.078713E0
4.360000E0	2.920766E1	-2.096138E0
4.380000E0	2.920298E1	-2.063433E0
4.400000E0	2.921314E1	-2.026747E0
4.420000E0	2.922834E1	-2.003376E0
4.440000E0	2.920381E1	-2.035531E0
4.460000E0	2.915879E1	-2.097667E0
4.480000E0	2.913896E1	-2.182224E0
4.500000E0	2.912025E1	-2.238188E0
4.520000E0	2.915136E1	-2.194924E0
4.540000E0	2.934301E1	-2.089910E0
4.560000E0	2.949768E1	-1.585476E0
4.580000E0	2.946443E1	-1.167781E0
4.600000E0	2.942154E1	-9.460639E-1
4.620000E0	2.940283E1	-9.663295E-1
4.640000E0	2.948504E1	-1.150437E0
4.660000E0	2.951836E1	-1.357374E0
4.680000E0	2.948660E1	-1.432490E0
4.700000E0	2.959646E1	-1.479132E0
4.720000E0	2.979968E1	-1.580955E0
4.740000E0	2.975766E1	-1.733208E0
4.760000E0	2.966883E1	-2.124081E0
4.780000E0	2.986138E1	-2.150094E0
4.800000E0	3.033368E1	-2.131906E0
4.820000E0	3.096479E1	-2.083779E0
4.840000E0	3.143597E1	-1.997485E0
4.860000E0	3.156756E1	-1.865966E0
4.880000E0	3.153425E1	-1.834465E0
4.900000E0	3.145711E1	-1.838164E0
4.920000E0	3.141660E1	-1.818019E0
4.940000E0	3.161733E1	-1.771574E0
4.960000E0	3.205678E1	-1.797179E0
4.980000E0	3.262068E1	-2.179381E0
5.000000E0	3.292124E1	-2.303866E0
5.020000E0	3.288938E1	-2.394995E0
5.040000E0	3.286912E1	-2.280655E0
5.060000E0	3.303556E1	-1.995985E0
5.080000E0	3.344541E1	-1.869075E0
5.100000E0	3.398446E1	-1.819815E0
5.120000E0	3.442854E1	-1.703265E0
5.140000E0	3.479333E1	-1.551469E0
5.160000E0	3.497671E1	-1.582381E0
5.180000E0	3.519971E1	-1.736921E0
5.200000E0	3.540837E1	-1.947253E0
5.220000E0	3.562354E1	-2.098001E0
5.240000E0	3.576067E1	-2.008531E0
5.260000E0	3.587950E1	-1.924970E0
5.280000E0	3.588703E1	-1.733937E0
5.300000E0	3.579402E1	-1.547161E0
5.320000E0	3.578095E1	-1.314067E0
5.340000E0	3.581813E1	-1.300884E0
5.360000E0	3.584211E1	-1.460630E0
5.380000E0	3.582074E1	-1.773268E0
5.400000E0	3.588483E1	-1.967258E0
5.420000E0	3.615195E1	-2.157075E0
5.440000E0	3.627523E1	-2.064787E0
5.460000E0	3.633375E1	-1.626715E0
5.480000E0	3.631805E1	-1.565401E0
5.500000E0	3.634183E1	-1.596592E0
5.520000E0	3.638355E1	-1.677874E0
5.540000E0	3.637923E1	-1.674749E0
5.560000E0	3.640511E1	-1.593809E0
5.580000E0	3.640106E1	-1.587108E0
5.600000E0	3.640439E1	-1.588224E0
5.620000E0	3.637041E1	-1.594302E0
5.640000E0	3.635906E1	-1.561032E0
5.660000E0	3.634988E1	-1.560215E0
5.680000E0	3.643837E1	-1.662817E0
5.700000E0	3.670090E1	-1.709132E0
5.720000E0	3.694208E1	-1.711086E0
5.740000E0	3.743715E1	-1.686316E0
5.760000E0	3.747181E1	-1.696502E0
5.780000E0	3.768968E1	-1.613312E0
5.800000E0	3.792938E1	-1.490617E0
5.820000E0	3.797617E1	-1.276429E0
5.840000E0	3.792806E1	-1.034316E0
5.860000E0	3.837279E1	-1.060291E0
5.880000E0	3.867046E1	-1.558376E0
5.900000E0	3.913349E1	-2.007786E0
5.920000E0	3.940490E1	-2.046204E0
5.940000E0	3.953128E1	-1.821515E0
5.960000E0	3.951623E1	-1.405171E0
5.980000E0	3.962814E1	-1.137873E0
6.000000E0	3.983618E1	-9.918484E-1
6.020000E0	4.003987E1	-1.065202E0
6.040000E0	4.013408E1	-1.180637E0
6.060000E0	4.016533E1	-1.440095E0
6.080000E0	4.032880E1	-1.637578E0
6.100000E0	4.079248E1	-1.745772E0
6.120000E0	4.134491E1	-1.831722E0
6.140000E0	4.195711E1	-2.003848E0
6.160000E0	4.240960E1	-2.071517E0
6.180000E0	4.229382E1	-2.069635E0
6.200000E0	4.232427E1	-2.031481E0
6.220000E0	4.244721E1	-1.982037E0
6.240000E0	4.274288E1	-1.823945E0
6.260000E0	4.282180E1	-1.728511E0
6.280000E0	4.286818E1	-1.650959E0
6.300000E0	4.284153E1	-1.646616E0
6.320000E0	4.295228E1	-1.715928E0
6.340000E0	4.338519E1	-1.792256E0
6.360000E0	4.385380E1	-1.720794E0
6.380000E0	4.392036E1	-1.588723E0
6.400000E0	4.377526E1	-1.466779E0
6.420000E0	4.362516E1	-1.520832E0
6.440000E0	4.360162E1	-1.591246E0
6.460000E0	4.358007E1	-1.549996E0
6.480000E0	4.348692E1	-1.393508E0
6.500000E0	4.353286E1	-1.252695E0
6.520000E0	4.354438E1	-1.150387E0
6.540000E0	4.369462E1	-1.189905E0
6.560000E0	4.391161E1	-1.262446E0
6.580000E0	4.383933E1	-1.367075E0
6.600000E0	4.394455E1	-1.641064E0
6.620000E0	4.424158E1	-1.991869E0
6.640000E0	4.434406E1	-2.388263E0
6.660000E0	4.435784E1	-2.580498E0
6.680000E0	4.443392E1	-2.563456E0
6.700000E0	4.452547E1	-2.323756E0
6.720000E0	4.454637E1	-2.151965E0
6.740000E0	4.463344E1	-2.061214E0
6.760000E0	4.501827E1	-1.950876E0
6.780000E0	4.542529E1	-1.965012E0
6.800000E0	4.546973E1	-2.142158E0
6.820000E0	4.557767E1	-2.194685E0
6.840000E0	4.564591E1	-2.166262E0
6.860000E0	4.571645E1	-2.081217E0
6.880000E0	4.569890E1	-2.070364E0
6.900000E0	4.570091E1	-2.036541E0
6.920000E0	4.568767E1	-1.978743E0
6.940000E0	4.564883E1	-1.938419E0
6.960000E0	4.564683E1	-1.931754E0
6.980000E0	4.568312E1	-1.913285E0
7.000000E0	4.578293E1	-1.904966E0
7.020000E0	4.611444E1	-1.840601E0
7.040000E0	4.649859E1	-1.844386E0
7.060000E0	4.697493E1	-1.868402E0
7.080000E0	4.752951E1	-1.924063E0
7.100000E0	4.796569E1	-2.006746E0
7.120000E0	4.782003E1	-2.119367E0
7.140000E0	4.767478E1	-2.364696E0
7.160000E0	4.765807E1	-2.635573E0
7.180000E0	4.764042E1	-2.644182E0
7.200000E0	4.765437E1	-2.553856E0
7.220000E0	4.782262E1	-2.321151E0
7.240000E0	4.787775E1	-2.202971E0
7.260000E0	4.830489E1	-2.136562E0
7.280000E0	4.853034E1	-2.045117E0
7.300000E0	4.863275E1	-1.935933E0
7.320000E0	4.859761E1	-1.707456E0
7.340000E0	4.859724E1	-1.652291E0
7.360000E0	4.858423E1	-1.794916E0
7.380000E0	4.865754E1	-2.305036E0
7.400000E0	4.880401E1	-2.712543E0
7.420000E0	4.874592E1	-2.685099E0
7.440000E0	4.866785E1	-2.452743E0
7.460000E0	4.874998E1	-2.275154E0
7.480000E0	4.888890E1	-2.183093E0
7.500000E0	4.931248E1	-2.164688E0
7.520000E0	4.944795E1	-2.254093E0
7.540000E0	5.002460E1	-2.245329E0
7.560000E0	5.069933E1	-2.235206E0
7.580000E0	5.116807E1	-2.338665E0
7.600000E0	5.121515E1	-2.691921E0
7.620000E0	5.106018E1	-2.745787E0
7.640000E0	5.103881E1	-2.572048E0
7.660000E0	5.114749E1	-2.113406E0
7.680000E0	5.135439E1	-1.871948E0
7.700000E0	5.162958E1	-1.815206E0
7.720000E0	5.175129E1	-1.851330E0
7.740000E0	5.174632E1	-1.895769E0
7.760000E0	5.182467E1	-1.914111E0
7.780000E0	5.227115E1	-1.912939E0
7.800000E0	5.239702E1	-1.977335E0
7.820000E0	5.250965E1	-2.156917E0
7.840000E0	5.255694E1	-2.324380E0
7.860000E0	5.261225E1	-2.439715E0
7.880000E0	5.264087E1	-2.459384E0
7.900000E0	5.267778E1	-2.447832E0
7.920000E0	5.274440E1	-2.465348E0
7.940000E0	5.282254E1	-2.469073E0
7.960000E0	5.317566E1	-2.514717E0
7.980000E0	5.331998E1	-2.516142E0
8.000000E0	5.367630E1	-2.551527E0
8.020000E0	5.368076E1	-2.563767E0
8.040000E0	5.359326E1	-2.544940E0
8.060000E0	5.358618E1	-2.458457E0
8.080000E0	5.361194E1	-2.411260E0
8.100000E0	5.362476E1	-2.448411E0
8.120000E0	5.357645E1	-2.552956E0
8.140000E0	5.353135E1	-2.676296E0
8.160000E0	5.356698E1	-2.662131E0
8.180000E0	5.384137E1	-2.460560E0
8.200000E0	5.413842E1	-2.006151E0
8.220000E0	5.441685E1	-1.563314E0
8.240000E0	5.439675E1	-1.379161E0
8.260000E0	5.406090E1	-1.455775E0
8.280000E0	5.417919E1	-1.731010E0
8.300000E0	5.452733E1	-2.337211E0
8.320000E0	5.457810E1	-2.715557E0
8.340000E0	5.460608E1	-2.700401E0
8.360000E0	5.474139E1	-2.414034E0
8.380000E0	5.494637E1	-2.053043E0
8.400000E0	5.507035E1	-1.946640E0
8.420000E0	5.520990E1	-2.079265E0
8.440000E0	5.554848E1	-2.305784E0
8.460000E0	5.600938E1	-2.551488E0
8.480000E0	5.654476E1	-2.679487E0
8.500000E0	5.684980E1	-2.746486E0
8.520000E0	5.678281E1	-2.607944E0
8.540000E0	5.662746E1	-2.246254E0
8.560000E0	5.659943E1	-2.149571E0
8.580000E0	5.704566E1	-2.136525E0
8.600000E0	5.759040E1	-2.258554E0
8.620000E0	5.808844E1	-2.514345E0
8.640000E0	5.816330E1	-2.540332E0
8.660000E0	5.837177E1	-2.479980E0
8.680000E0	5.845702E1	-2.413052E0
8.700000E0	5.889706E1	-2.294065E0
8.720000E0	5.939029E1	-2.148635E0
8.740000E0	5.981996E1	-2.053836E0
8.760000E0	6.017759E1	-1.895373E0
8.780000E0	6.064614E1	-1.672606E0
8.800000E0	6.085650E1	-1.597736E0
8.820000E0	6.109219E1	-1.701323E0
8.840000E0	6.140791E1	-2.084607E0
8.860000E0	6.153557E1	-2.267445E0
8.880000E0	6.188076E1	-2.236342E0
8.900000E0	6.231488E1	-2.157041E0
8.920000E0	6.255768E1	-2.051231E0
8.940000E0	6.261447E1	-2.034163E0
8.960000E0	6.240980E1	-1.872226E0
8.980000E0	6.217874E1	-1.692967E0
9.000000E0	6.232996E1	-1.459728E0
9.020000E0	6.240762E1	-1.465260E0
9.040000E0	6.232425E1	-1.565859E0
9.060000E0	6.223200E1	-1.926265E0
9.080000E0	6.231429E1	-2.224228E0
9.100000E0	6.267391E1	-2.254339E0
9.120000E0	6.316225E1	-2.185000E0
9.140000E0	6.305199E1	-1.837271E0
9.160000E0	6.294105E1	-1.774120E0
9.180000E0	6.287906E1	-1.872368E0
9.200000E0	6.286705E1	-2.037267E0
9.220000E0	6.288299E1	-2.041890E0
9.240000E0	6.291863E1	-1.972197E0
9.260000E0	6.286624E1	-2.017550E0
9.280000E0	6.284409E1	-2.034329E0
9.300000E0	6.281905E1	-2.071544E0
9.320000E0	6.269319E1	-2.041728E0
9.340000E0	6.273480E1	-2.112504E0
9.360000E0	6.283239E1	-2.174704E0
9.380000E0	6.312363E1	-2.176172E0
9.400000E0	6.321859E1	-2.194034E0
9.420000E0	6.341510E1	-2.177738E0
9.440000E0	6.354032E1	-2.101693E0
9.460000E0	6.405327E1	-1.944228E0
9.480000E0	6.427492E1	-1.746130E0
9.500000E0	6.452283E1	-1.428138E0
9.520000E0	6.463113E1	-1.221011E0
9.540000E0	6.476954E1	-1.177507E0
9.560000E0	6.520158E1	-1.293352E0
9.580000E0	6.567810E1	-1.815118E0
9.600000E0	6.594372E1	-2.265287E0
9.620000E0	6.589469E1	-2.335662E0
9.640000E0	6.590611E1	-2.266073E0
9.660000E0	6.603107E1	-1.717707E0
9.680000E0	6.634319E1	-1.360084E0
9.700000E0	6.682052E1	-1.244499E0
9.720000E0	6.685195E1	-1.179007E0
9.740000E0	6.690989E1	-1.276588E0
9.760000E0	6.712544E1	-1.502698E0
9.780000E0	6.756762E1	-1.679646E0
9.800000E0	6.805437E1	-1.836261E0
9.820000E0	6.871429E1	-2.170155E0
9.840000E0	6.915898E1	-2.371338E0
9.860000E0	6.916302E1	-2.469120E0
9.880000E0	6.892970E1	-2.418096E0
9.900000E0	6.896258E1	-2.185122E0
9.920000E0	6.904121E1	-2.039719E0
9.940000E0	6.908344E1	-1.940364E0
9.960000E0	6.904021E1	-1.961376E0
9.980000E0	6.912415E1	-2.055938E0
1.000000E1	6.969196E1	-2.108243E0
1.002000E1	7.023515E1	-2.024395E0
1.004000E1	7.045795E1	-1.868315E0
1.006000E1	7.007990E1	-1.847809E0
1.008000E1	6.998889E1	-1.995172E0
1.010000E1	7.012978E1	-2.222653E0
1.012000E1	7.017182E1	-2.150346E0
1.014000E1	7.015301E1	-1.899634E0
1.016000E1	7.020924E1	-1.610286E0
1.018000E1	7.031436E1	-1.432103E0
1.020000E1	7.036925E1	-1.436681E0
1.022000E1	7.046604E1	-1.531449E0
1.024000E1	7.064257E1	-1.773875E0
1.026000E1	7.084493E1	-1.947171E0
1.028000E1	7.117341E1	-2.244948E0
1.030000E1	7.135443E1	-2.591427E0
1.032000E1	7.137875E1	-2.769119E0
1.034000E1	7.138000E1	-2.641826E0
1.036000E1	7.134878E1	-2.301425E0
1.038000E1	7.139787E1	-2.016348E0
1.040000E1	7.170988E1	-1.875990E0
1.042000E1	7.202745E1	-1.952422E0
1.044000E1	7.212306E1	-2.076456E0
1.046000E1	7.220591E1	-2.133092E0
1.048000E1	7.235119E1	-2.102263E0
1.050000E1	7.249883E1	-1.988420E0
1.052000E1	7.249893E1	-1.904907E0
1.054000E1	7.249273E1	-1.861748E0
1.056000E1	7.249471E1	-1.790651E0
1.058000E1	7.246229E1	-1.713017E0
1.060000E1	7.249714E1	-1.656054E0
1.062000E1	7.270993E1	-1.548339E0
1.064000E1	7.298464E1	-1.501807E0
1.066000E1	7.315707E1	-1.423213E0
1.068000E1	7.370486E1	-1.349924E0
1.070000E1	7.423499E1	-1.282462E0
1.072000E1	7.483550E1	-1.279988E0
1.074000E1	7.530738E1	-1.273058E0
1.076000E1	7.515142E1	-1.334195E0
1.078000E1	7.498565E1	-1.544952E0
1.080000E1	7.511687E1	-2.007846E0
1.082000E1	7.514753E1	-2.140799E0
1.084000E1	7.511221E1	-2.195231E0
1.086000E1	7.508515E1	-2.069266E0
1.088000E1	7.512436E1	-1.971358E0
1.090000E1	7.542353E1	-1.859484E0
1.092000E1	7.579737E1	-1.720877E0
1.094000E1	7.608595E1	-1.366302E0
1.096000E1	7.600947E1	-9.803698E-1
1.098000E1	7.588272E1	-7.728575E-1
1.100000E1	7.588885E1	-7.418032E-1
1.102000E1	7.601148E1	-1.019183E0
1.104000E1	7.608818E1	-1.636134E0
1.106000E1	7.621118E1	-2.214402E0
1.108000E1	7.645081E1	-2.232028E0
1.110000E1	7.690211E1	-2.144325E0
1.112000E1	7.704772E1	-1.894674E0
1.114000E1	7.695470E1	-1.944171E0
1.116000E1	7.684955E1	-2.282113E0
1.118000E1	7.699826E1	-2.485133E0
1.120000E1	7.735763E1	-2.543613E0
1.122000E1	7.788557E1	-2.563123E0
1.124000E1	7.854321E1	-2.596409E0
1.126000E1	7.940857E1	-2.616935E0
1.128000E1	7.978464E1	-2.490214E0
1.130000E1	7.992263E1	-2.020784E0
1.132000E1	7.993397E1	-1.439246E0
1.134000E1	8.026096E1	-1.374850E0
1.136000E1	8.071619E1	-1.578652E0
1.138000E1	8.088517E1	-2.189917E0
1.140000E1	8.097967E1	-2.431198E0
1.142000E1	8.102720E1	-2.430074E0
1.144000E1	8.116875E1	-2.132658E0
1.146000E1	8.128273E1	-1.768981E0
1.148000E1	8.136726E1	-1.533035E0
1.150000E1	8.154805E1	-1.408597E0
1.152000E1	8.165625E1	-1.377801E0
1.154000E1	8.188858E1	-1.374347E0
1.156000E1	8.226448E1	-1.502671E0
1.158000E1	8.262234E1	-1.765260E0
1.160000E1	8.282920E1	-1.985515E0
1.162000E1	8.295257E1	-2.201432E0
1.164000E1	8.306922E1	-2.225729E0
1.166000E1	8.312583E1	-2.136944E0
1.168000E1	8.316063E1	-2.097079E0
1.170000E1	8.312907E1	-2.094539E0
1.172000E1	8.309185E1	-2.101716E0
1.174000E1	8.307274E1	-2.066541E0
1.176000E1	8.302726E1	-2.087188E0
1.178000E1	8.296793E1	-2.175470E0
1.180000E1	8.293849E1	-2.260230E0
1.182000E1	8.285888E1	-2.314700E0
1.184000E1	8.288035E1	-2.332959E0
1.186000E1	8.301157E1	-2.181122E0
1.188000E1	8.317694E1	-1.690442E0
1.190000E1	8.311209E1	-1.540304E0
1.192000E1	8.308988E1	-1.474425E0
1.194000E1	8.307057E1	-1.485348E0
1.196000E1	8.315579E1	-1.429629E0
1.198000E1	8.325262E1	-1.125885E0
1.200000E1	8.341824E1	-9.702109E-1
1.202000E1	8.375125E1	-9.233260E-1
1.204000E1	8.384030E1	-9.315988E-1
1.206000E1	8.381040E1	-1.021819E0
1.208000E1	8.389356E1	-1.516137E0
1.210000E1	8.427274E1	-2.216017E0
1.212000E1	8.457365E1	-2.648754E0
1.214000E1	8.509657E1	-2.645778E0
1.216000E1	8.562622E1	-2.352740E0
1.218000E1	8.592199E1	-1.949128E0
1.220000E1	8.598344E1	-1.699713E0
1.222000E1	8.590208E1	-1.463283E0
1.224000E1	8.583728E1	-1.220943E0
1.226000E1	8.605898E1	-1.153653E0
1.228000E1	8.638974E1	-1.275832E0
1.230000E1	8.698088E1	-1.624835E0
1.232000E1	8.750150E1	-2.154120E0
1.234000E1	8.767442E1	-2.406663E0
1.236000E1	8.765300E1	-2.443437E0
1.238000E1	8.761360E1	-2.163477E0
1.240000E1	8.779578E1	-1.653679E0
1.242000E1	8.838664E1	-1.409489E0
1.244000E1	8.913158E1	-1.160251E0
1.246000E1	8.957624E1	-1.123285E0
1.248000E1	8.998559E1	-1.184985E0
1.250000E1	9.037378E1	-1.375835E0
1.252000E1	9.076919E1	-1.740752E0
1.254000E1	9.105966E1	-2.004728E0
1.256000E1	9.120757E1	-2.035241E0
1.258000E1	9.117136E1	-1.980813E0
1.260000E1	9.107210E1	-1.764283E0
1.262000E1	9.106955E1	-1.450427E0
1.264000E1	9.105177E1	-1.208674E0
1.266000E1	9.097246E1	-1.126002E0
1.268000E1	9.071413E1	-1.268848E0
1.270000E1	9.072383E1	-1.703859E0
1.272000E1	9.109584E1	-1.776339E0
1.274000E1	9.152229E1	-1.688318E0
1.276000E1	9.190116E1	-1.631076E0
1.278000E1	9.188928E1	-1.549216E0
1.280000E1	9.164827E1	-1.622199E0
1.282000E1	9.161429E1	-1.673350E0
1.284000E1	9.168156E1	-1.673802E0
1.286000E1	9.173685E1	-1.627326E0
1.288000E1	9.175986E1	-1.595690E0
1.290000E1	9.172814E1	-1.616269E0
1.292000E1	9.169452E1	-1.632736E0
1.294000E1	9.166145E1	-1.638816E0
1.296000E1	9.161930E1	-1.665164E0
1.298000E1	9.164538E1	-1.812454E0
1.300000E1	9.174618E1	-1.923725E0
1.302000E1	9.211745E1	-1.952673E0
1.304000E1	9.221600E1	-1.950043E0
1.306000E1	9.235626E1	-1.972448E0
1.308000E1	9.235534E1	-1.995706E0
1.310000E1	9.244652E1	-1.894721E0
1.312000E1	9.266163E1	-1.607602E0
1.314000E1	9.298732E1	-1.166543E0
1.316000E1	9.322626E1	-8.931274E-1
1.318000E1	9.363782E1	-9.006982E-1
1.320000E1	9.409791E1	-1.137924E0
1.322000E1	9.451053E1	-1.553573E0
1.324000E1	9.469749E1	-1.931224E0
1.326000E1	9.469116E1	-2.078035E0
1.328000E1	9.463442E1	-2.046060E0
1.330000E1	9.463040E1	-1.887938E0
1.332000E1	9.486049E1	-1.682598E0
1.334000E1	9.526809E1	-1.529055E0
1.336000E1	9.563967E1	-1.529836E0
1.338000E1	9.581295E1	-1.557621E0
1.340000E1	9.606249E1	-1.612339E0
1.342000E1	9.639699E1	-1.583524E0
1.344000E1	9.678453E1	-1.537664E0
1.346000E1	9.718276E1	-1.523250E0
1.348000E1	9.731430E1	-1.530450E0
1.350000E1	9.727033E1	-1.549391E0
1.352000E1	9.717693E1	-1.545403E0
1.354000E1	9.726692E1	-1.729913E0
1.356000E1	9.752984E1	-2.053066E0
1.358000E1	9.766901E1	-2.414996E0
1.360000E1	9.768604E1	-2.491092E0
1.362000E1	9.749911E1	-2.496583E0
1.364000E1	9.754302E1	-2.492568E0
1.366000E1	9.764263E1	-2.510244E0
1.368000E1	9.777599E1	-2.457759E0
1.370000E1	9.801388E1	-2.173951E0
1.372000E1	9.804475E1	-1.967734E0
1.374000E1	9.807974E1	-1.933291E0
1.376000E1	9.818139E1	-1.993602E0
1.378000E1	9.855857E1	-2.028050E0
1.380000E1	9.885098E1	-1.926459E0
1.382000E1	9.932638E1	-1.785607E0
1.384000E1	9.976818E1	-1.639290E0
1.386000E1	9.997757E1	-1.699309E0
1.388000E1	9.992918E1	-2.071914E0
1.390000E1	9.983919E1	-2.486718E0
1.392000E1	1.001486E2	-2.692824E0
1.394000E1	1.005340E2	-2.733489E0
1.396000E1	1.007302E2	-2.718480E0
1.398000E1	1.008663E2	-2.625620E0
1.400000E1	1.009354E2	-2.391959E0
1.402000E1	1.010359E2	-2.069309E0
1.404000E1	1.010889E2	-1.598791E0
1.406000E1	1.016153E2	-1.499369E0
1.408000E1	1.020723E2	-1.576202E0
1.410000E1	1.022972E2	-2.122393E0
1.412000E1	1.023347E2	-2.586808E0
1.414000E1	1.023815E2	-2.637302E0
1.416000E1	1.024829E2	-2.447288E0
1.418000E1	1.024972E2	-2.162677E0
1.420000E1	1.024656E2	-2.129091E0
1.422000E1	1.024306E2	-2.125121E0
1.424000E1	1.024454E2	-2.114845E0
1.426000E1	1.024286E2	-2.088409E0
1.428000E1	1.023964E2	-2.078768E0
1.430000E1	1.024097E2	-2.073480E0
1.432000E1	1.024390E2	-2.032075E0
1.434000E1	1.025343E2	-1.989357E0
1.436000E1	1.030464E2	-1.972739E0
1.438000E1	1.034623E2	-1.967325E0
1.440000E1	1.034761E2	-1.990841E0
1.442000E1	1.034154E2	-1.932094E0
1.444000E1	1.033733E2	-1.657076E0
1.446000E1	1.033737E2	-1.268414E0
1.448000E1	1.034084E2	-1.042482E0
1.450000E1	1.034273E2	-1.035072E0
1.452000E1	1.035728E2	-1.210836E0
1.454000E1	1.037035E2	-1.374700E0
1.456000E1	1.039098E2	-1.547544E0
1.458000E1	1.044324E2	-1.734417E0
1.460000E1	1.047266E2	-1.758084E0
1.462000E1	1.047212E2	-1.686595E0
1.464000E1	1.046923E2	-1.540801E0
1.466000E1	1.047919E2	-1.389647E0
1.468000E1	1.048812E2	-1.202431E0
1.470000E1	1.050269E2	-9.545948E-1
1.472000E1	1.052575E2	-9.009130E-1
1.474000E1	1.055009E2	-9.287695E-1
1.476000E1	1.055657E2	-9.602055E-1
1.478000E1	1.055445E2	-1.092343E0
1.480000E1	1.056536E2	-1.627154E0
1.482000E1	1.060906E2	-2.196468E0
1.484000E1	1.067460E2	-2.562708E0
1.486000E1	1.070152E2	-2.701808E0
1.488000E1	1.069543E2	-2.616701E0
1.490000E1	1.069486E2	-2.345992E0
1.492000E1	1.072565E2	-2.061224E0
1.494000E1	1.078305E2	-1.689363E0
1.496000E1	1.083582E2	-1.194378E0
1.498000E1	1.087989E2	-9.484772E-1
1.500000E1	1.092572E2	-9.758053E-1
1.502000E1	1.094371E2	-1.229819E0
1.504000E1	1.096344E2	-1.635162E0
1.506000E1	1.097085E2	-1.768178E0
1.508000E1	1.097281E2	-1.707654E0
1.510000E1	1.098388E2	-1.581429E0
1.512000E1	1.099297E2	-1.454416E0
1.514000E1	1.101441E2	-1.265071E0
1.516000E1	1.103026E2	-1.006552E0
1.518000E1	1.103418E2	-9.635712E-1
1.520000E1	1.105521E2	-9.763100E-1
1.522000E1	1.108900E2	-1.091648E0
1.524000E1	1.112145E2	-1.253248E0
1.526000E1	1.117436E2	-1.374278E0
1.528000E1	1.122246E2	-1.647178E0
1.530000E1	1.122159E2	-1.826160E0
1.532000E1	1.121590E2	-1.947576E0
1.534000E1	1.121977E2	-1.927158E0
1.536000E1	1.122180E2	-1.917097E0
1.538000E1	1.122358E2	-1.928379E0
1.540000E1	1.122460E2	-2.026592E0
1.542000E1	1.122521E2	-2.116360E0
1.544000E1	1.122297E2	-2.189327E0
1.546000E1	1.122600E2	-2.162529E0
1.548000E1	1.123034E2	-2.059171E0
1.550000E1	1.124032E2	-1.810548E0
1.552000E1	1.122945E2	-1.763577E0
1.554000E1	1.122751E2	-1.714827E0
1.556000E1	1.122748E2	-1.820905E0
1.558000E1	1.122905E2	-1.885028E0
1.560000E1	1.123199E2	-1.826198E0
1.562000E1	1.123826E2	-1.771041E0
1.564000E1	1.123670E2	-1.665273E0
1.566000E1	1.124251E2	-1.622081E0
1.568000E1	1.124037E2	-1.590475E0
1.570000E1	1.123870E2	-1.546222E0
1.572000E1	1.126204E2	-1.560931E0
1.574000E1	1.131396E2	-1.615250E0
1.576000E1	1.136543E2	-1.891669E0
1.578000E1	1.140374E2	-2.091189E0
1.580000E1	1.141082E2	-2.097911E0
1.582000E1	1.140431E2	-1.970898E0
1.584000E1	1.140233E2	-1.854905E0
1.586000E1	1.140594E2	-1.812415E0
1.588000E1	1.143782E2	-1.801006E0
1.590000E1	1.146842E2	-1.938311E0
1.592000E1	1.152168E2	-1.992046E0
1.594000E1	1.157230E2	-1.987496E0
1.596000E1	1.161866E2	-1.959256E0
1.598000E1	1.163118E2	-1.866803E0
1.600000E1	1.163806E2	-1.804627E0
1.602000E1	1.163378E2	-1.743489E0
1.604000E1	1.163257E2	-1.485178E0
1.606000E1	1.164882E2	-1.247520E0
1.608000E1	1.166078E2	-1.146670E0
1.610000E1	1.168336E2	-1.206107E0
1.612000E1	1.169448E2	-1.477696E0
1.614000E1	1.173754E2	-2.024383E0
1.616000E1	1.179187E2	-2.449742E0
1.618000E1	1.184952E2	-2.495187E0
1.620000E1	1.189946E2	-2.494181E0
1.622000E1	1.191984E2	-2.427634E0
1.624000E1	1.191489E2	-2.421298E0
1.626000E1	1.191381E2	-2.332936E0
1.628000E1	1.193864E2	-2.156260E0
1.630000E1	1.195901E2	-1.879454E0
1.632000E1	1.196442E2	-1.792561E0
1.634000E1	1.196432E2	-1.729865E0
1.636000E1	1.195965E2	-1.804688E0
1.638000E1	1.198393E2	-2.057237E0
1.640000E1	1.203442E2	-2.068794E0
1.642000E1	1.203828E2	-2.031060E0
1.644000E1	1.202527E2	-1.942635E0
1.646000E1	1.202988E2	-1.955802E0
1.648000E1	1.203461E2	-1.979402E0
1.650000E1	1.203442E2	-1.968062E0
1.652000E1	1.202792E2	-1.690884E0
1.654000E1	1.203868E2	-1.475247E0
1.656000E1	1.205112E2	-1.451257E0
1.658000E1	1.209427E2	-1.536082E0
1.660000E1	1.209778E2	-1.554184E0
1.662000E1	1.209556E2	-1.656256E0
1.664000E1	1.210388E2	-2.003441E0
1.666000E1	1.214082E2	-2.568958E0
1.668000E1	1.215191E2	-2.833859E0
1.670000E1	1.215049E2	-2.879086E0
1.672000E1	1.214692E2	-2.629460E0
1.674000E1	1.215219E2	-2.406306E0
1.676000E1	1.215208E2	-2.350335E0
1.678000E1	1.216496E2	-2.225095E0
1.680000E1	1.217606E2	-2.114500E0
1.682000E1	1.219140E2	-2.099037E0
1.684000E1	1.220813E2	-2.178717E0
1.686000E1	1.221655E2	-2.155384E0
1.688000E1	1.223365E2	-2.037810E0
1.690000E1	1.225876E2	-1.835977E0
1.692000E1	1.226051E2	-1.863951E0
1.694000E1	1.225957E2	-1.867323E0
1.696000E1	1.225845E2	-1.772905E0
1.698000E1	1.227099E2	-1.464698E0
1.700000E1	1.228815E2	-1.196495E0
1.702000E1	1.232248E2	-1.028445E0
1.704000E1	1.236105E2	-1.012769E0
1.706000E1	1.239509E2	-1.149646E0
1.708000E1	1.244163E2	-1.242280E0
1.710000E1	1.249491E2	-1.553405E0
1.712000E1	1.252577E2	-2.026798E0
1.714000E1	1.251368E2	-2.351041E0
1.716000E1	1.250968E2	-2.386973E0
1.718000E1	1.251871E2	-2.081661E0
1.720000E1	1.252246E2	-1.608201E0
1.722000E1	1.252218E2	-1.443581E0
1.724000E1	1.252806E2	-1.440204E0
1.726000E1	1.253891E2	-1.482438E0
1.728000E1	1.255677E2	-1.520822E0
1.730000E1	1.256675E2	-1.568834E0
1.732000E1	1.256883E2	-1.533612E0
1.734000E1	1.256956E2	-1.524369E0
1.736000E1	1.257692E2	-1.770556E0
1.738000E1	1.257576E2	-2.087448E0
1.740000E1	1.257321E2	-2.271154E0
1.742000E1	1.257231E2	-2.198669E0
1.744000E1	1.257689E2	-1.999761E0
1.746000E1	1.258154E2	-1.850615E0
1.748000E1	1.263106E2	-1.844858E0
1.750000E1	1.268202E2	-1.851417E0
1.752000E1	1.271139E2	-1.912405E0
1.754000E1	1.275164E2	-1.938389E0
1.756000E1	1.280022E2	-2.014525E0
1.758000E1	1.283447E2	-2.285370E0
1.760000E1	1.285934E2	-2.632761E0
1.762000E1	1.285946E2	-2.785430E0
1.764000E1	1.285819E2	-2.707835E0
1.766000E1	1.285628E2	-2.242342E0
1.768000E1	1.285804E2	-1.684218E0
1.770000E1	1.287326E2	-1.217389E0
1.772000E1	1.290767E2	-1.133164E0
1.774000E1	1.293116E2	-1.228847E0
1.776000E1	1.295320E2	-1.428528E0
1.778000E1	1.299073E2	-1.571710E0
1.780000E1	1.301115E2	-1.517501E0
1.782000E1	1.302074E2	-1.504001E0
1.784000E1	1.302212E2	-1.608092E0
1.786000E1	1.302756E2	-1.875508E0
1.788000E1	1.302786E2	-2.024302E0
1.790000E1	1.302822E2	-1.977712E0
1.792000E1	1.302546E2	-1.943558E0
1.794000E1	1.302563E2	-1.953134E0
1.796000E1	1.303014E2	-1.991705E0
1.798000E1	1.304101E2	-2.011962E0
1.800000E1	1.308786E2	-2.033347E0
1.802000E1	1.312942E2	-2.117438E0
1.804000E1	1.315401E2	-2.165937E0
1.806000E1	1.315486E2	-2.134261E0
1.808000E1	1.314580E2	-2.060047E0
1.810000E1	1.314815E2	-2.006730E0
1.812000E1	1.315131E2	-1.998211E0
1.814000E1	1.315401E2	-2.011369E0
1.816000E1	1.315469E2	-2.054181E0
1.818000E1	1.315178E2	-2.157456E0
1.820000E1	1.315143E2	-2.189973E0
1.822000E1	1.315713E2	-2.150543E0
1.824000E1	1.318528E2	-1.911132E0
1.826000E1	1.319351E2	-1.273532E0
1.828000E1	1.320650E2	-6.878875E-1
1.830000E1	1.320775E2	-4.195640E-1
1.832000E1	1.320831E2	-4.797903E-1
1.834000E1	1.321422E2	-9.196572E-1
1.836000E1	1.322801E2	-1.253389E0
1.838000E1	1.323900E2	-1.463642E0
1.840000E1	1.329045E2	-1.650971E0
1.842000E1	1.332826E2	-1.746666E0
1.844000E1	1.333646E2	-1.801146E0
1.846000E1	1.333113E2	-1.921248E0
1.848000E1	1.336596E2	-1.959224E0
1.850000E1	1.341585E2	-2.009303E0
1.852000E1	1.346754E2	-2.047947E0
1.854000E1	1.351660E2	-2.029212E0
1.856000E1	1.351663E2	-1.910978E0
1.858000E1	1.350721E2	-1.726875E0
1.860000E1	1.349106E2	-1.404043E0
1.862000E1	1.349203E2	-1.197153E0
1.864000E1	1.353635E2	-1.260335E0
1.866000E1	1.358595E2	-1.681823E0
1.868000E1	1.365399E2	-2.177384E0
1.870000E1	1.368174E2	-2.322273E0
1.872000E1	1.368044E2	-2.325864E0
1.874000E1	1.367632E2	-1.972992E0
1.876000E1	1.369001E2	-1.677076E0
1.878000E1	1.373431E2	-1.466555E0
1.880000E1	1.379641E2	-1.268729E0
1.882000E1	1.385153E2	-1.110906E0
1.884000E1	1.387297E2	-1.098643E0
1.886000E1	1.390789E2	-1.224477E0
1.888000E1	1.394247E2	-1.560268E0
1.890000E1	1.396537E2	-1.809478E0
1.892000E1	1.400073E2	-1.926486E0
1.894000E1	1.401517E2	-1.887613E0
1.896000E1	1.401238E2	-1.844222E0
1.898000E1	1.400286E2	-1.547824E0
1.900000E1	1.400453E2	-1.232856E0
1.902000E1	1.400507E2	-1.058816E0
1.904000E1	1.400594E2	-1.087083E0
1.906000E1	1.400856E2	-1.405692E0
1.908000E1	1.402271E2	-1.696355E0
1.910000E1	1.402884E2	-1.811873E0
1.912000E1	1.407094E2	-1.884409E0
1.914000E1	1.407017E2	-1.826172E0
1.916000E1	1.405783E2	-1.711760E0
1.918000E1	1.405986E2	-1.701398E0
1.920000E1	1.406344E2	-1.773072E0
1.922000E1	1.406867E2	-1.730943E0
1.924000E1	1.406823E2	-1.666847E0
1.926000E1	1.407110E2	-1.630098E0
1.928000E1	1.406964E2	-1.615499E0
1.930000E1	1.406918E2	-1.601656E0
1.932000E1	1.406458E2	-1.593031E0
1.934000E1	1.406302E2	-1.645432E0
1.936000E1	1.407391E2	-1.777087E0
1.938000E1	1.410503E2	-1.806464E0
1.940000E1	1.413116E2	-1.853887E0
1.942000E1	1.416204E2	-1.751842E0
1.944000E1	1.420230E2	-1.602765E0
1.946000E1	1.423138E2	-1.524630E0
1.948000E1	1.424425E2	-1.486590E0
1.950000E1	1.423997E2	-1.280512E0
1.952000E1	1.423667E2	-8.280240E-1
1.954000E1	1.423748E2	-7.015456E-1
1.956000E1	1.428446E2	-7.104913E-1
1.958000E1	1.434494E2	-1.298044E0
1.960000E1	1.438647E2	-1.905412E0
1.962000E1	1.438774E2	-2.145017E0
1.964000E1	1.438604E2	-1.900292E0
1.966000E1	1.438238E2	-1.315638E0
1.968000E1	1.440400E2	-8.282445E-1
1.970000E1	1.443639E2	-6.011745E-1
1.972000E1	1.447191E2	-5.545206E-1
1.974000E1	1.448464E2	-7.958576E-1
1.976000E1	1.450648E2	-1.263947E0
1.978000E1	1.453053E2	-1.530342E0
1.980000E1	1.457220E2	-1.634180E0
1.982000E1	1.462946E2	-1.795074E0
1.984000E1	1.468894E2	-1.867110E0
1.986000E1	1.471608E2	-2.037946E0
1.988000E1	1.470641E2	-2.068337E0
1.990000E1	1.470883E2	-2.032530E0
1.992000E1	1.472312E2	-1.912136E0
1.994000E1	1.473481E2	-1.769045E0
1.996000E1	1.473893E2	-1.594710E0
1.998000E1	1.473978E2	-1.539362E0
2.000000E1	1.475994E2	-1.593349E0
2.002000E1	1.481663E2	-1.613571E0
2.004000E1	1.487069E2	-1.575956E0
2.006000E1	1.488715E2	-1.271175E0
2.008000E1	1.486704E2	-1.168649E0
2.010000E1	1.486073E2	-1.318182E0
2.012000E1	1.488479E2	-1.570996E0
2.014000E1	1.488902E2	-1.615613E0
2.016000E1	1.488584E2	-1.580628E0
2.018000E1	1.488213E2	-1.320522E0
2.020000E1	1.488100E2	-1.113865E0
2.022000E1	1.488240E2	-1.052555E0
2.024000E1	1.488026E2	-1.052269E0
2.026000E1	1.487799E2	-1.150885E0
2.028000E1	1.490904E2	-1.263838E0
2.030000E1	1.496297E2	-1.272971E0
2.032000E1	1.501067E2	-1.568254E0
2.034000E1	1.504024E2	-2.140736E0
2.036000E1	1.504074E2	-2.543586E0
2.038000E1	1.503375E2	-2.446834E0
2.040000E1	1.502429E2	-1.899420E0
2.042000E1	1.502681E2	-1.426967E0
2.044000E1	1.503774E2	-1.334204E0
2.046000E1	1.507678E2	-1.593520E0
2.048000E1	1.510821E2	-1.862655E0
2.050000E1	1.513606E2	-2.068037E0
2.052000E1	1.516180E2	-2.037738E0
2.054000E1	1.517504E2	-1.918921E0
2.056000E1	1.517322E2	-1.881754E0
2.058000E1	1.517624E2	-1.867686E0
2.060000E1	1.517664E2	-1.892495E0
2.062000E1	1.518174E2	-1.817333E0
2.064000E1	1.519384E2	-1.748588E0
2.066000E1	1.520266E2	-1.694847E0
2.068000E1	1.521362E2	-1.685608E0
2.070000E1	1.524044E2	-1.639001E0
2.072000E1	1.527464E2	-1.541438E0
2.074000E1	1.532407E2	-1.342803E0
2.076000E1	1.538834E2	-1.255103E0
2.078000E1	1.542151E2	-1.199723E0
2.080000E1	1.541604E2	-1.096901E0
2.082000E1	1.540220E2	-1.048095E0
2.084000E1	1.539996E2	-1.055894E0
2.086000E1	1.541494E2	-1.368293E0
2.088000E1	1.542822E2	-2.020621E0
2.090000E1	1.542930E2	-2.428631E0
2.092000E1	1.542898E2	-2.529856E0
2.094000E1	1.545739E2	-2.257679E0
2.096000E1	1.550775E2	-1.705830E0
2.098000E1	1.553741E2	-1.043105E0
2.100000E1	1.553003E2	-5.479420E-1
2.102000E1	1.551181E2	-4.361800E-1
2.104000E1	1.551349E2	-5.326867E-1
2.106000E1	1.551469E2	-1.067086E0
2.108000E1	1.551557E2	-1.463643E0
2.110000E1	1.554375E2	-1.960196E0
2.112000E1	1.557885E2	-2.131972E0
2.114000E1	1.561906E2	-2.053804E0
2.116000E1	1.562738E2	-1.997495E0
2.118000E1	1.562335E2	-2.113998E0
2.120000E1	1.564100E2	-2.464623E0
2.122000E1	1.569692E2	-2.614349E0
2.124000E1	1.577228E2	-2.729243E0
2.126000E1	1.583790E2	-2.584600E0
2.128000E1	1.588537E2	-2.249398E0
2.130000E1	1.588416E2	-1.837515E0
2.132000E1	1.586484E2	-1.600682E0
2.134000E1	1.586478E2	-1.556413E0
2.136000E1	1.588320E2	-1.829768E0
2.138000E1	1.590881E2	-2.177728E0
2.140000E1	1.591831E2	-2.272011E0
2.142000E1	1.592760E2	-2.110723E0
2.144000E1	1.594168E2	-1.652831E0
2.146000E1	1.594382E2	-1.231027E0
2.148000E1	1.594722E2	-1.104098E0
2.150000E1	1.598458E2	-1.099935E0
2.152000E1	1.602580E2	-1.254563E0
2.154000E1	1.604345E2	-1.404333E0
2.156000E1	1.604369E2	-1.587439E0
2.158000E1	1.605302E2	-1.763849E0
2.160000E1	1.606318E2	-1.849263E0
2.162000E1	1.606998E2	-1.884425E0
2.164000E1	1.608745E2	-1.893310E0
2.166000E1	1.611442E2	-1.945172E0
2.168000E1	1.611742E2	-1.969595E0
2.170000E1	1.611051E2	-1.980198E0
2.172000E1	1.610420E2	-1.979807E0
2.174000E1	1.610139E2	-1.988999E0
2.176000E1	1.609702E2	-2.021457E0
2.178000E1	1.609114E2	-2.089353E0
2.180000E1	1.608964E2	-2.138611E0
2.182000E1	1.609293E2	-2.158554E0
2.184000E1	1.609555E2	-2.141842E0
2.186000E1	1.610762E2	-1.892818E0
2.188000E1	1.611269E2	-1.530324E0
2.190000E1	1.611582E2	-1.157301E0
2.192000E1	1.611714E2	-8.776872E-1
2.194000E1	1.611568E2	-8.743099E-1
2.196000E1	1.611338E2	-9.235432E-1
2.198000E1	1.612822E2	-1.093206E0
2.200000E1	1.614578E2	-1.186476E0
2.202000E1	1.615959E2	-1.176962E0
2.204000E1	1.619178E2	-1.126814E0
2.206000E1	1.621319E2	-1.308864E0
2.208000E1	1.623773E2	-1.923638E0
2.210000E1	1.625717E2	-2.366230E0
2.212000E1	1.630381E2	-2.440239E0
2.214000E1	1.635060E2	-2.277812E0
2.216000E1	1.639196E2	-1.980210E0
2.218000E1	1.641166E2	-1.839194E0
2.220000E1	1.641665E2	-1.864114E0
2.222000E1	1.641050E2	-1.803297E0
2.224000E1	1.640092E2	-1.482649E0
2.226000E1	1.640788E2	-1.232055E0
2.228000E1	1.643471E2	-1.201797E0
2.230000E1	1.648739E2	-1.328389E0
2.232000E1	1.653903E2	-1.882101E0
2.234000E1	1.657591E2	-2.256336E0
2.236000E1	1.657372E2	-2.354487E0
2.238000E1	1.658099E2	-2.412063E0
2.240000E1	1.658810E2	-2.116080E0
2.242000E1	1.660329E2	-1.867947E0
2.244000E1	1.663451E2	-1.854632E0
2.246000E1	1.665946E2	-1.962661E0
2.248000E1	1.668024E2	-2.083920E0
2.250000E1	1.673562E2	-2.058873E0
2.252000E1	1.679786E2	-1.968663E0
2.254000E1	1.686550E2	-1.907344E0
2.256000E1	1.693468E2	-1.861935E0
2.258000E1	1.698825E2	-1.880174E0
2.260000E1	1.699126E2	-1.923136E0
2.262000E1	1.699519E2	-1.960670E0
2.264000E1	1.699726E2	-2.045702E0
2.266000E1	1.700092E2	-2.072797E0
2.268000E1	1.700179E2	-2.070440E0
2.270000E1	1.700347E2	-2.093178E0
2.272000E1	1.699093E2	-2.153276E0
2.274000E1	1.696203E2	-2.135152E0
2.276000E1	1.695414E2	-1.988195E0
2.278000E1	1.696894E2	-1.838473E0
2.280000E1	1.700366E2	-1.629311E0
2.282000E1	1.703866E2	-1.365376E0
2.284000E1	1.704410E2	-1.335165E0
2.286000E1	1.704503E2	-1.468033E0
2.288000E1	1.704891E2	-1.850019E0
2.290000E1	1.707127E2	-2.200570E0
2.292000E1	1.706891E2	-2.168260E0
2.294000E1	1.706412E2	-2.076716E0
2.296000E1	1.706242E2	-1.975492E0
2.298000E1	1.706050E2	-2.004458E0
2.300000E1	1.705478E2	-2.179555E0
2.302000E1	1.707619E2	-2.376692E0
2.304000E1	1.708501E2	-2.474697E0
2.306000E1	1.709365E2	-2.557353E0
2.308000E1	1.709841E2	-2.595514E0
2.310000E1	1.710264E2	-2.577081E0
2.312000E1	1.710708E2	-2.431770E0
2.314000E1	1.710916E2	-2.133917E0
2.316000E1	1.711520E2	-1.890015E0
2.318000E1	1.713243E2	-1.735478E0
2.320000E1	1.715480E2	-1.681285E0
2.322000E1	1.720192E2	-1.730010E0
2.324000E1	1.725181E2	-1.708605E0
2.326000E1	1.729790E2	-1.675088E0
2.328000E1	1.730713E2	-1.602422E0
2.330000E1	1.729924E2	-1.513376E0
2.332000E1	1.727515E2	-1.314554E0
2.334000E1	1.725803E2	-1.027069E0
2.336000E1	1.727941E2	-8.308782E-1
2.338000E1	1.732263E2	-1.126219E0
2.340000E1	1.736923E2	-1.719801E0
2.342000E1	1.740041E2	-2.112532E0
2.344000E1	1.743840E2	-2.040670E0
2.346000E1	1.747290E2	-1.652648E0
2.348000E1	1.752370E2	-1.404064E0
2.350000E1	1.756324E2	-1.196843E0
2.352000E1	1.756058E2	-1.136777E0
2.354000E1	1.754645E2	-1.135573E0
2.356000E1	1.754731E2	-1.237201E0
2.358000E1	1.755509E2	-1.339496E0
2.360000E1	1.757934E2	-1.688735E0
2.362000E1	1.759901E2	-1.879041E0
2.364000E1	1.760564E2	-1.924795E0
2.366000E1	1.760732E2	-1.944901E0
2.368000E1	1.761510E2	-1.870260E0
2.370000E1	1.763714E2	-1.594956E0
2.372000E1	1.765535E2	-1.268665E0
2.374000E1	1.767579E2	-1.045367E0
2.376000E1	1.768949E2	-9.089665E-1
2.378000E1	1.770085E2	-9.238729E-1
2.380000E1	1.771731E2	-1.001587E0
2.382000E1	1.773174E2	-1.120532E0
2.384000E1	1.773302E2	-1.395204E0
2.386000E1	1.772987E2	-1.475210E0
2.388000E1	1.772706E2	-1.489033E0
2.390000E1	1.771615E2	-1.427644E0
2.392000E1	1.771840E2	-1.430655E0
2.394000E1	1.772996E2	-1.443883E0
2.396000E1	1.776715E2	-1.525475E0
2.398000E1	1.780485E2	-1.664849E0
2.400000E1	1.785684E2	-1.720437E0
