	mass A		
t	x	y	
0.000000E0	1.019716E2	5.100855E1
2.000000E-2	1.019716E2	5.100855E1
4.000000E-2	1.021138E2	5.025334E1
6.000000E-2	1.024996E2	4.982941E1
8.000000E-2	1.025618E2	4.980756E1
1.000000E-1	1.027032E2	4.960805E1
1.200000E-1	1.031177E2	4.970349E1
1.400000E-1	1.033425E2	4.906271E1
1.600000E-1	1.038874E2	4.848153E1
1.800000E-1	1.045488E2	4.770214E1
2.000000E-1	1.054196E2	4.615199E1
2.200000E-1	1.059942E2	4.508892E1
2.400000E-1	1.061163E2	4.479454E1
2.600000E-1	1.061133E2	4.474326E1
2.800000E-1	1.061221E2	4.459986E1
3.000000E-1	1.062028E2	4.443026E1
3.200000E-1	1.065037E2	4.422172E1
3.400000E-1	1.065558E2	4.410390E1
3.600000E-1	1.067818E2	4.327100E1
3.800000E-1	1.069636E2	4.244766E1
4.000000E-1	1.070525E2	4.210510E1
4.200000E-1	1.071128E2	4.219019E1
4.400000E-1	1.071853E2	4.216556E1
4.600000E-1	1.072531E2	4.196273E1
4.800000E-1	1.076636E2	4.189030E1
5.000000E-1	1.081439E2	4.154759E1
5.200000E-1	1.080462E2	4.140762E1
5.400000E-1	1.079955E2	4.114850E1
5.600000E-1	1.079981E2	4.108764E1
5.800000E-1	1.079703E2	4.100699E1
6.000000E-1	1.079450E2	4.046016E1
6.200000E-1	1.079331E2	4.011953E1
6.400000E-1	1.081782E2	3.955096E1
6.600000E-1	1.083808E2	3.894763E1
6.800000E-1	1.087081E2	3.858518E1
7.000000E-1	1.093526E2	3.782811E1
7.200000E-1	1.100866E2	3.669305E1
7.400000E-1	1.104207E2	3.611582E1
7.600000E-1	1.100467E2	3.590562E1
7.800000E-1	1.097076E2	3.506029E1
8.000000E-1	1.098279E2	3.386973E1
8.200000E-1	1.100705E2	3.271587E1
8.400000E-1	1.101953E2	3.200446E1
8.600000E-1	1.105198E2	3.139619E1
8.800000E-1	1.109788E2	3.122397E1
9.000000E-1	1.109141E2	3.130724E1
9.200000E-1	1.108786E2	3.131638E1
9.400000E-1	1.108089E2	3.120911E1
9.600000E-1	1.107961E2	3.110083E1
9.800000E-1	1.109228E2	3.043002E1
1.000000E0	1.111057E2	2.957757E1
1.020000E0	1.116275E2	2.898715E1
1.040000E0	1.117224E2	2.890991E1
1.060000E0	1.119042E2	2.870956E1
1.080000E0	1.121471E2	2.814249E1
1.100000E0	1.126579E2	2.774728E1
1.120000E0	1.130167E2	2.675357E1
1.140000E0	1.134803E2	2.561814E1
1.160000E0	1.137094E2	2.491588E1
1.180000E0	1.137114E2	2.466010E1
1.200000E0	1.137291E2	2.416625E1
1.220000E0	1.136915E2	2.399207E1
1.240000E0	1.137048E2	2.394479E1
1.260000E0	1.137333E2	2.384375E1
1.280000E0	1.137446E2	2.336641E1
1.300000E0	1.139790E2	2.298639E1
1.320000E0	1.142578E2	2.262017E1
1.340000E0	1.143313E2	2.202584E1
1.360000E0	1.137764E2	2.170489E1
1.380000E0	1.138281E2	2.149510E1
1.400000E0	1.143173E2	2.116291E1
1.420000E0	1.145452E2	2.082620E1
1.440000E0	1.145314E2	2.082806E1
1.460000E0	1.145241E2	2.078727E1
1.480000E0	1.145931E2	2.069854E1
1.500000E0	1.145960E2	2.060603E1
1.520000E0	1.144590E2	2.017283E1
1.540000E0	1.143443E2	1.980011E1
1.560000E0	1.145968E2	1.935449E1
1.580000E0	1.147520E2	1.870138E1
1.600000E0	1.149209E2	1.823373E1
1.620000E0	1.150824E2	1.753465E1
1.640000E0	1.152297E2	1.665005E1
1.660000E0	1.153400E2	1.611764E1
1.680000E0	1.153123E2	1.611007E1
1.700000E0	1.152893E2	1.604545E1
1.720000E0	1.153075E2	1.574918E1
1.740000E0	1.154960E2	1.473862E1
1.760000E0	1.153119E2	1.315000E1
1.780000E0	1.151240E2	1.168777E1
1.800000E0	1.150758E2	1.065345E1
1.820000E0	1.151942E2	9.860394E0
1.840000E0	1.155580E2	9.769012E0
1.860000E0	1.155501E2	9.819902E0
1.880000E0	1.155345E2	9.855027E0
1.900000E0	1.154853E2	9.712979E0
1.920000E0	1.157180E2	8.992228E0
1.940000E0	1.158980E2	8.359478E0
1.960000E0	1.158827E2	7.504402E0
1.980000E0	1.161074E2	6.777770E0
2.000000E0	1.165433E2	6.567103E0
2.020000E0	1.168419E2	6.058231E0
2.040000E0	1.170174E2	5.349218E0
2.060000E0	1.171704E2	4.402153E0
2.080000E0	1.173163E2	3.831754E0
2.100000E0	1.176218E2	3.686866E0
2.120000E0	1.177612E2	3.085381E0
2.140000E0	1.175173E2	2.250733E0
2.160000E0	1.175180E2	2.173590E0
2.180000E0	1.174457E2	2.007589E0
2.200000E0	1.173789E2	1.464399E0
2.220000E0	1.173501E2	1.181891E0
2.240000E0	1.174284E2	6.667105E-1
2.260000E0	1.175009E2	6.595111E-1
2.280000E0	1.175174E2	5.057360E-1
2.300000E0	1.175066E2	-1.199940E-1
2.320000E0	1.172018E2	-7.408220E-1
2.340000E0	1.173147E2	-1.520665E0
2.360000E0	1.174144E2	-1.714871E0
2.380000E0	1.174265E2	-1.664198E0
2.400000E0	1.174367E2	-1.646937E0
2.420000E0	1.174185E2	-1.644899E0
2.440000E0	1.174164E2	-1.626515E0
2.460000E0	1.173910E2	-1.640707E0
2.480000E0	1.173045E2	-2.437754E0
2.500000E0	1.174437E2	-3.256045E0
2.520000E0	1.176362E2	-3.936257E0
2.540000E0	1.177713E2	-4.457396E0
2.560000E0	1.177364E2	-5.084651E0
2.580000E0	1.177793E2	-5.818897E0
2.600000E0	1.174873E2	-5.806542E0
2.620000E0	1.174696E2	-5.795859E0
2.640000E0	1.175794E2	-5.970274E0
2.660000E0	1.178953E2	-6.145468E0
2.680000E0	1.177838E2	-6.809514E0
2.700000E0	1.176572E2	-7.776555E0
2.720000E0	1.174600E2	-9.307556E0
2.740000E0	1.170363E2	-1.090316E1
2.760000E0	1.167387E2	-1.196224E1
2.780000E0	1.165461E2	-1.268560E1
2.800000E0	1.165438E2	-1.280781E1
2.820000E0	1.165977E2	-1.285422E1
2.840000E0	1.169826E2	-1.284786E1
2.860000E0	1.169964E2	-1.307306E1
2.880000E0	1.168143E2	-1.391253E1
2.900000E0	1.170808E2	-1.475240E1
2.920000E0	1.171993E2	-1.539594E1
2.940000E0	1.171277E2	-1.596500E1
2.960000E0	1.172723E2	-1.665358E1
2.980000E0	1.175299E2	-1.770801E1
3.000000E0	1.176759E2	-1.853969E1
3.020000E0	1.177068E2	-1.875239E1
3.040000E0	1.179446E2	-1.878544E1
3.060000E0	1.179035E2	-1.900095E1
3.080000E0	1.178881E2	-1.963171E1
3.100000E0	1.178427E2	-1.998646E1
3.120000E0	1.176672E2	-2.056587E1
3.140000E0	1.173726E2	-2.117795E1
3.160000E0	1.173279E2	-2.172986E1
3.180000E0	1.173918E2	-2.179821E1
3.200000E0	1.174342E2	-2.186955E1
3.220000E0	1.171768E2	-2.206799E1
3.240000E0	1.170401E2	-2.267028E1
3.260000E0	1.170813E2	-2.312331E1
3.280000E0	1.171597E2	-2.400086E1
3.300000E0	1.168389E2	-2.479850E1
3.320000E0	1.165932E2	-2.495773E1
3.340000E0	1.168417E2	-2.471541E1
3.360000E0	1.168798E2	-2.470376E1
3.380000E0	1.168261E2	-2.489395E1
3.400000E0	1.167150E2	-2.511028E1
3.420000E0	1.167456E2	-2.570142E1
3.440000E0	1.167836E2	-2.606455E1
3.460000E0	1.168239E2	-2.678522E1
3.480000E0	1.166935E2	-2.768073E1
3.500000E0	1.166367E2	-2.911803E1
3.520000E0	1.163343E2	-2.985818E1
3.540000E0	1.160332E2	-2.970464E1
3.560000E0	1.159900E2	-2.965254E1
3.580000E0	1.159696E2	-2.969881E1
3.600000E0	1.161191E2	-3.015445E1
3.620000E0	1.161980E2	-3.037408E1
3.640000E0	1.158893E2	-3.132721E1
3.660000E0	1.155727E2	-3.281566E1
3.680000E0	1.154386E2	-3.381041E1
3.700000E0	1.150088E2	-3.455657E1
3.720000E0	1.143390E2	-3.511389E1
3.740000E0	1.138790E2	-3.560217E1
3.760000E0	1.139250E2	-3.607197E1
3.780000E0	1.140900E2	-3.650879E1
3.800000E0	1.145043E2	-3.660889E1
3.820000E0	1.144420E2	-3.689485E1
3.840000E0	1.143228E2	-3.758856E1
3.860000E0	1.141005E2	-3.839054E1
3.880000E0	1.141619E2	-3.922320E1
3.900000E0	1.140502E2	-4.027755E1
3.920000E0	1.137284E2	-4.177267E1
3.940000E0	1.138517E2	-4.235425E1
3.960000E0	1.141714E2	-4.227388E1
3.980000E0	1.138654E2	-4.236941E1
4.000000E0	1.139382E2	-4.241349E1
4.020000E0	1.139703E2	-4.249959E1
4.040000E0	1.138799E2	-4.289903E1
4.060000E0	1.136678E2	-4.350286E1
4.080000E0	1.132582E2	-4.435205E1
4.100000E0	1.132067E2	-4.475078E1
4.120000E0	1.132055E2	-4.488019E1
4.140000E0	1.129383E2	-4.503222E1
4.160000E0	1.127222E2	-4.539009E1
4.180000E0	1.125680E2	-4.593411E1
4.200000E0	1.124516E2	-4.648261E1
4.220000E0	1.124910E2	-4.704272E1
4.240000E0	1.122678E2	-4.751525E1
4.260000E0	1.122489E2	-4.760817E1
4.280000E0	1.119673E2	-4.795716E1
4.300000E0	1.115906E2	-4.818215E1
4.320000E0	1.113314E2	-4.860882E1
4.340000E0	1.113551E2	-4.915447E1
4.360000E0	1.114201E2	-4.975924E1
4.380000E0	1.115317E2	-5.030252E1
4.400000E0	1.114536E2	-5.049906E1
4.420000E0	1.111560E2	-5.130960E1
4.440000E0	1.107985E2	-5.228200E1
4.460000E0	1.104498E2	-5.241036E1
4.480000E0	1.104276E2	-5.243216E1
4.500000E0	1.103890E2	-5.240380E1
4.520000E0	1.104132E2	-5.251359E1
4.540000E0	1.103543E2	-5.273156E1
4.560000E0	1.100559E2	-5.349376E1
4.580000E0	1.094837E2	-5.460565E1
4.600000E0	1.092166E2	-5.551843E1
4.620000E0	1.090669E2	-5.611592E1
4.640000E0	1.090904E2	-5.619509E1
4.660000E0	1.086380E2	-5.655455E1
4.680000E0	1.078530E2	-5.725614E1
4.700000E0	1.072608E2	-5.818468E1
4.720000E0	1.070491E2	-5.884965E1
4.740000E0	1.071389E2	-5.929533E1
4.760000E0	1.073940E2	-5.972945E1
4.780000E0	1.077897E2	-6.010743E1
4.800000E0	1.074865E2	-6.059090E1
4.820000E0	1.071946E2	-6.148477E1
4.840000E0	1.070721E2	-6.286671E1
4.860000E0	1.064339E2	-6.377606E1
4.880000E0	1.061581E2	-6.437455E1
4.900000E0	1.063836E2	-6.446841E1
4.920000E0	1.063935E2	-6.447443E1
4.940000E0	1.063686E2	-6.444193E1
4.960000E0	1.063423E2	-6.445845E1
4.980000E0	1.064047E2	-6.467522E1
5.000000E0	1.060861E2	-6.527015E1
5.020000E0	1.057928E2	-6.564101E1
5.040000E0	1.056816E2	-6.630905E1
5.060000E0	1.054891E2	-6.653629E1
5.080000E0	1.049688E2	-6.668214E1
5.100000E0	1.045665E2	-6.696188E1
5.120000E0	1.044686E2	-6.762338E1
5.140000E0	1.042190E2	-6.819292E1
5.160000E0	1.038659E2	-6.836825E1
5.180000E0	1.038620E2	-6.838766E1
5.200000E0	1.038883E2	-6.851309E1
5.220000E0	1.034561E2	-6.919182E1
5.240000E0	1.028411E2	-6.948623E1
5.260000E0	1.023100E2	-6.996425E1
5.280000E0	1.021275E2	-7.048578E1
5.300000E0	1.021727E2	-7.113511E1
5.320000E0	1.021629E2	-7.177883E1
5.340000E0	1.021020E2	-7.212414E1
5.360000E0	1.017383E2	-7.294469E1
5.380000E0	1.013855E2	-7.319226E1
5.400000E0	1.012539E2	-7.331525E1
5.420000E0	1.011809E2	-7.340641E1
5.440000E0	1.011447E2	-7.343326E1
5.460000E0	1.010284E2	-7.368843E1
5.480000E0	1.006297E2	-7.435074E1
5.500000E0	1.001002E2	-7.499161E1
5.520000E0	9.930692E1	-7.590121E1
5.540000E0	9.884921E1	-7.650377E1
5.560000E0	9.890935E1	-7.676537E1
5.580000E0	9.896269E1	-7.674839E1
5.600000E0	9.897570E1	-7.680680E1
5.620000E0	9.862558E1	-7.717057E1
5.640000E0	9.784976E1	-7.803524E1
5.660000E0	9.699123E1	-7.882317E1
5.680000E0	9.635518E1	-7.973572E1
5.700000E0	9.635425E1	-8.043000E1
5.720000E0	9.651071E1	-8.065915E1
5.740000E0	9.658418E1	-8.128120E1
5.760000E0	9.630353E1	-8.226709E1
5.780000E0	9.550178E1	-8.332686E1
5.800000E0	9.507334E1	-8.401297E1
5.820000E0	9.517334E1	-8.414487E1
5.840000E0	9.489420E1	-8.459762E1
5.860000E0	9.439839E1	-8.499794E1
5.880000E0	9.460551E1	-8.496180E1
5.900000E0	9.473731E1	-8.486274E1
5.920000E0	9.447669E1	-8.498047E1
5.940000E0	9.420608E1	-8.540439E1
5.960000E0	9.418650E1	-8.560348E1
5.980000E0	9.410416E1	-8.584422E1
6.000000E0	9.377464E1	-8.613370E1
6.020000E0	9.323455E1	-8.656835E1
6.040000E0	9.243618E1	-8.732634E1
6.060000E0	9.204381E1	-8.791691E1
6.080000E0	9.200529E1	-8.805819E1
6.100000E0	9.185743E1	-8.794199E1
6.120000E0	9.189334E1	-8.793415E1
6.140000E0	9.157521E1	-8.823746E1
6.160000E0	9.153969E1	-8.848732E1
6.180000E0	9.102136E1	-8.885972E1
6.200000E0	9.016667E1	-8.950062E1
6.220000E0	8.940411E1	-9.014705E1
6.240000E0	8.936460E1	-9.074553E1
6.260000E0	8.918766E1	-9.143407E1
6.280000E0	8.881254E1	-9.218305E1
6.300000E0	8.850370E1	-9.289503E1
6.320000E0	8.813226E1	-9.310454E1
6.340000E0	8.817508E1	-9.301068E1
6.360000E0	8.804955E1	-9.305595E1
6.380000E0	8.780481E1	-9.348142E1
6.400000E0	8.756164E1	-9.368192E1
6.420000E0	8.716019E1	-9.392507E1
6.440000E0	8.662828E1	-9.465879E1
6.460000E0	8.583415E1	-9.546670E1
6.480000E0	8.504151E1	-9.572342E1
6.500000E0	8.501721E1	-9.586430E1
6.520000E0	8.497167E1	-9.591222E1
6.540000E0	8.492157E1	-9.604219E1
6.560000E0	8.486597E1	-9.622845E1
6.580000E0	8.452305E1	-9.688511E1
6.600000E0	8.365125E1	-9.736486E1
6.620000E0	8.238805E1	-9.844884E1
6.640000E0	8.161145E1	-9.937865E1
6.660000E0	8.109230E1	-9.965944E1
6.680000E0	8.096887E1	-1.002595E2
6.700000E0	8.062124E1	-1.012670E2
6.720000E0	7.986777E1	-1.023568E2
6.740000E0	7.967070E1	-1.029534E2
6.760000E0	7.964294E1	-1.029495E2
6.780000E0	7.960577E1	-1.030203E2
6.800000E0	7.923315E1	-1.032210E2
6.820000E0	7.881586E1	-1.035333E2
6.840000E0	7.876576E1	-1.037137E2
6.860000E0	7.868231E1	-1.037441E2
6.880000E0	7.821333E1	-1.038947E2
6.900000E0	7.818972E1	-1.041099E2
6.920000E0	7.811924E1	-1.043778E2
6.940000E0	7.814496E1	-1.043644E2
6.960000E0	7.776954E1	-1.044194E2
6.980000E0	7.715657E1	-1.051412E2
7.000000E0	7.642867E1	-1.059965E2
7.020000E0	7.581925E1	-1.062115E2
7.040000E0	7.541860E1	-1.062440E2
7.060000E0	7.551152E1	-1.061508E2
7.080000E0	7.551380E1	-1.062820E2
7.100000E0	7.546716E1	-1.062733E2
7.120000E0	7.521740E1	-1.064139E2
7.140000E0	7.481901E1	-1.067812E2
7.160000E0	7.399144E1	-1.074539E2
7.180000E0	7.278683E1	-1.083964E2
7.200000E0	7.173757E1	-1.090368E2
7.220000E0	7.100120E1	-1.097749E2
7.240000E0	7.049467E1	-1.101484E2
7.260000E0	7.047376E1	-1.100836E2
7.280000E0	7.043981E1	-1.102338E2
7.300000E0	7.043674E1	-1.103637E2
7.320000E0	7.038361E1	-1.104742E2
7.340000E0	6.997472E1	-1.106520E2
7.360000E0	6.921685E1	-1.114962E2
7.380000E0	6.828026E1	-1.121943E2
7.400000E0	6.745973E1	-1.124880E2
7.420000E0	6.707274E1	-1.125879E2
7.440000E0	6.708790E1	-1.126179E2
7.460000E0	6.702207E1	-1.126493E2
7.480000E0	6.702414E1	-1.126887E2
7.500000E0	6.690462E1	-1.129341E2
7.520000E0	6.677347E1	-1.134421E2
7.540000E0	6.615168E1	-1.137043E2
7.560000E0	6.540245E1	-1.146403E2
7.580000E0	6.492319E1	-1.152237E2
7.600000E0	6.382541E1	-1.154580E2
7.620000E0	6.239992E1	-1.164012E2
7.640000E0	6.099137E1	-1.172973E2
7.660000E0	6.010773E1	-1.182406E2
7.680000E0	6.004769E1	-1.184948E2
7.700000E0	6.042807E1	-1.184396E2
7.720000E0	6.040335E1	-1.184674E2
7.740000E0	6.000099E1	-1.187002E2
7.760000E0	5.956637E1	-1.188927E2
7.780000E0	5.933276E1	-1.189350E2
7.800000E0	5.871821E1	-1.191142E2
7.820000E0	5.800441E1	-1.195022E2
7.840000E0	5.823347E1	-1.197043E2
7.860000E0	5.826438E1	-1.196200E2
7.880000E0	5.784729E1	-1.195502E2
7.900000E0	5.741800E1	-1.197171E2
7.920000E0	5.702056E1	-1.203462E2
7.940000E0	5.661911E1	-1.205376E2
7.960000E0	5.611170E1	-1.207701E2
7.980000E0	5.577295E1	-1.208867E2
8.000000E0	5.555066E1	-1.209051E2
8.020000E0	5.503986E1	-1.209748E2
8.040000E0	5.450886E1	-1.210668E2
8.060000E0	5.364341E1	-1.212994E2
8.080000E0	5.327426E1	-1.214404E2
8.100000E0	5.289591E1	-1.216559E2
8.120000E0	5.249064E1	-1.223827E2
8.140000E0	5.119150E1	-1.232190E2
8.160000E0	4.935003E1	-1.237919E2
8.180000E0	4.845215E1	-1.238772E2
8.200000E0	4.839551E1	-1.238718E2
8.220000E0	4.833536E1	-1.238789E2
8.240000E0	4.834605E1	-1.239546E2
8.260000E0	4.801186E1	-1.241232E2
8.280000E0	4.775031E1	-1.244167E2
8.300000E0	4.707148E1	-1.247583E2
8.320000E0	4.593626E1	-1.251937E2
8.340000E0	4.490201E1	-1.255972E2
8.360000E0	4.488776E1	-1.256957E2
8.380000E0	4.481367E1	-1.256608E2
8.400000E0	4.470771E1	-1.256470E2
8.420000E0	4.461489E1	-1.256528E2
8.440000E0	4.428050E1	-1.258399E2
8.460000E0	4.351985E1	-1.261132E2
8.480000E0	4.275701E1	-1.265863E2
8.500000E0	4.253082E1	-1.269211E2
8.520000E0	4.230805E1	-1.271879E2
8.540000E0	4.164941E1	-1.277456E2
8.560000E0	4.052438E1	-1.286898E2
8.580000E0	3.906674E1	-1.295185E2
8.600000E0	3.805869E1	-1.297569E2
8.620000E0	3.759966E1	-1.296888E2
8.640000E0	3.716490E1	-1.297035E2
8.660000E0	3.679612E1	-1.298446E2
8.680000E0	3.723618E1	-1.299919E2
8.700000E0	3.729186E1	-1.300165E2
8.720000E0	3.706061E1	-1.300595E2
8.740000E0	3.634404E1	-1.302842E2
8.760000E0	3.584733E1	-1.305314E2
8.780000E0	3.584609E1	-1.307128E2
8.800000E0	3.543098E1	-1.306653E2
8.820000E0	3.489140E1	-1.306974E2
8.840000E0	3.404867E1	-1.309947E2
8.860000E0	3.367874E1	-1.312574E2
8.880000E0	3.321073E1	-1.313449E2
8.900000E0	3.330240E1	-1.313255E2
8.920000E0	3.354724E1	-1.313237E2
8.940000E0	3.318870E1	-1.313521E2
8.960000E0	3.310354E1	-1.313835E2
8.980000E0	3.250214E1	-1.313565E2
9.000000E0	3.162248E1	-1.315019E2
9.020000E0	3.070132E1	-1.317005E2
9.040000E0	2.980838E1	-1.319705E2
9.060000E0	2.903916E1	-1.322590E2
9.080000E0	2.808575E1	-1.326423E2
9.100000E0	2.714987E1	-1.329438E2
9.120000E0	2.709601E1	-1.330286E2
9.140000E0	2.670800E1	-1.329760E2
9.160000E0	2.610148E1	-1.326936E2
9.180000E0	2.534652E1	-1.326855E2
9.200000E0	2.479041E1	-1.328686E2
9.220000E0	2.428018E1	-1.330211E2
9.240000E0	2.347061E1	-1.332818E2
9.260000E0	2.285903E1	-1.336169E2
9.280000E0	2.254634E1	-1.338011E2
9.300000E0	2.252837E1	-1.338400E2
9.320000E0	2.238637E1	-1.337595E2
9.340000E0	2.190271E1	-1.339103E2
9.360000E0	2.191216E1	-1.339882E2
9.380000E0	2.147401E1	-1.341217E2
9.400000E0	2.055220E1	-1.342926E2
9.420000E0	1.973145E1	-1.345737E2
9.440000E0	1.970475E1	-1.346597E2
9.460000E0	1.961513E1	-1.345333E2
9.480000E0	1.898743E1	-1.346401E2
9.500000E0	1.765842E1	-1.350873E2
9.520000E0	1.640966E1	-1.360891E2
9.540000E0	1.560553E1	-1.362643E2
9.560000E0	1.570667E1	-1.362900E2
9.580000E0	1.556192E1	-1.362872E2
9.600000E0	1.464253E1	-1.363635E2
9.620000E0	1.412342E1	-1.361798E2
9.640000E0	1.390237E1	-1.359834E2
9.660000E0	1.353180E1	-1.360940E2
9.680000E0	1.317021E1	-1.363393E2
9.700000E0	1.321052E1	-1.367755E2
9.720000E0	1.325572E1	-1.367360E2
9.740000E0	1.317315E1	-1.366599E2
9.760000E0	1.247208E1	-1.366910E2
9.780000E0	1.159477E1	-1.369751E2
9.800000E0	1.086288E1	-1.372272E2
9.820000E0	1.039753E1	-1.372076E2
9.840000E0	1.044819E1	-1.371490E2
9.860000E0	1.051510E1	-1.371918E2
9.880000E0	1.000112E1	-1.371234E2
9.900000E0	9.405961E0	-1.369907E2
9.920000E0	9.202676E0	-1.369564E2
9.940000E0	9.179792E0	-1.370107E2
9.960000E0	8.861317E0	-1.370329E2
9.980000E0	8.022611E0	-1.372192E2
1.000000E1	6.566790E0	-1.374794E2
1.002000E1	4.436255E0	-1.375648E2
1.004000E1	3.113987E0	-1.376461E2
1.006000E1	3.150211E0	-1.374475E2
1.008000E1	3.162106E0	-1.373246E2
1.010000E1	3.072734E0	-1.372572E2
1.012000E1	2.579956E0	-1.373907E2
1.014000E1	1.639919E0	-1.373875E2
1.016000E1	5.350603E-1	-1.370556E2
1.018000E1	-9.273018E-1	-1.366946E2
1.020000E1	-1.429336E0	-1.367359E2
1.022000E1	-1.443787E0	-1.367360E2
1.024000E1	-1.595586E0	-1.367545E2
1.026000E1	-1.549605E0	-1.367452E2
1.028000E1	-1.531160E0	-1.367479E2
1.030000E1	-1.995235E0	-1.370280E2
1.032000E1	-2.362716E0	-1.369973E2
1.034000E1	-3.286101E0	-1.371735E2
1.036000E1	-4.133376E0	-1.373431E2
1.038000E1	-4.268145E0	-1.373583E2
1.040000E1	-4.560873E0	-1.373449E2
1.042000E1	-5.563099E0	-1.373446E2
1.044000E1	-7.024347E0	-1.376648E2
1.046000E1	-7.959092E0	-1.378499E2
1.048000E1	-8.124307E0	-1.378517E2
1.050000E1	-8.347434E0	-1.379781E2
1.052000E1	-8.514445E0	-1.380057E2
1.054000E1	-8.960758E0	-1.381942E2
1.056000E1	-9.028459E0	-1.382667E2
1.058000E1	-9.017189E0	-1.382464E2
1.060000E1	-9.576482E0	-1.382331E2
1.062000E1	-1.059431E1	-1.381072E2
1.064000E1	-1.124892E1	-1.378485E2
1.066000E1	-1.153812E1	-1.375422E2
1.068000E1	-1.189088E1	-1.376455E2
1.070000E1	-1.225702E1	-1.378380E2
1.072000E1	-1.264428E1	-1.380575E2
1.074000E1	-1.314645E1	-1.381738E2
1.076000E1	-1.342548E1	-1.380748E2
1.078000E1	-1.339262E1	-1.381371E2
1.080000E1	-1.377532E1	-1.381372E2
1.082000E1	-1.428191E1	-1.379044E2
1.084000E1	-1.492444E1	-1.373740E2
1.086000E1	-1.541808E1	-1.373806E2
1.088000E1	-1.573200E1	-1.375003E2
1.090000E1	-1.586219E1	-1.376518E2
1.092000E1	-1.633309E1	-1.377542E2
1.094000E1	-1.720244E1	-1.378883E2
1.096000E1	-1.770608E1	-1.379113E2
1.098000E1	-1.783910E1	-1.378798E2
1.100000E1	-1.794780E1	-1.375130E2
1.102000E1	-1.849045E1	-1.371495E2
1.104000E1	-1.949793E1	-1.368447E2
1.106000E1	-2.046576E1	-1.369097E2
1.108000E1	-2.095333E1	-1.365484E2
1.110000E1	-2.144840E1	-1.365248E2
1.112000E1	-2.213943E1	-1.363891E2
1.114000E1	-2.263728E1	-1.364298E2
1.116000E1	-2.306533E1	-1.363695E2
1.118000E1	-2.339907E1	-1.357557E2
1.120000E1	-2.379161E1	-1.354919E2
1.122000E1	-2.426133E1	-1.352334E2
1.124000E1	-2.456860E1	-1.353334E2
1.126000E1	-2.506804E1	-1.354616E2
1.128000E1	-2.549197E1	-1.356614E2
1.130000E1	-2.597366E1	-1.358020E2
1.132000E1	-2.622328E1	-1.357866E2
1.134000E1	-2.662316E1	-1.358563E2
1.136000E1	-2.792409E1	-1.358688E2
1.138000E1	-2.948003E1	-1.356734E2
1.140000E1	-2.995812E1	-1.356894E2
1.142000E1	-2.997992E1	-1.356491E2
1.144000E1	-3.004503E1	-1.355231E2
1.146000E1	-3.045233E1	-1.355197E2
1.148000E1	-3.046974E1	-1.355012E2
1.150000E1	-3.041848E1	-1.354851E2
1.152000E1	-3.048101E1	-1.352061E2
1.154000E1	-3.098205E1	-1.352897E2
1.156000E1	-3.155861E1	-1.354608E2
1.158000E1	-3.189110E1	-1.355446E2
1.160000E1	-3.191737E1	-1.355263E2
1.162000E1	-3.243990E1	-1.351301E2
1.164000E1	-3.339029E1	-1.345835E2
1.166000E1	-3.448029E1	-1.341138E2
1.168000E1	-3.506292E1	-1.340892E2
1.170000E1	-3.561775E1	-1.340007E2
1.172000E1	-3.530464E1	-1.344890E2
1.174000E1	-3.513983E1	-1.345710E2
1.176000E1	-3.516910E1	-1.344514E2
1.178000E1	-3.581225E1	-1.338467E2
1.180000E1	-3.623245E1	-1.337349E2
1.182000E1	-3.662873E1	-1.338036E2
1.184000E1	-3.731800E1	-1.336664E2
1.186000E1	-3.829968E1	-1.333596E2
1.188000E1	-3.940599E1	-1.334144E2
1.190000E1	-4.032775E1	-1.333278E2
1.192000E1	-3.995593E1	-1.333381E2
1.194000E1	-3.941806E1	-1.331849E2
1.196000E1	-3.934363E1	-1.331441E2
1.198000E1	-3.988529E1	-1.331132E2
1.200000E1	-4.071803E1	-1.328062E2
1.202000E1	-4.136374E1	-1.325672E2
1.204000E1	-4.235182E1	-1.320018E2
1.206000E1	-4.360561E1	-1.314025E2
1.208000E1	-4.432975E1	-1.312153E2
1.210000E1	-4.440577E1	-1.310995E2
1.212000E1	-4.445386E1	-1.310234E2
1.214000E1	-4.448609E1	-1.310455E2
1.216000E1	-4.484765E1	-1.310109E2
1.218000E1	-4.537071E1	-1.311333E2
1.220000E1	-4.642199E1	-1.306788E2
1.222000E1	-4.767233E1	-1.300715E2
1.224000E1	-4.825261E1	-1.298872E2
1.226000E1	-4.823849E1	-1.298857E2
1.228000E1	-4.868085E1	-1.298942E2
1.230000E1	-4.973272E1	-1.298210E2
1.232000E1	-5.125983E1	-1.294321E2
1.234000E1	-5.186281E1	-1.296095E2
1.236000E1	-5.181140E1	-1.295845E2
1.238000E1	-5.189416E1	-1.294814E2
1.240000E1	-5.232080E1	-1.294264E2
1.242000E1	-5.229582E1	-1.293678E2
1.244000E1	-5.214069E1	-1.290745E2
1.246000E1	-5.243280E1	-1.289238E2
1.248000E1	-5.289470E1	-1.288911E2
1.250000E1	-5.297728E1	-1.289293E2
1.252000E1	-5.293039E1	-1.288215E2
1.254000E1	-5.284851E1	-1.287049E2
1.256000E1	-5.304531E1	-1.284371E2
1.258000E1	-5.374851E1	-1.284374E2
1.260000E1	-5.451537E1	-1.287211E2
1.262000E1	-5.488596E1	-1.287010E2
1.264000E1	-5.488575E1	-1.286925E2
1.266000E1	-5.534129E1	-1.283880E2
1.268000E1	-5.589891E1	-1.276589E2
1.270000E1	-5.661413E1	-1.268075E2
1.272000E1	-5.724910E1	-1.260992E2
1.274000E1	-5.792420E1	-1.259983E2
1.276000E1	-5.841117E1	-1.261507E2
1.278000E1	-5.885011E1	-1.263536E2
1.280000E1	-5.930352E1	-1.262824E2
1.282000E1	-6.031997E1	-1.256370E2
1.284000E1	-6.056052E1	-1.256005E2
1.286000E1	-6.028451E1	-1.255193E2
1.288000E1	-6.013229E1	-1.253333E2
1.290000E1	-6.070300E1	-1.247353E2
1.292000E1	-6.133398E1	-1.246550E2
1.294000E1	-6.173408E1	-1.247313E2
1.296000E1	-6.176683E1	-1.246605E2
1.298000E1	-6.220366E1	-1.246015E2
1.300000E1	-6.256119E1	-1.245313E2
1.302000E1	-6.260019E1	-1.244248E2
1.304000E1	-6.269620E1	-1.243194E2
1.306000E1	-6.299417E1	-1.238168E2
1.308000E1	-6.371119E1	-1.232541E2
1.310000E1	-6.449872E1	-1.228842E2
1.312000E1	-6.485749E1	-1.226375E2
1.314000E1	-6.521143E1	-1.224605E2
1.316000E1	-6.572994E1	-1.224828E2
1.318000E1	-6.631671E1	-1.224348E2
1.320000E1	-6.685344E1	-1.222528E2
1.322000E1	-6.793830E1	-1.216455E2
1.324000E1	-6.961074E1	-1.205276E2
1.326000E1	-7.074702E1	-1.197991E2
1.328000E1	-7.106560E1	-1.197974E2
1.330000E1	-7.107559E1	-1.201279E2
1.332000E1	-7.116457E1	-1.200075E2
1.334000E1	-7.125422E1	-1.199381E2
1.336000E1	-7.165132E1	-1.199337E2
1.338000E1	-7.130876E1	-1.198508E2
1.340000E1	-7.178799E1	-1.194026E2
1.342000E1	-7.230431E1	-1.193194E2
1.344000E1	-7.245864E1	-1.194007E2
1.346000E1	-7.242334E1	-1.193458E2
1.348000E1	-7.242054E1	-1.191861E2
1.350000E1	-7.256240E1	-1.189882E2
1.352000E1	-7.292851E1	-1.189582E2
1.354000E1	-7.314537E1	-1.187252E2
1.356000E1	-7.333320E1	-1.184906E2
1.358000E1	-7.339249E1	-1.184292E2
1.360000E1	-7.384124E1	-1.184715E2
1.362000E1	-7.386383E1	-1.184133E2
1.364000E1	-7.389306E1	-1.182921E2
1.366000E1	-7.434857E1	-1.178373E2
1.368000E1	-7.532124E1	-1.171658E2
1.370000E1	-7.678027E1	-1.158711E2
1.372000E1	-7.823611E1	-1.145739E2
1.374000E1	-7.954461E1	-1.135785E2
1.376000E1	-8.051522E1	-1.133570E2
1.378000E1	-8.056173E1	-1.134106E2
1.380000E1	-8.021395E1	-1.135287E2
1.382000E1	-8.014261E1	-1.135567E2
1.384000E1	-8.051718E1	-1.132103E2
1.386000E1	-8.122548E1	-1.131043E2
1.388000E1	-8.154707E1	-1.130646E2
1.390000E1	-8.183322E1	-1.121980E2
1.392000E1	-8.299471E1	-1.112695E2
1.394000E1	-8.361084E1	-1.111747E2
1.396000E1	-8.316602E1	-1.112648E2
1.398000E1	-8.307623E1	-1.113210E2
1.400000E1	-8.311693E1	-1.113823E2
1.402000E1	-8.334470E1	-1.114098E2
1.404000E1	-8.370064E1	-1.113441E2
1.406000E1	-8.426663E1	-1.106707E2
1.408000E1	-8.532311E1	-1.099736E2
1.410000E1	-8.611396E1	-1.095195E2
1.412000E1	-8.643691E1	-1.092654E2
1.414000E1	-8.695419E1	-1.086314E2
1.416000E1	-8.797395E1	-1.080864E2
1.418000E1	-8.911831E1	-1.073071E2
1.420000E1	-8.996813E1	-1.066966E2
1.422000E1	-9.006806E1	-1.066231E2
1.424000E1	-9.048624E1	-1.062733E2
1.426000E1	-9.072271E1	-1.053960E2
1.428000E1	-9.076480E1	-1.053979E2
1.430000E1	-9.074295E1	-1.055178E2
1.432000E1	-9.109651E1	-1.055800E2
1.434000E1	-9.131212E1	-1.053910E2
1.436000E1	-9.159729E1	-1.053307E2
1.438000E1	-9.184481E1	-1.052599E2
1.440000E1	-9.182143E1	-1.051472E2
1.442000E1	-9.186608E1	-1.049908E2
1.444000E1	-9.237701E1	-1.044085E2
1.446000E1	-9.278148E1	-1.044704E2
1.448000E1	-9.276051E1	-1.043813E2
1.450000E1	-9.273931E1	-1.043982E2
1.452000E1	-9.271227E1	-1.043565E2
1.454000E1	-9.264390E1	-1.042740E2
1.456000E1	-9.257249E1	-1.040276E2
1.458000E1	-9.266984E1	-1.033043E2
1.460000E1	-9.316432E1	-1.027002E2
1.462000E1	-9.358923E1	-1.027348E2
1.464000E1	-9.437690E1	-1.025140E2
1.466000E1	-9.528386E1	-1.020809E2
1.468000E1	-9.647058E1	-1.009409E2
1.470000E1	-9.749153E1	-9.953876E1
1.472000E1	-9.787890E1	-9.822403E1
1.474000E1	-9.803348E1	-9.741646E1
1.476000E1	-9.806199E1	-9.713947E1
1.478000E1	-9.865834E1	-9.671554E1
1.480000E1	-9.926552E1	-9.673607E1
1.482000E1	-9.929503E1	-9.668072E1
1.484000E1	-9.932585E1	-9.650616E1
1.486000E1	-9.984303E1	-9.596441E1
1.488000E1	-1.001732E2	-9.565709E1
1.490000E1	-1.000851E2	-9.564284E1
1.492000E1	-1.000723E2	-9.550770E1
1.494000E1	-1.001821E2	-9.485064E1
1.496000E1	-1.006936E2	-9.460120E1
1.498000E1	-1.010366E2	-9.457604E1
1.500000E1	-1.009244E2	-9.437179E1
1.502000E1	-1.009785E2	-9.437531E1
1.504000E1	-1.014348E2	-9.419098E1
1.506000E1	-1.018988E2	-9.363603E1
1.508000E1	-1.025408E2	-9.302112E1
1.510000E1	-1.037504E2	-9.195463E1
1.512000E1	-1.047389E2	-9.075772E1
1.514000E1	-1.048711E2	-9.042496E1
1.516000E1	-1.049241E2	-9.042704E1
1.518000E1	-1.049408E2	-9.028113E1
1.520000E1	-1.050018E2	-9.016344E1
1.522000E1	-1.051510E2	-9.010178E1
1.524000E1	-1.053920E2	-8.982409E1
1.526000E1	-1.058236E2	-8.917632E1
1.528000E1	-1.060078E2	-8.822843E1
1.530000E1	-1.060514E2	-8.796719E1
1.532000E1	-1.060662E2	-8.804441E1
1.534000E1	-1.062513E2	-8.808403E1
1.536000E1	-1.063836E2	-8.801322E1
1.538000E1	-1.067993E2	-8.799373E1
1.540000E1	-1.072247E2	-8.785617E1
1.542000E1	-1.073085E2	-8.752344E1
1.544000E1	-1.073174E2	-8.739594E1
1.546000E1	-1.073582E2	-8.737472E1
1.548000E1	-1.073735E2	-8.728914E1
1.550000E1	-1.075186E2	-8.672951E1
1.552000E1	-1.076988E2	-8.612052E1
1.554000E1	-1.079667E2	-8.557043E1
1.556000E1	-1.083208E2	-8.517598E1
1.558000E1	-1.086938E2	-8.479088E1
1.560000E1	-1.089803E2	-8.410798E1
1.562000E1	-1.096597E2	-8.354483E1
1.564000E1	-1.099159E2	-8.347366E1
1.566000E1	-1.098479E2	-8.342523E1
1.568000E1	-1.098035E2	-8.340908E1
1.570000E1	-1.098746E2	-8.319750E1
1.572000E1	-1.104418E2	-8.227024E1
1.574000E1	-1.107436E2	-8.078684E1
1.576000E1	-1.110227E2	-7.935727E1
1.578000E1	-1.116011E2	-7.835104E1
1.580000E1	-1.121606E2	-7.765493E1
1.582000E1	-1.122698E2	-7.793837E1
1.584000E1	-1.122195E2	-7.811524E1
1.586000E1	-1.122277E2	-7.811891E1
1.588000E1	-1.123090E2	-7.785271E1
1.590000E1	-1.128881E2	-7.736405E1
1.592000E1	-1.131169E2	-7.691434E1
1.594000E1	-1.133085E2	-7.597872E1
1.596000E1	-1.138190E2	-7.544230E1
1.598000E1	-1.143093E2	-7.535865E1
1.600000E1	-1.146609E2	-7.499405E1
1.602000E1	-1.151979E2	-7.431367E1
1.604000E1	-1.155834E2	-7.366744E1
1.606000E1	-1.159110E2	-7.354027E1
1.608000E1	-1.162814E2	-7.339967E1
1.610000E1	-1.164249E2	-7.261759E1
1.612000E1	-1.165688E2	-7.196230E1
1.614000E1	-1.165992E2	-7.183446E1
1.616000E1	-1.165643E2	-7.136022E1
1.618000E1	-1.166421E2	-7.108265E1
1.620000E1	-1.167814E2	-7.053656E1
1.622000E1	-1.170014E2	-7.055480E1
1.624000E1	-1.171469E2	-7.044942E1
1.626000E1	-1.171913E2	-7.026318E1
1.628000E1	-1.173497E2	-6.964870E1
1.630000E1	-1.175663E2	-6.885997E1
1.632000E1	-1.177510E2	-6.806416E1
1.634000E1	-1.179768E2	-6.798590E1
1.636000E1	-1.179561E2	-6.796450E1
1.638000E1	-1.178433E2	-6.806906E1
1.640000E1	-1.177985E2	-6.804044E1
1.642000E1	-1.178249E2	-6.800583E1
1.644000E1	-1.178113E2	-6.796055E1
1.646000E1	-1.179551E2	-6.725801E1
1.648000E1	-1.183366E2	-6.655399E1
1.650000E1	-1.187559E2	-6.579387E1
1.652000E1	-1.191199E2	-6.541168E1
1.654000E1	-1.194093E2	-6.473330E1
1.656000E1	-1.195341E2	-6.399985E1
1.658000E1	-1.194360E2	-6.387711E1
1.660000E1	-1.192433E2	-6.377645E1
1.662000E1	-1.192018E2	-6.372538E1
1.664000E1	-1.194474E2	-6.349844E1
1.666000E1	-1.198227E2	-6.308799E1
1.668000E1	-1.200827E2	-6.262135E1
1.670000E1	-1.204342E2	-6.176395E1
1.672000E1	-1.210496E2	-6.079215E1
1.674000E1	-1.212572E2	-5.996595E1
1.676000E1	-1.210171E2	-5.903098E1
1.678000E1	-1.209944E2	-5.822470E1
1.680000E1	-1.211266E2	-5.770912E1
1.682000E1	-1.213025E2	-5.740967E1
1.684000E1	-1.217777E2	-5.739947E1
1.686000E1	-1.221876E2	-5.716196E1
1.688000E1	-1.224242E2	-5.677719E1
1.690000E1	-1.227520E2	-5.621262E1
1.692000E1	-1.228915E2	-5.545360E1
1.694000E1	-1.235221E2	-5.483146E1
1.696000E1	-1.240430E2	-5.372958E1
1.698000E1	-1.243025E2	-5.265463E1
1.700000E1	-1.246809E2	-5.257635E1
1.702000E1	-1.247147E2	-5.275261E1
1.704000E1	-1.246505E2	-5.269727E1
1.706000E1	-1.247122E2	-5.264931E1
1.708000E1	-1.247990E2	-5.257361E1
1.710000E1	-1.249268E2	-5.203480E1
1.712000E1	-1.251374E2	-5.133482E1
1.714000E1	-1.253361E2	-5.075595E1
1.716000E1	-1.255453E2	-5.059852E1
1.718000E1	-1.254578E2	-5.035003E1
1.720000E1	-1.252686E2	-4.979896E1
1.722000E1	-1.253786E2	-4.919127E1
1.724000E1	-1.255447E2	-4.872719E1
1.726000E1	-1.257301E2	-4.813227E1
1.728000E1	-1.257845E2	-4.796168E1
1.730000E1	-1.258457E2	-4.776782E1
1.732000E1	-1.259871E2	-4.706139E1
1.734000E1	-1.257129E2	-4.625117E1
1.736000E1	-1.257147E2	-4.558337E1
1.738000E1	-1.257627E2	-4.529240E1
1.740000E1	-1.259273E2	-4.484954E1
1.742000E1	-1.263015E2	-4.450904E1
1.744000E1	-1.267024E2	-4.413189E1
1.746000E1	-1.270424E2	-4.346937E1
1.748000E1	-1.272130E2	-4.268377E1
1.750000E1	-1.270741E2	-4.216276E1
1.752000E1	-1.271175E2	-4.203439E1
1.754000E1	-1.271809E2	-4.199743E1
1.756000E1	-1.272701E2	-4.183887E1
1.758000E1	-1.273944E2	-4.117772E1
1.760000E1	-1.274608E2	-4.053582E1
1.762000E1	-1.275214E2	-3.952655E1
1.764000E1	-1.276331E2	-3.844765E1
1.766000E1	-1.276274E2	-3.793941E1
1.768000E1	-1.276878E2	-3.779197E1
1.770000E1	-1.277328E2	-3.772979E1
1.772000E1	-1.277533E2	-3.764701E1
1.774000E1	-1.277999E2	-3.756518E1
1.776000E1	-1.279641E2	-3.682744E1
1.778000E1	-1.281407E2	-3.541140E1
1.780000E1	-1.282275E2	-3.400897E1
1.782000E1	-1.284558E2	-3.309515E1
1.784000E1	-1.286335E2	-3.236575E1
1.786000E1	-1.290982E2	-3.200994E1
1.788000E1	-1.298453E2	-3.092835E1
1.790000E1	-1.301433E2	-3.018383E1
1.792000E1	-1.303248E2	-2.992557E1
1.794000E1	-1.303591E2	-2.981348E1
1.796000E1	-1.303710E2	-2.955629E1
1.798000E1	-1.304244E2	-2.886442E1
1.800000E1	-1.304445E2	-2.857276E1
1.802000E1	-1.304490E2	-2.837946E1
1.804000E1	-1.305174E2	-2.832423E1
1.806000E1	-1.304556E2	-2.818694E1
1.808000E1	-1.306665E2	-2.761102E1
1.810000E1	-1.307164E2	-2.754434E1
1.812000E1	-1.307045E2	-2.755863E1
1.814000E1	-1.307351E2	-2.705469E1
1.816000E1	-1.309548E2	-2.611066E1
1.818000E1	-1.310338E2	-2.514163E1
1.820000E1	-1.307760E2	-2.427580E1
1.822000E1	-1.307049E2	-2.426747E1
1.824000E1	-1.307566E2	-2.421534E1
1.826000E1	-1.307237E2	-2.409656E1
1.828000E1	-1.305657E2	-2.366105E1
1.830000E1	-1.306083E2	-2.311820E1
1.832000E1	-1.307188E2	-2.238411E1
1.834000E1	-1.307508E2	-2.119436E1
1.836000E1	-1.306902E2	-1.964571E1
1.838000E1	-1.307330E2	-1.856816E1
1.840000E1	-1.308199E2	-1.773199E1
1.842000E1	-1.308466E2	-1.740672E1
1.844000E1	-1.307657E2	-1.744520E1
1.846000E1	-1.307726E2	-1.731892E1
1.848000E1	-1.308984E2	-1.716316E1
1.850000E1	-1.309793E2	-1.691962E1
1.852000E1	-1.306389E2	-1.601834E1
1.854000E1	-1.306139E2	-1.472095E1
1.856000E1	-1.307407E2	-1.377974E1
1.858000E1	-1.307529E2	-1.329832E1
1.860000E1	-1.307115E2	-1.329767E1
1.862000E1	-1.306500E2	-1.325607E1
1.864000E1	-1.306010E2	-1.316595E1
1.866000E1	-1.305532E2	-1.307003E1
1.868000E1	-1.306009E2	-1.258057E1
1.870000E1	-1.308437E2	-1.216090E1
1.872000E1	-1.311102E2	-1.133693E1
1.874000E1	-1.313540E2	-1.056300E1
1.876000E1	-1.316276E2	-1.013843E1
1.878000E1	-1.316618E2	-9.318396E0
1.880000E1	-1.315992E2	-7.593692E0
1.882000E1	-1.315673E2	-5.329425E0
1.884000E1	-1.313303E2	-4.245171E0
1.886000E1	-1.312970E2	-4.095047E0
1.888000E1	-1.314446E2	-4.157537E0
1.890000E1	-1.316528E2	-4.054887E0
1.892000E1	-1.316482E2	-4.052418E0
1.894000E1	-1.316150E2	-4.010124E0
1.896000E1	-1.315685E2	-3.184539E0
1.898000E1	-1.316213E2	-2.485930E0
1.900000E1	-1.315335E2	-1.931392E0
1.902000E1	-1.314062E2	-1.748324E0
1.904000E1	-1.313574E2	-1.483914E0
1.906000E1	-1.312608E2	-1.033321E0
1.908000E1	-1.311946E2	-4.203152E-1
1.910000E1	-1.313861E2	-4.562501E-3
1.912000E1	-1.313176E2	4.671327E-1
1.914000E1	-1.313677E2	3.724836E-1
1.916000E1	-1.313558E2	4.396476E-1
1.918000E1	-1.313196E2	8.495836E-1
1.920000E1	-1.309781E2	1.531114E0
1.922000E1	-1.306096E2	2.314872E0
1.924000E1	-1.303469E2	3.146296E0
1.926000E1	-1.304335E2	3.843160E0
1.928000E1	-1.305570E2	4.341667E0
1.930000E1	-1.306401E2	5.113454E0
1.932000E1	-1.306637E2	6.283824E0
1.934000E1	-1.303895E2	7.312460E0
1.936000E1	-1.298845E2	7.661712E0
1.938000E1	-1.294112E2	7.814807E0
1.940000E1	-1.293848E2	7.998962E0
1.942000E1	-1.294301E2	8.426452E0
1.944000E1	-1.294187E2	8.741424E0
1.946000E1	-1.294260E2	9.535849E0
1.948000E1	-1.292981E2	1.034745E1
1.950000E1	-1.292953E2	1.114102E1
1.952000E1	-1.291818E2	1.126564E1
1.954000E1	-1.290705E2	1.143750E1
1.956000E1	-1.290861E2	1.157031E1
1.958000E1	-1.290957E2	1.155809E1
1.960000E1	-1.289900E2	1.205278E1
1.962000E1	-1.286447E2	1.294259E1
1.964000E1	-1.286381E2	1.370848E1
1.966000E1	-1.285896E2	1.428840E1
1.968000E1	-1.285599E2	1.434156E1
1.970000E1	-1.285368E2	1.463590E1
1.972000E1	-1.286262E2	1.567229E1
1.974000E1	-1.288935E2	1.737826E1
1.976000E1	-1.286692E2	1.847878E1
1.978000E1	-1.286748E2	1.851577E1
1.980000E1	-1.286303E2	1.848084E1
1.982000E1	-1.281774E2	1.929401E1
1.984000E1	-1.278173E2	1.980452E1
1.986000E1	-1.277296E2	1.986822E1
1.988000E1	-1.276389E2	2.019583E1
1.990000E1	-1.277788E2	2.077030E1
1.992000E1	-1.279652E2	2.089703E1
1.994000E1	-1.279897E2	2.088750E1
1.996000E1	-1.279212E2	2.089592E1
1.998000E1	-1.276329E2	2.132888E1
2.000000E1	-1.275872E2	2.228245E1
2.002000E1	-1.275159E2	2.310797E1
2.004000E1	-1.270833E2	2.386859E1
2.006000E1	-1.269419E2	2.402218E1
2.008000E1	-1.271392E2	2.377666E1
2.010000E1	-1.267609E2	2.402723E1
2.012000E1	-1.265163E2	2.486560E1
2.014000E1	-1.264275E2	2.496728E1
2.016000E1	-1.264670E2	2.504237E1
2.018000E1	-1.264855E2	2.518484E1
2.020000E1	-1.261910E2	2.604242E1
2.022000E1	-1.258141E2	2.751020E1
2.024000E1	-1.252078E2	2.924370E1
2.026000E1	-1.245866E2	3.039022E1
2.028000E1	-1.245344E2	3.043773E1
2.030000E1	-1.244332E2	3.041241E1
2.032000E1	-1.242361E2	3.058793E1
2.034000E1	-1.240686E2	3.134234E1
2.036000E1	-1.238142E2	3.191053E1
2.038000E1	-1.230881E2	3.287571E1
2.040000E1	-1.223117E2	3.405366E1
2.042000E1	-1.219609E2	3.479110E1
2.044000E1	-1.219820E2	3.482415E1
2.046000E1	-1.220233E2	3.483451E1
2.048000E1	-1.220158E2	3.482837E1
2.050000E1	-1.220776E2	3.489148E1
2.052000E1	-1.221687E2	3.530742E1
2.054000E1	-1.220107E2	3.557425E1
2.056000E1	-1.217453E2	3.635244E1
2.058000E1	-1.215489E2	3.733425E1
2.060000E1	-1.216399E2	3.750541E1
2.062000E1	-1.214453E2	3.763469E1
2.064000E1	-1.212282E2	3.845165E1
2.066000E1	-1.207072E2	4.003566E1
2.068000E1	-1.204221E2	4.102124E1
2.070000E1	-1.203645E2	4.125161E1
2.072000E1	-1.202022E2	4.153797E1
2.074000E1	-1.201556E2	4.155166E1
2.076000E1	-1.202572E2	4.218159E1
2.078000E1	-1.202216E2	4.217393E1
2.080000E1	-1.202052E2	4.213512E1
2.082000E1	-1.199169E2	4.258638E1
2.084000E1	-1.194895E2	4.341897E1
2.086000E1	-1.189830E2	4.413645E1
2.088000E1	-1.184594E2	4.432029E1
2.090000E1	-1.180457E2	4.449981E1
2.092000E1	-1.181765E2	4.508473E1
2.094000E1	-1.184064E2	4.570601E1
2.096000E1	-1.182993E2	4.620860E1
2.098000E1	-1.181671E2	4.634565E1
2.100000E1	-1.181452E2	4.631873E1
2.102000E1	-1.181578E2	4.645660E1
2.104000E1	-1.177744E2	4.692559E1
2.106000E1	-1.172835E2	4.716575E1
2.108000E1	-1.167692E2	4.761785E1
2.110000E1	-1.165375E2	4.800872E1
2.112000E1	-1.168714E2	4.824316E1
2.114000E1	-1.166022E2	4.879717E1
2.116000E1	-1.162900E2	4.966402E1
2.118000E1	-1.160041E2	5.011861E1
2.120000E1	-1.160182E2	5.019891E1
2.122000E1	-1.158975E2	5.013405E1
2.124000E1	-1.154277E2	5.039191E1
2.126000E1	-1.146555E2	5.119810E1
2.128000E1	-1.143375E2	5.205022E1
2.130000E1	-1.136475E2	5.243399E1
2.132000E1	-1.133235E2	5.301327E1
2.134000E1	-1.129776E2	5.363319E1
2.136000E1	-1.127653E2	5.414512E1
2.138000E1	-1.127830E2	5.424963E1
2.140000E1	-1.123863E2	5.443092E1
2.142000E1	-1.118643E2	5.486266E1
2.144000E1	-1.113486E2	5.510633E1
2.146000E1	-1.110537E2	5.556651E1
2.148000E1	-1.110566E2	5.605641E1
2.150000E1	-1.109410E2	5.677346E1
2.152000E1	-1.111123E2	5.704107E1
2.154000E1	-1.110368E2	5.729252E1
2.156000E1	-1.108943E2	5.749966E1
2.158000E1	-1.102790E2	5.873727E1
2.160000E1	-1.095054E2	6.035373E1
2.162000E1	-1.092876E2	6.101770E1
2.164000E1	-1.093959E2	6.096597E1
2.166000E1	-1.092068E2	6.088449E1
2.168000E1	-1.088841E2	6.119558E1
2.170000E1	-1.088948E2	6.125281E1
2.172000E1	-1.088314E2	6.124862E1
2.174000E1	-1.084384E2	6.126556E1
2.176000E1	-1.083068E2	6.156160E1
2.178000E1	-1.083919E2	6.229747E1
2.180000E1	-1.084279E2	6.254313E1
2.182000E1	-1.083081E2	6.270193E1
2.184000E1	-1.079678E2	6.290183E1
2.186000E1	-1.073532E2	6.358923E1
2.188000E1	-1.065278E2	6.448924E1
2.190000E1	-1.057177E2	6.524479E1
2.192000E1	-1.053215E2	6.551337E1
2.194000E1	-1.057997E2	6.545671E1
2.196000E1	-1.059032E2	6.547876E1
2.198000E1	-1.054615E2	6.560613E1
2.200000E1	-1.048993E2	6.585757E1
2.202000E1	-1.047826E2	6.613450E1
2.204000E1	-1.046372E2	6.666035E1
2.206000E1	-1.040626E2	6.729725E1
2.208000E1	-1.032525E2	6.824955E1
2.210000E1	-1.025719E2	6.936226E1
2.212000E1	-1.022824E2	7.007276E1
2.214000E1	-1.025376E2	6.979872E1
2.216000E1	-1.028201E2	6.922199E1
2.218000E1	-1.027742E2	6.936686E1
2.220000E1	-1.024255E2	7.004130E1
2.222000E1	-1.020855E2	7.049052E1
2.224000E1	-1.013900E2	7.090131E1
2.226000E1	-1.005566E2	7.184423E1
2.228000E1	-9.940843E1	7.285542E1
2.230000E1	-9.909837E1	7.314629E1
2.232000E1	-9.901659E1	7.308037E1
2.234000E1	-9.894714E1	7.311168E1
2.236000E1	-9.891150E1	7.317255E1
2.238000E1	-9.866788E1	7.342296E1
2.240000E1	-9.855629E1	7.386824E1
2.242000E1	-9.779180E1	7.473085E1
2.244000E1	-9.688147E1	7.564433E1
2.246000E1	-9.617216E1	7.590100E1
2.248000E1	-9.613092E1	7.602125E1
2.250000E1	-9.592218E1	7.659999E1
2.252000E1	-9.515657E1	7.779933E1
2.254000E1	-9.434068E1	7.887928E1
2.256000E1	-9.424713E1	7.939567E1
2.258000E1	-9.422986E1	7.928398E1
2.260000E1	-9.389967E1	7.938798E1
2.262000E1	-9.368441E1	7.958288E1
2.264000E1	-9.376793E1	7.960656E1
2.266000E1	-9.378587E1	7.952616E1
2.268000E1	-9.336620E1	7.969644E1
2.270000E1	-9.319876E1	8.002919E1
2.272000E1	-9.321755E1	8.014112E1
2.274000E1	-9.310068E1	8.005886E1
2.276000E1	-9.287373E1	7.985907E1
2.278000E1	-9.250227E1	8.010119E1
2.280000E1	-9.230952E1	8.089685E1
2.282000E1	-9.199628E1	8.168593E1
2.284000E1	-9.192965E1	8.182622E1
2.286000E1	-9.193784E1	8.190841E1
2.288000E1	-9.140279E1	8.218241E1
2.290000E1	-9.048044E1	8.251970E1
2.292000E1	-8.921897E1	8.290906E1
2.294000E1	-8.828036E1	8.351390E1
2.296000E1	-8.775043E1	8.398930E1
2.298000E1	-8.786284E1	8.467018E1
2.300000E1	-8.803915E1	8.525441E1
2.302000E1	-8.751780E1	8.554967E1
2.304000E1	-8.678763E1	8.598141E1
2.306000E1	-8.678826E1	8.598515E1
2.308000E1	-8.687005E1	8.571610E1
2.310000E1	-8.646008E1	8.579972E1
2.312000E1	-8.587305E1	8.629600E1
2.314000E1	-8.539527E1	8.689760E1
2.316000E1	-8.543842E1	8.694132E1
2.318000E1	-8.535170E1	8.701054E1
2.320000E1	-8.490075E1	8.723545E1
2.322000E1	-8.480478E1	8.759667E1
2.324000E1	-8.480791E1	8.771104E1
2.326000E1	-8.474184E1	8.770687E1
2.328000E1	-8.426528E1	8.788198E1
2.330000E1	-8.341502E1	8.820446E1
2.332000E1	-8.268522E1	8.889790E1
2.334000E1	-8.219772E1	8.917137E1
2.336000E1	-8.182205E1	8.969873E1
2.338000E1	-8.150649E1	9.008581E1
2.340000E1	-8.111354E1	9.038642E1
2.342000E1	-8.079697E1	9.095765E1
2.344000E1	-7.968244E1	9.192224E1
2.346000E1	-7.834684E1	9.300998E1
2.348000E1	-7.704409E1	9.336814E1
2.350000E1	-7.744221E1	9.346526E1
2.352000E1	-7.759259E1	9.355057E1
2.354000E1	-7.755565E1	9.358067E1
2.356000E1	-7.752543E1	9.363732E1
2.358000E1	-7.748651E1	9.378003E1
2.360000E1	-7.737977E1	9.393664E1
2.362000E1	-7.684157E1	9.419355E1
2.364000E1	-7.641581E1	9.469787E1
2.366000E1	-7.637376E1	9.471257E1
2.368000E1	-7.633839E1	9.468179E1
2.370000E1	-7.621595E1	9.465454E1
2.372000E1	-7.576699E1	9.479076E1
2.374000E1	-7.545991E1	9.523339E1
2.376000E1	-7.544298E1	9.530061E1
2.378000E1	-7.533110E1	9.528714E1
2.380000E1	-7.530970E1	9.529997E1
2.382000E1	-7.531570E1	9.532967E1
2.384000E1	-7.528524E1	9.536828E1
2.386000E1	-7.516923E1	9.547769E1
2.388000E1	-7.466382E1	9.587441E1
2.390000E1	-7.361737E1	9.666009E1
2.392000E1	-7.215896E1	9.736898E1
2.394000E1	-7.029068E1	9.833457E1
2.396000E1	-6.849915E1	9.931121E1
2.398000E1	-6.738346E1	9.994007E1
2.400000E1	-6.744829E1	9.993666E1
2.402000E1	-6.796519E1	9.983428E1
2.404000E1	-6.801663E1	9.982518E1
2.406000E1	-6.753909E1	9.991943E1
2.408000E1	-6.712631E1	1.002044E2
2.410000E1	-6.682056E1	1.005816E2
2.412000E1	-6.624929E1	1.006866E2
2.414000E1	-6.486725E1	1.010533E2
2.416000E1	-6.416154E1	1.017826E2
2.418000E1	-6.455907E1	1.016198E2
2.420000E1	-6.468266E1	1.014386E2
2.422000E1	-6.458298E1	1.014258E2
2.424000E1	-6.437883E1	1.015708E2
2.426000E1	-6.421339E1	1.017555E2
2.428000E1	-6.359151E1	1.021550E2
2.430000E1	-6.274660E1	1.029367E2
2.432000E1	-6.185698E1	1.033367E2
2.434000E1	-6.129331E1	1.035034E2
2.436000E1	-6.039771E1	1.038700E2
2.438000E1	-5.932110E1	1.047498E2
2.440000E1	-5.840435E1	1.055198E2
2.442000E1	-5.784730E1	1.057376E2
2.444000E1	-5.787372E1	1.058099E2
2.446000E1	-5.764459E1	1.059801E2
2.448000E1	-5.669164E1	1.060968E2
2.450000E1	-5.614745E1	1.060405E2
2.452000E1	-5.618453E1	1.059989E2
2.454000E1	-5.611449E1	1.060611E2
2.456000E1	-5.563385E1	1.065359E2
2.458000E1	-5.555988E1	1.066774E2
2.460000E1	-5.548220E1	1.068065E2
2.462000E1	-5.539505E1	1.067787E2
2.464000E1	-5.497844E1	1.068390E2
2.466000E1	-5.440412E1	1.070012E2
2.468000E1	-5.413462E1	1.074011E2
2.470000E1	-5.404626E1	1.074155E2
2.472000E1	-5.404060E1	1.073689E2
2.474000E1	-5.401367E1	1.073298E2
2.476000E1	-5.398495E1	1.073143E2
2.478000E1	-5.383383E1	1.072371E2
2.480000E1	-5.309634E1	1.072022E2
2.482000E1	-5.238272E1	1.072690E2
2.484000E1	-5.203108E1	1.076473E2
2.486000E1	-5.164914E1	1.084325E2
2.488000E1	-5.053584E1	1.091016E2
2.490000E1	-4.925035E1	1.099407E2
2.492000E1	-4.781432E1	1.101625E2
2.494000E1	-4.667089E1	1.099454E2
2.496000E1	-4.589117E1	1.096226E2
2.498000E1	-4.534692E1	1.096255E2
2.500000E1	-4.475427E1	1.098604E2
2.502000E1	-4.427469E1	1.103032E2
2.504000E1	-4.426937E1	1.104090E2
2.506000E1	-4.403317E1	1.105345E2
2.508000E1	-4.351239E1	1.106116E2
2.510000E1	-4.302789E1	1.107272E2
2.512000E1	-4.298060E1	1.107022E2
2.514000E1	-4.290989E1	1.106872E2
2.516000E1	-4.238497E1	1.107214E2
2.518000E1	-4.174842E1	1.108316E2
2.520000E1	-4.154366E1	1.110702E2
2.522000E1	-4.143930E1	1.110489E2
2.524000E1	-4.127056E1	1.111751E2
2.526000E1	-4.080310E1	1.113869E2
2.528000E1	-4.043388E1	1.116077E2
2.530000E1	-3.962660E1	1.120090E2
2.532000E1	-3.791745E1	1.128771E2
2.534000E1	-3.669532E1	1.132192E2
2.536000E1	-3.647928E1	1.131181E2
2.538000E1	-3.647413E1	1.130466E2
2.540000E1	-3.626561E1	1.129986E2
2.542000E1	-3.606983E1	1.130908E2
2.544000E1	-3.596993E1	1.130594E2
2.546000E1	-3.565053E1	1.131689E2
2.548000E1	-3.510369E1	1.133102E2
2.550000E1	-3.412418E1	1.134169E2
2.552000E1	-3.357516E1	1.133422E2
2.554000E1	-3.363353E1	1.133293E2
2.556000E1	-3.362500E1	1.134487E2
2.558000E1	-3.318546E1	1.136850E2
2.560000E1	-3.276229E1	1.140290E2
2.562000E1	-3.276197E1	1.141736E2
2.564000E1	-3.269905E1	1.141604E2
2.566000E1	-3.259437E1	1.141668E2
2.568000E1	-3.256681E1	1.141301E2
2.570000E1	-3.252365E1	1.140579E2
2.572000E1	-3.216413E1	1.139373E2
2.574000E1	-3.141627E1	1.140040E2
2.576000E1	-3.056364E1	1.141782E2
2.578000E1	-3.004800E1	1.142978E2
2.580000E1	-2.951950E1	1.143668E2
2.582000E1	-2.866791E1	1.145364E2
2.584000E1	-2.797957E1	1.145547E2
2.586000E1	-2.792025E1	1.145421E2
2.588000E1	-2.789902E1	1.145827E2
2.590000E1	-2.786128E1	1.145956E2
2.592000E1	-2.747338E1	1.146952E2
2.594000E1	-2.649635E1	1.148690E2
2.596000E1	-2.499688E1	1.146041E2
2.598000E1	-2.343529E1	1.144055E2
2.600000E1	-2.199397E1	1.145743E2
2.602000E1	-2.136643E1	1.147881E2
2.604000E1	-2.134604E1	1.148391E2
2.606000E1	-2.143847E1	1.149219E2
2.608000E1	-2.144745E1	1.149914E2
2.610000E1	-2.094277E1	1.150684E2
2.612000E1	-2.039808E1	1.152329E2
2.614000E1	-1.976542E1	1.154140E2
2.616000E1	-1.886077E1	1.154144E2
2.618000E1	-1.826655E1	1.155230E2
2.620000E1	-1.762646E1	1.157866E2
2.622000E1	-1.699911E1	1.162467E2
2.624000E1	-1.608953E1	1.164599E2
2.626000E1	-1.564597E1	1.165846E2
2.628000E1	-1.559591E1	1.166974E2
2.630000E1	-1.526910E1	1.169401E2
2.632000E1	-1.467326E1	1.168733E2
2.634000E1	-1.418807E1	1.169285E2
2.636000E1	-1.377172E1	1.168881E2
2.638000E1	-1.326282E1	1.164983E2
2.640000E1	-1.273380E1	1.165905E2
2.642000E1	-1.226845E1	1.167038E2
2.644000E1	-1.223602E1	1.167222E2
2.646000E1	-1.216345E1	1.167313E2
2.648000E1	-1.190189E1	1.166729E2
2.650000E1	-1.135840E1	1.167881E2
2.652000E1	-1.043075E1	1.169558E2
2.654000E1	-9.298957E0	1.166885E2
2.656000E1	-9.046196E0	1.166980E2
2.658000E1	-9.218292E0	1.168482E2
2.660000E1	-9.209227E0	1.168796E2
2.662000E1	-9.317870E0	1.168356E2
2.664000E1	-9.267218E0	1.168384E2
2.666000E1	-8.830372E0	1.169303E2
2.668000E1	-8.480042E0	1.170172E2
2.670000E1	-7.803845E0	1.171345E2
2.672000E1	-6.852603E0	1.171900E2
2.674000E1	-5.770503E0	1.173323E2
2.676000E1	-4.617457E0	1.174036E2
2.678000E1	-4.352042E0	1.172021E2
2.680000E1	-4.375863E0	1.170749E2
2.682000E1	-4.376013E0	1.169292E2
2.684000E1	-4.242198E0	1.169085E2
2.686000E1	-3.697773E0	1.170149E2
2.688000E1	-3.147006E0	1.170009E2
2.690000E1	-2.208029E0	1.171456E2
2.692000E1	-1.188287E0	1.172843E2
2.694000E1	-6.299989E-1	1.173757E2
2.696000E1	-5.161843E-1	1.174242E2
2.698000E1	-1.468238E-1	1.171181E2
2.700000E1	5.550461E-1	1.168715E2
2.702000E1	1.447036E0	1.164316E2
2.704000E1	2.026614E0	1.165812E2
2.706000E1	2.810088E0	1.167932E2
2.708000E1	3.212876E0	1.173956E2
2.710000E1	3.458594E0	1.175756E2
2.712000E1	4.026757E0	1.175676E2
2.714000E1	4.987672E0	1.175945E2
2.716000E1	6.379539E0	1.178465E2
2.718000E1	7.463356E0	1.178287E2
2.720000E1	7.949856E0	1.177546E2
2.722000E1	8.065140E0	1.178023E2
2.724000E1	8.125966E0	1.178317E2
2.726000E1	8.070211E0	1.178200E2
2.728000E1	8.049267E0	1.178374E2
2.730000E1	8.451243E0	1.179021E2
2.732000E1	8.886421E0	1.179115E2
2.734000E1	9.523823E0	1.178406E2
2.736000E1	9.990778E0	1.178884E2
2.738000E1	1.030847E1	1.178897E2
2.740000E1	1.061393E1	1.173264E2
2.742000E1	1.116894E1	1.171462E2
2.744000E1	1.170991E1	1.172281E2
2.746000E1	1.220244E1	1.171234E2
2.748000E1	1.256114E1	1.169750E2
2.750000E1	1.253959E1	1.169043E2
2.752000E1	1.294962E1	1.169613E2
2.754000E1	1.350396E1	1.168041E2
2.756000E1	1.415339E1	1.162309E2
2.758000E1	1.490718E1	1.157835E2
2.760000E1	1.534629E1	1.157896E2
2.762000E1	1.584109E1	1.159496E2
2.764000E1	1.659625E1	1.161585E2
2.766000E1	1.708303E1	1.162634E2
2.768000E1	1.801389E1	1.162917E2
2.770000E1	1.853807E1	1.160353E2
2.772000E1	1.864411E1	1.158405E2
2.774000E1	1.873896E1	1.159045E2
2.776000E1	1.900772E1	1.159489E2
2.778000E1	1.932800E1	1.159246E2
2.780000E1	2.000605E1	1.154682E2
2.782000E1	2.092465E1	1.152598E2
2.784000E1	2.193951E1	1.147686E2
2.786000E1	2.274028E1	1.145638E2
2.788000E1	2.291002E1	1.144706E2
2.790000E1	2.291473E1	1.144444E2
2.792000E1	2.303690E1	1.145003E2
2.794000E1	2.312336E1	1.144883E2
2.796000E1	2.362063E1	1.145889E2
2.798000E1	2.433493E1	1.145040E2
2.800000E1	2.585660E1	1.141112E2
2.802000E1	2.704248E1	1.136431E2
2.804000E1	2.779014E1	1.133190E2
2.806000E1	2.856793E1	1.132442E2
2.808000E1	2.952407E1	1.133464E2
2.810000E1	3.085404E1	1.135891E2
2.812000E1	3.132583E1	1.136375E2
2.814000E1	3.132269E1	1.136607E2
2.816000E1	3.135864E1	1.136451E2
2.818000E1	3.185855E1	1.136484E2
2.820000E1	3.234917E1	1.135163E2
2.822000E1	3.265267E1	1.131844E2
2.824000E1	3.293087E1	1.129856E2
2.826000E1	3.323808E1	1.129896E2
2.828000E1	3.336505E1	1.129972E2
2.830000E1	3.347664E1	1.130651E2
2.832000E1	3.348723E1	1.130449E2
2.834000E1	3.381569E1	1.129148E2
2.836000E1	3.453519E1	1.127814E2
2.838000E1	3.556354E1	1.125665E2
2.840000E1	3.623275E1	1.121609E2
2.842000E1	3.665387E1	1.116051E2
2.844000E1	3.672418E1	1.117024E2
2.846000E1	3.698759E1	1.115792E2
2.848000E1	3.712011E1	1.114150E2
2.850000E1	3.757979E1	1.110163E2
2.852000E1	3.807220E1	1.109047E2
2.854000E1	3.880874E1	1.107214E2
2.856000E1	4.026920E1	1.102599E2
2.858000E1	4.142996E1	1.094957E2
2.860000E1	4.248832E1	1.089242E2
2.862000E1	4.314259E1	1.088490E2
2.864000E1	4.320861E1	1.087334E2
2.866000E1	4.317275E1	1.087111E2
2.868000E1	4.314821E1	1.087238E2
2.870000E1	4.359789E1	1.088115E2
2.872000E1	4.409771E1	1.085874E2
2.874000E1	4.468696E1	1.078617E2
2.876000E1	4.616586E1	1.074007E2
2.878000E1	4.685996E1	1.071220E2
2.880000E1	4.686327E1	1.070999E2
2.882000E1	4.689516E1	1.070489E2
2.884000E1	4.688968E1	1.069833E2
2.886000E1	4.694186E1	1.068859E2
2.888000E1	4.741418E1	1.067365E2
2.890000E1	4.783724E1	1.065417E2
2.892000E1	4.868453E1	1.065318E2
2.894000E1	4.952101E1	1.066504E2
2.896000E1	5.013728E1	1.065736E2
2.898000E1	5.065795E1	1.065814E2
2.900000E1	5.187530E1	1.060152E2
2.902000E1	5.396384E1	1.050517E2
2.904000E1	5.532540E1	1.042690E2
2.906000E1	5.563631E1	1.036892E2
2.908000E1	5.567186E1	1.038612E2
2.910000E1	5.603703E1	1.040123E2
2.912000E1	5.611971E1	1.040703E2
2.914000E1	5.611240E1	1.041076E2
2.916000E1	5.629248E1	1.039531E2
2.918000E1	5.705050E1	1.035306E2
2.920000E1	5.761194E1	1.034253E2
2.922000E1	5.787091E1	1.032843E2
2.924000E1	5.793466E1	1.029906E2
2.926000E1	5.835952E1	1.024785E2
2.928000E1	5.886225E1	1.024531E2
2.930000E1	5.933768E1	1.022729E2
2.932000E1	5.963895E1	1.020894E2
2.934000E1	5.961929E1	1.019816E2
2.936000E1	5.959259E1	1.021736E2
2.938000E1	5.998736E1	1.021140E2
2.940000E1	6.021397E1	1.016874E2
2.942000E1	6.075754E1	1.010405E2
2.944000E1	6.143826E1	1.002777E2
2.946000E1	6.213438E1	9.977145E1
2.948000E1	6.282740E1	9.950016E1
2.950000E1	6.350491E1	9.925553E1
2.952000E1	6.455390E1	9.873089E1
2.954000E1	6.576071E1	9.812745E1
2.956000E1	6.643819E1	9.739825E1
2.958000E1	6.641131E1	9.683665E1
2.960000E1	6.628262E1	9.663014E1
2.962000E1	6.652699E1	9.657377E1
2.964000E1	6.701863E1	9.655466E1
2.966000E1	6.740245E1	9.628373E1
2.968000E1	6.806023E1	9.609970E1
2.970000E1	6.906939E1	9.551922E1
2.972000E1	6.947669E1	9.510147E1
2.974000E1	6.964554E1	9.484941E1
2.976000E1	6.981511E1	9.460294E1
2.978000E1	6.984767E1	9.457528E1
2.980000E1	6.997019E1	9.452889E1
2.982000E1	7.047832E1	9.405440E1
2.984000E1	7.111386E1	9.373078E1
2.986000E1	7.176692E1	9.332571E1
2.988000E1	7.209489E1	9.312932E1
2.990000E1	7.212391E1	9.304677E1
2.992000E1	7.264639E1	9.286867E1
2.994000E1	7.409005E1	9.244168E1
2.996000E1	7.564510E1	9.179122E1
2.998000E1	7.623208E1	9.121713E1
3.000000E1	7.624509E1	9.126900E1
3.002000E1	7.652990E1	9.080446E1
3.004000E1	7.714208E1	9.009549E1
3.006000E1	7.715483E1	9.008529E1
3.008000E1	7.711635E1	9.009153E1
3.010000E1	7.748981E1	9.006446E1
3.012000E1	7.796002E1	9.000938E1
3.014000E1	7.811558E1	8.995370E1
3.016000E1	7.813610E1	8.992483E1
3.018000E1	7.827758E1	8.935350E1
3.020000E1	7.874655E1	8.910577E1
3.022000E1	7.942222E1	8.847982E1
3.024000E1	8.009878E1	8.777233E1
3.026000E1	8.051530E1	8.744153E1
3.028000E1	8.030971E1	8.764853E1
3.030000E1	8.035952E1	8.773917E1
3.032000E1	8.080333E1	8.718093E1
3.034000E1	8.093258E1	8.697497E1
3.036000E1	8.102399E1	8.693698E1
3.038000E1	8.106390E1	8.693039E1
3.040000E1	8.166142E1	8.632872E1
3.042000E1	8.269446E1	8.565336E1
3.044000E1	8.388265E1	8.443581E1
3.046000E1	8.506324E1	8.316916E1
3.048000E1	8.584404E1	8.260971E1
3.050000E1	8.574767E1	8.256866E1
3.052000E1	8.573498E1	8.248243E1
3.054000E1	8.585381E1	8.224706E1
3.056000E1	8.645427E1	8.158492E1
3.058000E1	8.713049E1	8.066732E1
3.060000E1	8.742697E1	7.974831E1
3.062000E1	8.801869E1	7.908756E1
3.064000E1	8.856296E1	7.871473E1
3.066000E1	8.859626E1	7.871428E1
3.068000E1	8.865003E1	7.869420E1
3.070000E1	8.865497E1	7.866831E1
3.072000E1	8.870897E1	7.863527E1
3.074000E1	8.911194E1	7.843515E1
3.076000E1	8.959363E1	7.776188E1
3.078000E1	9.047258E1	7.720879E1
3.080000E1	9.089668E1	7.708815E1
3.082000E1	9.090939E1	7.702193E1
3.084000E1	9.096155E1	7.677208E1
3.086000E1	9.168667E1	7.597164E1
3.088000E1	9.295031E1	7.469542E1
3.090000E1	9.361005E1	7.410559E1
3.092000E1	9.369895E1	7.419447E1
3.094000E1	9.410980E1	7.414615E1
3.096000E1	9.433729E1	7.414496E1
3.098000E1	9.465382E1	7.411713E1
3.100000E1	9.458869E1	7.400090E1
3.102000E1	9.472396E1	7.332982E1
3.104000E1	9.510650E1	7.237937E1
3.106000E1	9.569247E1	7.166928E1
3.108000E1	9.577466E1	7.143172E1
3.110000E1	9.581419E1	7.140564E1
3.112000E1	9.601199E1	7.133344E1
3.114000E1	9.643313E1	7.103570E1
3.116000E1	9.691330E1	7.070011E1
3.118000E1	9.743825E1	7.009829E1
3.120000E1	9.746599E1	7.011317E1
3.122000E1	9.754891E1	7.016417E1
3.124000E1	9.782958E1	6.959742E1
3.126000E1	9.797607E1	6.895234E1
3.128000E1	9.812641E1	6.836291E1
3.130000E1	9.810149E1	6.837803E1
3.132000E1	9.841998E1	6.845243E1
3.134000E1	9.861703E1	6.832663E1
3.136000E1	9.917368E1	6.771177E1
3.138000E1	9.978237E1	6.713203E1
3.140000E1	1.003465E2	6.648993E1
3.142000E1	1.001905E2	6.641616E1
3.144000E1	1.000315E2	6.574745E1
3.146000E1	1.002345E2	6.502817E1
3.148000E1	1.007932E2	6.428379E1
3.150000E1	1.011163E2	6.364620E1
3.152000E1	1.011772E2	6.305345E1
3.154000E1	1.015275E2	6.238444E1
3.156000E1	1.021713E2	6.181579E1
3.158000E1	1.025351E2	6.119724E1
3.160000E1	1.024135E2	6.067367E1
3.162000E1	1.022034E2	6.044951E1
3.164000E1	1.022433E2	6.021423E1
3.166000E1	1.026369E2	6.011127E1
3.168000E1	1.029702E2	5.973751E1
3.170000E1	1.035232E2	5.960708E1
3.172000E1	1.041584E2	5.921021E1
3.174000E1	1.043293E2	5.897375E1
3.176000E1	1.046401E2	5.837888E1
3.178000E1	1.051740E2	5.757301E1
3.180000E1	1.061606E2	5.641729E1
3.182000E1	1.068159E2	5.584446E1
3.184000E1	1.068741E2	5.576127E1
3.186000E1	1.068875E2	5.564696E1
3.188000E1	1.069418E2	5.536819E1
3.190000E1	1.070178E2	5.533424E1
3.192000E1	1.070484E2	5.516355E1
3.194000E1	1.069933E2	5.505054E1
3.196000E1	1.074849E2	5.484504E1
3.198000E1	1.080156E2	5.445327E1
3.200000E1	1.081683E2	5.443695E1
3.202000E1	1.083135E2	5.396575E1
3.204000E1	1.084091E2	5.320466E1
3.206000E1	1.085329E2	5.236860E1
3.208000E1	1.087137E2	5.152903E1
3.210000E1	1.093338E2	5.091745E1
3.212000E1	1.097068E2	5.077956E1
3.214000E1	1.096483E2	5.134344E1
3.216000E1	1.097529E2	5.142689E1
3.218000E1	1.098584E2	5.095013E1
3.220000E1	1.098549E2	5.026580E1
3.222000E1	1.098422E2	4.988129E1
3.224000E1	1.101961E2	4.947471E1
3.226000E1	1.104233E2	4.871660E1
3.228000E1	1.110444E2	4.795777E1
3.230000E1	1.117985E2	4.716492E1
3.232000E1	1.123253E2	4.655196E1
3.234000E1	1.121447E2	4.656661E1
3.236000E1	1.118763E2	4.711898E1
3.238000E1	1.119029E2	4.704656E1
3.240000E1	1.121689E2	4.642893E1
3.242000E1	1.125633E2	4.569412E1
3.244000E1	1.127780E2	4.477971E1
3.246000E1	1.130563E2	4.339590E1
3.248000E1	1.133446E2	4.243926E1
3.250000E1	1.136715E2	4.201781E1
3.252000E1	1.136302E2	4.203501E1
3.254000E1	1.136000E2	4.204599E1
3.256000E1	1.136204E2	4.191319E1
3.258000E1	1.137141E2	4.144117E1
3.260000E1	1.138711E2	4.070957E1
