	mass A		
t	x	y	
0.000000E0	2.549453E-2	-5.098906E-2
2.000000E-2	2.810463E-1	-1.680792E-1
4.000000E-2	6.761359E-1	-2.052393E-1
6.000000E-2	1.108932E0	-2.478009E-1
8.000000E-2	1.210716E0	-4.077799E-1
1.000000E-1	1.184112E0	-5.369335E-1
1.200000E-1	1.071230E0	-4.366127E-1
1.400000E-1	9.843542E-1	-1.721505E-1
1.600000E-1	9.519289E-1	-2.711514E-2
1.800000E-1	9.673229E-1	-5.074444E-2
2.000000E-1	9.197704E-1	-7.241948E-2
2.200000E-1	9.297732E-1	5.033546E-2
2.400000E-1	9.729233E-1	1.440575E-2
2.600000E-1	9.983083E-1	-1.241687E-3
2.800000E-1	9.875452E-1	9.971190E-3
3.000000E-1	1.013342E0	-2.746278E-3
3.200000E-1	9.474226E-1	-1.100553E-1
3.400000E-1	8.938357E-1	-1.398384E-1
3.600000E-1	8.997407E-1	-2.459086E-2
3.800000E-1	8.941696E-1	6.401804E-3
4.000000E-1	9.156460E-1	4.676870E-3
4.200000E-1	9.329651E-1	-3.120543E-3
4.400000E-1	9.142590E-1	-8.150648E-3
4.600000E-1	9.283685E-1	3.166401E-3
4.800000E-1	9.401686E-1	-5.583245E-3
5.000000E-1	9.314345E-1	1.575549E-2
5.200000E-1	9.372388E-1	2.923165E-2
5.400000E-1	9.395245E-1	1.952017E-2
5.600000E-1	9.545494E-1	3.003731E-2
5.800000E-1	9.552861E-1	7.943115E-2
6.000000E-1	9.607424E-1	1.673749E-1
6.200000E-1	9.957012E-1	1.508965E-1
6.400000E-1	1.035188E0	2.036103E-1
6.600000E-1	1.063890E0	2.779407E-1
6.800000E-1	1.085673E0	3.676183E-1
7.000000E-1	1.167980E0	3.194088E-1
7.200000E-1	1.297721E0	2.494638E-1
7.400000E-1	1.547977E0	1.557936E-1
7.600000E-1	1.789142E0	2.064512E-2
7.800000E-1	2.003913E0	-2.032145E-1
8.000000E-1	2.154361E0	-4.046127E-1
8.200000E-1	2.180981E0	-5.088587E-1
8.400000E-1	2.279214E0	-2.604416E-1
8.600000E-1	2.223759E0	5.784463E-2
8.800000E-1	2.288686E0	4.057590E-1
9.000000E-1	2.388530E0	7.030591E-1
9.200000E-1	2.718405E0	5.155875E-1
9.400000E-1	3.096910E0	3.003861E-1
9.600000E-1	3.301791E0	2.103273E-1
9.800000E-1	3.258409E0	2.966377E-1
1.000000E0	3.120401E0	1.552195E-1
1.020000E0	2.995593E0	6.529429E-2
1.040000E0	2.977557E0	2.235983E-1
1.060000E0	2.982636E0	4.695726E-1
1.080000E0	2.990623E0	4.582946E-1
1.100000E0	2.997962E0	4.692480E-1
1.120000E0	3.044224E0	5.785531E-1
1.140000E0	3.126872E0	6.106758E-1
1.160000E0	3.158665E0	6.118375E-1
1.180000E0	3.139079E0	5.912773E-1
1.200000E0	3.089500E0	4.327795E-1
1.220000E0	3.023338E0	3.332785E-1
1.240000E0	2.989310E0	4.563797E-1
1.260000E0	3.010126E0	4.643504E-1
1.280000E0	2.989132E0	4.570651E-1
1.300000E0	3.004151E0	4.655598E-1
1.320000E0	3.011715E0	4.593245E-1
1.340000E0	3.023745E0	4.550094E-1
1.360000E0	3.005864E0	4.298683E-1
1.380000E0	2.991259E0	3.684512E-1
1.400000E0	2.951220E0	3.752789E-1
1.420000E0	2.920635E0	3.824298E-1
1.440000E0	2.940551E0	4.004048E-1
1.460000E0	2.956990E0	4.101655E-1
1.480000E0	2.980054E0	4.239550E-1
1.500000E0	2.986355E0	4.230911E-1
1.520000E0	2.991806E0	4.207630E-1
1.540000E0	3.000325E0	4.228318E-1
1.560000E0	3.004013E0	4.154476E-1
1.580000E0	3.045386E0	3.898810E-1
1.600000E0	3.058136E0	3.741461E-1
1.620000E0	3.139077E0	3.153760E-1
1.640000E0	3.260348E0	3.129040E-1
1.660000E0	3.487554E0	2.113638E-1
1.680000E0	3.592773E0	1.141741E-1
1.700000E0	3.736919E0	1.778718E-1
1.720000E0	3.912490E0	3.264376E-1
1.740000E0	3.958209E0	4.293421E-1
1.760000E0	3.994485E0	5.025265E-1
1.780000E0	4.042426E0	8.216700E-1
1.800000E0	4.171163E0	8.722405E-1
1.820000E0	4.403328E0	6.654780E-1
1.840000E0	4.705727E0	4.150532E-1
1.860000E0	5.034054E0	3.025974E-1
1.880000E0	5.301288E0	2.635993E-1
1.900000E0	5.287195E0	1.389969E-1
1.920000E0	5.219360E0	3.083493E-1
1.940000E0	5.226183E0	8.412666E-1
1.960000E0	5.219907E0	1.018897E0
1.980000E0	5.209413E0	9.846274E-1
2.000000E0	5.197841E0	1.005740E0
2.020000E0	5.246968E0	1.239468E0
2.040000E0	5.321516E0	1.333789E0
2.060000E0	5.365136E0	1.335222E0
2.080000E0	5.291412E0	1.215833E0
2.100000E0	5.280114E0	9.322698E-1
2.120000E0	5.202324E0	8.662732E-1
2.140000E0	5.091743E0	9.128823E-1
2.160000E0	5.095744E0	9.152497E-1
2.180000E0	5.072705E0	8.368730E-1
2.200000E0	5.088328E0	8.513286E-1
2.220000E0	5.078367E0	8.039585E-1
2.240000E0	5.082772E0	8.162051E-1
2.260000E0	5.097480E0	8.706931E-1
2.280000E0	5.101993E0	8.823892E-1
2.300000E0	5.106654E0	8.824945E-1
2.320000E0	5.079155E0	8.786532E-1
2.340000E0	5.036469E0	7.807984E-1
2.360000E0	5.021933E0	7.513223E-1
2.380000E0	5.038703E0	7.623014E-1
2.400000E0	5.055669E0	8.083229E-1
2.420000E0	5.053675E0	7.925464E-1
2.440000E0	5.075833E0	8.190001E-1
2.460000E0	5.087843E0	8.369208E-1
2.480000E0	5.095955E0	8.373785E-1
2.500000E0	5.103946E0	7.699685E-1
2.520000E0	5.101283E0	7.269896E-1
2.540000E0	5.135099E0	5.438750E-1
2.560000E0	5.194890E0	3.868952E-1
2.580000E0	5.230712E0	3.069374E-1
2.600000E0	5.263445E0	7.785587E-2
2.620000E0	5.315836E0	-2.768142E-2
2.640000E0	5.272831E0	-5.129681E-2
2.660000E0	5.236261E0	4.407154E-2
2.680000E0	5.234454E0	1.271319E-1
2.700000E0	5.225179E0	3.338075E-1
2.720000E0	5.225780E0	3.035254E-1
2.740000E0	5.292076E0	2.132583E-1
2.760000E0	5.511605E0	2.581693E-1
2.780000E0	5.763360E0	3.419201E-1
2.800000E0	5.950918E0	4.111325E-1
2.820000E0	6.062402E0	3.869448E-1
2.840000E0	6.069349E0	4.922885E-1
2.860000E0	6.112171E0	8.274069E-1
2.880000E0	6.089942E0	1.072739E0
2.900000E0	6.098887E0	1.126544E0
2.920000E0	6.111772E0	1.087262E0
2.940000E0	6.131590E0	1.171472E0
2.960000E0	6.220113E0	1.158825E0
2.980000E0	6.249381E0	1.210552E0
3.000000E0	6.231462E0	1.152450E0
3.020000E0	6.374641E0	9.581563E-1
3.040000E0	6.436242E0	7.273693E-1
3.060000E0	6.472973E0	8.981264E-1
3.080000E0	6.549345E0	1.099990E0
3.100000E0	6.573595E0	1.118907E0
3.120000E0	6.631803E0	1.112907E0
3.140000E0	6.662501E0	1.141469E0
3.160000E0	6.645814E0	1.459254E0
3.180000E0	6.653934E0	1.670295E0
3.200000E0	6.648466E0	1.541255E0
3.220000E0	6.742691E0	9.499855E-1
3.240000E0	6.708361E0	5.480266E-1
3.260000E0	6.633768E0	5.682212E-1
3.280000E0	6.545888E0	6.544101E-1
3.300000E0	6.577157E0	5.508609E-1
3.320000E0	6.573187E0	4.585497E-1
3.340000E0	6.608715E0	5.246441E-1
3.360000E0	6.619284E0	4.997380E-1
3.380000E0	6.628366E0	3.931384E-1
3.400000E0	6.640674E0	3.607732E-1
3.420000E0	6.644086E0	1.141521E-1
3.440000E0	6.729341E0	-1.390626E-1
3.460000E0	6.772564E0	-1.669775E-1
3.480000E0	6.854268E0	-3.947531E-1
3.500000E0	6.870264E0	-5.040849E-1
3.520000E0	6.857705E0	-4.877939E-1
3.540000E0	6.822028E0	-4.504692E-1
3.560000E0	6.800222E0	-2.903287E-1
3.580000E0	6.763569E0	6.780554E-3
3.600000E0	6.757013E0	-1.027635E-1
3.620000E0	6.801274E0	-3.256943E-1
3.640000E0	6.878326E0	-4.775495E-1
3.660000E0	6.961884E0	-4.775314E-1
3.680000E0	7.066007E0	-5.079298E-1
3.700000E0	7.086701E0	-5.293060E-1
3.720000E0	7.095152E0	-3.904965E-1
3.740000E0	7.067317E0	-1.495202E-1
3.760000E0	7.017794E0	-1.252265E-1
3.780000E0	7.005516E0	-9.034324E-2
3.800000E0	7.031583E0	5.764572E-2
3.820000E0	7.066125E0	1.822647E-2
3.840000E0	7.093570E0	3.972972E-2
3.860000E0	7.114597E0	8.872808E-2
3.880000E0	7.158557E0	1.377097E-1
3.900000E0	7.158120E0	1.094582E-1
3.920000E0	7.157665E0	9.980156E-2
3.940000E0	7.192440E0	3.499581E-1
3.960000E0	7.224146E0	4.834253E-1
3.980000E0	7.240231E0	5.535991E-1
4.000000E0	7.229938E0	5.764362E-1
4.020000E0	7.228284E0	5.902702E-1
4.040000E0	7.227275E0	6.558256E-1
4.060000E0	7.211273E0	7.043827E-1
4.080000E0	7.224149E0	6.561766E-1
4.100000E0	7.349709E0	4.287529E-1
4.120000E0	7.303847E0	2.811598E-1
4.140000E0	7.280070E0	3.425571E-1
4.160000E0	7.289585E0	4.784501E-1
4.180000E0	7.296019E0	5.827795E-1
4.200000E0	7.274251E0	5.656390E-1
4.220000E0	7.301792E0	5.861631E-1
4.240000E0	7.307093E0	6.570779E-1
4.260000E0	7.338720E0	8.100714E-1
4.280000E0	7.317408E0	8.710236E-1
4.300000E0	7.399260E0	7.120447E-1
4.320000E0	7.576389E0	1.829308E-1
4.340000E0	7.781732E0	-1.977466E-1
4.360000E0	7.857644E0	-2.488325E-1
4.380000E0	7.820275E0	-3.458418E-1
4.400000E0	7.798886E0	-5.140233E-1
4.420000E0	7.785041E0	-5.230025E-1
4.440000E0	7.772001E0	-5.157138E-1
4.460000E0	7.703207E0	-4.499058E-1
4.480000E0	7.702161E0	-1.428556E-1
4.500000E0	7.697884E0	-9.961036E-2
4.520000E0	7.790110E0	-2.282090E-1
4.540000E0	7.979975E0	-3.662264E-1
4.560000E0	8.195303E0	-5.289782E-1
4.580000E0	8.193234E0	-5.516782E-1
4.600000E0	8.195119E0	-5.806425E-1
4.620000E0	8.164913E0	-5.256251E-1
4.640000E0	8.133680E0	-2.295727E-1
4.660000E0	8.047913E0	-1.235566E-1
4.680000E0	8.051532E0	-8.213106E-2
4.700000E0	8.064273E0	-5.042492E-2
4.720000E0	8.068194E0	-2.828359E-2
4.740000E0	8.104570E0	-2.992768E-2
4.760000E0	8.082872E0	-1.522691E-2
4.780000E0	8.061826E0	-8.740360E-3
4.800000E0	8.062128E0	-1.588953E-2
4.820000E0	8.086623E0	-1.709046E-2
4.840000E0	8.093312E0	-2.051852E-2
4.860000E0	8.102365E0	-3.421689E-3
4.880000E0	8.105416E0	-4.164552E-4
4.900000E0	8.110929E0	5.749860E-3
4.920000E0	8.120004E0	-9.561219E-4
4.940000E0	8.123697E0	-8.410741E-3
4.960000E0	8.132708E0	-8.600622E-3
4.980000E0	8.135272E0	-7.417108E-3
5.000000E0	8.140067E0	5.511177E-3
5.020000E0	8.150491E0	5.675947E-3
5.040000E0	8.153878E0	4.588655E-3
5.060000E0	8.159929E0	2.627409E-2
5.080000E0	8.160946E0	6.397777E-2
5.100000E0	8.177661E0	1.203903E-1
5.120000E0	8.201862E0	1.510293E-1
5.140000E0	8.307559E0	3.202670E-1
5.160000E0	8.284955E0	4.945846E-1
5.180000E0	8.268314E0	4.960238E-1
5.200000E0	8.315763E0	4.792963E-1
5.220000E0	8.405345E0	4.277731E-1
5.240000E0	8.648669E0	1.673943E-1
5.260000E0	8.916899E0	-5.405015E-2
5.280000E0	9.097563E0	-2.560409E-1
5.300000E0	9.188249E0	-5.073012E-1
5.320000E0	9.419434E0	-3.703473E-1
5.340000E0	9.654952E0	-1.786503E-1
5.360000E0	9.752396E0	-2.391815E-2
5.380000E0	9.761628E0	8.535975E-2
5.400000E0	9.758015E0	4.504052E-1
5.420000E0	9.884893E0	5.108125E-1
5.440000E0	1.016906E1	2.209307E-1
5.460000E0	1.043624E1	-3.396509E-1
5.480000E0	1.053131E1	-5.090568E-1
5.500000E0	1.046959E1	-5.317346E-1
5.520000E0	1.018753E1	-4.871472E-1
5.540000E0	1.011631E1	-1.790469E-1
5.560000E0	1.007382E1	-6.039635E-2
5.580000E0	1.009913E1	-3.912228E-2
5.600000E0	1.005379E1	4.801483E-2
5.620000E0	1.008184E1	5.236778E-2
5.640000E0	1.011480E1	2.564964E-2
5.660000E0	1.009849E1	-7.594142E-3
5.680000E0	1.011452E1	-1.624897E-2
5.700000E0	1.010203E1	-4.069205E-2
5.720000E0	1.011289E1	-5.066080E-2
5.740000E0	1.010358E1	-2.026538E-2
5.760000E0	1.012394E1	-1.821989E-2
5.780000E0	1.011801E1	-3.150029E-2
5.800000E0	1.011749E1	-2.248445E-2
5.820000E0	1.011435E1	-2.955467E-2
5.840000E0	1.010058E1	-4.732880E-2
5.860000E0	1.007381E1	-5.552985E-2
5.880000E0	1.007384E1	-5.458984E-2
5.900000E0	1.008736E1	-5.561540E-2
5.920000E0	1.010318E1	-4.761596E-2
5.940000E0	1.011738E1	-4.693779E-2
5.960000E0	1.010404E1	-5.162569E-2
5.980000E0	1.010365E1	-4.515550E-2
6.000000E0	1.010475E1	-5.354273E-2
6.020000E0	1.010373E1	-3.049652E-2
6.040000E0	1.011138E1	-3.322995E-2
6.060000E0	1.011703E1	-4.028458E-2
6.080000E0	1.012650E1	-4.170534E-2
6.100000E0	1.014274E1	-5.316779E-2
6.120000E0	1.022678E1	-8.595935E-2
6.140000E0	1.033203E1	-7.419763E-2
6.160000E0	1.058240E1	-1.175805E-1
6.180000E0	1.081728E1	-1.863152E-1
6.200000E0	1.089557E1	-5.875688E-2
6.220000E0	1.087774E1	-1.826265E-3
6.240000E0	1.082128E1	1.247326E-2
6.260000E0	1.078080E1	2.341636E-1
6.280000E0	1.073013E1	5.614368E-1
6.300000E0	1.074324E1	5.377497E-1
6.320000E0	1.104341E1	2.334363E-1
6.340000E0	1.142057E1	-3.307541E-2
6.360000E0	1.168137E1	-1.062995E-1
6.380000E0	1.184803E1	-3.793057E-2
6.400000E0	1.190192E1	4.239742E-2
6.420000E0	1.186081E1	2.366330E-1
6.440000E0	1.176996E1	6.294599E-1
6.460000E0	1.173923E1	7.730513E-1
6.480000E0	1.171784E1	8.561243E-1
6.500000E0	1.173766E1	8.973248E-1
6.520000E0	1.173740E1	9.087551E-1
6.540000E0	1.173989E1	8.766210E-1
6.560000E0	1.173623E1	6.570089E-1
6.580000E0	1.164264E1	4.591289E-1
6.600000E0	1.165332E1	4.585026E-1
6.620000E0	1.162041E1	3.922076E-1
6.640000E0	1.157881E1	3.568532E-1
6.660000E0	1.159966E1	3.779357E-1
6.680000E0	1.161308E1	3.207942E-1
6.700000E0	1.163150E1	3.462349E-1
6.720000E0	1.163959E1	3.300689E-1
6.740000E0	1.164847E1	3.529081E-1
6.760000E0	1.163448E1	3.733617E-1
6.780000E0	1.164777E1	3.824461E-1
6.800000E0	1.161246E1	3.632248E-1
6.820000E0	1.160533E1	3.293340E-1
6.840000E0	1.159700E1	3.358338E-1
6.860000E0	1.160375E1	3.286602E-1
6.880000E0	1.162025E1	3.513769E-1
6.900000E0	1.164036E1	3.709247E-1
6.920000E0	1.165094E1	3.676388E-1
6.940000E0	1.166987E1	3.788192E-1
6.960000E0	1.166925E1	3.784614E-1
6.980000E0	1.166229E1	3.610902E-1
7.000000E0	1.166017E1	3.087821E-1
7.020000E0	1.168654E1	2.238748E-1
7.040000E0	1.173577E1	2.295567E-1
7.060000E0	1.175546E1	1.499280E-1
7.080000E0	1.181027E1	-8.977727E-2
7.100000E0	1.180589E1	-1.185031E-1
7.120000E0	1.179342E1	-1.047151E-1
7.140000E0	1.177046E1	-6.898123E-2
7.160000E0	1.175808E1	2.683811E-2
7.180000E0	1.174141E1	1.855826E-1
7.200000E0	1.174300E1	9.372203E-2
7.220000E0	1.181426E1	-4.357587E-2
7.240000E0	1.196378E1	-5.039827E-2
7.260000E0	1.201981E1	-4.027210E-2
7.280000E0	1.220141E1	-4.878418E-2
7.300000E0	1.223605E1	-1.349287E-2
7.320000E0	1.224029E1	9.605478E-2
7.340000E0	1.223535E1	4.144327E-1
7.360000E0	1.220291E1	5.949489E-1
7.380000E0	1.220669E1	5.662627E-1
7.400000E0	1.220150E1	5.596049E-1
7.420000E0	1.223410E1	6.599368E-1
7.440000E0	1.224567E1	7.005937E-1
7.460000E0	1.225063E1	7.180720E-1
7.480000E0	1.231011E1	8.130733E-1
7.500000E0	1.243797E1	6.095523E-1
7.520000E0	1.242853E1	4.396114E-1
7.540000E0	1.237001E1	5.546448E-1
7.560000E0	1.237227E1	6.701223E-1
7.580000E0	1.236301E1	6.601124E-1
7.600000E0	1.239618E1	7.194967E-1
7.620000E0	1.241789E1	8.656404E-1
7.640000E0	1.240706E1	1.065779E0
7.660000E0	1.243374E1	1.084018E0
7.680000E0	1.240899E1	9.435078E-1
7.700000E0	1.240945E1	4.551761E-1
7.720000E0	1.234082E1	2.885666E-1
7.740000E0	1.227111E1	3.334930E-1
7.760000E0	1.223536E1	3.246808E-1
7.780000E0	1.223614E1	2.982152E-1
7.800000E0	1.222846E1	3.005021E-1
7.820000E0	1.223877E1	3.599414E-1
7.840000E0	1.224757E1	3.368215E-1
7.860000E0	1.225622E1	3.489085E-1
7.880000E0	1.226057E1	3.496427E-1
7.900000E0	1.228065E1	2.084864E-1
7.920000E0	1.232967E1	1.121696E-1
7.940000E0	1.236907E1	2.062575E-2
7.960000E0	1.251045E1	-2.467305E-1
7.980000E0	1.246713E1	-2.651577E-1
8.000000E0	1.244500E1	-2.092126E-1
8.020000E0	1.241447E1	-1.822584E-1
8.040000E0	1.240195E1	-1.506633E-1
8.060000E0	1.237035E1	1.088088E-2
8.080000E0	1.234694E1	6.101639E-2
8.100000E0	1.234692E1	-5.698265E-2
8.120000E0	1.242604E1	-1.169833E-1
8.140000E0	1.251866E1	-1.795598E-1
8.160000E0	1.262261E1	-1.564480E-1
8.180000E0	1.272052E1	-1.567813E-1
8.200000E0	1.272582E1	-1.146759E-1
8.220000E0	1.271131E1	4.213897E-2
8.240000E0	1.268631E1	6.900022E-2
8.260000E0	1.262133E1	8.333442E-2
8.280000E0	1.262952E1	5.859444E-2
8.300000E0	1.266755E1	7.685489E-2
8.320000E0	1.269808E1	4.916718E-2
8.340000E0	1.272754E1	7.429474E-2
8.360000E0	1.274473E1	7.829986E-2
8.380000E0	1.281876E1	1.363985E-1
8.400000E0	1.283412E1	1.032183E-1
8.420000E0	1.282407E1	1.046028E-1
8.440000E0	1.286440E1	3.192329E-1
8.460000E0	1.285902E1	3.824698E-1
8.480000E0	1.286746E1	4.560487E-1
8.500000E0	1.284996E1	4.654010E-1
8.520000E0	1.283802E1	4.730642E-1
8.540000E0	1.284573E1	5.025428E-1
8.560000E0	1.288966E1	3.981296E-1
8.580000E0	1.288677E1	2.388139E-1
8.600000E0	1.287280E1	3.332847E-1
8.620000E0	1.286421E1	3.853653E-1
8.640000E0	1.285484E1	4.099051E-1
8.660000E0	1.284722E1	4.416821E-1
8.680000E0	1.292961E1	5.504542E-1
8.700000E0	1.290482E1	5.974071E-1
8.720000E0	1.298466E1	7.140539E-1
8.740000E0	1.296141E1	8.095094E-1
8.760000E0	1.295112E1	7.910309E-1
8.780000E0	1.289750E1	5.713761E-1
8.800000E0	1.286937E1	3.424684E-1
8.820000E0	1.285828E1	2.219253E-1
8.840000E0	1.287052E1	1.576920E-1
8.860000E0	1.288715E1	3.957152E-2
8.880000E0	1.288444E1	-1.744163E-1
8.900000E0	1.290872E1	-1.790020E-1
8.920000E0	1.290120E1	-1.585384E-1
8.940000E0	1.291360E1	-1.535719E-1
8.960000E0	1.288787E1	-1.415325E-1
8.980000E0	1.285634E1	3.142095E-3
9.000000E0	1.285729E1	8.300404E-2
9.020000E0	1.287548E1	-5.012646E-2
9.040000E0	1.287766E1	-1.455378E-1
9.060000E0	1.288777E1	-1.363966E-1
9.080000E0	1.293811E1	-1.839949E-1
9.100000E0	1.298793E1	-2.157078E-1
9.120000E0	1.295821E1	-1.962174E-1
9.140000E0	1.292771E1	-2.850919E-2
9.160000E0	1.284420E1	4.952143E-2
9.180000E0	1.280160E1	2.974421E-2
9.200000E0	1.276135E1	2.651863E-2
9.220000E0	1.271793E1	2.457496E-2
9.240000E0	1.273781E1	-4.668532E-3
9.260000E0	1.274517E1	2.419110E-2
9.280000E0	1.275685E1	1.530926E-2
9.300000E0	1.276752E1	-1.262239E-2
9.320000E0	1.279640E1	1.968499E-3
9.340000E0	1.280788E1	-6.476623E-3
9.360000E0	1.281252E1	-1.675263E-2
9.380000E0	1.280986E1	1.646779E-2
9.400000E0	1.281766E1	-7.635192E-3
9.420000E0	1.281441E1	-1.345880E-3
9.440000E0	1.280588E1	1.857717E-2
9.460000E0	1.281453E1	4.876570E-3
9.480000E0	1.281384E1	1.752453E-3
9.500000E0	1.283154E1	4.065360E-3
9.520000E0	1.282902E1	-2.890490E-3
9.540000E0	1.284471E1	1.387577E-4
9.560000E0	1.285569E1	8.919710E-3
9.580000E0	1.286639E1	4.310838E-2
9.600000E0	1.288094E1	9.973062E-2
9.620000E0	1.299741E1	3.053594E-1
9.640000E0	1.296014E1	3.115323E-1
9.660000E0	1.296243E1	3.947892E-1
9.680000E0	1.294358E1	4.352799E-1
9.700000E0	1.294377E1	4.477410E-1
9.720000E0	1.295348E1	4.043301E-1
9.740000E0	1.297289E1	8.801536E-2
9.760000E0	1.308638E1	-1.200077E-1
9.780000E0	1.327941E1	-6.922942E-2
9.800000E0	1.360749E1	-1.207759E-1
9.820000E0	1.390522E1	-3.210126E-1
9.840000E0	1.412595E1	-2.125096E-1
9.860000E0	1.425084E1	-7.490162E-2
9.880000E0	1.423882E1	2.281668E-2
9.900000E0	1.423682E1	1.143666E-1
9.920000E0	1.417387E1	2.874622E-1
9.940000E0	1.427469E1	-1.896348E-2
9.960000E0	1.440995E1	-3.372285E-1
9.980000E0	1.442521E1	-4.717869E-1
1.000000E1	1.438164E1	-4.908750E-1
1.002000E1	1.438267E1	-4.479263E-1
1.004000E1	1.436525E1	-4.745767E-1
1.006000E1	1.433116E1	-2.990054E-1
1.008000E1	1.423370E1	-4.799997E-2
1.010000E1	1.419487E1	-7.455451E-2
1.012000E1	1.420949E1	-8.187463E-2
1.014000E1	1.414526E1	-6.053737E-2
1.016000E1	1.416594E1	-5.004675E-2
1.018000E1	1.419680E1	-4.235775E-2
1.020000E1	1.421977E1	-4.290786E-2
1.022000E1	1.424108E1	-3.371210E-2
1.024000E1	1.425001E1	-5.589070E-2
1.026000E1	1.425381E1	-6.057393E-2
1.028000E1	1.423594E1	-4.285907E-2
1.030000E1	1.423554E1	-4.621510E-2
1.032000E1	1.420674E1	-3.665404E-2
1.034000E1	1.420716E1	-3.843366E-2
1.036000E1	1.421184E1	-4.385821E-2
1.038000E1	1.422362E1	-3.574486E-2
1.040000E1	1.421291E1	-5.883682E-2
1.042000E1	1.423207E1	-4.999489E-2
1.044000E1	1.423283E1	-5.283830E-2
1.046000E1	1.423327E1	-5.432310E-2
1.048000E1	1.423301E1	-3.893055E-2
1.050000E1	1.423419E1	-3.671814E-2
1.052000E1	1.423823E1	-2.845031E-2
1.054000E1	1.424521E1	-3.395729E-2
1.056000E1	1.424418E1	-2.096110E-2
1.058000E1	1.424694E1	-2.162349E-2
1.060000E1	1.426661E1	-1.659629E-2
1.062000E1	1.428217E1	-8.980392E-3
1.064000E1	1.434958E1	-8.523311E-3
1.066000E1	1.451936E1	8.373542E-3
1.068000E1	1.477611E1	-2.136934E-2
1.070000E1	1.491535E1	-1.188148E-1
1.072000E1	1.496101E1	-1.136280E-1
1.074000E1	1.494906E1	-4.936253E-2
1.076000E1	1.493331E1	-3.815189E-2
1.078000E1	1.490276E1	-6.196549E-2
1.080000E1	1.487622E1	-3.789068E-2
1.082000E1	1.489087E1	8.365708E-2
1.084000E1	1.499211E1	1.332124E-2
1.086000E1	1.535458E1	-4.561643E-2
1.088000E1	1.586091E1	-2.851687E-2
1.090000E1	1.624260E1	4.568118E-3
1.092000E1	1.632989E1	-4.009418E-2
1.094000E1	1.633880E1	-3.462748E-2
1.096000E1	1.620871E1	1.592876E-1
1.098000E1	1.606143E1	3.691301E-1
1.100000E1	1.591719E1	3.542586E-1
1.102000E1	1.580082E1	8.758313E-2
1.104000E1	1.576565E1	4.261073E-2
1.106000E1	1.572006E1	4.061924E-2
1.108000E1	1.571928E1	-6.636483E-4
1.110000E1	1.571260E1	-1.400682E-2
1.112000E1	1.572939E1	3.500650E-3
1.114000E1	1.573532E1	-3.637526E-2
1.116000E1	1.574883E1	-4.225772E-2
1.118000E1	1.574700E1	-3.551304E-2
1.120000E1	1.574977E1	-2.350652E-2
1.122000E1	1.575383E1	-3.613307E-2
1.124000E1	1.572930E1	-4.589275E-2
1.126000E1	1.570165E1	-6.171904E-2
1.128000E1	1.571579E1	-5.512510E-2
1.130000E1	1.571800E1	-6.586651E-2
1.132000E1	1.573185E1	-5.944238E-2
1.134000E1	1.574151E1	-5.063199E-2
1.136000E1	1.574058E1	-7.833236E-2
1.138000E1	1.574515E1	-7.667648E-2
1.140000E1	1.574590E1	-7.066560E-2
1.142000E1	1.574893E1	-6.200658E-2
1.144000E1	1.575379E1	-6.156194E-2
1.146000E1	1.575631E1	-6.480404E-2
1.148000E1	1.575689E1	-6.312626E-2
1.150000E1	1.572974E1	-7.347216E-2
1.152000E1	1.574595E1	-7.311206E-2
1.154000E1	1.574998E1	-6.732064E-2
1.156000E1	1.576384E1	-9.421137E-2
1.158000E1	1.581540E1	-1.131831E-1
1.160000E1	1.585014E1	-1.448358E-1
1.162000E1	1.592613E1	-2.944422E-1
1.164000E1	1.592864E1	-3.118334E-1
1.166000E1	1.590971E1	-3.590008E-1
1.168000E1	1.589113E1	-3.855232E-1
1.170000E1	1.588438E1	-3.766008E-1
1.172000E1	1.591080E1	-2.505360E-1
1.174000E1	1.586635E1	-1.264644E-1
1.176000E1	1.596502E1	-1.823938E-1
1.178000E1	1.615659E1	-1.403341E-1
1.180000E1	1.641326E1	-1.073219E-1
1.182000E1	1.649325E1	-8.655324E-2
1.184000E1	1.660936E1	-1.103040E-1
1.186000E1	1.667750E1	-5.272545E-2
1.188000E1	1.658166E1	2.957790E-1
1.190000E1	1.633858E1	5.318002E-1
1.192000E1	1.634669E1	4.722146E-1
1.194000E1	1.632451E1	2.317121E-1
1.196000E1	1.633302E1	2.644170E-1
1.198000E1	1.631673E1	3.294259E-1
1.200000E1	1.636417E1	4.124381E-1
1.202000E1	1.638467E1	4.604447E-1
1.204000E1	1.647348E1	4.879451E-1
1.206000E1	1.655518E1	4.976638E-1
1.208000E1	1.649883E1	6.053001E-1
1.210000E1	1.647373E1	8.360671E-1
1.212000E1	1.646036E1	8.690276E-1
1.214000E1	1.644931E1	5.842104E-1
1.216000E1	1.641032E1	3.170255E-1
1.218000E1	1.633672E1	3.356900E-1
1.220000E1	1.625893E1	3.338325E-1
1.222000E1	1.624233E1	1.655724E-1
1.224000E1	1.626931E1	1.062908E-1
1.226000E1	1.627398E1	7.100987E-2
1.228000E1	1.628860E1	5.447530E-2
1.230000E1	1.629532E1	1.824807E-2
1.232000E1	1.626182E1	5.293772E-2
1.234000E1	1.625798E1	-4.226946E-2
1.236000E1	1.627344E1	-5.395723E-2
1.238000E1	1.627131E1	-6.510899E-2
1.240000E1	1.627592E1	-6.270425E-2
1.242000E1	1.628464E1	-7.709586E-2
1.244000E1	1.629320E1	-7.200018E-2
1.246000E1	1.633013E1	-1.196085E-1
1.248000E1	1.636363E1	-1.647629E-1
1.250000E1	1.641006E1	-2.482168E-1
1.252000E1	1.641883E1	-3.736080E-1
1.254000E1	1.639455E1	-4.444845E-1
1.256000E1	1.639375E1	-4.604287E-1
1.258000E1	1.638998E1	-4.345575E-1
1.260000E1	1.637200E1	-4.134865E-1
1.262000E1	1.636871E1	-2.768177E-1
1.264000E1	1.636963E1	-2.935991E-1
1.266000E1	1.643141E1	-3.926933E-1
1.268000E1	1.648126E1	-4.692154E-1
1.270000E1	1.649740E1	-5.194494E-1
1.272000E1	1.649183E1	-5.414701E-1
1.274000E1	1.646940E1	-5.420407E-1
1.276000E1	1.641092E1	-3.955631E-1
1.278000E1	1.636118E1	-3.064295E-1
1.280000E1	1.635156E1	-2.794093E-1
1.282000E1	1.636167E1	-1.683831E-1
1.284000E1	1.635676E1	-4.373561E-2
1.286000E1	1.640870E1	7.132983E-2
1.288000E1	1.644282E1	1.632494E-1
1.290000E1	1.643082E1	1.481359E-1
1.292000E1	1.645819E1	1.365913E-1
1.294000E1	1.645242E1	1.133469E-1
1.296000E1	1.643778E1	8.280457E-2
1.298000E1	1.642874E1	6.877469E-2
1.300000E1	1.644563E1	-4.124297E-2
1.302000E1	1.643668E1	-6.572290E-2
1.304000E1	1.644432E1	-3.086217E-3
1.306000E1	1.646182E1	7.730806E-3
1.308000E1	1.649602E1	6.577609E-2
1.310000E1	1.650114E1	1.336088E-1
1.312000E1	1.651783E1	1.563879E-1
1.314000E1	1.656821E1	3.718033E-1
1.316000E1	1.653691E1	4.161007E-1
1.318000E1	1.649521E1	2.824955E-1
1.320000E1	1.648531E1	-3.304813E-3
1.322000E1	1.642050E1	-1.609339E-2
1.324000E1	1.628995E1	-3.683403E-2
1.326000E1	1.630398E1	-9.463332E-2
1.328000E1	1.628575E1	-1.610898E-1
1.330000E1	1.630861E1	-1.257041E-1
1.332000E1	1.632919E1	-1.232823E-1
1.334000E1	1.634683E1	-1.281227E-1
1.336000E1	1.638612E1	-1.612170E-1
1.338000E1	1.640405E1	-1.693372E-1
1.340000E1	1.649033E1	-2.104059E-1
1.342000E1	1.650903E1	-4.424776E-1
1.344000E1	1.649968E1	-5.329575E-1
1.346000E1	1.647964E1	-5.212694E-1
1.348000E1	1.646465E1	-5.180586E-1
1.350000E1	1.645803E1	-5.292309E-1
1.352000E1	1.643812E1	-4.416569E-1
1.354000E1	1.641116E1	-4.235663E-1
1.356000E1	1.645142E1	-5.059192E-1
1.358000E1	1.652783E1	-5.688021E-1
1.360000E1	1.656335E1	-6.461721E-1
1.362000E1	1.655773E1	-6.862689E-1
1.364000E1	1.653987E1	-6.663967E-1
1.366000E1	1.649623E1	-6.624022E-1
1.368000E1	1.646864E1	-5.231973E-1
1.370000E1	1.633005E1	-3.982615E-1
1.372000E1	1.629595E1	-3.655990E-1
1.374000E1	1.631509E1	-3.832327E-1
1.376000E1	1.632060E1	-3.811829E-1
1.378000E1	1.632654E1	-3.847821E-1
1.380000E1	1.634446E1	-3.967920E-1
1.382000E1	1.635129E1	-3.944727E-1
1.384000E1	1.634504E1	-4.146139E-1
1.386000E1	1.636731E1	-4.136922E-1
1.388000E1	1.637415E1	-4.435645E-1
1.390000E1	1.637598E1	-4.515072E-1
1.392000E1	1.639051E1	-4.387154E-1
1.394000E1	1.638556E1	-4.521008E-1
1.396000E1	1.638750E1	-4.314509E-1
1.398000E1	1.639114E1	-3.541665E-1
1.400000E1	1.641814E1	-3.204226E-1
1.402000E1	1.650090E1	-1.675520E-1
1.404000E1	1.649312E1	-1.218363E-1
1.406000E1	1.648514E1	-6.773605E-2
1.408000E1	1.648417E1	-1.638443E-2
1.410000E1	1.646239E1	-1.326073E-2
1.412000E1	1.645711E1	-1.099394E-2
1.414000E1	1.645612E1	-1.506376E-1
1.416000E1	1.645211E1	-1.456346E-1
1.418000E1	1.643981E1	-1.305044E-1
1.420000E1	1.648177E1	-6.016492E-2
1.422000E1	1.650437E1	-2.836768E-2
1.424000E1	1.653426E1	1.548944E-3
1.426000E1	1.661124E1	2.949212E-2
1.428000E1	1.671147E1	3.844350E-2
1.430000E1	1.689495E1	2.389995E-2
1.432000E1	1.710280E1	-1.244727E-1
1.434000E1	1.712080E1	-2.779147E-1
1.436000E1	1.718342E1	-6.705892E-1
1.438000E1	1.723524E1	-7.522666E-1
1.440000E1	1.716496E1	-6.635620E-1
1.442000E1	1.710180E1	-5.623769E-1
1.444000E1	1.699368E1	-4.147385E-1
1.446000E1	1.695286E1	-4.419189E-1
1.448000E1	1.699937E1	-5.585606E-1
1.450000E1	1.709975E1	-6.761590E-1
1.452000E1	1.713528E1	-7.803889E-1
1.454000E1	1.721898E1	-7.222187E-1
1.456000E1	1.723282E1	-6.984674E-1
1.458000E1	1.723022E1	-6.327939E-1
1.460000E1	1.713366E1	-3.903676E-1
1.462000E1	1.708038E1	-3.703080E-1
1.464000E1	1.699338E1	-3.642898E-1
1.466000E1	1.693740E1	-3.736031E-1
1.468000E1	1.690643E1	-3.870605E-1
1.470000E1	1.690057E1	-4.201347E-1
1.472000E1	1.688856E1	-4.416630E-1
1.474000E1	1.688267E1	-4.575231E-1
1.476000E1	1.688515E1	-4.710535E-1
1.478000E1	1.686281E1	-4.844002E-1
1.480000E1	1.684841E1	-4.635032E-1
1.482000E1	1.685425E1	-4.730620E-1
1.484000E1	1.685284E1	-4.791460E-1
1.486000E1	1.685886E1	-4.880218E-1
1.488000E1	1.685272E1	-4.875729E-1
1.490000E1	1.683910E1	-4.878096E-1
1.492000E1	1.684202E1	-4.857006E-1
1.494000E1	1.684615E1	-4.893467E-1
1.496000E1	1.683898E1	-4.851149E-1
1.498000E1	1.684004E1	-4.839451E-1
1.500000E1	1.684537E1	-4.897060E-1
1.502000E1	1.685325E1	-4.771376E-1
1.504000E1	1.686117E1	-3.389493E-1
1.506000E1	1.687455E1	-3.809110E-1
1.508000E1	1.694599E1	-2.504747E-1
1.510000E1	1.693245E1	-1.637281E-1
1.512000E1	1.693038E1	-8.325256E-2
1.514000E1	1.693299E1	-6.323568E-2
1.516000E1	1.692739E1	-6.293540E-2
1.518000E1	1.705358E1	-1.680356E-1
1.520000E1	1.713976E1	-2.735265E-1
1.522000E1	1.729754E1	-5.506639E-1
1.524000E1	1.743590E1	-6.978064E-1
1.526000E1	1.756322E1	-6.109916E-1
1.528000E1	1.768784E1	-4.906402E-1
1.530000E1	1.779128E1	-4.550952E-1
1.532000E1	1.781260E1	-3.453247E-1
1.534000E1	1.792095E1	2.034630E-2
1.536000E1	1.798741E1	3.331004E-1
1.538000E1	1.811516E1	1.848049E-1
1.540000E1	1.820283E1	-2.617457E-1
1.542000E1	1.829858E1	-8.376723E-1
1.544000E1	1.838833E1	-1.133186E0
1.546000E1	1.834860E1	-1.081364E0
1.548000E1	1.818918E1	-8.905768E-1
1.550000E1	1.807570E1	-6.927749E-1
1.552000E1	1.789504E1	-5.116389E-1
1.554000E1	1.784455E1	-4.739437E-1
1.556000E1	1.780191E1	-4.154229E-1
1.558000E1	1.781523E1	-3.844909E-1
1.560000E1	1.781881E1	-4.158481E-1
1.562000E1	1.778108E1	-4.344527E-1
1.564000E1	1.777153E1	-4.475190E-1
1.566000E1	1.776819E1	-4.579587E-1
1.568000E1	1.779960E1	-5.026466E-1
1.570000E1	1.777962E1	-5.423554E-1
1.572000E1	1.778702E1	-4.983079E-1
1.574000E1	1.779383E1	-4.918208E-1
1.576000E1	1.780606E1	-5.034804E-1
1.578000E1	1.781367E1	-5.026662E-1
1.580000E1	1.778641E1	-4.954268E-1
1.582000E1	1.780113E1	-5.020947E-1
1.584000E1	1.779237E1	-5.117736E-1
1.586000E1	1.779161E1	-5.060416E-1
1.588000E1	1.780017E1	-4.998959E-1
1.590000E1	1.780278E1	-5.057012E-1
1.592000E1	1.779201E1	-5.036377E-1
1.594000E1	1.779782E1	-5.172438E-1
1.596000E1	1.779747E1	-5.148306E-1
1.598000E1	1.779982E1	-5.036593E-1
1.600000E1	1.780679E1	-5.051374E-1
1.602000E1	1.780455E1	-4.982533E-1
1.604000E1	1.779791E1	-5.083962E-1
1.606000E1	1.779785E1	-5.061957E-1
1.608000E1	1.779534E1	-5.119569E-1
1.610000E1	1.782786E1	-5.906796E-1
1.612000E1	1.786442E1	-5.738991E-1
1.614000E1	1.792168E1	-6.368209E-1
1.616000E1	1.801306E1	-7.299923E-1
1.618000E1	1.805792E1	-7.955753E-1
1.620000E1	1.805597E1	-6.374636E-1
1.622000E1	1.807237E1	-5.302959E-1
1.624000E1	1.809001E1	-3.948153E-1
1.626000E1	1.806158E1	-1.932163E-1
1.628000E1	1.802566E1	-4.628245E-2
1.630000E1	1.817566E1	-1.141717E-1
1.632000E1	1.846144E1	-2.768598E-1
1.634000E1	1.861350E1	-4.537101E-1
1.636000E1	1.869009E1	-6.422596E-1
1.638000E1	1.876647E1	-8.963915E-1
1.640000E1	1.878637E1	-9.571688E-1
1.642000E1	1.872440E1	-5.096328E-1
1.644000E1	1.876167E1	-3.702757E-3
1.646000E1	1.881593E1	4.335718E-1
1.648000E1	1.888368E1	5.664519E-1
1.650000E1	1.893334E1	6.550430E-1
1.652000E1	1.893296E1	7.337428E-1
1.654000E1	1.894087E1	7.792319E-1
1.656000E1	1.890553E1	6.999492E-1
1.658000E1	1.891614E1	3.793140E-1
1.660000E1	1.879583E1	1.267995E-1
1.662000E1	1.870209E1	-1.663693E-2
1.664000E1	1.866908E1	-2.809252E-2
1.666000E1	1.871474E1	-6.380939E-2
1.668000E1	1.873998E1	-8.737746E-2
1.670000E1	1.875180E1	-5.356441E-2
1.672000E1	1.876052E1	-3.678588E-2
1.674000E1	1.876101E1	-4.083688E-2
1.676000E1	1.875620E1	-5.185547E-2
1.678000E1	1.876141E1	-7.085866E-2
1.680000E1	1.874162E1	-6.697596E-2
1.682000E1	1.873954E1	-5.540016E-2
1.684000E1	1.874478E1	-6.757590E-2
1.686000E1	1.875524E1	-2.678173E-2
1.688000E1	1.875802E1	-4.733163E-2
1.690000E1	1.876490E1	-5.428237E-2
1.692000E1	1.877166E1	-4.421658E-2
1.694000E1	1.876468E1	-5.286924E-2
1.696000E1	1.875234E1	-1.070456E-1
1.698000E1	1.876222E1	-1.036867E-1
1.700000E1	1.878713E1	-1.465484E-1
1.702000E1	1.879411E1	-1.743902E-1
1.704000E1	1.890465E1	-2.871772E-1
1.706000E1	1.893478E1	-4.319132E-1
1.708000E1	1.890583E1	-4.566413E-1
1.710000E1	1.888669E1	-4.770895E-1
1.712000E1	1.886230E1	-4.832004E-1
1.714000E1	1.882837E1	-4.342983E-1
1.716000E1	1.883683E1	-3.458752E-1
1.718000E1	1.886534E1	-4.264756E-1
1.720000E1	1.899711E1	-6.147375E-1
1.722000E1	1.902640E1	-6.488104E-1
1.724000E1	1.913336E1	-6.108601E-1
1.726000E1	1.917611E1	-5.300139E-1
1.728000E1	1.927803E1	-4.939588E-1
1.730000E1	1.923204E1	-2.143924E-1
1.732000E1	1.909131E1	1.841498E-1
1.734000E1	1.901963E1	3.706582E-1
1.736000E1	1.897959E1	3.794385E-1
1.738000E1	1.894828E1	3.936671E-1
1.740000E1	1.893743E1	4.040388E-1
1.742000E1	1.897317E1	3.864715E-1
1.744000E1	1.894657E1	4.003810E-1
1.746000E1	1.898893E1	4.462057E-1
1.748000E1	1.905904E1	4.672864E-1
1.750000E1	1.905085E1	5.920699E-1
1.752000E1	1.903405E1	8.151506E-1
1.754000E1	1.903031E1	9.714563E-1
1.756000E1	1.900099E1	1.207429E0
1.758000E1	1.897929E1	1.160477E0
1.760000E1	1.897245E1	9.833128E-1
1.762000E1	1.896818E1	6.212593E-1
1.764000E1	1.894902E1	3.054137E-1
1.766000E1	1.883784E1	3.282254E-1
1.768000E1	1.876718E1	3.922099E-1
1.770000E1	1.878133E1	4.020956E-1
1.772000E1	1.876271E1	3.845952E-1
1.774000E1	1.879393E1	4.287980E-1
1.776000E1	1.881662E1	4.416225E-1
1.778000E1	1.880116E1	4.262365E-1
1.780000E1	1.882309E1	4.354908E-1
1.782000E1	1.882909E1	4.446765E-1
1.784000E1	1.880166E1	3.966869E-1
1.786000E1	1.879282E1	3.769777E-1
1.788000E1	1.880961E1	3.828011E-1
1.790000E1	1.883273E1	3.411223E-1
1.792000E1	1.894076E1	1.604425E-1
1.794000E1	1.902623E1	-1.186461E-1
1.796000E1	1.901818E1	-1.254104E-1
1.798000E1	1.900315E1	-1.208574E-1
1.800000E1	1.897930E1	-1.074172E-1
1.802000E1	1.894425E1	-7.901213E-2
1.804000E1	1.891826E1	-1.912082E-2
1.806000E1	1.890944E1	9.453579E-3
1.808000E1	1.892238E1	-4.404190E-2
1.810000E1	1.907367E1	-2.022495E-1
1.812000E1	1.907373E1	-2.995478E-1
1.814000E1	1.906978E1	-2.687078E-1
1.816000E1	1.907126E1	-2.423057E-1
1.818000E1	1.903395E1	-2.141501E-1
1.820000E1	1.896470E1	-4.354602E-2
1.822000E1	1.884815E1	1.286436E-1
1.824000E1	1.876073E1	2.282511E-1
1.826000E1	1.876482E1	3.256128E-1
1.828000E1	1.878475E1	3.555736E-1
1.830000E1	1.880932E1	3.830872E-1
1.832000E1	1.881532E1	3.879082E-1
1.834000E1	1.884006E1	4.047001E-1
1.836000E1	1.884130E1	4.313110E-1
1.838000E1	1.886830E1	4.310437E-1
1.840000E1	1.889763E1	4.721520E-1
1.842000E1	1.888042E1	5.726482E-1
1.844000E1	1.892905E1	6.592104E-1
1.846000E1	1.899027E1	7.582837E-1
1.848000E1	1.897380E1	8.051337E-1
1.850000E1	1.895101E1	8.401359E-1
1.852000E1	1.894718E1	9.658002E-1
1.854000E1	1.892628E1	1.067526E0
1.856000E1	1.892699E1	1.037420E0
1.858000E1	1.909217E1	8.284235E-1
1.860000E1	1.905470E1	7.241689E-1
1.862000E1	1.898706E1	8.159814E-1
1.864000E1	1.903256E1	9.502433E-1
1.866000E1	1.902757E1	1.090822E0
1.868000E1	1.904168E1	1.096498E0
1.870000E1	1.911160E1	1.130853E0
1.872000E1	1.914520E1	1.303845E0
1.874000E1	1.921825E1	1.545095E0
1.876000E1	1.921095E1	1.424292E0
1.878000E1	1.925196E1	1.169033E0
1.880000E1	1.935267E1	6.549792E-1
1.882000E1	1.936817E1	3.843637E-1
1.884000E1	1.938640E1	2.701768E-1
1.886000E1	1.938017E1	1.034535E-1
1.888000E1	1.943942E1	-4.784889E-2
1.890000E1	1.943746E1	-6.091102E-2
1.892000E1	1.942401E1	-5.228500E-3
1.894000E1	1.936255E1	1.944127E-1
1.896000E1	1.932388E1	2.160847E-1
1.898000E1	1.937452E1	1.968061E-1
1.900000E1	1.946308E1	-1.164345E-1
1.902000E1	1.953998E1	-2.837460E-1
1.904000E1	1.953732E1	-2.161252E-1
1.906000E1	1.951196E1	-1.748962E-1
1.908000E1	1.948555E1	-1.465598E-1
1.910000E1	1.934667E1	1.797753E-1
1.912000E1	1.922593E1	3.982557E-1
1.914000E1	1.923989E1	4.711094E-1
1.916000E1	1.921529E1	4.403055E-1
1.918000E1	1.920587E1	4.277262E-1
1.920000E1	1.924633E1	4.324107E-1
1.922000E1	1.928031E1	4.526160E-1
1.924000E1	1.929823E1	4.641891E-1
1.926000E1	1.932895E1	4.499506E-1
1.928000E1	1.933787E1	4.155407E-1
1.930000E1	1.931603E1	4.671239E-1
1.932000E1	1.930044E1	5.119373E-1
1.934000E1	1.930515E1	4.930201E-1
1.936000E1	1.931340E1	4.802063E-1
1.938000E1	1.931416E1	4.896099E-1
1.940000E1	1.932255E1	4.846970E-1
1.942000E1	1.932451E1	4.743035E-1
1.944000E1	1.933333E1	4.739875E-1
1.946000E1	1.935853E1	5.909354E-1
1.948000E1	1.935977E1	7.197022E-1
1.950000E1	1.937882E1	8.072978E-1
1.952000E1	1.937560E1	8.445334E-1
1.954000E1	1.944112E1	1.029255E0
1.956000E1	1.942798E1	1.017733E0
1.958000E1	1.945186E1	1.029337E0
1.960000E1	1.943343E1	1.038189E0
1.962000E1	1.947504E1	9.982741E-1
1.964000E1	1.956050E1	8.090050E-1
1.966000E1	1.947644E1	7.802505E-1
1.968000E1	1.954132E1	8.141666E-1
1.970000E1	1.989082E1	8.388093E-1
1.972000E1	2.011350E1	6.600648E-1
1.974000E1	2.026954E1	5.424841E-1
1.976000E1	2.042096E1	6.668155E-1
1.978000E1	2.052081E1	9.452646E-1
1.980000E1	2.044485E1	1.016256E0
1.982000E1	2.031486E1	1.134940E0
1.984000E1	2.036844E1	9.458301E-1
1.986000E1	2.039302E1	4.959676E-1
1.988000E1	2.041142E1	1.196937E-1
1.990000E1	2.046042E1	-2.077680E-1
1.992000E1	2.047629E1	-1.747458E-1
1.994000E1	2.047227E1	-1.296043E-1
1.996000E1	2.038877E1	-2.135705E-2
1.998000E1	2.024772E1	3.151842E-1
2.000000E1	2.012136E1	5.604535E-1
2.002000E1	1.997087E1	6.228913E-1
2.004000E1	1.995019E1	5.933296E-1
2.006000E1	1.990205E1	5.504091E-1
2.008000E1	1.988209E1	5.205714E-1
2.010000E1	1.989396E1	5.139868E-1
2.012000E1	1.986957E1	5.220452E-1
2.014000E1	1.988737E1	5.125242E-1
2.016000E1	1.988697E1	4.953571E-1
2.018000E1	1.988735E1	4.958670E-1
2.020000E1	1.987677E1	6.063392E-1
2.022000E1	1.986600E1	5.704723E-1
2.024000E1	1.984504E1	5.206038E-1
2.026000E1	1.984669E1	5.096295E-1
2.028000E1	1.979917E1	5.664637E-1
2.030000E1	1.982335E1	5.330290E-1
2.032000E1	1.984896E1	5.002519E-1
2.034000E1	1.985018E1	5.018182E-1
2.036000E1	1.985915E1	5.073243E-1
2.038000E1	1.986601E1	5.024297E-1
2.040000E1	1.986628E1	5.091384E-1
2.042000E1	1.986529E1	5.175179E-1
2.044000E1	1.987117E1	5.163037E-1
2.046000E1	1.987809E1	5.217118E-1
2.048000E1	1.989807E1	5.465872E-1
2.050000E1	1.989276E1	5.499727E-1
2.052000E1	1.989149E1	5.376165E-1
2.054000E1	1.989246E1	5.301388E-1
2.056000E1	1.989985E1	5.325166E-1
2.058000E1	1.997794E1	4.024707E-1
2.060000E1	2.001927E1	3.770914E-1
2.062000E1	2.009503E1	3.360881E-1
2.064000E1	2.023061E1	2.474507E-1
2.066000E1	2.040392E1	2.922516E-1
2.068000E1	2.058199E1	4.715197E-1
2.070000E1	2.053321E1	5.810354E-1
2.072000E1	2.048962E1	6.525261E-1
2.074000E1	2.047520E1	7.741519E-1
2.076000E1	2.048305E1	8.314840E-1
2.078000E1	2.064437E1	7.136684E-1
2.080000E1	2.093556E1	4.279061E-1
2.082000E1	2.109634E1	2.437823E-1
2.084000E1	2.107911E1	3.013353E-1
2.086000E1	2.118511E1	4.759809E-1
2.088000E1	2.122984E1	7.694184E-1
2.090000E1	2.124498E1	1.081870E0
2.092000E1	2.126446E1	1.155518E0
2.094000E1	2.132404E1	1.154797E0
2.096000E1	2.134527E1	1.153335E0
2.098000E1	2.134091E1	1.137276E0
2.100000E1	2.134882E1	1.074564E0
2.102000E1	2.129507E1	9.274579E-1
2.104000E1	2.122740E1	8.336855E-1
2.106000E1	2.125364E1	8.577439E-1
2.108000E1	2.121122E1	8.388368E-1
2.110000E1	2.118557E1	8.264316E-1
2.112000E1	2.110382E1	8.721931E-1
2.114000E1	2.103634E1	8.792832E-1
2.116000E1	2.100254E1	8.901291E-1
2.118000E1	2.098379E1	9.021807E-1
2.120000E1	2.093077E1	9.066718E-1
2.122000E1	2.091642E1	8.924523E-1
2.124000E1	2.088613E1	8.905105E-1
2.126000E1	2.088238E1	8.963244E-1
2.128000E1	2.088460E1	9.069813E-1
2.130000E1	2.088899E1	9.069327E-1
2.132000E1	2.087093E1	9.063932E-1
2.134000E1	2.088084E1	9.251533E-1
2.136000E1	2.088978E1	9.163210E-1
2.138000E1	2.087091E1	9.108729E-1
2.140000E1	2.087518E1	9.166293E-1
2.142000E1	2.085670E1	9.019378E-1
2.144000E1	2.086092E1	9.005858E-1
2.146000E1	2.086645E1	9.159183E-1
2.148000E1	2.088212E1	8.533742E-1
2.150000E1	2.091474E1	8.515294E-1
2.152000E1	2.096029E1	7.625727E-1
2.154000E1	2.100249E1	6.442475E-1
2.156000E1	2.100773E1	5.875970E-1
2.158000E1	2.098754E1	5.500015E-1
2.160000E1	2.098778E1	5.422723E-1
2.162000E1	2.097655E1	6.098654E-1
2.164000E1	2.096050E1	6.533655E-1
2.166000E1	2.096760E1	6.137156E-1
2.168000E1	2.108999E1	5.420769E-1
2.170000E1	2.131553E1	5.321672E-1
2.172000E1	2.149986E1	5.733735E-1
2.174000E1	2.159378E1	6.039333E-1
2.176000E1	2.160159E1	6.027205E-1
2.178000E1	2.149124E1	7.976188E-1
2.180000E1	2.135189E1	1.075510E0
2.182000E1	2.137961E1	1.058139E0
2.184000E1	2.133050E1	8.072033E-1
2.186000E1	2.134118E1	8.231519E-1
2.188000E1	2.138981E1	9.162719E-1
2.190000E1	2.146034E1	9.988979E-1
2.192000E1	2.148209E1	1.028693E0
2.194000E1	2.155404E1	1.039785E0
2.196000E1	2.158559E1	1.034334E0
2.198000E1	2.158656E1	1.108183E0
2.200000E1	2.156638E1	1.225736E0
2.202000E1	2.152620E1	1.185750E0
2.204000E1	2.150481E1	1.006958E0
2.206000E1	2.138157E1	8.427065E-1
2.208000E1	2.136030E1	8.732270E-1
2.210000E1	2.129242E1	8.820925E-1
2.212000E1	2.127921E1	8.175098E-1
2.214000E1	2.131645E1	8.368763E-1
2.216000E1	2.132350E1	8.521398E-1
2.218000E1	2.133751E1	8.743834E-1
2.220000E1	2.134047E1	8.827037E-1
2.222000E1	2.134735E1	8.970264E-1
2.224000E1	2.136153E1	9.053849E-1
2.226000E1	2.133613E1	9.023738E-1
2.228000E1	2.134268E1	9.062150E-1
2.230000E1	2.135898E1	9.062446E-1
2.232000E1	2.135744E1	9.020874E-1
2.234000E1	2.137114E1	9.042849E-1
2.236000E1	2.137758E1	8.738169E-1
2.238000E1	2.139743E1	8.445776E-1
2.240000E1	2.143644E1	8.280928E-1
2.242000E1	2.149497E1	7.279418E-1
2.244000E1	2.150828E1	6.505795E-1
2.246000E1	2.149671E1	5.826913E-1
2.248000E1	2.147537E1	5.472862E-1
2.250000E1	2.146860E1	5.228464E-1
2.252000E1	2.146296E1	6.050993E-1
2.254000E1	2.142273E1	6.495505E-1
2.256000E1	2.145671E1	5.356909E-1
2.258000E1	2.154982E1	4.121407E-1
2.260000E1	2.158186E1	3.549245E-1
2.262000E1	2.159632E1	3.593506E-1
2.264000E1	2.157392E1	3.791788E-1
2.266000E1	2.154774E1	3.930830E-1
2.268000E1	2.151351E1	5.218588E-1
2.270000E1	2.139458E1	6.640738E-1
2.272000E1	2.136290E1	6.225319E-1
2.274000E1	2.136561E1	5.757260E-1
2.276000E1	2.138027E1	5.912780E-1
2.278000E1	2.138486E1	5.731260E-1
2.280000E1	2.140090E1	6.024712E-1
2.282000E1	2.141395E1	5.863629E-1
2.284000E1	2.142932E1	6.376047E-1
2.286000E1	2.148707E1	7.032103E-1
2.288000E1	2.156554E1	6.706393E-1
2.290000E1	2.153103E1	6.262273E-1
2.292000E1	2.152157E1	7.337021E-1
2.294000E1	2.151896E1	7.956443E-1
2.296000E1	2.150386E1	8.472033E-1
2.298000E1	2.150718E1	8.597979E-1
2.300000E1	2.151376E1	8.178902E-1
2.302000E1	2.149448E1	8.142798E-1
2.304000E1	2.150457E1	8.356560E-1
2.306000E1	2.153247E1	8.857984E-1
2.308000E1	2.154277E1	9.139242E-1
2.310000E1	2.154997E1	9.354180E-1
2.312000E1	2.155183E1	9.586765E-1
2.314000E1	2.159690E1	1.021920E0
2.316000E1	2.160948E1	1.134245E0
2.318000E1	2.158486E1	1.093422E0
2.320000E1	2.156617E1	1.018397E0
2.322000E1	2.153993E1	9.275357E-1
2.324000E1	2.143074E1	7.943792E-1
2.326000E1	2.141435E1	8.013835E-1
2.328000E1	2.136583E1	7.596759E-1
2.330000E1	2.139004E1	7.319033E-1
2.332000E1	2.146949E1	6.915264E-1
2.334000E1	2.154395E1	4.550230E-1
2.336000E1	2.154255E1	4.259257E-1
2.338000E1	2.153544E1	4.304905E-1
2.340000E1	2.153554E1	4.529842E-1
2.342000E1	2.147490E1	4.943192E-1
2.344000E1	2.141726E1	5.591157E-1
2.346000E1	2.144179E1	5.047937E-1
2.348000E1	2.153029E1	3.900780E-1
2.350000E1	2.165177E1	2.619632E-1
2.352000E1	2.163057E1	2.820306E-1
2.354000E1	2.160886E1	3.146228E-1
2.356000E1	2.158135E1	3.374609E-1
2.358000E1	2.147068E1	5.487677E-1
2.360000E1	2.136024E1	6.431108E-1
2.362000E1	2.137683E1	5.866686E-1
2.364000E1	2.133816E1	5.020497E-1
2.366000E1	2.133908E1	6.255004E-1
2.368000E1	2.137024E1	5.924373E-1
2.370000E1	2.139543E1	5.573563E-1
2.372000E1	2.141811E1	5.335364E-1
2.374000E1	2.143742E1	5.209000E-1
2.376000E1	2.143330E1	5.066953E-1
2.378000E1	2.142668E1	5.245426E-1
2.380000E1	2.141597E1	5.464467E-1
2.382000E1	2.142778E1	5.228337E-1
2.384000E1	2.144328E1	5.396185E-1
2.386000E1	2.144587E1	5.201977E-1
2.388000E1	2.145266E1	5.232728E-1
2.390000E1	2.145991E1	5.225261E-1
2.392000E1	2.149543E1	5.709481E-1
2.394000E1	2.151462E1	6.085144E-1
2.396000E1	2.152323E1	6.310728E-1
2.398000E1	2.152618E1	6.247303E-1
2.400000E1	2.150843E1	6.366795E-1
