	mass A		
t	x	y	
0.000000E0	0.000000E0	-2.551773E-2
2.000000E-2	-4.113340E-2	1.066860E-1
4.000000E-2	-8.710961E-2	7.080377E-2
6.000000E-2	-9.830454E-2	4.520946E-2
8.000000E-2	-1.052106E-1	5.039540E-2
1.000000E-1	-1.253943E-1	1.058974E-1
1.200000E-1	-6.883694E-2	8.611086E-2
1.400000E-1	-2.730690E-2	5.019985E-2
1.600000E-1	-1.193061E-2	3.531287E-2
1.800000E-1	-5.290923E-3	3.847141E-2
2.000000E-1	-1.455005E-2	-7.798285E-3
2.200000E-1	-1.087163E-1	-1.260197E-1
2.400000E-1	-1.104173E-1	-9.915826E-2
2.600000E-1	-1.074496E-1	-4.655230E-2
2.800000E-1	-1.107270E-1	-6.395573E-2
3.000000E-1	-1.068296E-1	-4.116043E-2
3.200000E-1	-1.023679E-1	-3.846653E-2
3.400000E-1	-8.711308E-2	-3.657484E-2
3.600000E-1	-8.362887E-2	-3.412051E-2
3.800000E-1	-8.539133E-2	-3.766803E-2
4.000000E-1	-1.087029E-1	-7.472721E-2
4.200000E-1	-1.438025E-1	-1.022191E-1
4.400000E-1	-1.511536E-1	-7.905424E-2
4.600000E-1	-1.489619E-1	-8.310066E-2
4.800000E-1	-1.420574E-1	-6.305236E-2
5.000000E-1	-1.156510E-1	-5.560418E-2
5.200000E-1	-1.053524E-1	-5.186200E-2
5.400000E-1	-8.876559E-2	-3.687819E-2
5.600000E-1	-8.682050E-2	-6.738227E-2
5.800000E-1	-8.446696E-2	-8.538439E-2
6.000000E-1	-8.321878E-2	-9.384429E-2
6.200000E-1	-7.024767E-2	-9.518494E-2
6.400000E-1	1.071817E-3	-8.614899E-2
6.600000E-1	8.024036E-2	-6.836818E-2
6.800000E-1	1.668550E-1	-6.764011E-2
7.000000E-1	1.905184E-1	-4.776769E-2
7.200000E-1	3.107368E-1	5.993080E-2
7.400000E-1	3.731798E-1	1.532824E-1
7.600000E-1	3.954358E-1	1.673213E-1
7.800000E-1	4.370052E-1	2.895584E-1
8.000000E-1	4.991376E-1	3.628048E-1
8.200000E-1	6.022148E-1	2.356015E-1
8.400000E-1	6.981190E-1	1.670255E-1
8.600000E-1	7.098108E-1	1.034903E-1
8.800000E-1	7.735911E-1	1.472316E-1
9.000000E-1	9.248461E-1	1.361347E-1
9.200000E-1	9.964135E-1	3.589727E-1
9.400000E-1	1.011996E0	6.212722E-1
9.600000E-1	1.034398E0	6.182753E-1
9.800000E-1	1.028270E0	6.078340E-1
1.000000E0	9.848620E-1	5.997795E-1
1.020000E0	1.123136E0	3.532374E-1
1.040000E0	1.253129E0	-5.707891E-3
1.060000E0	1.251335E0	4.061799E-2
1.080000E0	1.199548E0	7.082161E-2
1.100000E0	1.200359E0	-8.692816E-2
1.120000E0	1.140218E0	-2.473181E-1
1.140000E0	1.128489E0	-4.376183E-2
1.160000E0	1.126705E0	1.268030E-2
1.180000E0	1.099715E0	-4.190916E-2
1.200000E0	1.088434E0	-3.507956E-2
1.220000E0	1.067794E0	-4.123922E-2
1.240000E0	1.009295E0	-7.142499E-2
1.260000E0	9.971335E-1	-8.043364E-2
1.280000E0	1.004220E0	-6.031804E-2
1.300000E0	9.852851E-1	-8.751619E-2
1.320000E0	9.519037E-1	-7.797704E-2
1.340000E0	9.593468E-1	-6.833061E-2
1.360000E0	9.744052E-1	-7.500214E-2
1.380000E0	9.809846E-1	-5.017125E-2
1.400000E0	9.359942E-1	-7.981258E-2
1.420000E0	9.571332E-1	-5.355463E-2
1.440000E0	9.251278E-1	-6.221352E-2
1.460000E0	9.392681E-1	-7.946594E-2
1.480000E0	9.443151E-1	-9.039912E-2
1.500000E0	9.637142E-1	-8.279648E-2
1.520000E0	9.938576E-1	-1.132445E-1
1.540000E0	1.057211E0	-1.337893E-1
1.560000E0	1.123813E0	-1.941182E-1
1.580000E0	1.122218E0	-3.033801E-1
1.600000E0	1.110420E0	-3.916489E-1
1.620000E0	1.100847E0	-3.972835E-1
1.640000E0	1.116969E0	-2.530922E-1
1.660000E0	1.186819E0	-1.246133E-1
1.680000E0	1.195241E0	-2.576160E-2
1.700000E0	1.251087E0	-1.793364E-2
1.720000E0	1.450352E0	6.610708E-2
1.740000E0	1.736066E0	5.727031E-2
1.760000E0	1.880410E0	9.481254E-2
1.780000E0	1.996727E0	6.189788E-2
1.800000E0	2.023290E0	5.723290E-2
1.820000E0	2.023111E0	3.338104E-1
1.840000E0	2.019428E0	6.079779E-1
1.860000E0	2.025148E0	4.548555E-1
1.880000E0	2.001184E0	3.283144E-1
1.900000E0	2.007644E0	3.681297E-1
1.920000E0	2.016591E0	4.826737E-1
1.940000E0	2.119649E0	5.602865E-1
1.960000E0	2.200503E0	7.179417E-1
1.980000E0	2.179568E0	6.778471E-1
2.000000E0	2.185782E0	6.718871E-1
2.020000E0	2.202037E0	6.771355E-1
2.040000E0	2.175681E0	6.342859E-1
2.060000E0	2.137845E0	6.565632E-1
2.080000E0	2.138808E0	5.676602E-1
2.100000E0	2.094303E0	4.396101E-1
2.120000E0	2.048861E0	4.036192E-1
2.140000E0	2.040226E0	3.942156E-1
2.160000E0	2.004631E0	3.949517E-1
2.180000E0	1.968935E0	3.531351E-1
2.200000E0	1.981274E0	3.768759E-1
2.220000E0	1.965700E0	3.486183E-1
2.240000E0	1.973085E0	3.517992E-1
2.260000E0	1.982216E0	3.737544E-1
2.280000E0	1.997168E0	3.750019E-1
2.300000E0	2.016264E0	4.101796E-1
2.320000E0	2.015308E0	3.978059E-1
2.340000E0	2.017888E0	3.998013E-1
2.360000E0	1.979790E0	3.943408E-1
2.380000E0	1.981446E0	3.651247E-1
2.400000E0	1.969050E0	3.273975E-1
2.420000E0	1.997840E0	3.082871E-1
2.440000E0	2.005949E0	3.140347E-1
2.460000E0	2.038900E0	3.222034E-1
2.480000E0	2.105184E0	1.782230E-1
2.500000E0	2.131218E0	-7.024161E-2
2.520000E0	2.117924E0	-7.906456E-2
2.540000E0	2.099206E0	-5.596692E-2
2.560000E0	2.048992E0	2.949047E-2
2.580000E0	2.054296E0	1.120910E-1
2.600000E0	2.078330E0	1.335786E-1
2.620000E0	2.072280E0	5.219579E-2
2.640000E0	2.129436E0	8.906542E-3
2.660000E0	2.164727E0	-7.193616E-2
2.680000E0	2.181232E0	-1.099906E-1
2.700000E0	2.156362E0	-1.007446E-1
2.720000E0	2.128626E0	-6.484464E-2
2.740000E0	2.117621E0	2.058101E-2
2.760000E0	2.089088E0	1.789841E-1
2.780000E0	2.082123E0	2.970246E-1
2.800000E0	2.085860E0	3.541442E-1
2.820000E0	2.074610E0	4.001293E-1
2.840000E0	2.160793E0	5.293878E-1
2.860000E0	2.237021E0	5.792088E-1
2.880000E0	2.239967E0	6.812407E-1
2.900000E0	2.326616E0	7.990400E-1
2.920000E0	2.435726E0	8.090119E-1
2.940000E0	2.475326E0	8.438269E-1
2.960000E0	2.505751E0	9.620943E-1
2.980000E0	2.512118E0	9.084032E-1
3.000000E0	2.513592E0	8.521479E-1
3.020000E0	2.526209E0	8.746291E-1
3.040000E0	2.534048E0	9.092763E-1
3.060000E0	2.578389E0	1.005360E0
3.080000E0	2.628733E0	1.038335E0
3.100000E0	2.643927E0	1.021068E0
3.120000E0	2.682410E0	1.064226E0
3.140000E0	2.671390E0	1.158948E0
3.160000E0	2.640715E0	1.057340E0
3.180000E0	2.624948E0	9.934404E-1
3.200000E0	2.572968E0	8.906525E-1
3.220000E0	2.550639E0	8.676330E-1
3.240000E0	2.476947E0	7.913831E-1
3.260000E0	2.448222E0	8.115190E-1
3.280000E0	2.438208E0	8.036828E-1
3.300000E0	2.463095E0	8.365817E-1
3.320000E0	2.553292E0	8.078524E-1
3.340000E0	2.598638E0	7.928136E-1
3.360000E0	2.680381E0	7.709016E-1
3.380000E0	2.687378E0	5.272167E-1
3.400000E0	2.598510E0	2.261422E-1
3.420000E0	2.588380E0	1.565314E-1
3.440000E0	2.578799E0	3.280452E-1
3.460000E0	2.599807E0	4.386276E-1
3.480000E0	2.583138E0	5.552769E-1
3.500000E0	2.589877E0	5.453442E-1
3.520000E0	2.647978E0	4.554941E-1
3.540000E0	2.731614E0	3.368540E-1
3.560000E0	2.727753E0	3.061337E-1
3.580000E0	2.690242E0	2.816364E-1
3.600000E0	2.626749E0	3.075933E-1
3.620000E0	2.577789E0	4.018631E-1
3.640000E0	2.562342E0	5.361651E-1
3.660000E0	2.521521E0	6.546829E-1
3.680000E0	2.503824E0	5.955054E-1
3.700000E0	2.499184E0	5.717457E-1
3.720000E0	2.505175E0	5.528895E-1
3.740000E0	2.527924E0	5.564895E-1
3.760000E0	2.538100E0	5.426527E-1
3.780000E0	2.553606E0	5.455220E-1
3.800000E0	2.557910E0	5.382352E-1
3.820000E0	2.554942E0	5.038480E-1
3.840000E0	2.559675E0	5.396411E-1
3.860000E0	2.570063E0	6.253550E-1
3.880000E0	2.608023E0	6.381567E-1
3.900000E0	2.668265E0	7.753322E-1
3.920000E0	2.699256E0	8.693398E-1
3.940000E0	2.692691E0	9.052010E-1
3.960000E0	2.729039E0	9.519851E-1
3.980000E0	2.713023E0	9.798162E-1
4.000000E0	2.690368E0	9.616761E-1
4.020000E0	2.683990E0	9.306905E-1
4.040000E0	2.650876E0	8.433808E-1
4.060000E0	2.642028E0	8.893626E-1
4.080000E0	2.645376E0	1.007453E0
4.100000E0	2.640445E0	9.997317E-1
4.120000E0	2.696173E0	1.025238E0
4.140000E0	2.739564E0	1.087295E0
4.160000E0	2.755962E0	1.072713E0
4.180000E0	2.753280E0	1.068086E0
4.200000E0	2.738718E0	1.044958E0
4.220000E0	2.779787E0	9.466583E-1
4.240000E0	2.829248E0	8.749411E-1
4.260000E0	2.953651E0	8.622139E-1
4.280000E0	3.007898E0	6.577169E-1
4.300000E0	3.070928E0	4.889173E-1
4.320000E0	3.087972E0	4.772433E-1
4.340000E0	3.073912E0	5.728628E-1
4.360000E0	3.059695E0	6.912798E-1
4.380000E0	3.090301E0	6.924606E-1
4.400000E0	3.104878E0	6.311190E-1
4.420000E0	3.174491E0	5.213794E-1
4.440000E0	3.321259E0	4.850439E-1
4.460000E0	3.608545E0	4.242121E-1
4.480000E0	3.643868E0	4.404244E-1
4.500000E0	3.632311E0	4.248720E-1
4.520000E0	3.522734E0	3.872337E-1
4.540000E0	3.524905E0	4.335042E-1
4.560000E0	3.537543E0	5.519851E-1
4.580000E0	3.461298E0	6.896611E-1
4.600000E0	3.430761E0	7.116737E-1
4.620000E0	3.461797E0	6.802352E-1
4.640000E0	3.478680E0	6.279149E-1
4.660000E0	3.503352E0	5.963350E-1
4.680000E0	3.516272E0	5.787732E-1
4.700000E0	3.477527E0	5.570509E-1
4.720000E0	3.499983E0	5.336221E-1
4.740000E0	3.465953E0	5.224253E-1
4.760000E0	3.459554E0	5.432873E-1
4.780000E0	3.476360E0	5.432440E-1
4.800000E0	3.490313E0	5.397051E-1
4.820000E0	3.483608E0	5.470356E-1
4.840000E0	3.493305E0	5.435431E-1
4.860000E0	3.492262E0	5.194269E-1
4.880000E0	3.496706E0	5.222807E-1
4.900000E0	3.502510E0	5.149978E-1
4.920000E0	3.506387E0	5.332469E-1
4.940000E0	3.504263E0	5.461531E-1
4.960000E0	3.508521E0	5.436144E-1
4.980000E0	3.504502E0	5.590776E-1
5.000000E0	3.592824E0	7.054405E-1
5.020000E0	3.618716E0	7.294006E-1
5.040000E0	3.635335E0	7.257054E-1
5.060000E0	3.697998E0	7.951117E-1
5.080000E0	3.716260E0	9.304062E-1
5.100000E0	3.696334E0	9.406727E-1
5.120000E0	3.670048E0	9.240546E-1
5.140000E0	3.708796E0	8.422308E-1
5.160000E0	3.783473E0	8.239021E-1
5.180000E0	3.976180E0	9.346413E-1
5.200000E0	4.361805E0	9.071395E-1
5.220000E0	4.647888E0	9.849525E-1
5.240000E0	4.825640E0	1.175699E0
5.260000E0	4.878276E0	1.297652E0
5.280000E0	4.940014E0	1.356491E0
5.300000E0	4.883753E0	1.540244E0
5.320000E0	4.934115E0	1.482281E0
5.340000E0	5.094610E0	1.207001E0
5.360000E0	5.249898E0	1.013160E0
5.380000E0	5.348221E0	1.005832E0
5.400000E0	5.293743E0	1.007617E0
5.420000E0	5.206049E0	9.400464E-1
5.440000E0	5.137428E0	1.026076E0
5.460000E0	5.148770E0	1.156398E0
5.480000E0	5.109896E0	1.155075E0
5.500000E0	5.106436E0	1.118044E0
5.520000E0	5.076998E0	1.118759E0
5.540000E0	5.053115E0	1.095372E0
5.560000E0	5.061953E0	1.074752E0
5.580000E0	5.062871E0	1.066944E0
5.600000E0	5.028911E0	1.061972E0
5.620000E0	5.048793E0	1.035872E0
5.640000E0	5.041153E0	1.049428E0
5.660000E0	5.033534E0	1.052393E0
5.680000E0	5.032149E0	1.038857E0
5.700000E0	5.038164E0	1.048362E0
5.720000E0	4.987233E0	9.915811E-1
5.740000E0	4.949504E0	9.408757E-1
5.760000E0	4.970471E0	9.632919E-1
5.780000E0	4.994964E0	9.753767E-1
5.800000E0	5.015409E0	9.797802E-1
5.820000E0	5.028705E0	9.934469E-1
5.840000E0	5.001912E0	1.004094E0
5.860000E0	5.012180E0	1.006742E0
5.880000E0	4.990632E0	1.015227E0
5.900000E0	4.997084E0	1.017210E0
5.920000E0	5.009753E0	1.015453E0
5.940000E0	5.014458E0	1.040323E0
5.960000E0	5.029767E0	1.041446E0
5.980000E0	5.030364E0	1.033038E0
6.000000E0	5.051152E0	1.058633E0
6.020000E0	5.140567E0	1.122843E0
6.040000E0	5.215723E0	1.128684E0
6.060000E0	5.322505E0	1.181382E0
6.080000E0	5.460187E0	1.122275E0
6.100000E0	5.700349E0	1.035822E0
6.120000E0	5.722395E0	1.070526E0
6.140000E0	5.679378E0	1.092450E0
6.160000E0	5.639773E0	1.090491E0
6.180000E0	5.628065E0	1.096646E0
6.200000E0	5.736704E0	1.235418E0
6.220000E0	5.882707E0	1.339242E0
6.240000E0	6.183241E0	1.377085E0
6.260000E0	6.572830E0	1.454730E0
6.280000E0	6.923194E0	1.663685E0
6.300000E0	7.015611E0	1.636422E0
6.320000E0	6.833830E0	1.550907E0
6.340000E0	6.570536E0	1.603411E0
6.360000E0	6.565811E0	1.455641E0
6.380000E0	6.530269E0	1.448183E0
6.400000E0	6.531982E0	1.472844E0
6.420000E0	6.504610E0	1.483712E0
6.440000E0	6.510088E0	1.481546E0
6.460000E0	6.502683E0	1.491584E0
6.480000E0	6.488752E0	1.506400E0
6.500000E0	6.504255E0	1.502845E0
6.520000E0	6.528376E0	1.501643E0
6.540000E0	6.515327E0	1.502000E0
6.560000E0	6.505640E0	1.494971E0
6.580000E0	6.472359E0	1.470093E0
6.600000E0	6.458204E0	1.469410E0
6.620000E0	6.467245E0	1.482643E0
6.640000E0	6.474153E0	1.480367E0
6.660000E0	6.489781E0	1.481037E0
6.680000E0	6.498996E0	1.468495E0
6.700000E0	6.503152E0	1.472520E0
6.720000E0	6.514154E0	1.485301E0
6.740000E0	6.495475E0	1.477224E0
6.760000E0	6.499247E0	1.478404E0
6.780000E0	6.487899E0	1.476138E0
6.800000E0	6.489631E0	1.474606E0
6.820000E0	6.481615E0	1.485810E0
6.840000E0	6.500222E0	1.489297E0
6.860000E0	6.759924E0	1.070127E0
6.880000E0	6.734129E0	7.819398E-1
6.900000E0	6.700134E0	9.654665E-1
6.920000E0	6.671941E0	9.891866E-1
6.940000E0	6.669571E0	9.051387E-1
6.960000E0	6.675382E0	9.169374E-1
6.980000E0	6.745331E0	9.124253E-1
7.000000E0	6.762832E0	7.289862E-1
7.020000E0	6.828950E0	5.569047E-1
7.040000E0	6.922335E0	5.500745E-1
7.060000E0	6.960267E0	5.766141E-1
7.080000E0	7.031651E0	6.865443E-1
7.100000E0	7.221320E0	8.882478E-1
7.120000E0	7.260613E0	9.265044E-1
7.140000E0	7.435034E0	9.080220E-1
7.160000E0	7.730856E0	9.118388E-1
7.180000E0	8.016873E0	9.480576E-1
7.200000E0	8.210605E0	9.373690E-1
7.220000E0	8.229013E0	8.175022E-1
7.240000E0	8.189875E0	8.931351E-1
7.260000E0	8.183365E0	9.607510E-1
7.280000E0	8.165584E0	9.101052E-1
7.300000E0	8.141977E0	9.647803E-1
7.320000E0	8.150811E0	1.098629E0
7.340000E0	8.160691E0	1.085347E0
7.360000E0	8.264648E0	1.123322E0
7.380000E0	8.351371E0	1.210424E0
7.400000E0	8.306665E0	1.157851E0
7.420000E0	8.294916E0	1.059691E0
7.440000E0	8.245815E0	9.436688E-1
7.460000E0	8.184376E0	9.041102E-1
7.480000E0	8.173959E0	9.122188E-1
7.500000E0	8.112094E0	8.375064E-1
7.520000E0	8.104955E0	8.380659E-1
7.540000E0	8.113191E0	8.503328E-1
7.560000E0	8.128175E0	8.648412E-1
7.580000E0	8.142686E0	8.899594E-1
7.600000E0	8.150367E0	9.094560E-1
7.620000E0	8.152288E0	9.201535E-1
7.640000E0	8.127790E0	8.905411E-1
7.660000E0	8.089215E0	8.760018E-1
7.680000E0	8.080691E0	9.097457E-1
7.700000E0	8.093939E0	9.140484E-1
7.720000E0	8.109637E0	9.073888E-1
7.740000E0	8.110824E0	9.373301E-1
7.760000E0	8.119166E0	9.187749E-1
7.780000E0	8.128465E0	8.987481E-1
7.800000E0	8.130711E0	8.952292E-1
7.820000E0	8.150850E0	8.212337E-1
7.840000E0	8.153646E0	7.901163E-1
7.860000E0	8.160401E0	7.916439E-1
7.880000E0	8.204595E0	6.127339E-1
7.900000E0	8.275160E0	5.017607E-1
7.920000E0	8.298858E0	4.834713E-1
7.940000E0	8.296553E0	5.682663E-1
7.960000E0	8.267914E0	5.944190E-1
7.980000E0	8.284818E0	6.596552E-1
8.000000E0	8.256343E0	6.062981E-1
8.020000E0	8.292644E0	5.303982E-1
8.040000E0	8.353674E0	4.628095E-1
8.060000E0	8.401062E0	4.402969E-1
8.080000E0	8.433316E0	4.564175E-1
8.100000E0	8.503167E0	4.578994E-1
8.120000E0	8.598293E0	5.737584E-1
8.140000E0	8.635120E0	7.582220E-1
8.160000E0	8.613000E0	8.386005E-1
8.180000E0	8.623998E0	8.841418E-1
8.200000E0	8.646826E0	9.968017E-1
8.220000E0	8.657500E0	1.003470E0
8.240000E0	8.775005E0	9.775037E-1
8.260000E0	8.801877E0	9.458508E-1
8.280000E0	8.782268E0	9.526435E-1
8.300000E0	8.784901E0	9.524362E-1
8.320000E0	8.799589E0	1.003094E0
8.340000E0	8.831295E0	1.086196E0
8.360000E0	8.846358E0	1.111924E0
8.380000E0	8.836374E0	1.125736E0
8.400000E0	8.847969E0	1.139373E0
8.420000E0	8.816233E0	1.076894E0
8.440000E0	8.798064E0	9.622685E-1
8.460000E0	8.765067E0	8.578727E-1
8.480000E0	8.708471E0	8.711236E-1
8.500000E0	8.643443E0	8.285933E-1
8.520000E0	8.610157E0	8.106369E-1
8.540000E0	8.617823E0	8.358630E-1
8.560000E0	8.623424E0	8.652844E-1
8.580000E0	8.648212E0	8.814236E-1
8.600000E0	8.659301E0	8.891434E-1
8.620000E0	8.663209E0	9.060076E-1
8.640000E0	8.670948E0	9.109078E-1
8.660000E0	8.659106E0	9.002858E-1
8.680000E0	8.646156E0	8.580684E-1
8.700000E0	8.636462E0	8.196291E-1
8.720000E0	8.676738E0	8.021145E-1
8.740000E0	8.703421E0	7.344564E-1
8.760000E0	8.797248E0	5.145734E-1
8.780000E0	8.827867E0	4.205949E-1
8.800000E0	8.862144E0	4.168410E-1
8.820000E0	8.836556E0	4.244184E-1
8.840000E0	8.798558E0	4.167460E-1
8.860000E0	8.768474E0	6.043844E-1
8.880000E0	8.743679E0	5.895366E-1
8.900000E0	8.740909E0	5.394942E-1
8.920000E0	8.820935E0	4.537651E-1
8.940000E0	8.882758E0	3.820194E-1
8.960000E0	8.911745E0	3.694226E-1
8.980000E0	8.927384E0	3.661631E-1
9.000000E0	8.885864E0	3.866013E-1
9.020000E0	8.847489E0	5.292688E-1
9.040000E0	8.794576E0	6.001745E-1
9.060000E0	8.735113E0	5.989971E-1
9.080000E0	8.712727E0	5.932284E-1
9.100000E0	8.699150E0	5.972403E-1
9.120000E0	8.710115E0	5.692480E-1
9.140000E0	8.725067E0	5.665049E-1
9.160000E0	8.727220E0	5.702786E-1
9.180000E0	8.754804E0	5.645826E-1
9.200000E0	8.771719E0	5.878934E-1
9.220000E0	8.779716E0	5.830548E-1
9.240000E0	8.790792E0	6.433505E-1
9.260000E0	8.816260E0	7.053223E-1
9.280000E0	8.824423E0	6.801422E-1
9.300000E0	8.856284E0	6.925799E-1
9.320000E0	8.821631E0	6.522903E-1
9.340000E0	8.845839E0	6.303948E-1
9.360000E0	8.854759E0	5.982754E-1
9.380000E0	8.860142E0	4.859553E-1
9.400000E0	8.837317E0	4.873876E-1
9.420000E0	8.831954E0	5.026899E-1
9.440000E0	8.841130E0	5.072135E-1
9.460000E0	8.838942E0	5.194022E-1
9.480000E0	8.826280E0	6.341610E-1
9.500000E0	8.855538E0	6.830344E-1
9.520000E0	8.868310E0	7.168166E-1
9.540000E0	8.852836E0	6.895607E-1
9.560000E0	8.848136E0	5.848427E-1
9.580000E0	8.799198E0	3.029996E-1
9.600000E0	8.757717E0	3.267247E-1
9.620000E0	8.774650E0	3.212718E-1
9.640000E0	8.819089E0	1.364816E-1
9.660000E0	8.860213E0	2.926633E-2
9.680000E0	8.946934E0	-1.297756E-1
9.700000E0	9.080566E0	-1.853214E-1
9.720000E0	9.223142E0	-1.641658E-1
9.740000E0	9.302235E0	-1.067858E-1
9.760000E0	9.309085E0	5.711645E-2
9.780000E0	9.370073E0	2.613552E-1
9.800000E0	9.347166E0	2.620046E-1
9.820000E0	9.341812E0	9.024068E-2
9.840000E0	9.425896E0	2.086026E-2
9.860000E0	9.465267E0	-3.591701E-2
9.880000E0	9.562399E0	-3.170511E-2
9.900000E0	9.600176E0	-1.339899E-2
9.920000E0	9.658792E0	1.073463E-1
9.940000E0	9.655250E0	1.927754E-1
9.960000E0	9.604407E0	1.709774E-1
9.980000E0	9.542792E0	1.511784E-1
1.000000E1	9.514275E0	1.756384E-1
1.002000E1	9.570304E0	1.369593E-1
1.004000E1	9.647570E0	9.892988E-2
1.006000E1	9.668447E0	8.100153E-2
1.008000E1	9.723443E0	7.812242E-2
1.010000E1	9.723526E0	4.615242E-2
1.012000E1	9.717487E0	7.418285E-2
1.014000E1	9.712174E0	9.801013E-2
1.016000E1	9.688737E0	8.852869E-2
1.018000E1	9.678457E0	8.492236E-2
1.020000E1	9.687453E0	7.744090E-2
1.022000E1	9.691018E0	6.733810E-2
1.024000E1	9.711961E0	1.093584E-1
1.026000E1	9.718677E0	1.132840E-1
1.028000E1	9.779146E0	2.184006E-1
1.030000E1	9.788164E0	3.114468E-1
1.032000E1	9.783199E0	3.911733E-1
1.034000E1	9.770202E0	4.188446E-1
1.036000E1	9.778178E0	5.024888E-1
1.038000E1	9.777202E0	5.488902E-1
1.040000E1	9.809243E0	4.793672E-1
1.042000E1	9.817642E0	3.661990E-1
1.044000E1	9.795867E0	3.894995E-1
1.046000E1	9.797190E0	4.282691E-1
1.048000E1	9.795521E0	4.656394E-1
1.050000E1	9.890700E0	4.552045E-1
1.052000E1	1.014450E1	4.746244E-1
1.054000E1	1.039207E1	4.598067E-1
1.056000E1	1.067587E1	3.678632E-1
1.058000E1	1.080054E1	1.176684E-1
1.060000E1	1.071973E1	8.551681E-2
1.062000E1	1.069679E1	5.719055E-2
1.064000E1	1.070009E1	5.386956E-2
1.066000E1	1.068150E1	1.898161E-1
1.068000E1	1.070087E1	1.616555E-1
1.070000E1	1.074205E1	1.285639E-2
1.072000E1	1.085298E1	-1.388150E-1
1.074000E1	1.095094E1	-1.460080E-1
1.076000E1	1.109429E1	-1.442591E-1
1.078000E1	1.123556E1	-2.033710E-1
1.080000E1	1.123162E1	-1.266004E-1
1.082000E1	1.114269E1	1.207275E-1
1.084000E1	1.106229E1	1.246824E-1
1.086000E1	1.106753E1	8.731515E-2
1.088000E1	1.106304E1	1.090711E-1
1.090000E1	1.109931E1	9.502264E-2
1.092000E1	1.112211E1	8.884231E-2
1.094000E1	1.115768E1	8.672930E-2
1.096000E1	1.117178E1	7.454548E-2
1.098000E1	1.118977E1	6.885304E-2
1.100000E1	1.119019E1	4.090706E-2
1.102000E1	1.116007E1	4.410641E-2
1.104000E1	1.110532E1	4.907505E-2
1.106000E1	1.112265E1	4.452555E-2
1.108000E1	1.113823E1	4.142095E-2
1.110000E1	1.115446E1	4.866522E-2
1.112000E1	1.117240E1	3.796398E-2
1.114000E1	1.117627E1	3.081411E-2
1.116000E1	1.118483E1	2.883319E-2
1.118000E1	1.117852E1	3.477347E-2
1.120000E1	1.116999E1	3.280854E-2
1.122000E1	1.117521E1	3.124071E-2
1.124000E1	1.114721E1	5.698128E-2
1.126000E1	1.115844E1	5.475401E-2
1.128000E1	1.116112E1	5.152369E-2
1.130000E1	1.116106E1	4.780072E-2
1.132000E1	1.117112E1	5.045469E-2
1.134000E1	1.117349E1	5.133678E-2
1.136000E1	1.121040E1	5.813894E-2
1.138000E1	1.121426E1	6.307978E-2
1.140000E1	1.122934E1	6.943740E-2
1.142000E1	1.125747E1	3.137320E-2
1.144000E1	1.144880E1	3.755140E-2
1.146000E1	1.166824E1	6.056719E-3
1.148000E1	1.187842E1	-1.536260E-1
1.150000E1	1.192382E1	-1.231819E-1
1.152000E1	1.196382E1	-3.580254E-2
1.154000E1	1.191593E1	-1.743092E-2
1.156000E1	1.190214E1	-2.187034E-2
1.158000E1	1.205555E1	1.331370E-1
1.160000E1	1.223831E1	1.566840E-1
1.162000E1	1.251695E1	4.869573E-2
1.164000E1	1.299432E1	-1.650537E-2
1.166000E1	1.330600E1	-3.528695E-2
1.168000E1	1.342498E1	-3.970828E-3
1.170000E1	1.339816E1	7.821721E-3
1.172000E1	1.328996E1	2.359090E-1
1.174000E1	1.314298E1	5.283554E-1
1.176000E1	1.312536E1	5.087164E-1
1.178000E1	1.312639E1	2.693913E-1
1.180000E1	1.310074E1	3.202288E-1
1.182000E1	1.309411E1	3.586827E-1
1.184000E1	1.312430E1	3.456263E-1
1.186000E1	1.313191E1	3.577042E-1
1.188000E1	1.315614E1	4.023658E-1
1.190000E1	1.317525E1	3.750120E-1
1.192000E1	1.319328E1	3.677170E-1
1.194000E1	1.318287E1	4.474810E-1
1.196000E1	1.318773E1	4.463505E-1
1.198000E1	1.316989E1	4.293167E-1
1.200000E1	1.314575E1	4.337788E-1
1.202000E1	1.314406E1	4.034486E-1
1.204000E1	1.316178E1	4.159589E-1
1.206000E1	1.318268E1	4.284100E-1
1.208000E1	1.318326E1	4.275512E-1
1.210000E1	1.316804E1	4.316973E-1
1.212000E1	1.317306E1	4.312755E-1
1.214000E1	1.317301E1	4.331510E-1
1.216000E1	1.315350E1	4.463220E-1
1.218000E1	1.315398E1	4.323376E-1
1.220000E1	1.314237E1	4.137687E-1
1.222000E1	1.314230E1	4.420424E-1
1.224000E1	1.315883E1	4.394969E-1
1.226000E1	1.317446E1	4.103425E-1
1.228000E1	1.317504E1	4.043682E-1
1.230000E1	1.318815E1	3.977533E-1
1.232000E1	1.323650E1	3.603784E-1
1.234000E1	1.329777E1	2.455219E-1
1.236000E1	1.330428E1	1.705360E-1
1.238000E1	1.330238E1	8.807504E-2
1.240000E1	1.328733E1	2.706750E-2
1.242000E1	1.329030E1	5.766211E-2
1.244000E1	1.328583E1	1.153553E-1
1.246000E1	1.337715E1	2.815116E-1
1.248000E1	1.336903E1	4.003399E-1
1.250000E1	1.350249E1	4.059445E-1
1.252000E1	1.371911E1	4.091933E-1
1.254000E1	1.384455E1	4.315615E-1
1.256000E1	1.394434E1	4.542630E-1
1.258000E1	1.391390E1	4.309124E-1
1.260000E1	1.386965E1	4.384117E-1
1.262000E1	1.377780E1	5.056541E-1
1.264000E1	1.371609E1	4.755700E-1
1.266000E1	1.370432E1	4.803795E-1
1.268000E1	1.371517E1	6.204117E-1
1.270000E1	1.375942E1	6.222237E-1
1.272000E1	1.383182E1	6.355674E-1
1.274000E1	1.386316E1	6.911232E-1
1.276000E1	1.388258E1	7.255436E-1
1.278000E1	1.386022E1	6.527541E-1
1.280000E1	1.376362E1	4.806182E-1
1.282000E1	1.375314E1	4.512563E-1
1.284000E1	1.373631E1	4.001505E-1
1.286000E1	1.367648E1	3.286356E-1
1.288000E1	1.367995E1	3.466281E-1
1.290000E1	1.368764E1	3.459075E-1
1.292000E1	1.369452E1	3.537602E-1
1.294000E1	1.370888E1	3.707710E-1
1.296000E1	1.372011E1	4.003228E-1
1.298000E1	1.372574E1	4.119732E-1
1.300000E1	1.372193E1	4.010482E-1
1.302000E1	1.371625E1	3.947818E-1
1.304000E1	1.366259E1	3.713761E-1
1.306000E1	1.367561E1	4.170822E-1
1.308000E1	1.368752E1	4.014086E-1
1.310000E1	1.369883E1	4.009550E-1
1.312000E1	1.370246E1	4.184415E-1
1.314000E1	1.370525E1	4.213765E-1
1.316000E1	1.372234E1	3.832408E-1
1.318000E1	1.372762E1	3.961317E-1
1.320000E1	1.374450E1	3.537459E-1
1.322000E1	1.375812E1	3.452417E-1
1.324000E1	1.379547E1	2.906940E-1
1.326000E1	1.380359E1	1.968282E-1
1.328000E1	1.382863E1	1.026442E-1
1.330000E1	1.382403E1	7.198039E-2
1.332000E1	1.381324E1	3.824342E-2
1.334000E1	1.379671E1	7.737393E-2
1.336000E1	1.379950E1	1.355175E-1
1.338000E1	1.379435E1	9.034851E-2
1.340000E1	1.383549E1	1.478967E-4
1.342000E1	1.388360E1	-2.470132E-2
1.344000E1	1.389139E1	-7.182909E-2
1.346000E1	1.391349E1	-7.709612E-2
1.348000E1	1.392720E1	-8.633577E-2
1.350000E1	1.388427E1	-6.675461E-2
1.352000E1	1.386033E1	5.277742E-2
1.354000E1	1.379816E1	1.101018E-1
1.356000E1	1.378986E1	9.181753E-2
1.358000E1	1.378451E1	1.479768E-1
1.360000E1	1.381184E1	2.540751E-1
1.362000E1	1.383316E1	3.297494E-1
1.364000E1	1.386609E1	4.259231E-1
1.366000E1	1.390418E1	5.456610E-1
1.368000E1	1.386788E1	5.383660E-1
1.370000E1	1.387876E1	5.323119E-1
1.372000E1	1.392641E1	4.651105E-1
1.374000E1	1.390066E1	3.878874E-1
1.376000E1	1.388079E1	4.138305E-1
1.378000E1	1.386806E1	4.307511E-1
1.380000E1	1.385605E1	4.428409E-1
1.382000E1	1.387984E1	4.782076E-1
1.384000E1	1.388403E1	4.944766E-1
1.386000E1	1.390711E1	5.349948E-1
1.388000E1	1.391299E1	5.972734E-1
1.390000E1	1.393467E1	6.693431E-1
1.392000E1	1.391506E1	6.296437E-1
1.394000E1	1.389526E1	5.459888E-1
1.396000E1	1.387394E1	4.054894E-1
1.398000E1	1.377891E1	3.147719E-1
1.400000E1	1.377613E1	3.276258E-1
1.402000E1	1.376507E1	3.151619E-1
1.404000E1	1.377873E1	3.473599E-1
1.406000E1	1.376316E1	3.553036E-1
1.408000E1	1.375636E1	3.322239E-1
1.410000E1	1.377316E1	3.455970E-1
1.412000E1	1.379135E1	3.462777E-1
1.414000E1	1.384237E1	2.949293E-1
1.416000E1	1.389507E1	2.895055E-1
1.418000E1	1.391701E1	2.391611E-1
1.420000E1	1.391430E1	4.320195E-2
1.422000E1	1.390481E1	9.338640E-3
1.424000E1	1.388589E1	4.189128E-2
1.426000E1	1.387017E1	2.568716E-2
1.428000E1	1.385753E1	3.868206E-2
1.430000E1	1.385283E1	1.622540E-1
1.432000E1	1.385010E1	6.704105E-2
1.434000E1	1.389161E1	-3.716310E-3
1.436000E1	1.392187E1	-3.044939E-2
1.438000E1	1.390302E1	-1.124085E-1
1.440000E1	1.391440E1	-1.391117E-1
1.442000E1	1.390704E1	-1.107417E-1
1.444000E1	1.387078E1	-3.681437E-2
1.446000E1	1.385079E1	4.247897E-2
1.448000E1	1.382301E1	7.213592E-2
1.450000E1	1.380553E1	6.572565E-2
1.452000E1	1.378840E1	1.040293E-1
1.454000E1	1.379066E1	1.024338E-1
1.456000E1	1.380691E1	7.310835E-2
1.458000E1	1.379683E1	8.206941E-2
1.460000E1	1.382373E1	7.637852E-2
1.462000E1	1.381991E1	1.493307E-2
1.464000E1	1.382493E1	1.304315E-2
1.466000E1	1.383585E1	1.060764E-1
1.468000E1	1.385708E1	8.099292E-2
1.470000E1	1.386332E1	9.489275E-2
1.472000E1	1.390049E1	1.366874E-1
1.474000E1	1.389273E1	1.261293E-1
1.476000E1	1.392585E1	1.456694E-1
1.478000E1	1.392053E1	1.530610E-1
1.480000E1	1.392602E1	1.252765E-1
1.482000E1	1.391136E1	5.977886E-2
1.484000E1	1.386852E1	-3.606165E-2
1.486000E1	1.387265E1	-2.214035E-3
1.488000E1	1.387112E1	4.432563E-2
1.490000E1	1.386897E1	4.199122E-2
1.492000E1	1.389983E1	6.288197E-2
1.494000E1	1.394899E1	1.717736E-1
1.496000E1	1.394127E1	1.689236E-1
1.498000E1	1.392862E1	1.684405E-1
1.500000E1	1.390274E1	5.886523E-2
1.502000E1	1.387735E1	-1.271519E-1
1.504000E1	1.392526E1	-2.470456E-1
1.506000E1	1.391622E1	-2.225992E-1
1.508000E1	1.390883E1	-3.422207E-1
1.510000E1	1.390760E1	-5.491003E-1
1.512000E1	1.390693E1	-5.156670E-1
1.514000E1	1.391011E1	-4.409969E-1
1.516000E1	1.390246E1	-4.423423E-1
1.518000E1	1.390280E1	-3.927366E-1
1.520000E1	1.388748E1	-2.443951E-1
1.522000E1	1.390319E1	-2.505338E-1
1.524000E1	1.387552E1	-3.064675E-1
1.526000E1	1.387190E1	-3.664725E-1
1.528000E1	1.393368E1	-4.409875E-1
1.530000E1	1.396595E1	-4.956256E-1
1.532000E1	1.394797E1	-5.061439E-1
1.534000E1	1.389074E1	-3.819404E-1
1.536000E1	1.382490E1	-3.602529E-1
1.538000E1	1.383003E1	-3.783640E-1
1.540000E1	1.378086E1	-3.531572E-1
1.542000E1	1.373597E1	-3.372646E-1
1.544000E1	1.375679E1	-3.705548E-1
1.546000E1	1.378011E1	-3.776817E-1
1.548000E1	1.379123E1	-3.832500E-1
1.550000E1	1.380105E1	-3.925828E-1
1.552000E1	1.381356E1	-4.168890E-1
1.554000E1	1.381743E1	-4.362559E-1
1.556000E1	1.381648E1	-4.203037E-1
1.558000E1	1.380957E1	-3.885344E-1
1.560000E1	1.381324E1	-4.092290E-1
1.562000E1	1.381034E1	-4.114447E-1
1.564000E1	1.381260E1	-4.079510E-1
1.566000E1	1.381620E1	-4.231505E-1
1.568000E1	1.382161E1	-4.301655E-1
1.570000E1	1.380333E1	-4.116797E-1
1.572000E1	1.382714E1	-4.317762E-1
1.574000E1	1.382942E1	-4.321143E-1
1.576000E1	1.382977E1	-4.297779E-1
1.578000E1	1.383181E1	-4.305156E-1
1.580000E1	1.384105E1	-4.205240E-1
1.582000E1	1.387329E1	-3.629013E-1
1.584000E1	1.385958E1	-3.663004E-1
1.586000E1	1.389255E1	-3.379785E-1
1.588000E1	1.390689E1	-3.245817E-1
1.590000E1	1.390387E1	-3.553723E-1
1.592000E1	1.389876E1	-3.823717E-1
1.594000E1	1.389656E1	-4.710202E-1
1.596000E1	1.390594E1	-5.509968E-1
1.598000E1	1.391584E1	-5.343952E-1
1.600000E1	1.404807E1	-5.010567E-1
1.602000E1	1.437469E1	-6.015310E-1
1.604000E1	1.450095E1	-6.322387E-1
1.606000E1	1.454606E1	-4.976467E-1
1.608000E1	1.475096E1	-4.527105E-1
1.610000E1	1.482887E1	-4.167668E-1
1.612000E1	1.485046E1	-2.828985E-1
1.614000E1	1.488904E1	-1.492578E-1
1.616000E1	1.487433E1	-1.297809E-1
1.618000E1	1.495017E1	-4.020816E-1
1.620000E1	1.507819E1	-5.244646E-1
1.622000E1	1.519979E1	-5.648519E-1
1.624000E1	1.524291E1	-5.461661E-1
1.626000E1	1.527263E1	-5.807317E-1
1.628000E1	1.525674E1	-5.286435E-1
1.630000E1	1.515127E1	-3.041296E-1
1.632000E1	1.512378E1	-3.208993E-1
1.634000E1	1.515047E1	-3.456411E-1
1.636000E1	1.518046E1	-3.375435E-1
1.638000E1	1.519202E1	-3.542306E-1
1.640000E1	1.520402E1	-3.612994E-1
1.642000E1	1.521884E1	-3.687247E-1
1.644000E1	1.523022E1	-3.947897E-1
1.646000E1	1.523667E1	-4.047889E-1
1.648000E1	1.524238E1	-4.241172E-1
1.650000E1	1.524328E1	-4.310739E-1
1.652000E1	1.524666E1	-4.031678E-1
1.654000E1	1.524541E1	-4.259511E-1
1.656000E1	1.525199E1	-4.242689E-1
1.658000E1	1.525188E1	-4.177456E-1
1.660000E1	1.525372E1	-4.340887E-1
1.662000E1	1.525211E1	-4.396252E-1
1.664000E1	1.522226E1	-4.377912E-1
1.666000E1	1.525204E1	-4.325259E-1
1.668000E1	1.523946E1	-4.273452E-1
1.670000E1	1.522870E1	-4.387823E-1
1.672000E1	1.524704E1	-4.409206E-1
1.674000E1	1.524999E1	-4.341827E-1
1.676000E1	1.525068E1	-4.372270E-1
1.678000E1	1.525529E1	-4.227322E-1
1.680000E1	1.525394E1	-4.229431E-1
1.682000E1	1.525495E1	-4.289145E-1
1.684000E1	1.526023E1	-4.368063E-1
1.686000E1	1.526935E1	-4.572329E-1
1.688000E1	1.526233E1	-4.830941E-1
1.690000E1	1.534095E1	-5.003878E-1
1.692000E1	1.547356E1	-4.988293E-1
1.694000E1	1.559977E1	-5.720539E-1
1.696000E1	1.582802E1	-6.529346E-1
1.698000E1	1.581709E1	-5.138327E-1
1.700000E1	1.581788E1	-3.937314E-1
1.702000E1	1.580579E1	-3.784156E-1
1.704000E1	1.579948E1	-3.454502E-1
1.706000E1	1.576890E1	-3.250432E-1
1.708000E1	1.580479E1	-4.067682E-1
1.710000E1	1.593150E1	-5.315127E-1
1.712000E1	1.617022E1	-5.144181E-1
1.714000E1	1.650988E1	-4.280286E-1
1.716000E1	1.666258E1	-4.265468E-1
1.718000E1	1.671524E1	-4.470257E-1
1.720000E1	1.666380E1	-1.735270E-1
1.722000E1	1.652786E1	1.325045E-1
1.724000E1	1.643413E1	-2.973159E-2
1.726000E1	1.633796E1	-3.233565E-1
1.728000E1	1.629465E1	-2.372810E-1
1.730000E1	1.626518E1	-1.878585E-1
1.732000E1	1.625910E1	-1.969152E-1
1.734000E1	1.623832E1	-1.503999E-1
1.736000E1	1.624447E1	-9.604237E-2
1.738000E1	1.625104E1	-9.047719E-2
1.740000E1	1.624365E1	-6.805883E-2
1.742000E1	1.623703E1	-2.365511E-2
1.744000E1	1.624927E1	-3.854635E-2
1.746000E1	1.624083E1	-2.784868E-2
1.748000E1	1.621704E1	-2.434699E-2
1.750000E1	1.622024E1	-2.807885E-2
1.752000E1	1.620848E1	-1.676728E-2
1.754000E1	1.621724E1	-2.646161E-2
1.756000E1	1.622688E1	-2.112254E-2
1.758000E1	1.623821E1	-2.441857E-2
1.760000E1	1.622430E1	-2.892654E-2
1.762000E1	1.623540E1	-2.896692E-2
1.764000E1	1.621253E1	-3.168660E-2
1.766000E1	1.621445E1	-2.496868E-2
1.768000E1	1.621686E1	-2.820180E-2
1.770000E1	1.622485E1	-1.957656E-2
1.772000E1	1.623146E1	-3.944002E-2
1.774000E1	1.623618E1	-3.384062E-2
1.776000E1	1.623665E1	-4.399537E-2
1.778000E1	1.625258E1	-7.474082E-2
1.780000E1	1.629309E1	-9.721585E-2
1.782000E1	1.634969E1	-1.135656E-1
1.784000E1	1.640797E1	-2.393500E-1
1.786000E1	1.640672E1	-2.481459E-1
1.788000E1	1.638667E1	-2.010984E-1
1.790000E1	1.637003E1	-1.628751E-1
1.792000E1	1.634166E1	-1.119367E-1
1.794000E1	1.633630E1	-1.581875E-3
1.796000E1	1.633993E1	5.734654E-3
1.798000E1	1.635784E1	-4.696387E-3
1.800000E1	1.649790E1	-2.384590E-2
1.802000E1	1.663179E1	-7.495029E-3
1.804000E1	1.673010E1	-1.614594E-2
1.806000E1	1.686562E1	-2.809206E-2
1.808000E1	1.689528E1	2.034561E-2
1.810000E1	1.678979E1	1.849685E-1
1.812000E1	1.675738E1	2.132259E-1
1.814000E1	1.672301E1	1.624391E-1
1.816000E1	1.671120E1	1.126616E-1
1.818000E1	1.669706E1	8.640856E-2
1.820000E1	1.672390E1	6.880332E-2
1.822000E1	1.673421E1	5.446183E-2
1.824000E1	1.674822E1	1.226599E-1
1.826000E1	1.679561E1	1.104226E-1
1.828000E1	1.680783E1	1.057431E-1
1.830000E1	1.683707E1	9.990257E-2
1.832000E1	1.683744E1	1.642231E-1
1.834000E1	1.683609E1	2.685633E-1
1.836000E1	1.684578E1	3.544260E-1
1.838000E1	1.684268E1	3.879134E-1
1.840000E1	1.681698E1	2.542895E-1
1.842000E1	1.679705E1	2.097163E-1
1.844000E1	1.675976E1	1.231052E-1
1.846000E1	1.675510E1	6.582357E-2
1.848000E1	1.672531E1	1.488694E-2
1.850000E1	1.669453E1	-3.919309E-3
1.852000E1	1.669700E1	-1.549362E-2
1.854000E1	1.667744E1	-2.246424E-2
1.856000E1	1.668786E1	-2.271943E-2
1.858000E1	1.669215E1	-2.854586E-2
1.860000E1	1.671932E1	-2.078875E-2
1.862000E1	1.672809E1	-1.746902E-2
1.864000E1	1.673624E1	-2.012430E-2
1.866000E1	1.674412E1	-2.842462E-2
1.868000E1	1.674137E1	-5.512635E-2
1.870000E1	1.674329E1	-1.176873E-1
1.872000E1	1.675785E1	-9.457895E-2
1.874000E1	1.676782E1	-9.703163E-2
1.876000E1	1.688782E1	-3.437932E-1
1.878000E1	1.687250E1	-3.830725E-1
1.880000E1	1.685324E1	-3.781210E-1
1.882000E1	1.684352E1	-3.781933E-1
1.884000E1	1.683157E1	-3.698511E-1
1.886000E1	1.680033E1	-2.520409E-1
1.888000E1	1.677133E1	-2.483725E-1
1.890000E1	1.679400E1	-2.316681E-1
1.892000E1	1.683141E1	-2.051311E-1
1.894000E1	1.687772E1	-2.016165E-1
1.896000E1	1.689976E1	-2.104936E-1
1.898000E1	1.687531E1	-1.904360E-1
1.900000E1	1.681647E1	-5.065780E-2
1.902000E1	1.677222E1	4.962019E-2
1.904000E1	1.673784E1	2.629405E-2
1.906000E1	1.668912E1	4.935369E-2
1.908000E1	1.669124E1	9.072041E-2
1.910000E1	1.671320E1	6.379695E-2
1.912000E1	1.673627E1	4.352425E-2
1.914000E1	1.675436E1	3.467514E-2
1.916000E1	1.679856E1	6.828875E-2
1.918000E1	1.680064E1	4.640810E-2
1.920000E1	1.683496E1	8.194874E-2
1.922000E1	1.686320E1	1.781195E-1
1.924000E1	1.685930E1	1.473301E-1
1.926000E1	1.684457E1	1.222710E-1
1.928000E1	1.682909E1	1.092978E-1
1.930000E1	1.683513E1	8.134667E-2
1.932000E1	1.683437E1	3.275832E-3
1.934000E1	1.682705E1	-9.213419E-4
1.936000E1	1.682803E1	8.009080E-3
1.938000E1	1.682602E1	1.428951E-2
1.940000E1	1.683009E1	2.596866E-2
1.942000E1	1.684052E1	9.232050E-2
1.944000E1	1.685828E1	2.124969E-1
1.946000E1	1.685503E1	1.660007E-1
1.948000E1	1.685992E1	1.495694E-1
1.950000E1	1.682923E1	2.701510E-2
1.952000E1	1.680063E1	-1.395253E-1
1.954000E1	1.678906E1	-1.371496E-1
1.956000E1	1.672444E1	-1.293548E-1
1.958000E1	1.675545E1	-1.885028E-1
1.960000E1	1.680076E1	-1.717859E-1
1.962000E1	1.686336E1	-2.089224E-1
1.964000E1	1.690280E1	-3.527974E-1
1.966000E1	1.689574E1	-4.008634E-1
1.968000E1	1.687750E1	-4.204432E-1
1.970000E1	1.686175E1	-4.224457E-1
1.972000E1	1.683029E1	-3.354399E-1
1.974000E1	1.672273E1	-2.411513E-1
1.976000E1	1.674620E1	-1.917639E-1
1.978000E1	1.682980E1	-2.590362E-1
1.980000E1	1.687599E1	-2.539815E-1
1.982000E1	1.688213E1	-2.209169E-1
1.984000E1	1.688862E1	-1.856562E-1
1.986000E1	1.689036E1	-1.724121E-1
1.988000E1	1.687735E1	-1.064954E-1
1.990000E1	1.676122E1	2.143970E-2
1.992000E1	1.675699E1	8.776667E-3
1.994000E1	1.670017E1	1.235022E-2
1.996000E1	1.669927E1	3.825243E-2
1.998000E1	1.672131E1	1.766482E-2
2.000000E1	1.675676E1	3.391938E-2
2.002000E1	1.676570E1	4.197132E-2
2.004000E1	1.677545E1	2.744524E-2
2.006000E1	1.678338E1	1.065249E-2
2.008000E1	1.678182E1	-9.143107E-5
2.010000E1	1.678326E1	1.158872E-2
2.012000E1	1.678016E1	1.635584E-2
2.014000E1	1.677859E1	1.100468E-2
2.016000E1	1.677921E1	1.573408E-2
2.018000E1	1.676825E1	9.724175E-3
2.020000E1	1.677307E1	3.068649E-3
2.022000E1	1.676817E1	2.399023E-3
2.024000E1	1.677755E1	7.125920E-3
2.026000E1	1.678290E1	3.672657E-3
2.028000E1	1.680068E1	5.716013E-3
2.030000E1	1.681500E1	4.329385E-2
2.032000E1	1.680901E1	2.489667E-2
2.034000E1	1.682742E1	7.437467E-2
2.036000E1	1.684619E1	8.073878E-2
2.038000E1	1.683806E1	6.339569E-2
2.040000E1	1.685576E1	7.489129E-2
2.042000E1	1.686911E1	7.260229E-2
2.044000E1	1.685335E1	2.050654E-2
2.046000E1	1.685507E1	-3.591790E-2
2.048000E1	1.685161E1	-2.491657E-2
2.050000E1	1.689440E1	-5.889211E-2
2.052000E1	1.698652E1	-6.568334E-2
2.054000E1	1.707433E1	-8.749929E-2
2.056000E1	1.720249E1	-2.326749E-1
2.058000E1	1.733548E1	-1.393586E-1
2.060000E1	1.740538E1	-5.954133E-2
2.062000E1	1.747462E1	2.252445E-2
2.064000E1	1.745012E1	2.688230E-2
2.066000E1	1.734698E1	2.223451E-1
2.068000E1	1.733572E1	1.340178E-1
2.070000E1	1.737324E1	-1.690423E-1
2.072000E1	1.740303E1	-2.061002E-1
2.074000E1	1.741765E1	-2.194020E-1
2.076000E1	1.742178E1	-1.846891E-1
2.078000E1	1.738583E1	-2.052552E-1
2.080000E1	1.731429E1	-1.413372E-1
2.082000E1	1.725945E1	3.544478E-2
2.084000E1	1.722058E1	5.537097E-2
2.086000E1	1.719018E1	3.240304E-2
2.088000E1	1.720927E1	3.146092E-2
2.090000E1	1.723471E1	4.590261E-2
2.092000E1	1.726039E1	3.815972E-2
2.094000E1	1.727927E1	6.594690E-2
2.096000E1	1.722921E1	1.794944E-2
2.098000E1	1.724082E1	-2.634611E-3
2.100000E1	1.724656E1	-1.539245E-2
2.102000E1	1.725597E1	-8.585816E-3
2.104000E1	1.726755E1	-1.850176E-2
2.106000E1	1.727531E1	-2.000032E-2
2.108000E1	1.727653E1	-2.641517E-3
2.110000E1	1.728069E1	-1.863942E-2
2.112000E1	1.728044E1	-4.523866E-3
2.114000E1	1.727255E1	-1.502161E-2
2.116000E1	1.727300E1	-2.366294E-2
2.118000E1	1.726426E1	-1.747078E-2
2.120000E1	1.725103E1	-3.371255E-2
2.122000E1	1.726282E1	-3.723691E-2
2.124000E1	1.726395E1	-3.362428E-2
2.126000E1	1.727077E1	-1.702300E-2
2.128000E1	1.728110E1	-2.839052E-2
2.130000E1	1.728978E1	-1.690058E-2
2.132000E1	1.728681E1	-1.376274E-2
2.134000E1	1.728678E1	-1.655168E-2
2.136000E1	1.728019E1	-2.148595E-2
2.138000E1	1.728168E1	-2.115720E-2
2.140000E1	1.731196E1	-7.976204E-2
2.142000E1	1.732936E1	-7.188376E-2
2.144000E1	1.744434E1	-9.338328E-2
2.146000E1	1.757279E1	-2.343910E-1
2.148000E1	1.756798E1	-1.702194E-1
2.150000E1	1.757363E1	-8.321033E-2
2.152000E1	1.754698E1	-3.543219E-3
2.154000E1	1.747834E1	8.568173E-2
2.156000E1	1.742400E1	1.913309E-1
2.158000E1	1.744974E1	8.282009E-2
2.160000E1	1.756136E1	-1.629018E-1
2.162000E1	1.766030E1	-2.355156E-1
2.164000E1	1.788864E1	-9.031080E-2
2.166000E1	1.801918E1	-7.250713E-2
2.168000E1	1.801948E1	-6.802532E-2
2.170000E1	1.793776E1	2.202947E-1
2.172000E1	1.792845E1	3.700571E-1
2.174000E1	1.787447E1	4.325353E-1
2.176000E1	1.786176E1	4.192963E-1
2.178000E1	1.783684E1	3.869708E-1
2.180000E1	1.781563E1	1.638439E-1
2.182000E1	1.779290E1	1.154414E-1
2.184000E1	1.775868E1	8.831063E-2
2.186000E1	1.774024E1	1.609724E-2
2.188000E1	1.770984E1	-1.563177E-2
2.190000E1	1.773585E1	1.047825E-4
2.192000E1	1.773449E1	6.654602E-3
2.194000E1	1.775760E1	-5.382928E-3
2.196000E1	1.777964E1	-3.295819E-4
2.198000E1	1.779958E1	-2.192229E-2
2.200000E1	1.778711E1	-2.114224E-2
2.202000E1	1.777420E1	-3.291942E-2
2.204000E1	1.777659E1	-5.425742E-2
2.206000E1	1.777756E1	-4.232158E-2
2.208000E1	1.778617E1	-4.888435E-2
2.210000E1	1.778306E1	-4.969271E-2
2.212000E1	1.777003E1	-2.757768E-2
2.214000E1	1.778298E1	-2.643367E-2
2.216000E1	1.778778E1	-5.285586E-2
2.218000E1	1.779214E1	-2.743786E-2
2.220000E1	1.778862E1	-3.309612E-2
2.222000E1	1.778203E1	-6.826226E-2
2.224000E1	1.778782E1	-6.539895E-2
2.226000E1	1.778382E1	-8.221611E-2
2.228000E1	1.780956E1	-1.068314E-1
2.230000E1	1.786029E1	-1.317203E-1
2.232000E1	1.793183E1	-2.264717E-1
2.234000E1	1.794403E1	-2.095236E-1
2.236000E1	1.792706E1	-1.706901E-1
2.238000E1	1.793607E1	-1.553526E-1
2.240000E1	1.789643E1	-1.143612E-1
2.242000E1	1.787010E1	6.476978E-3
2.244000E1	1.785310E1	2.215952E-2
2.246000E1	1.786492E1	-2.443562E-2
2.248000E1	1.792063E1	-8.850563E-2
2.250000E1	1.797497E1	-1.380716E-1
2.252000E1	1.802361E1	-1.283536E-1
2.254000E1	1.804325E1	-1.180157E-1
2.256000E1	1.807709E1	-8.684654E-2
2.258000E1	1.796893E1	1.262419E-1
2.260000E1	1.790993E1	1.500886E-1
2.262000E1	1.789816E1	1.009074E-1
2.264000E1	1.788947E1	8.941654E-2
2.266000E1	1.789058E1	1.582571E-1
2.268000E1	1.789512E1	1.238672E-1
2.270000E1	1.789278E1	8.989797E-2
2.272000E1	1.788800E1	1.069920E-1
2.274000E1	1.788919E1	2.646602E-2
2.276000E1	1.789135E1	1.094272E-2
2.278000E1	1.788353E1	9.270846E-3
2.280000E1	1.789327E1	2.193050E-2
2.282000E1	1.790978E1	5.510069E-2
2.284000E1	1.791281E1	4.543242E-2
2.286000E1	1.792801E1	7.407121E-2
2.288000E1	1.795909E1	6.235675E-2
2.290000E1	1.797259E1	9.916669E-2
2.292000E1	1.795186E1	2.114581E-1
2.294000E1	1.794161E1	1.595408E-1
2.296000E1	1.790048E1	3.169418E-2
2.298000E1	1.789485E1	-8.273060E-2
2.300000E1	1.785204E1	-9.385852E-2
2.302000E1	1.784833E1	-9.097445E-2
2.304000E1	1.782487E1	-9.739222E-2
2.306000E1	1.782442E1	-1.018203E-1
2.308000E1	1.783040E1	-8.262995E-2
2.310000E1	1.782276E1	-6.930578E-2
2.312000E1	1.781455E1	-7.522168E-2
2.314000E1	1.782728E1	-7.694975E-2
2.316000E1	1.782501E1	-6.078296E-2
2.318000E1	1.789615E1	-1.627148E-1
2.320000E1	1.792061E1	-1.627850E-1
2.322000E1	1.795826E1	-1.961999E-1
2.324000E1	1.797611E1	-3.137773E-1
2.326000E1	1.795760E1	-3.634865E-1
2.328000E1	1.794204E1	-3.904539E-1
2.330000E1	1.790691E1	-3.641497E-1
2.332000E1	1.790194E1	-3.670889E-1
2.334000E1	1.787052E1	-3.392770E-1
2.336000E1	1.788499E1	-3.888508E-1
2.338000E1	1.797965E1	-4.906010E-1
2.340000E1	1.798245E1	-5.387392E-1
2.342000E1	1.798283E1	-5.374649E-1
2.344000E1	1.795743E1	-5.441387E-1
2.346000E1	1.794221E1	-5.282475E-1
2.348000E1	1.788120E1	-3.747982E-1
2.350000E1	1.782169E1	-3.964757E-1
2.352000E1	1.783161E1	-4.200774E-1
2.354000E1	1.782085E1	-3.865101E-1
2.356000E1	1.782241E1	-3.764457E-1
2.358000E1	1.784646E1	-3.997331E-1
2.360000E1	1.785225E1	-3.896688E-1
2.362000E1	1.785254E1	-3.850011E-1
2.364000E1	1.786004E1	-4.142574E-1
2.366000E1	1.785527E1	-4.564230E-1
2.368000E1	1.786902E1	-4.360636E-1
2.370000E1	1.787577E1	-4.341875E-1
2.372000E1	1.787582E1	-4.393147E-1
2.374000E1	1.789441E1	-3.869665E-1
2.376000E1	1.790090E1	-3.822778E-1
2.378000E1	1.795674E1	-3.817193E-1
2.380000E1	1.793255E1	-3.309859E-1
2.382000E1	1.797817E1	-3.152229E-1
2.384000E1	1.794512E1	-3.466689E-1
2.386000E1	1.793079E1	-3.303878E-1
2.388000E1	1.794054E1	-4.124628E-1
2.390000E1	1.791770E1	-4.781430E-1
2.392000E1	1.791028E1	-4.686051E-1
2.394000E1	1.791680E1	-5.047915E-1
2.396000E1	1.795707E1	-4.153503E-1
2.398000E1	1.795647E1	-3.764659E-1
2.400000E1	1.798399E1	-3.311169E-1
