	mass A		
t	x	y	
0.000000E0	-5.684342E-14	-2.549159E-2
2.000000E-2	-1.441824E-2	-2.886010E-2
4.000000E-2	-2.129065E-2	-2.740110E-2
6.000000E-2	-1.653374E-2	-2.125446E-2
8.000000E-2	-1.406828E-2	-2.208499E-2
1.000000E-1	-9.083573E-3	-2.377548E-2
1.200000E-1	-8.259792E-3	-2.203622E-2
1.400000E-1	-4.100585E-2	-4.913886E-2
1.600000E-1	-3.914853E-2	-4.305715E-2
1.800000E-1	-4.765976E-2	-5.965658E-2
2.000000E-1	-3.717417E-2	-1.138538E-1
2.200000E-1	-1.535797E-2	-7.778587E-2
2.400000E-1	-6.664973E-3	-8.422604E-2
2.600000E-1	4.580664E-2	-1.017031E-1
2.800000E-1	4.219655E-2	-9.372900E-2
3.000000E-1	6.563678E-2	-7.573025E-2
3.200000E-1	4.519536E-2	-7.610228E-2
3.400000E-1	3.859778E-2	-5.383884E-2
3.600000E-1	3.722692E-2	-4.308473E-2
3.800000E-1	9.363767E-2	-5.897536E-2
4.000000E-1	1.350771E-1	1.106361E-3
4.200000E-1	1.865411E-1	1.787675E-2
4.400000E-1	2.144443E-1	6.165837E-2
4.600000E-1	2.062134E-1	5.426271E-2
4.800000E-1	1.809153E-1	1.474082E-1
5.000000E-1	1.582019E-1	1.374333E-1
5.200000E-1	1.325660E-1	8.830920E-2
5.400000E-1	1.059444E-1	7.157694E-2
5.600000E-1	8.673171E-2	7.231572E-2
5.800000E-1	7.009847E-2	2.711729E-2
6.000000E-1	9.485865E-2	4.784931E-2
6.200000E-1	1.198736E-1	1.228206E-1
6.400000E-1	1.382296E-1	1.193591E-1
6.600000E-1	1.728756E-1	9.873414E-2
6.800000E-1	1.511805E-1	9.092609E-2
7.000000E-1	1.353540E-1	9.634214E-2
7.200000E-1	1.229226E-1	7.016555E-2
7.400000E-1	9.449667E-2	-1.311356E-2
7.600000E-1	6.912329E-2	-6.760581E-2
7.800000E-1	7.243433E-2	-5.706710E-2
8.000000E-1	-1.856856E-2	-9.579697E-2
8.200000E-1	-2.281530E-2	-9.959589E-2
8.400000E-1	-3.029507E-3	-7.746078E-2
8.600000E-1	-6.077893E-3	-5.259036E-2
8.800000E-1	-6.635125E-3	-5.951665E-2
9.000000E-1	9.767074E-3	-5.048303E-2
9.200000E-1	1.626809E-2	-2.081471E-2
9.400000E-1	2.353530E-2	-4.272338E-2
9.600000E-1	2.955539E-2	-3.942686E-2
9.800000E-1	1.517962E-2	-3.256238E-2
1.000000E0	1.956918E-2	-3.158530E-2
1.020000E0	1.313125E-2	-4.546900E-2
1.040000E0	-1.271282E-3	-6.956297E-2
1.060000E0	-1.098769E-3	-7.505104E-2
1.080000E0	1.778711E-2	-5.234338E-2
1.100000E0	3.479292E-2	-6.735973E-2
1.120000E0	4.346513E-2	-7.825681E-2
1.140000E0	4.609619E-2	-6.850441E-2
1.160000E0	4.038240E-2	-7.659669E-2
1.180000E0	2.800248E-2	-6.483098E-2
1.200000E0	2.409966E-2	-3.917203E-2
1.220000E0	2.740551E-2	-6.416996E-2
1.240000E0	5.061217E-2	-7.667556E-2
1.260000E0	6.187357E-2	-8.221668E-2
1.280000E0	9.188201E-2	-7.862530E-2
1.300000E0	1.094643E-1	-1.126876E-1
1.320000E0	8.913486E-2	-1.061190E-1
1.340000E0	8.401736E-2	1.392839E-2
1.360000E0	6.810368E-2	3.531670E-3
1.380000E0	6.364376E-2	5.207285E-4
1.400000E0	7.144527E-2	3.310398E-2
1.420000E0	9.794992E-2	5.841764E-2
1.440000E0	1.506163E-1	1.297762E-1
1.460000E0	1.726970E-1	1.377568E-1
1.480000E0	1.597371E-1	1.133986E-1
1.500000E0	2.009911E-1	1.033811E-1
1.520000E0	1.516707E-1	6.797903E-2
1.540000E0	1.244355E-1	4.494464E-2
1.560000E0	1.061134E-1	1.918266E-2
1.580000E0	8.025436E-2	-8.865882E-4
1.600000E0	8.481528E-2	4.580270E-3
1.620000E0	8.151187E-2	1.677070E-2
1.640000E0	1.166950E-1	5.706016E-2
1.660000E0	1.055689E-1	7.710493E-2
1.680000E0	1.406119E-1	1.067481E-1
1.700000E0	1.223870E-1	1.040399E-1
1.720000E0	1.117884E-1	6.668947E-2
1.740000E0	8.694751E-2	3.503468E-2
1.760000E0	1.683727E-2	-8.196560E-2
1.780000E0	2.469513E-2	-5.611035E-2
1.800000E0	3.294685E-2	-4.557856E-2
1.820000E0	1.103720E-2	-5.492258E-2
1.840000E0	-1.736478E-3	-5.658443E-2
1.860000E0	5.640929E-3	-4.021688E-2
1.880000E0	7.551301E-3	-4.669809E-2
1.900000E0	-2.557554E-3	-7.888486E-2
1.920000E0	-2.088173E-3	-9.703026E-2
1.940000E0	3.362079E-2	-6.716609E-2
1.960000E0	6.143583E-2	-6.460318E-2
1.980000E0	9.340465E-2	-1.014340E-1
2.000000E0	6.749206E-2	-7.615658E-2
2.020000E0	6.068696E-2	-6.797635E-2
2.040000E0	3.953288E-2	-5.701398E-2
2.060000E0	5.141994E-2	-3.680817E-2
2.080000E0	3.843101E-2	-5.219816E-2
2.100000E0	5.230993E-2	-5.400103E-2
2.120000E0	7.603088E-2	-4.344042E-2
2.140000E0	8.949823E-2	-5.413140E-2
2.160000E0	1.025459E-1	-5.207563E-2
2.180000E0	1.032411E-1	-7.316434E-2
2.200000E0	6.434520E-2	-4.348592E-2
2.220000E0	3.821763E-2	-1.620745E-2
2.240000E0	1.563489E-2	-1.237832E-2
2.260000E0	2.016181E-2	-1.654674E-2
2.280000E0	5.857550E-3	-4.310308E-3
2.300000E0	1.822111E-2	-4.203939E-3
2.320000E0	2.608117E-2	-1.386508E-3
2.340000E0	3.243387E-2	-7.895225E-4
2.360000E0	3.892337E-2	-7.500371E-3
2.380000E0	4.335928E-2	-1.269300E-2
2.400000E0	4.460863E-2	-2.041478E-2
2.420000E0	4.740013E-2	-2.078309E-2
2.440000E0	4.501349E-2	-1.963592E-2
2.460000E0	4.729711E-2	-1.943024E-2
2.480000E0	5.837677E-2	-1.545321E-2
2.500000E0	7.958501E-2	5.664474E-3
2.520000E0	1.227517E-1	2.050957E-2
2.540000E0	1.380617E-1	1.166570E-1
2.560000E0	1.289098E-1	9.053296E-2
2.580000E0	1.058755E-1	8.887203E-2
2.600000E0	1.011299E-1	7.271178E-2
2.620000E0	9.469394E-2	5.445392E-2
2.640000E0	8.959498E-2	4.092749E-2
2.660000E0	8.829297E-2	2.949527E-2
2.680000E0	8.337710E-2	1.788365E-2
2.700000E0	8.070696E-2	6.157263E-3
2.720000E0	1.322173E-1	7.074705E-2
2.740000E0	1.384845E-1	8.060251E-2
2.760000E0	1.247591E-1	6.679545E-2
2.780000E0	1.342522E-1	7.675662E-2
2.800000E0	1.673795E-1	4.978397E-2
2.820000E0	2.119068E-1	6.935644E-2
2.840000E0	2.037700E-1	5.610171E-2
2.860000E0	1.815169E-1	-1.087271E-1
2.880000E0	1.705183E-1	-9.539342E-2
2.900000E0	1.462579E-1	-7.525003E-2
2.920000E0	1.063700E-1	-8.632670E-2
2.940000E0	6.744089E-2	-7.558225E-2
2.960000E0	7.643173E-2	-5.160085E-2
2.980000E0	7.204552E-2	-4.597132E-2
3.000000E0	1.050188E-1	-4.278700E-2
3.020000E0	1.627455E-1	-8.001763E-2
3.040000E0	2.094212E-1	-9.466399E-2
3.060000E0	1.884709E-1	-8.640498E-2
3.080000E0	1.525462E-1	-5.138241E-2
3.100000E0	8.813803E-2	-1.221067E-2
3.120000E0	7.476781E-2	-1.854060E-2
3.140000E0	7.511105E-2	-1.064214E-2
3.160000E0	6.718294E-2	-4.783691E-3
3.180000E0	7.384907E-2	-2.317710E-3
3.200000E0	8.600695E-2	-3.002601E-3
3.220000E0	9.458316E-2	-4.741466E-3
3.240000E0	9.571832E-2	-2.135233E-2
3.260000E0	7.665474E-2	-3.838038E-2
3.280000E0	5.333290E-2	-3.433662E-2
3.300000E0	2.239416E-2	-2.718453E-2
3.320000E0	3.181070E-2	-3.064364E-2
3.340000E0	4.592656E-2	-2.709267E-2
3.360000E0	5.116262E-2	-3.366718E-2
3.380000E0	5.650836E-2	-3.477429E-2
3.400000E0	6.140270E-2	-3.236965E-2
3.420000E0	6.464652E-2	-3.067686E-2
3.440000E0	5.783983E-2	-2.503389E-2
3.460000E0	6.017514E-2	-3.474448E-2
3.480000E0	5.478296E-2	-3.499623E-2
3.500000E0	6.364742E-2	-1.591224E-2
3.520000E0	6.586666E-2	8.008472E-4
3.540000E0	8.967817E-2	1.932065E-3
3.560000E0	1.588572E-1	1.179842E-1
3.580000E0	1.659677E-1	1.267623E-1
3.600000E0	1.844327E-1	1.163578E-1
3.620000E0	1.750078E-1	8.123134E-2
3.640000E0	1.641178E-1	1.688415E-2
3.660000E0	1.669423E-1	-2.972212E-2
3.680000E0	2.110465E-1	-3.024971E-2
3.700000E0	2.073857E-1	-7.004574E-2
3.720000E0	2.192752E-1	-4.579106E-2
3.740000E0	2.661149E-1	4.558204E-2
3.760000E0	4.160895E-1	1.082507E-1
3.780000E0	4.595694E-1	8.760816E-2
3.800000E0	5.143524E-1	1.193067E-1
3.820000E0	5.639709E-1	1.072673E-1
3.840000E0	6.166502E-1	5.993347E-2
3.860000E0	6.234630E-1	-2.300237E-2
3.880000E0	6.433702E-1	-1.328236E-1
3.900000E0	6.257692E-1	-1.165836E-1
3.920000E0	5.688877E-1	-7.806596E-2
3.940000E0	5.593460E-1	-3.475128E-2
3.960000E0	5.068893E-1	2.033692E-2
3.980000E0	4.894596E-1	9.547089E-3
4.000000E0	4.679260E-1	2.310184E-2
4.020000E0	5.097910E-1	3.509332E-2
4.040000E0	5.207552E-1	3.259352E-2
4.060000E0	5.311162E-1	2.732267E-2
4.080000E0	5.416754E-1	2.244798E-2
4.100000E0	5.072208E-1	-6.119559E-3
4.120000E0	4.665650E-1	-8.411081E-3
4.140000E0	4.745262E-1	3.120093E-3
4.160000E0	4.800448E-1	-7.097575E-4
4.180000E0	4.843092E-1	-1.679130E-2
4.200000E0	5.016361E-1	3.520991E-3
4.220000E0	5.125980E-1	3.479952E-3
4.240000E0	5.212373E-1	2.421055E-3
4.260000E0	5.252969E-1	-1.548948E-3
4.280000E0	5.114894E-1	-9.449251E-3
4.300000E0	4.948587E-1	-9.357089E-3
4.320000E0	4.643092E-1	-1.741557E-2
4.340000E0	4.782369E-1	-2.207270E-2
4.360000E0	4.908918E-1	-2.269156E-2
4.380000E0	4.993200E-1	-1.570523E-2
4.400000E0	5.188356E-1	-1.644670E-2
4.420000E0	5.310647E-1	-4.480276E-3
4.440000E0	5.369478E-1	-8.117116E-3
4.460000E0	5.403174E-1	-1.523344E-2
4.480000E0	5.303052E-1	-1.877108E-2
4.500000E0	5.252824E-1	-3.491737E-2
4.520000E0	5.368005E-1	-4.389019E-2
4.540000E0	5.770568E-1	-3.809077E-2
4.560000E0	6.181279E-1	-3.896519E-2
4.580000E0	6.448870E-1	-5.376558E-2
4.600000E0	6.541981E-1	-1.585609E-2
4.620000E0	7.080105E-1	1.181953E-2
4.640000E0	7.413191E-1	3.670463E-2
4.660000E0	7.038419E-1	1.296470E-1
4.680000E0	6.836010E-1	1.168919E-1
4.700000E0	6.881079E-1	9.700528E-2
4.720000E0	8.259929E-1	1.169800E-1
4.740000E0	9.790127E-1	8.305351E-2
4.760000E0	1.042788E0	2.294849E-2
4.780000E0	1.056360E0	-3.460692E-2
4.800000E0	1.051130E0	-1.282387E-2
4.820000E0	1.066163E0	1.632276E-1
4.840000E0	1.052516E0	1.744450E-1
4.860000E0	1.052439E0	1.391795E-1
4.880000E0	1.056119E0	1.255880E-1
4.900000E0	1.110191E0	2.618646E-1
4.920000E0	1.143263E0	3.454447E-1
4.940000E0	1.121814E0	3.887647E-1
4.960000E0	1.092628E0	3.883841E-1
4.980000E0	1.073264E0	2.700028E-1
5.000000E0	9.915332E-1	2.335741E-1
5.020000E0	9.975998E-1	2.890216E-1
5.040000E0	9.863958E-1	3.454458E-1
5.060000E0	9.288347E-1	3.384074E-1
5.080000E0	9.458117E-1	3.740988E-1
5.100000E0	9.346412E-1	3.895966E-1
5.120000E0	9.584146E-1	3.845139E-1
5.140000E0	9.760260E-1	4.073114E-1
5.160000E0	9.879453E-1	4.042247E-1
5.180000E0	9.804522E-1	3.982020E-1
5.200000E0	9.837647E-1	4.006926E-1
5.220000E0	9.778894E-1	3.920037E-1
5.240000E0	9.812265E-1	3.923997E-1
5.260000E0	9.845862E-1	4.023919E-1
5.280000E0	9.910772E-1	4.017883E-1
5.300000E0	1.002558E0	4.327597E-1
5.320000E0	1.007308E0	4.228653E-1
5.340000E0	1.012931E0	4.189783E-1
5.360000E0	1.011723E0	4.172195E-1
5.380000E0	1.007884E0	3.757482E-1
5.400000E0	1.002318E0	3.449284E-1
5.420000E0	1.020193E0	3.606020E-1
5.440000E0	1.030594E0	3.397087E-1
5.460000E0	1.050397E0	3.331277E-1
5.480000E0	1.059253E0	3.600568E-1
5.500000E0	1.066080E0	3.833719E-1
5.520000E0	1.056286E0	3.934467E-1
5.540000E0	1.085209E0	4.338996E-1
5.560000E0	1.081119E0	4.026608E-1
5.580000E0	1.119655E0	4.026360E-1
5.600000E0	1.155864E0	3.828758E-1
5.620000E0	1.143751E0	3.916394E-1
5.640000E0	1.125908E0	3.982150E-1
5.660000E0	1.140783E0	5.006853E-1
5.680000E0	1.146241E0	6.526336E-1
5.700000E0	1.130280E0	6.159107E-1
5.720000E0	1.125717E0	5.997130E-1
5.740000E0	1.110191E0	5.895457E-1
5.760000E0	1.104855E0	5.970069E-1
5.780000E0	1.109822E0	5.610318E-1
5.800000E0	1.099440E0	5.408069E-1
5.820000E0	1.104314E0	5.025414E-1
5.840000E0	1.094370E0	4.941983E-1
5.860000E0	1.091241E0	4.900327E-1
5.880000E0	1.095565E0	5.066228E-1
5.900000E0	1.122353E0	5.427195E-1
5.920000E0	1.114701E0	5.486888E-1
5.940000E0	1.135820E0	5.833034E-1
5.960000E0	1.120762E0	5.626458E-1
5.980000E0	1.086722E0	4.725870E-1
6.000000E0	1.045054E0	3.977059E-1
6.020000E0	1.037742E0	4.107238E-1
6.040000E0	9.985260E-1	3.786287E-1
6.060000E0	9.471781E-1	3.333103E-1
6.080000E0	9.587550E-1	3.720148E-1
6.100000E0	9.617237E-1	3.993007E-1
6.120000E0	9.745902E-1	4.172716E-1
6.140000E0	9.937231E-1	4.269337E-1
6.160000E0	1.001910E0	4.386579E-1
6.180000E0	1.019183E0	4.375719E-1
6.200000E0	1.024706E0	4.256812E-1
6.220000E0	9.488335E-1	3.438045E-1
6.240000E0	9.616612E-1	3.649963E-1
6.260000E0	1.005829E0	3.809131E-1
6.280000E0	1.034958E0	3.575419E-1
6.300000E0	1.082761E0	3.025635E-1
6.320000E0	1.074139E0	3.602911E-1
6.340000E0	1.083677E0	3.843359E-1
6.360000E0	1.076798E0	3.800100E-1
6.380000E0	1.075934E0	4.287438E-1
6.400000E0	1.058940E0	4.124635E-1
6.420000E0	1.061208E0	3.915388E-1
6.440000E0	1.060524E0	4.020542E-1
6.460000E0	1.094236E0	3.919224E-1
6.480000E0	1.118214E0	3.560130E-1
6.500000E0	1.105335E0	3.650854E-1
6.520000E0	1.087610E0	3.868150E-1
6.540000E0	1.080204E0	4.322265E-1
6.560000E0	1.052171E0	4.526645E-1
6.580000E0	1.042480E0	4.522325E-1
6.600000E0	1.035560E0	4.667263E-1
6.620000E0	1.036283E0	4.752434E-1
6.640000E0	1.046707E0	4.676379E-1
6.660000E0	1.048132E0	4.775621E-1
6.680000E0	1.064905E0	4.867938E-1
6.700000E0	1.081759E0	5.142258E-1
6.720000E0	1.077616E0	4.874238E-1
6.740000E0	1.076347E0	5.083591E-1
6.760000E0	1.087889E0	5.458511E-1
6.780000E0	1.084810E0	5.463931E-1
6.800000E0	1.101504E0	5.347524E-1
6.820000E0	1.096823E0	5.204504E-1
6.840000E0	1.108047E0	5.186172E-1
6.860000E0	1.103648E0	5.240749E-1
6.880000E0	1.081723E0	4.870701E-1
6.900000E0	1.063828E0	4.735667E-1
6.920000E0	1.058891E0	4.691251E-1
6.940000E0	1.066115E0	4.703430E-1
6.960000E0	1.063946E0	4.707036E-1
6.980000E0	1.094722E0	5.284522E-1
7.000000E0	1.119286E0	5.787276E-1
7.020000E0	1.120796E0	5.586055E-1
7.040000E0	1.171479E0	6.218685E-1
7.060000E0	1.153088E0	6.006644E-1
7.080000E0	1.126963E0	5.341738E-1
7.100000E0	1.071221E0	4.176747E-1
7.120000E0	1.041582E0	3.294006E-1
7.140000E0	1.052572E0	3.557475E-1
7.160000E0	1.059328E0	3.687785E-1
7.180000E0	1.078773E0	2.941957E-1
7.200000E0	1.078470E0	3.173636E-1
7.220000E0	1.073505E0	3.598557E-1
7.240000E0	1.061080E0	3.824902E-1
7.260000E0	1.060236E0	3.934276E-1
7.280000E0	1.069419E0	4.329276E-1
7.300000E0	1.057902E0	4.260986E-1
7.320000E0	1.085971E0	4.299365E-1
7.340000E0	1.098098E0	3.936022E-1
7.360000E0	1.093041E0	4.064563E-1
7.380000E0	1.099471E0	3.879376E-1
7.400000E0	1.083901E0	4.040589E-1
7.420000E0	1.068570E0	4.473717E-1
7.440000E0	1.047413E0	4.561906E-1
7.460000E0	1.033474E0	4.763664E-1
7.480000E0	1.028089E0	4.747485E-1
7.500000E0	1.020859E0	4.828416E-1
7.520000E0	1.007039E0	4.868468E-1
7.540000E0	1.009409E0	4.800000E-1
7.560000E0	1.016915E0	4.676830E-1
7.580000E0	1.024590E0	4.563398E-1
7.600000E0	1.023127E0	4.446320E-1
7.620000E0	1.026597E0	4.468808E-1
7.640000E0	1.024196E0	4.423965E-1
7.660000E0	1.026898E0	4.375804E-1
7.680000E0	1.031197E0	4.390726E-1
7.700000E0	1.033138E0	4.412365E-1
7.720000E0	1.036046E0	4.360675E-1
7.740000E0	1.037087E0	4.405872E-1
7.760000E0	1.039979E0	4.395928E-1
7.780000E0	1.048870E0	4.516994E-1
7.800000E0	1.039274E0	4.365634E-1
7.820000E0	1.045244E0	4.517464E-1
7.840000E0	1.074833E0	5.045006E-1
7.860000E0	1.104845E0	5.533417E-1
7.880000E0	1.111959E0	5.368592E-1
7.900000E0	1.179734E0	6.387675E-1
7.920000E0	1.170335E0	5.958992E-1
7.940000E0	1.151783E0	5.493228E-1
7.960000E0	1.082421E0	4.154024E-1
7.980000E0	1.091532E0	3.378012E-1
8.000000E0	1.109342E0	4.096472E-1
8.020000E0	1.233401E0	5.115269E-1
8.040000E0	1.294897E0	4.063343E-1
8.060000E0	1.439542E0	4.514946E-1
8.080000E0	1.521330E0	5.779040E-1
8.100000E0	1.545709E0	5.919645E-1
8.120000E0	1.526868E0	5.516870E-1
8.140000E0	1.483343E0	4.876138E-1
8.160000E0	1.494383E0	3.576424E-1
8.180000E0	1.523901E0	3.541253E-1
8.200000E0	1.545083E0	3.214631E-1
8.220000E0	1.554715E0	3.108795E-1
8.240000E0	1.549014E0	3.556446E-1
8.260000E0	1.534643E0	3.797345E-1
8.280000E0	1.528869E0	4.664305E-1
8.300000E0	1.477140E0	4.700099E-1
8.320000E0	1.470914E0	4.737192E-1
8.340000E0	1.451057E0	4.796582E-1
8.360000E0	1.462533E0	4.807859E-1
8.380000E0	1.473635E0	4.769746E-1
8.400000E0	1.467491E0	4.861174E-1
8.420000E0	1.479068E0	4.767782E-1
8.440000E0	1.483386E0	4.554939E-1
8.460000E0	1.490697E0	4.581112E-1
8.480000E0	1.474367E0	4.552086E-1
8.500000E0	1.473252E0	4.605291E-1
8.520000E0	1.476863E0	4.566344E-1
8.540000E0	1.481986E0	4.479441E-1
8.560000E0	1.491131E0	4.379530E-1
8.580000E0	1.489166E0	4.504897E-1
8.600000E0	1.485118E0	4.420832E-1
8.620000E0	1.485046E0	4.377549E-1
8.640000E0	1.479484E0	4.409185E-1
8.660000E0	1.475707E0	4.315967E-1
8.680000E0	1.478942E0	4.310175E-1
8.700000E0	1.484049E0	4.467784E-1
8.720000E0	1.490833E0	4.446109E-1
8.740000E0	1.500756E0	4.484415E-1
8.760000E0	1.502756E0	4.548905E-1
8.780000E0	1.509436E0	4.555517E-1
8.800000E0	1.503805E0	4.380472E-1
8.820000E0	1.508335E0	4.375320E-1
8.840000E0	1.506809E0	4.271786E-1
8.860000E0	1.583480E0	4.260287E-1
8.880000E0	1.665311E0	4.883891E-1
8.900000E0	1.679828E0	3.805682E-1
8.920000E0	1.710626E0	4.693485E-1
8.940000E0	1.745093E0	5.024477E-1
8.960000E0	1.713071E0	5.114988E-1
8.980000E0	1.660441E0	4.958075E-1
9.000000E0	1.654121E0	5.150679E-1
9.020000E0	1.640387E0	5.013509E-1
9.040000E0	1.665036E0	4.495228E-1
9.060000E0	1.765843E0	4.755965E-1
9.080000E0	1.892975E0	5.583230E-1
9.100000E0	2.033712E0	5.274992E-1
9.120000E0	2.119010E0	5.131366E-1
9.140000E0	2.157611E0	5.920111E-1
9.160000E0	2.122357E0	7.314183E-1
9.180000E0	2.105109E0	6.890132E-1
9.200000E0	2.080077E0	6.121012E-1
9.220000E0	2.055675E0	5.864455E-1
9.240000E0	2.018286E0	5.311704E-1
9.260000E0	2.016765E0	4.665570E-1
9.280000E0	1.998382E0	4.799405E-1
9.300000E0	2.010520E0	4.823056E-1
9.320000E0	1.990781E0	4.382446E-1
9.340000E0	1.962122E0	4.245239E-1
9.360000E0	1.972541E0	4.376002E-1
9.380000E0	1.956317E0	4.474710E-1
9.400000E0	1.938212E0	4.401488E-1
9.420000E0	1.972209E0	4.603491E-1
9.440000E0	1.985692E0	4.619341E-1
9.460000E0	1.997622E0	4.735241E-1
9.480000E0	2.008394E0	4.776463E-1
9.500000E0	2.004109E0	4.467304E-1
9.520000E0	1.991094E0	4.483517E-1
9.540000E0	1.985307E0	4.165633E-1
9.560000E0	1.984446E0	4.401608E-1
9.580000E0	1.992097E0	4.540201E-1
9.600000E0	1.991751E0	4.656905E-1
9.620000E0	2.011237E0	4.629229E-1
9.640000E0	2.026556E0	4.777301E-1
9.660000E0	2.022983E0	4.781389E-1
9.680000E0	2.018857E0	4.679036E-1
9.700000E0	2.010344E0	4.226952E-1
9.720000E0	2.015905E0	3.613981E-1
9.740000E0	2.015101E0	3.907756E-1
9.760000E0	2.022471E0	3.966507E-1
9.780000E0	2.062514E0	2.880206E-1
9.800000E0	2.083396E0	3.474684E-1
9.820000E0	2.081762E0	3.874365E-1
9.840000E0	2.074077E0	3.982029E-1
9.860000E0	2.074349E0	4.225279E-1
9.880000E0	2.072491E0	4.536368E-1
9.900000E0	2.064624E0	4.438518E-1
9.920000E0	2.111826E0	4.316631E-1
9.940000E0	2.119879E0	4.268238E-1
9.960000E0	2.139665E0	4.195466E-1
9.980000E0	2.152625E0	4.366508E-1
1.000000E1	2.151798E0	5.264271E-1
1.002000E1	2.149929E0	6.294885E-1
1.004000E1	2.127671E0	6.017317E-1
1.006000E1	2.108987E0	6.121387E-1
1.008000E1	2.095983E0	6.286003E-1
1.010000E1	2.095218E0	6.023651E-1
1.012000E1	2.094753E0	5.760073E-1
1.014000E1	2.089881E0	5.536086E-1
1.016000E1	2.101690E0	5.382703E-1
1.018000E1	2.097385E0	5.173263E-1
1.020000E1	2.096738E0	5.211801E-1
1.022000E1	2.119579E0	5.643988E-1
1.024000E1	2.116155E0	5.564056E-1
1.026000E1	2.122398E0	5.891273E-1
1.028000E1	2.122062E0	5.914541E-1
1.030000E1	2.109072E0	5.543007E-1
1.032000E1	2.083654E0	4.256307E-1
1.034000E1	2.043518E0	4.169213E-1
1.036000E1	2.046178E0	4.334574E-1
1.038000E1	2.008228E0	4.048620E-1
1.040000E1	1.961145E0	4.198406E-1
1.042000E1	1.975930E0	4.353534E-1
1.044000E1	1.993189E0	4.505430E-1
1.046000E1	2.004515E0	4.477693E-1
1.048000E1	2.018806E0	4.548297E-1
1.050000E1	2.023456E0	4.568924E-1
1.052000E1	2.025852E0	4.446981E-1
1.054000E1	2.004953E0	4.329463E-1
1.056000E1	1.998076E0	4.221651E-1
1.058000E1	2.027430E0	3.971227E-1
1.060000E1	2.040507E0	4.106749E-1
1.062000E1	2.066994E0	4.043586E-1
1.064000E1	2.096410E0	3.681083E-1
1.066000E1	2.105961E0	3.922490E-1
1.068000E1	2.096809E0	4.091741E-1
1.070000E1	2.079637E0	4.218280E-1
1.072000E1	2.079916E0	4.395818E-1
1.074000E1	2.059436E0	4.409025E-1
1.076000E1	2.079053E0	4.385470E-1
1.078000E1	2.090261E0	4.220666E-1
1.080000E1	2.121008E0	3.942535E-1
1.082000E1	2.122820E0	3.913582E-1
1.084000E1	2.115248E0	3.879314E-1
1.086000E1	2.108319E0	4.289436E-1
1.088000E1	2.086573E0	4.748463E-1
1.090000E1	2.069745E0	4.741643E-1
1.092000E1	2.044001E0	5.033418E-1
1.094000E1	2.031216E0	5.337543E-1
1.096000E1	2.053358E0	5.066958E-1
1.098000E1	2.069067E0	5.091033E-1
1.100000E1	2.075703E0	5.565358E-1
1.102000E1	2.106032E0	5.650447E-1
1.104000E1	2.094747E0	5.458400E-1
1.106000E1	2.096552E0	5.469292E-1
1.108000E1	2.110906E0	5.509074E-1
1.110000E1	2.096437E0	5.366260E-1
1.112000E1	2.105052E0	5.385167E-1
1.114000E1	2.096758E0	5.271908E-1
1.116000E1	2.096510E0	5.124397E-1
1.118000E1	2.091458E0	5.039865E-1
1.120000E1	2.081738E0	4.992230E-1
1.122000E1	2.082883E0	4.959439E-1
1.124000E1	2.077689E0	5.054967E-1
1.126000E1	2.082074E0	4.950645E-1
1.128000E1	2.084324E0	5.070146E-1
1.130000E1	2.107837E0	5.533274E-1
1.132000E1	2.105989E0	5.568274E-1
1.134000E1	2.121318E0	5.940135E-1
1.136000E1	2.145871E0	5.656566E-1
1.138000E1	2.131063E0	5.364655E-1
1.140000E1	2.117940E0	5.043786E-1
1.142000E1	2.064452E0	4.186982E-1
1.144000E1	2.034424E0	3.897028E-1
1.146000E1	2.041124E0	3.877852E-1
1.148000E1	2.058958E0	4.083027E-1
1.150000E1	2.067829E0	3.781059E-1
1.152000E1	2.083959E0	3.440981E-1
1.154000E1	2.086731E0	3.745324E-1
1.156000E1	2.089673E0	3.942834E-1
1.158000E1	2.081535E0	4.114380E-1
1.160000E1	2.086637E0	4.787536E-1
1.162000E1	2.083087E0	4.632954E-1
1.164000E1	2.086606E0	4.574950E-1
1.166000E1	2.121344E0	4.464711E-1
1.168000E1	2.130483E0	4.011852E-1
1.170000E1	2.135555E0	4.123934E-1
1.172000E1	2.117908E0	4.246363E-1
1.174000E1	2.102708E0	4.422873E-1
1.176000E1	2.099791E0	4.703072E-1
1.178000E1	2.059364E0	4.990503E-1
1.180000E1	2.058013E0	5.101918E-1
1.182000E1	2.030953E0	5.356467E-1
1.184000E1	2.038373E0	5.289985E-1
1.186000E1	2.055048E0	5.168778E-1
1.188000E1	2.057288E0	5.149887E-1
1.190000E1	2.052897E0	4.945809E-1
1.192000E1	2.044358E0	4.868683E-1
1.194000E1	2.031603E0	4.735549E-1
1.196000E1	2.041247E0	4.736683E-1
1.198000E1	2.044633E0	4.763883E-1
1.200000E1	2.050818E0	4.747174E-1
1.202000E1	2.054136E0	4.749081E-1
1.204000E1	2.055409E0	4.790372E-1
1.206000E1	2.058285E0	4.780812E-1
1.208000E1	2.050651E0	4.761228E-1
1.210000E1	2.054125E0	4.761356E-1
1.212000E1	2.045478E0	4.717019E-1
1.214000E1	2.049928E0	4.798291E-1
1.216000E1	2.046348E0	4.711747E-1
1.218000E1	2.071210E0	5.087646E-1
1.220000E1	2.091465E0	5.385063E-1
1.222000E1	2.088630E0	5.416906E-1
1.224000E1	2.117233E0	5.922393E-1
1.226000E1	2.139812E0	5.631935E-1
1.228000E1	2.135369E0	5.397476E-1
1.230000E1	2.120720E0	5.102455E-1
1.232000E1	2.108065E0	4.265597E-1
1.234000E1	2.165470E0	4.369637E-1
1.236000E1	2.192116E0	4.513084E-1
1.238000E1	2.292639E0	4.309346E-1
1.240000E1	2.389279E0	4.426910E-1
1.242000E1	2.514868E0	5.380333E-1
1.244000E1	2.593952E0	5.936904E-1
1.246000E1	2.593469E0	6.000384E-1
1.248000E1	2.562484E0	6.015742E-1
1.250000E1	2.557084E0	4.495807E-1
1.252000E1	2.622219E0	3.306823E-1
1.254000E1	2.675767E0	3.594395E-1
1.256000E1	2.713504E0	3.379656E-1
1.258000E1	2.674148E0	3.015650E-1
1.260000E1	2.646055E0	3.938415E-1
1.262000E1	2.600570E0	5.059374E-1
1.264000E1	2.586083E0	4.830121E-1
1.266000E1	2.584825E0	4.887063E-1
1.268000E1	2.541777E0	5.205322E-1
1.270000E1	2.557497E0	5.058733E-1
1.272000E1	2.553899E0	5.003238E-1
1.274000E1	2.555473E0	5.064694E-1
1.276000E1	2.576393E0	5.089637E-1
1.278000E1	2.567373E0	4.837527E-1
1.280000E1	2.547301E0	4.854599E-1
1.282000E1	2.554963E0	4.891298E-1
1.284000E1	2.550645E0	4.821137E-1
1.286000E1	2.540656E0	4.819292E-1
1.288000E1	2.548477E0	4.859667E-1
1.290000E1	2.552167E0	4.755377E-1
1.292000E1	2.540032E0	4.715792E-1
1.294000E1	2.550715E0	4.760496E-1
1.296000E1	2.545394E0	4.729591E-1
1.298000E1	2.533423E0	4.584554E-1
1.300000E1	2.541260E0	4.617310E-1
1.302000E1	2.527824E0	4.543373E-1
1.304000E1	2.531877E0	4.663452E-1
1.306000E1	2.545586E0	4.652369E-1
1.308000E1	2.550380E0	4.679683E-1
1.310000E1	2.553605E0	4.621880E-1
1.312000E1	2.557898E0	4.629080E-1
1.314000E1	2.556895E0	4.601359E-1
1.316000E1	2.562046E0	4.595843E-1
1.318000E1	2.588684E0	4.511506E-1
1.320000E1	2.648954E0	4.610372E-1
1.322000E1	2.697448E0	4.741785E-1
1.324000E1	2.860484E0	3.424148E-1
1.326000E1	2.945553E0	4.130456E-1
1.328000E1	3.054751E0	5.221441E-1
1.330000E1	3.067852E0	5.132488E-1
1.332000E1	3.067440E0	5.086639E-1
1.334000E1	3.072741E0	5.142234E-1
1.336000E1	3.079081E0	4.939460E-1
1.338000E1	3.124736E0	4.399947E-1
1.340000E1	3.384224E0	4.711981E-1
1.342000E1	3.668442E0	5.541001E-1
1.344000E1	3.894510E0	5.455160E-1
1.346000E1	3.936375E0	5.303834E-1
1.348000E1	3.953900E0	6.449317E-1
1.350000E1	3.980112E0	7.936264E-1
1.352000E1	3.940977E0	7.758287E-1
1.354000E1	3.905099E0	7.579407E-1
1.356000E1	3.938567E0	8.052955E-1
1.358000E1	3.917429E0	7.940297E-1
1.360000E1	3.943972E0	8.289439E-1
1.362000E1	3.916219E0	8.173284E-1
1.364000E1	3.933400E0	8.556834E-1
1.366000E1	3.905887E0	8.350917E-1
1.368000E1	3.874753E0	8.434190E-1
1.370000E1	3.903988E0	8.805057E-1
1.372000E1	3.905176E0	8.795459E-1
1.374000E1	3.904508E0	8.943838E-1
1.376000E1	3.922047E0	9.078342E-1
1.378000E1	3.934044E0	9.021849E-1
1.380000E1	3.968079E0	9.274879E-1
1.382000E1	3.964514E0	9.166933E-1
1.384000E1	3.967624E0	9.206096E-1
1.386000E1	3.961836E0	9.077790E-1
1.388000E1	3.936689E0	8.827854E-1
1.390000E1	3.943094E0	8.851917E-1
1.392000E1	3.959760E0	9.016165E-1
1.394000E1	3.962461E0	9.115044E-1
1.396000E1	3.970866E0	9.139391E-1
1.398000E1	3.987518E0	9.206467E-1
1.400000E1	3.986313E0	9.077643E-1
1.402000E1	3.986375E0	9.197986E-1
1.404000E1	3.981369E0	8.899953E-1
1.406000E1	3.992018E0	8.621006E-1
1.408000E1	3.992706E0	8.211189E-1
1.410000E1	4.006381E0	8.420788E-1
1.412000E1	4.056189E0	7.848182E-1
1.414000E1	4.059815E0	7.197797E-1
1.416000E1	4.065107E0	6.719722E-1
1.418000E1	4.048992E0	6.045708E-1
1.420000E1	4.041189E0	5.967161E-1
1.422000E1	4.049093E0	6.066103E-1
1.424000E1	4.020286E0	5.716148E-1
1.426000E1	4.071179E0	5.193772E-1
1.428000E1	4.083615E0	5.021151E-1
1.430000E1	4.109296E0	4.867190E-1
1.432000E1	4.107222E0	4.753478E-1
1.434000E1	4.120235E0	4.773268E-1
1.436000E1	4.098810E0	5.905080E-1
1.438000E1	4.086793E0	6.802265E-1
1.440000E1	4.073485E0	6.333082E-1
1.442000E1	4.062780E0	6.006465E-1
1.444000E1	4.058042E0	7.001461E-1
1.446000E1	4.054068E0	6.574898E-1
1.448000E1	4.063132E0	6.085518E-1
1.450000E1	4.067307E0	5.747150E-1
1.452000E1	4.060913E0	5.599583E-1
1.454000E1	4.062823E0	5.538792E-1
1.456000E1	4.060857E0	5.472976E-1
1.458000E1	4.059619E0	5.474512E-1
1.460000E1	4.091991E0	6.080618E-1
1.462000E1	4.087575E0	6.047902E-1
1.464000E1	4.107712E0	6.518129E-1
1.466000E1	4.095659E0	6.233564E-1
1.468000E1	4.077131E0	4.671705E-1
1.470000E1	3.993253E0	4.215268E-1
1.472000E1	3.978659E0	4.578361E-1
1.474000E1	3.942899E0	4.018675E-1
1.476000E1	3.897554E0	3.802125E-1
1.478000E1	3.915873E0	4.118329E-1
1.480000E1	3.937942E0	4.383955E-1
1.482000E1	3.954426E0	4.325351E-1
1.484000E1	3.977321E0	4.605148E-1
1.486000E1	3.986522E0	4.631481E-1
1.488000E1	3.990745E0	4.640014E-1
1.490000E1	3.995393E0	4.324610E-1
1.492000E1	3.998866E0	4.313109E-1
1.494000E1	4.007003E0	3.833376E-1
1.496000E1	4.019646E0	4.031628E-1
1.498000E1	4.071657E0	3.016967E-1
1.500000E1	4.063806E0	3.278041E-1
1.502000E1	4.071658E0	3.743542E-1
1.504000E1	4.067942E0	3.889872E-1
1.506000E1	4.065381E0	4.246226E-1
1.508000E1	4.053423E0	5.350872E-1
1.510000E1	4.027336E0	4.458904E-1
1.512000E1	4.059664E0	4.308148E-1
1.514000E1	4.101902E0	4.084612E-1
1.516000E1	4.139843E0	3.693984E-1
1.518000E1	4.119610E0	3.848132E-1
1.520000E1	4.062722E0	3.792869E-1
1.522000E1	4.059552E0	4.903742E-1
1.524000E1	4.050616E0	4.900953E-1
1.526000E1	4.011033E0	5.328696E-1
1.528000E1	3.993312E0	5.195423E-1
1.530000E1	3.986641E0	5.568562E-1
1.532000E1	4.035101E0	5.704475E-1
1.534000E1	4.059016E0	5.888649E-1
1.536000E1	4.073549E0	5.618865E-1
1.538000E1	4.077166E0	5.638979E-1
1.540000E1	4.063191E0	5.542029E-1
1.542000E1	4.071850E0	5.484230E-1
1.544000E1	4.083357E0	5.772363E-1
1.546000E1	4.075619E0	5.591809E-1
1.548000E1	4.094115E0	5.790784E-1
1.550000E1	4.085835E0	5.492850E-1
1.552000E1	4.087229E0	5.199069E-1
1.554000E1	4.079979E0	5.156990E-1
1.556000E1	4.081024E0	5.105826E-1
1.558000E1	4.075572E0	5.082603E-1
1.560000E1	4.072123E0	5.068148E-1
1.562000E1	4.080571E0	5.244131E-1
1.564000E1	4.075682E0	5.231259E-1
1.566000E1	4.087490E0	5.412461E-1
1.568000E1	4.105010E0	5.694960E-1
1.570000E1	4.113267E0	6.031893E-1
1.572000E1	4.107358E0	5.800114E-1
1.574000E1	4.098025E0	4.720944E-1
1.576000E1	3.999116E0	3.862467E-1
1.578000E1	4.015601E0	4.114653E-1
1.580000E1	4.030565E0	3.795991E-1
1.582000E1	4.041544E0	4.029404E-1
1.584000E1	4.044429E0	3.800387E-1
1.586000E1	4.063041E0	3.087604E-1
1.588000E1	4.076985E0	3.269717E-1
1.590000E1	4.083014E0	3.637525E-1
1.592000E1	4.070251E0	4.024539E-1
1.594000E1	4.069551E0	4.679344E-1
1.596000E1	4.063501E0	5.136586E-1
1.598000E1	4.088424E0	4.661485E-1
1.600000E1	4.082926E0	4.404606E-1
1.602000E1	4.113379E0	4.140625E-1
1.604000E1	4.108633E0	4.000556E-1
1.606000E1	4.104531E0	4.167501E-1
1.608000E1	4.097915E0	4.081185E-1
1.610000E1	4.087901E0	4.376580E-1
1.612000E1	4.038774E0	4.745335E-1
1.614000E1	4.045966E0	4.758884E-1
1.616000E1	3.996358E0	5.513416E-1
1.618000E1	4.000322E0	5.488192E-1
1.620000E1	4.012305E0	5.325663E-1
1.622000E1	4.021487E0	5.228972E-1
1.624000E1	4.026956E0	5.082720E-1
1.626000E1	4.028293E0	5.002492E-1
1.628000E1	3.997593E0	4.992266E-1
1.630000E1	3.967800E0	4.953507E-1
1.632000E1	3.983366E0	4.947089E-1
1.634000E1	3.996022E0	4.865216E-1
1.636000E1	4.003712E0	4.842997E-1
1.638000E1	4.011966E0	4.846478E-1
1.640000E1	4.016247E0	4.789472E-1
1.642000E1	4.020023E0	4.802326E-1
1.644000E1	4.021265E0	4.789314E-1
1.646000E1	4.021132E0	4.780417E-1
1.648000E1	4.021004E0	4.768011E-1
1.650000E1	4.021838E0	4.761804E-1
1.652000E1	4.022051E0	4.795696E-1
1.654000E1	4.024021E0	4.843806E-1
1.656000E1	4.046485E0	5.622357E-1
1.658000E1	4.096981E0	5.615373E-1
1.660000E1	4.093488E0	5.535012E-1
1.662000E1	4.130185E0	5.533870E-1
1.664000E1	4.120568E0	5.496786E-1
1.666000E1	4.126817E0	5.315671E-1
1.668000E1	4.149984E0	4.276341E-1
1.670000E1	4.136230E0	4.225923E-1
1.672000E1	4.211409E0	4.451497E-1
1.674000E1	4.290618E0	3.107552E-1
1.676000E1	4.410151E0	4.280414E-1
1.678000E1	4.553847E0	4.995519E-1
1.680000E1	4.612788E0	5.608797E-1
1.682000E1	4.647202E0	5.915986E-1
1.684000E1	4.642534E0	7.001649E-1
1.686000E1	4.637708E0	5.943719E-1
1.688000E1	4.709671E0	2.990721E-1
1.690000E1	4.741837E0	2.391166E-1
1.692000E1	4.732019E0	2.869432E-1
1.694000E1	4.689801E0	3.235835E-1
1.696000E1	4.601918E0	3.666563E-1
1.698000E1	4.583478E0	5.196406E-1
1.700000E1	4.546784E0	5.452518E-1
1.702000E1	4.546020E0	5.320272E-1
1.704000E1	4.537889E0	5.600648E-1
1.706000E1	4.532689E0	5.379980E-1
1.708000E1	4.553094E0	5.226106E-1
1.710000E1	4.549153E0	5.032773E-1
1.712000E1	4.532958E0	4.989086E-1
1.714000E1	4.514141E0	4.805112E-1
1.716000E1	4.540843E0	4.647695E-1
1.718000E1	4.537738E0	4.915595E-1
1.720000E1	4.530300E0	4.866141E-1
1.722000E1	4.549139E0	4.916987E-1
1.724000E1	4.540685E0	4.843642E-1
1.726000E1	4.521509E0	4.685402E-1
1.728000E1	4.534450E0	4.752436E-1
1.730000E1	4.515834E0	4.539618E-1
1.732000E1	4.525419E0	4.588374E-1
1.734000E1	4.508388E0	4.432208E-1
1.736000E1	4.505626E0	4.572625E-1
1.738000E1	4.521925E0	4.613250E-1
1.740000E1	4.513491E0	4.866952E-1
1.742000E1	4.516306E0	4.471777E-1
1.744000E1	4.523272E0	4.777568E-1
1.746000E1	4.525094E0	4.746701E-1
1.748000E1	4.537693E0	4.582256E-1
1.750000E1	4.534987E0	4.629440E-1
1.752000E1	4.549235E0	4.470085E-1
1.754000E1	4.569345E0	4.256082E-1
1.756000E1	4.661713E0	4.312831E-1
1.758000E1	4.752397E0	3.807731E-1
1.760000E1	4.817112E0	3.409159E-1
1.762000E1	4.817290E0	4.306717E-1
1.764000E1	4.833302E0	5.614463E-1
1.766000E1	4.786689E0	5.335384E-1
1.768000E1	4.761085E0	5.348127E-1
1.770000E1	4.748479E0	5.295305E-1
1.772000E1	4.739199E0	4.193147E-1
1.774000E1	4.868296E0	4.383619E-1
1.776000E1	5.154228E0	4.507714E-1
1.778000E1	5.446161E0	5.210936E-1
1.780000E1	5.662126E0	4.398602E-1
1.782000E1	5.665289E0	5.590882E-1
1.784000E1	5.608930E0	7.814573E-1
1.786000E1	5.611310E0	8.273128E-1
1.788000E1	5.567393E0	8.239111E-1
1.790000E1	5.561521E0	8.506209E-1
1.792000E1	5.563917E0	7.983792E-1
1.794000E1	5.524421E0	7.697763E-1
1.796000E1	5.493756E0	8.099215E-1
1.798000E1	5.504047E0	8.321354E-1
1.800000E1	5.479819E0	8.260321E-1
1.802000E1	5.445822E0	8.441891E-1
1.804000E1	5.440646E0	8.634882E-1
1.806000E1	5.464495E0	8.782801E-1
1.808000E1	5.470906E0	8.963297E-1
1.810000E1	5.500743E0	9.051327E-1
1.812000E1	5.515388E0	9.112048E-1
1.814000E1	5.523018E0	9.098903E-1
1.816000E1	5.535888E0	9.066770E-1
1.818000E1	5.537816E0	9.071831E-1
1.820000E1	5.510482E0	8.919314E-1
1.822000E1	5.501957E0	8.863639E-1
1.824000E1	5.482000E0	8.784788E-1
1.826000E1	5.501642E0	8.914170E-1
1.828000E1	5.509244E0	8.957588E-1
1.830000E1	5.516097E0	8.994957E-1
1.832000E1	5.544103E0	9.005643E-1
1.834000E1	5.551097E0	8.953242E-1
1.836000E1	5.547850E0	8.995616E-1
1.838000E1	5.550198E0	8.651598E-1
1.840000E1	5.561422E0	8.467545E-1
1.842000E1	5.565562E0	7.989997E-1
1.844000E1	5.586011E0	8.309400E-1
1.846000E1	5.613785E0	7.995797E-1
1.848000E1	5.646044E0	6.655472E-1
1.850000E1	5.650079E0	6.201284E-1
1.852000E1	5.648255E0	6.135034E-1
1.854000E1	5.624882E0	5.630502E-1
1.856000E1	5.640318E0	5.816072E-1
1.858000E1	5.628083E0	5.920882E-1
1.860000E1	5.634926E0	5.506905E-1
1.862000E1	5.656987E0	5.054253E-1
1.864000E1	5.706624E0	4.614385E-1
1.866000E1	5.691618E0	4.486929E-1
1.868000E1	5.709790E0	4.658386E-1
1.870000E1	5.694174E0	4.685480E-1
1.872000E1	5.692858E0	5.859101E-1
1.874000E1	5.667022E0	6.158969E-1
1.876000E1	5.648163E0	5.815021E-1
1.878000E1	5.637315E0	6.177619E-1
1.880000E1	5.656610E0	6.541911E-1
1.882000E1	5.665796E0	6.231299E-1
1.884000E1	5.675757E0	6.389485E-1
1.886000E1	5.657861E0	5.599786E-1
1.888000E1	5.638902E0	4.790053E-1
1.890000E1	5.626536E0	4.780276E-1
1.892000E1	5.645230E0	5.375476E-1
1.894000E1	5.643199E0	5.282071E-1
1.896000E1	5.655099E0	5.658462E-1
1.898000E1	5.695369E0	6.170012E-1
1.900000E1	5.687821E0	6.092622E-1
1.902000E1	5.717804E0	6.328522E-1
1.904000E1	5.715699E0	5.293534E-1
1.906000E1	5.654706E0	4.190486E-1
1.908000E1	5.597972E0	4.130282E-1
1.910000E1	5.541932E0	4.287530E-1
1.912000E1	5.546153E0	4.275726E-1
1.914000E1	5.516858E0	4.542505E-1
1.916000E1	5.534056E0	4.532702E-1
1.918000E1	5.552547E0	4.672257E-1
1.920000E1	5.561876E0	4.736050E-1
1.922000E1	5.569566E0	4.541833E-1
1.924000E1	5.578010E0	4.491095E-1
1.926000E1	5.583132E0	4.324178E-1
1.928000E1	5.578605E0	3.254007E-1
1.930000E1	5.599947E0	3.666477E-1
1.932000E1	5.640800E0	3.753280E-1
1.934000E1	5.688151E0	2.117612E-1
1.936000E1	5.659044E0	1.786191E-1
1.938000E1	5.695072E0	2.437893E-1
1.940000E1	5.674115E0	2.939655E-1
1.942000E1	5.657116E0	3.623063E-1
1.944000E1	5.637949E0	4.232818E-1
1.946000E1	5.638984E0	3.862040E-1
1.948000E1	5.645346E0	3.939701E-1
1.950000E1	5.643169E0	3.908677E-1
1.952000E1	5.669402E0	3.897018E-1
1.954000E1	5.660456E0	3.736247E-1
1.956000E1	5.670033E0	4.176951E-1
1.958000E1	5.631754E0	4.811244E-1
1.960000E1	5.610099E0	4.980343E-1
1.962000E1	5.600792E0	4.921167E-1
1.964000E1	5.577134E0	5.245789E-1
1.966000E1	5.589839E0	5.065634E-1
1.968000E1	5.600293E0	5.017069E-1
1.970000E1	5.599099E0	5.251994E-1
1.972000E1	5.612311E0	5.081716E-1
1.974000E1	5.621062E0	4.989700E-1
1.976000E1	5.642413E0	5.404829E-1
1.978000E1	5.644692E0	5.698366E-1
1.980000E1	5.649508E0	5.641590E-1
1.982000E1	5.694655E0	5.641603E-1
1.984000E1	5.680114E0	5.469343E-1
1.986000E1	5.707219E0	5.266640E-1
1.988000E1	5.682896E0	5.216668E-1
1.990000E1	5.658535E0	4.675652E-1
1.992000E1	5.662182E0	4.797436E-1
1.994000E1	5.660447E0	4.973337E-1
1.996000E1	5.655682E0	4.906499E-1
1.998000E1	5.660549E0	5.002489E-1
2.000000E1	5.707788E0	6.570507E-1
2.002000E1	5.715895E0	6.323311E-1
2.004000E1	5.702228E0	6.076084E-1
2.006000E1	5.691942E0	5.899305E-1
2.008000E1	5.671230E0	5.455226E-1
2.010000E1	5.611986E0	4.070655E-1
2.012000E1	5.603742E0	3.868004E-1
2.014000E1	5.600503E0	3.754631E-1
2.016000E1	5.623184E0	3.876733E-1
2.018000E1	5.631610E0	3.855799E-1
2.020000E1	5.653878E0	3.030474E-1
2.022000E1	5.653109E0	3.315094E-1
2.024000E1	5.655182E0	3.721559E-1
2.026000E1	5.657543E0	4.045558E-1
2.028000E1	5.662828E0	4.455104E-1
2.030000E1	5.656587E0	4.632202E-1
2.032000E1	5.666678E0	4.487044E-1
2.034000E1	5.683274E0	4.348444E-1
2.036000E1	5.704790E0	3.999085E-1
2.038000E1	5.712760E0	3.719952E-1
2.040000E1	5.698057E0	3.805104E-1
2.042000E1	5.700655E0	3.919475E-1
2.044000E1	5.681611E0	4.698142E-1
2.046000E1	5.654328E0	5.145665E-1
2.048000E1	5.629758E0	5.152258E-1
2.050000E1	5.577418E0	5.211461E-1
2.052000E1	5.589353E0	5.179770E-1
2.054000E1	5.597514E0	5.140070E-1
2.056000E1	5.599055E0	5.136588E-1
2.058000E1	5.594066E0	5.115737E-1
2.060000E1	5.587346E0	5.038499E-1
2.062000E1	5.593134E0	4.904298E-1
2.064000E1	5.586643E0	4.758540E-1
2.066000E1	5.591143E0	4.799544E-1
2.068000E1	5.597730E0	4.784723E-1
2.070000E1	5.603960E0	4.762371E-1
2.072000E1	5.616444E0	4.874754E-1
2.074000E1	5.617395E0	4.768028E-1
2.076000E1	5.619555E0	4.831755E-1
2.078000E1	5.613028E0	4.817109E-1
2.080000E1	5.613599E0	4.770869E-1
2.082000E1	5.607425E0	4.758467E-1
2.084000E1	5.606823E0	4.726645E-1
2.086000E1	5.606428E0	4.740158E-1
2.088000E1	5.608271E0	4.727667E-1
2.090000E1	5.634238E0	5.142263E-1
2.092000E1	5.633460E0	5.008815E-1
2.094000E1	5.658060E0	5.498265E-1
2.096000E1	5.720878E0	5.673955E-1
2.098000E1	5.711811E0	5.495106E-1
2.100000E1	5.710073E0	5.274111E-1
2.102000E1	5.696919E0	5.182082E-1
2.104000E1	5.787991E0	3.740796E-1
2.106000E1	5.788612E0	4.106029E-1
2.108000E1	5.795656E0	3.987690E-1
2.110000E1	5.975174E0	3.330389E-1
2.112000E1	6.179016E0	4.637873E-1
2.114000E1	6.271532E0	5.757892E-1
2.116000E1	6.277560E0	5.752425E-1
2.118000E1	6.314943E0	6.680676E-1
2.120000E1	6.297863E0	7.340069E-1
2.122000E1	6.273610E0	5.951367E-1
2.124000E1	6.408425E0	4.247836E-1
2.126000E1	6.547394E0	2.430515E-1
2.128000E1	6.580251E0	3.052790E-1
2.130000E1	6.584745E0	3.203504E-1
2.132000E1	6.531013E0	3.850614E-1
2.134000E1	6.505753E0	4.982174E-1
2.136000E1	6.494377E0	4.834491E-1
2.138000E1	6.504824E0	4.965640E-1
2.140000E1	6.526682E0	5.425203E-1
2.142000E1	6.554218E0	5.367460E-1
2.144000E1	6.580704E0	5.486170E-1
2.146000E1	6.581490E0	5.180585E-1
2.148000E1	6.589978E0	5.005324E-1
2.150000E1	6.564456E0	4.711896E-1
2.152000E1	6.562121E0	4.812493E-1
2.154000E1	6.569821E0	4.741031E-1
2.156000E1	6.564924E0	4.775523E-1
2.158000E1	6.577973E0	4.790083E-1
2.160000E1	6.576042E0	4.745103E-1
2.162000E1	6.581449E0	4.796974E-1
2.164000E1	6.579653E0	4.680184E-1
2.166000E1	6.578196E0	4.631173E-1
2.168000E1	6.535583E0	4.567004E-1
2.170000E1	6.530157E0	4.503963E-1
2.172000E1	6.521909E0	4.551709E-1
2.174000E1	6.542855E0	4.608898E-1
2.176000E1	6.553749E0	4.641187E-1
2.178000E1	6.564684E0	4.659063E-1
2.180000E1	6.573286E0	4.698047E-1
2.182000E1	6.580001E0	4.646647E-1
2.184000E1	6.583305E0	4.646282E-1
2.186000E1	6.588245E0	4.591450E-1
2.188000E1	6.599903E0	4.050770E-1
2.190000E1	6.643072E0	4.209106E-1
2.192000E1	6.707839E0	4.271848E-1
2.194000E1	6.816987E0	3.550790E-1
2.196000E1	6.814550E0	3.947282E-1
2.198000E1	6.867110E0	4.846661E-1
2.200000E1	6.856501E0	5.491592E-1
2.202000E1	6.816696E0	5.486063E-1
2.204000E1	6.777562E0	5.621972E-1
2.206000E1	6.753005E0	5.298149E-1
2.208000E1	6.779730E0	4.198348E-1
2.210000E1	6.874836E0	4.181423E-1
2.212000E1	7.052775E0	5.080032E-1
2.214000E1	7.224705E0	5.372256E-1
2.216000E1	7.284372E0	5.103765E-1
2.218000E1	7.292146E0	6.691576E-1
2.220000E1	7.230048E0	7.541384E-1
2.222000E1	7.200767E0	8.196514E-1
2.224000E1	7.174476E0	8.315085E-1
2.226000E1	7.168574E0	8.539746E-1
2.228000E1	7.144306E0	7.493481E-1
2.230000E1	7.095778E0	7.723568E-1
2.232000E1	7.089222E0	8.184903E-1
2.234000E1	7.074515E0	7.968804E-1
2.236000E1	7.057030E0	8.131718E-1
2.238000E1	7.070488E0	8.527743E-1
2.240000E1	7.066764E0	8.682656E-1
2.242000E1	7.086141E0	8.781194E-1
2.244000E1	7.083774E0	8.876295E-1
2.246000E1	7.095150E0	9.002421E-1
2.248000E1	7.120414E0	9.071095E-1
2.250000E1	7.115714E0	9.021057E-1
2.252000E1	7.113297E0	8.924127E-1
2.254000E1	7.090654E0	8.858347E-1
2.256000E1	7.091078E0	8.763038E-1
2.258000E1	7.084094E0	8.774578E-1
2.260000E1	7.089199E0	8.814683E-1
2.262000E1	7.091949E0	8.930143E-1
2.264000E1	7.093101E0	8.983860E-1
2.266000E1	7.091119E0	8.971322E-1
2.268000E1	7.099507E0	9.075613E-1
2.270000E1	7.097835E0	8.779420E-1
2.272000E1	7.103972E0	8.840251E-1
2.274000E1	7.103466E0	8.362038E-1
2.276000E1	7.114807E0	8.441686E-1
2.278000E1	7.137711E0	8.602357E-1
2.280000E1	7.154962E0	8.510995E-1
2.282000E1	7.179601E0	7.244049E-1
2.284000E1	7.218798E0	6.309656E-1
2.286000E1	7.202893E0	5.795165E-1
2.288000E1	7.205820E0	5.308295E-1
2.290000E1	7.202228E0	6.024330E-1
2.292000E1	7.189831E0	5.759509E-1
2.294000E1	7.192598E0	5.435241E-1
2.296000E1	7.211671E0	5.082722E-1
2.298000E1	7.243440E0	4.821820E-1
2.300000E1	7.262362E0	4.554779E-1
2.302000E1	7.255327E0	4.490557E-1
2.304000E1	7.232665E0	4.448872E-1
2.306000E1	7.225630E0	5.205691E-1
2.308000E1	7.203779E0	5.744523E-1
2.310000E1	7.192813E0	5.776586E-1
2.312000E1	7.191764E0	6.046381E-1
2.314000E1	7.200458E0	6.684455E-1
2.316000E1	7.215764E0	6.751809E-1
2.318000E1	7.247040E0	6.676027E-1
2.320000E1	7.236721E0	6.255763E-1
2.322000E1	7.235493E0	6.053500E-1
2.324000E1	7.211919E0	4.313183E-1
2.326000E1	7.202510E0	4.674985E-1
2.328000E1	7.210697E0	5.128800E-1
2.330000E1	7.222667E0	5.242395E-1
2.332000E1	7.223849E0	5.393247E-1
2.334000E1	7.235859E0	5.571946E-1
2.336000E1	7.256471E0	6.109462E-1
2.338000E1	7.250095E0	6.786749E-1
2.340000E1	7.260480E0	6.608401E-1
2.342000E1	7.231622E0	6.139846E-1
2.344000E1	7.191517E0	4.679656E-1
2.346000E1	7.130545E0	3.413495E-1
2.348000E1	7.112191E0	3.872605E-1
2.350000E1	7.111125E0	3.996677E-1
2.352000E1	7.095020E0	3.937520E-1
2.354000E1	7.110296E0	4.188408E-1
2.356000E1	7.112742E0	4.372740E-1
2.358000E1	7.128873E0	4.429523E-1
2.360000E1	7.140164E0	4.085281E-1
2.362000E1	7.157272E0	4.128042E-1
2.364000E1	7.173946E0	3.915057E-1
2.366000E1	7.214606E0	3.566105E-1
2.368000E1	7.242148E0	2.730177E-1
2.370000E1	7.234702E0	3.080266E-1
2.372000E1	7.230564E0	3.567838E-1
2.374000E1	7.220360E0	3.691942E-1
2.376000E1	7.210090E0	4.289638E-1
2.378000E1	7.208901E0	4.656048E-1
2.380000E1	7.219750E0	4.550758E-1
2.382000E1	7.237871E0	4.284307E-1
2.384000E1	7.262006E0	4.001210E-1
2.386000E1	7.263282E0	3.717766E-1
2.388000E1	7.245544E0	3.885093E-1
2.390000E1	7.227033E0	4.261030E-1
2.392000E1	7.209415E0	4.636045E-1
2.394000E1	7.185548E0	5.016367E-1
2.396000E1	7.160941E0	5.127583E-1
2.398000E1	7.140404E0	5.272000E-1
2.400000E1	7.145898E0	5.157005E-1
