	mass A		
t	x	y	
0.000000E0	-2.687206E-2	2.687206E-2
2.000000E-2	-2.464527E-1	1.526759E-1
4.000000E-2	-4.590393E-1	7.597834E-2
6.000000E-2	2.850262E-2	-5.847462E-2
8.000000E-2	5.746208E-1	-5.460416E-1
1.000000E-1	-1.695133E-1	-1.253538E0
1.200000E-1	-1.190123E-1	-1.876823E0
1.400000E-1	4.984312E-1	-1.942061E0
1.600000E-1	6.977452E-1	-1.374852E0
1.800000E-1	1.017640E0	-3.734881E-1
2.000000E-1	1.989283E0	6.945913E-1
2.200000E-1	2.443504E0	1.871582E0
2.400000E-1	2.681290E0	2.700029E0
2.600000E-1	2.761193E0	3.195702E0
2.800000E-1	2.852958E0	3.126152E0
3.000000E-1	3.172696E0	2.458996E0
3.200000E-1	3.080710E0	1.067744E0
3.400000E-1	2.953142E0	-5.417524E-1
3.600000E-1	3.108020E0	-1.395809E0
3.800000E-1	4.125688E0	-9.493995E-1
4.000000E-1	4.674920E0	1.149069E-1
4.200000E-1	4.559040E0	3.453642E-1
4.400000E-1	4.607418E0	5.731443E-1
4.600000E-1	4.476025E0	4.406620E-3
4.800000E-1	4.041059E0	-7.773159E-1
5.000000E-1	3.903882E0	-1.897460E0
5.200000E-1	3.544532E0	-2.784895E0
5.400000E-1	3.560658E0	-2.808634E0
5.600000E-1	4.730728E0	-1.751095E0
5.800000E-1	6.053403E0	-1.135244E0
6.000000E-1	6.784457E0	-1.132073E0
6.200000E-1	6.806208E0	-1.177818E0
6.400000E-1	6.408036E0	-1.790693E0
6.600000E-1	6.165449E0	-2.386890E0
6.800000E-1	5.800638E0	-3.110917E0
7.000000E-1	6.005890E0	-2.927029E0
7.200000E-1	6.159440E0	-2.001644E0
7.400000E-1	6.564123E0	-6.247784E-1
7.600000E-1	7.251567E0	-6.473537E-2
7.800000E-1	6.878270E0	-7.363788E-1
8.000000E-1	6.826093E0	-1.816533E0
8.200000E-1	7.073821E0	-2.165721E0
8.400000E-1	7.010121E0	-1.967815E0
8.600000E-1	7.337898E0	-1.488336E0
8.800000E-1	7.823643E0	-1.015618E0
9.000000E-1	8.495133E0	-1.104674E0
9.200000E-1	8.424719E0	-1.388369E0
9.400000E-1	8.070354E0	-1.197862E0
9.600000E-1	7.848257E0	-8.991926E-1
9.800000E-1	8.147773E0	-2.579242E-1
1.000000E0	8.047533E0	-3.601866E-1
1.020000E0	7.439170E0	-1.168987E0
1.040000E0	7.129091E0	-2.043706E0
1.060000E0	7.955033E0	-2.577467E0
1.080000E0	8.589834E0	-2.457293E0
1.100000E0	8.996494E0	-1.408200E0
1.120000E0	9.332803E0	1.315227E-2
1.140000E0	9.022004E0	1.502510E0
1.160000E0	8.870185E0	1.970486E0
1.180000E0	9.065154E0	1.608548E0
1.200000E0	9.393340E0	5.927012E-1
1.220000E0	9.894310E0	-4.146158E-1
1.240000E0	9.823241E0	-7.686304E-1
1.260000E0	9.660093E0	-3.567774E-1
1.280000E0	1.000803E1	3.127906E-1
1.300000E0	1.007105E1	3.399239E-1
1.320000E0	1.044614E1	-5.615408E-1
1.340000E0	1.109168E1	-1.344672E0
1.360000E0	1.110030E1	-2.177384E0
1.380000E0	1.098941E1	-2.937065E0
1.400000E0	1.074411E1	-3.280646E0
1.420000E0	1.046969E1	-3.793450E0
1.440000E0	1.081947E1	-3.903273E0
1.460000E0	1.102840E1	-3.464063E0
1.480000E0	1.120930E1	-2.358955E0
1.500000E0	1.244164E1	-1.622643E0
1.520000E0	1.380934E1	-8.126938E-1
1.540000E0	1.462853E1	-2.207570E-1
1.560000E0	1.446203E1	-1.014055E-1
1.580000E0	1.440324E1	-5.707501E-2
1.600000E0	1.433599E1	-2.968746E-1
1.620000E0	1.408974E1	-6.367326E-1
1.640000E0	1.415096E1	-8.946284E-1
1.660000E0	1.435323E1	-1.388810E0
1.680000E0	1.437921E1	-1.730252E0
1.700000E0	1.477414E1	-2.064388E0
1.720000E0	1.472732E1	-2.094001E0
1.740000E0	1.441575E1	-2.308319E0
1.760000E0	1.388749E1	-2.494730E0
1.780000E0	1.384057E1	-2.687746E0
1.800000E0	1.460223E1	-2.730107E0
1.820000E0	1.537400E1	-2.671588E0
1.840000E0	1.547753E1	-2.095327E0
1.860000E0	1.546049E1	-1.851944E0
1.880000E0	1.563909E1	-2.512640E0
1.900000E0	1.647839E1	-3.178845E0
1.920000E0	1.612836E1	-3.232079E0
1.940000E0	1.562222E1	-3.173862E0
1.960000E0	1.577263E1	-3.241333E0
1.980000E0	1.606274E1	-3.314264E0
2.000000E0	1.655643E1	-2.961189E0
2.020000E0	1.693789E1	-2.554117E0
2.040000E0	1.712360E1	-2.196444E0
2.060000E0	1.745642E1	-2.112382E0
2.080000E0	1.745396E1	-1.989510E0
2.100000E0	1.742686E1	-1.662145E0
2.120000E0	1.737566E1	-1.644203E0
2.140000E0	1.735325E1	-1.548969E0
2.160000E0	1.763803E1	-1.540066E0
2.180000E0	1.767856E1	-1.540918E0
2.200000E0	1.824480E1	-9.375971E-1
2.220000E0	1.821613E1	-1.194966E0
2.240000E0	1.847441E1	-1.966063E0
2.260000E0	1.892011E1	-2.099451E0
2.280000E0	1.897605E1	-1.963210E0
2.300000E0	1.916510E1	-1.711445E0
2.320000E0	1.908876E1	-1.799840E0
2.340000E0	1.906856E1	-2.027579E0
2.360000E0	1.927076E1	-2.320966E0
2.380000E0	1.945532E1	-2.118042E0
2.400000E0	2.014610E1	-1.272111E0
2.420000E0	2.084698E1	-6.681491E-1
2.440000E0	2.122882E1	-5.318708E-1
2.460000E0	2.120157E1	-7.200077E-1
2.480000E0	2.125268E1	-7.865164E-1
2.500000E0	2.124501E1	-7.622449E-1
2.520000E0	2.114592E1	-1.370510E-1
2.540000E0	2.095162E1	4.124269E-1
2.560000E0	2.117117E1	6.006514E-1
2.580000E0	2.121738E1	3.820528E-1
2.600000E0	2.090519E1	6.939906E-3
2.620000E0	2.052256E1	-6.509544E-1
2.640000E0	2.098772E1	-1.350385E0
2.660000E0	2.181965E1	-2.018642E0
2.680000E0	2.190382E1	-2.501522E0
2.700000E0	2.181416E1	-2.639099E0
2.720000E0	2.239221E1	-2.553360E0
2.740000E0	2.277896E1	-2.458590E0
2.760000E0	2.276535E1	-2.014149E0
2.780000E0	2.237581E1	-1.579348E0
2.800000E0	2.239526E1	-1.022010E0
2.820000E0	2.302614E1	-7.142790E-1
2.840000E0	2.312992E1	-7.263900E-1
2.860000E0	2.276321E1	-7.938415E-1
2.880000E0	2.277355E1	-8.865960E-1
2.900000E0	2.354762E1	-7.987768E-1
2.920000E0	2.440665E1	-5.813096E-1
2.940000E0	2.497435E1	-4.089604E-1
2.960000E0	2.500656E1	-3.169537E-1
2.980000E0	2.547037E1	-2.897311E-1
3.000000E0	2.565853E1	-1.660812E-1
3.020000E0	2.468300E1	-2.352093E-1
3.040000E0	2.377300E1	-8.758607E-1
3.060000E0	2.323767E1	-1.725575E0
3.080000E0	2.354773E1	-1.995875E0
3.100000E0	2.441073E1	-1.915164E0
3.120000E0	2.513908E1	-1.167677E0
3.140000E0	2.568931E1	-5.505931E-1
3.160000E0	2.601067E1	-5.600701E-1
3.180000E0	2.622844E1	-2.089178E0
3.200000E0	2.614290E1	-3.906046E0
3.220000E0	2.558542E1	-4.908057E0
3.240000E0	2.559503E1	-4.787006E0
3.260000E0	2.594282E1	-4.006192E0
3.280000E0	2.599505E1	-3.308547E0
3.300000E0	2.646217E1	-2.410846E0
3.320000E0	2.713748E1	-2.345880E0
3.340000E0	2.760161E1	-2.642471E0
3.360000E0	2.777797E1	-3.368961E0
3.380000E0	2.779048E1	-3.619258E0
3.400000E0	2.794282E1	-3.182495E0
3.420000E0	2.875407E1	-2.056586E0
3.440000E0	2.909326E1	-5.918200E-1
3.460000E0	2.886463E1	2.770872E-2
3.480000E0	2.908219E1	-3.879502E-2
3.500000E0	2.934087E1	-6.532474E-1
3.520000E0	2.921600E1	-9.788157E-1
3.540000E0	2.913889E1	-1.080173E0
3.560000E0	2.952825E1	-1.458670E0
3.580000E0	2.994919E1	-1.486149E0
3.600000E0	2.988174E1	-1.668777E0
3.620000E0	2.969335E1	-1.719973E0
3.640000E0	3.038725E1	-2.150662E0
3.660000E0	3.108842E1	-2.745329E0
3.680000E0	3.069287E1	-2.558086E0
3.700000E0	3.068210E1	-1.855755E0
3.720000E0	3.074482E1	-1.296090E0
3.740000E0	3.128295E1	-7.612069E-1
3.760000E0	3.107294E1	-1.182905E0
3.780000E0	3.072942E1	-2.043056E0
3.800000E0	3.072104E1	-2.771795E0
3.820000E0	3.092181E1	-2.785648E0
3.840000E0	3.087263E1	-2.082604E0
3.860000E0	3.062794E1	-1.164691E0
3.880000E0	3.083241E1	-1.659369E-1
3.900000E0	3.151869E1	3.458660E-1
3.920000E0	3.143457E1	1.415140E-1
3.940000E0	3.122731E1	-1.092996E0
3.960000E0	3.124793E1	-2.564909E0
3.980000E0	3.100418E1	-3.547892E0
4.000000E0	3.132976E1	-3.744706E0
4.020000E0	3.169956E1	-3.162881E0
4.040000E0	3.256157E1	-2.362648E0
4.060000E0	3.297091E1	-1.954535E0
4.080000E0	3.293942E1	-2.358477E0
4.100000E0	3.322486E1	-2.733376E0
4.120000E0	3.341852E1	-3.483677E0
4.140000E0	3.363472E1	-4.033954E0
4.160000E0	3.377099E1	-3.987884E0
4.180000E0	3.363879E1	-3.637149E0
4.200000E0	3.412828E1	-3.024994E0
4.220000E0	3.466878E1	-2.325642E0
4.240000E0	3.509159E1	-1.809063E0
4.260000E0	3.568412E1	-2.395751E0
4.280000E0	3.612867E1	-3.112454E0
4.300000E0	3.617181E1	-3.722761E0
4.320000E0	3.603387E1	-3.765865E0
4.340000E0	3.568239E1	-3.582745E0
4.360000E0	3.525905E1	-3.325901E0
4.380000E0	3.445478E1	-3.246986E0
4.400000E0	3.442875E1	-3.120081E0
4.420000E0	3.494273E1	-3.118846E0
4.440000E0	3.575241E1	-3.126209E0
4.460000E0	3.576583E1	-3.163461E0
4.480000E0	3.595720E1	-3.970220E0
4.500000E0	3.678546E1	-4.911481E0
4.520000E0	3.686407E1	-5.548391E0
4.540000E0	3.697958E1	-5.697765E0
4.560000E0	3.740665E1	-5.440873E0
4.580000E0	3.699318E1	-5.304833E0
4.600000E0	3.683227E1	-4.823544E0
4.620000E0	3.689829E1	-4.771549E0
4.640000E0	3.690619E1	-4.779811E0
4.660000E0	3.731786E1	-4.736533E0
4.680000E0	3.693545E1	-4.989922E0
4.700000E0	3.669513E1	-5.338623E0
4.720000E0	3.662705E1	-5.835263E0
4.740000E0	3.665124E1	-5.687757E0
4.760000E0	3.752822E1	-4.807684E0
4.780000E0	3.787778E1	-3.622231E0
4.800000E0	3.788651E1	-2.329431E0
4.820000E0	3.829723E1	-1.638159E0
4.840000E0	3.802157E1	-1.690699E0
4.860000E0	3.816273E1	-2.414399E0
4.880000E0	3.842223E1	-3.390524E0
4.900000E0	3.880855E1	-3.908983E0
4.920000E0	3.933320E1	-3.794653E0
4.940000E0	3.933967E1	-3.080282E0
4.960000E0	3.931776E1	-2.367347E0
4.980000E0	3.954761E1	-3.289971E0
5.000000E0	3.985283E1	-4.562480E0
5.020000E0	4.016141E1	-4.751109E0
5.040000E0	4.023325E1	-4.626468E0
5.060000E0	4.056314E1	-4.023675E0
5.080000E0	4.060666E1	-3.836140E0
5.100000E0	4.097873E1	-3.810427E0
5.120000E0	4.138483E1	-3.599921E0
5.140000E0	4.124772E1	-3.103178E0
5.160000E0	4.150108E1	-2.777143E0
5.180000E0	4.178907E1	-3.126361E0
5.200000E0	4.181603E1	-3.824996E0
5.220000E0	4.178219E1	-4.111429E0
5.240000E0	4.180257E1	-4.123562E0
5.260000E0	4.186853E1	-4.070270E0
5.280000E0	4.171530E1	-4.174798E0
5.300000E0	4.168340E1	-4.560243E0
5.320000E0	4.183126E1	-4.955895E0
5.340000E0	4.190519E1	-4.926150E0
5.360000E0	4.212824E1	-4.855310E0
5.380000E0	4.228695E1	-5.174486E0
5.400000E0	4.252311E1	-5.478448E0
5.420000E0	4.256427E1	-5.957886E0
5.440000E0	4.293433E1	-6.004947E0
5.460000E0	4.369480E1	-5.760870E0
5.480000E0	4.441700E1	-4.753269E0
5.500000E0	4.443422E1	-4.011775E0
5.520000E0	4.408869E1	-3.315239E0
5.540000E0	4.392183E1	-3.545772E0
5.560000E0	4.423258E1	-4.311958E0
5.580000E0	4.481984E1	-5.431883E0
5.600000E0	4.438759E1	-6.029692E0
5.620000E0	4.437292E1	-6.055548E0
5.640000E0	4.489974E1	-5.812270E0
5.660000E0	4.475177E1	-5.215043E0
5.680000E0	4.460941E1	-4.697402E0
5.700000E0	4.489571E1	-4.200350E0
5.720000E0	4.531514E1	-3.526480E0
5.740000E0	4.612445E1	-2.856400E0
5.760000E0	4.616959E1	-2.627524E0
5.780000E0	4.552331E1	-3.528562E0
5.800000E0	4.525473E1	-5.504841E0
5.820000E0	4.563080E1	-7.340890E0
5.840000E0	4.622730E1	-7.107541E0
5.860000E0	4.680266E1	-5.224291E0
5.880000E0	4.677804E1	-4.540242E0
5.900000E0	4.661874E1	-5.628139E0
5.920000E0	4.624592E1	-6.998302E0
5.940000E0	4.584443E1	-8.292916E0
5.960000E0	4.586080E1	-8.839930E0
5.980000E0	4.622436E1	-8.277845E0
6.000000E0	4.631624E1	-7.599798E0
6.020000E0	4.667811E1	-7.104879E0
6.040000E0	4.705204E1	-6.656323E0
6.060000E0	4.758139E1	-5.646678E0
6.080000E0	4.827697E1	-4.623389E0
6.100000E0	4.861119E1	-4.504678E0
6.120000E0	4.877152E1	-4.775829E0
6.140000E0	4.875677E1	-5.080763E0
6.160000E0	4.888470E1	-5.160995E0
6.180000E0	4.897318E1	-4.874738E0
6.200000E0	4.867176E1	-4.516757E0
6.220000E0	4.882019E1	-4.357102E0
6.240000E0	4.916875E1	-4.253746E0
6.260000E0	4.881630E1	-4.347536E0
6.280000E0	4.872871E1	-4.718879E0
6.300000E0	4.908578E1	-5.443024E0
6.320000E0	4.945658E1	-5.991287E0
6.340000E0	4.996215E1	-5.839395E0
6.360000E0	5.005542E1	-5.582819E0
6.380000E0	5.049240E1	-5.123820E0
6.400000E0	5.098585E1	-4.788426E0
6.420000E0	5.097749E1	-4.745523E0
6.440000E0	5.086985E1	-4.457827E0
6.460000E0	5.064256E1	-4.207162E0
6.480000E0	5.062706E1	-3.930641E0
6.500000E0	5.037954E1	-4.053452E0
6.520000E0	4.975120E1	-5.164308E0
6.540000E0	4.947745E1	-6.133123E0
6.560000E0	4.955752E1	-6.704222E0
6.580000E0	5.025873E1	-6.377295E0
6.600000E0	5.107407E1	-5.701213E0
6.620000E0	5.147124E1	-5.129033E0
6.640000E0	5.162781E1	-4.935485E0
6.660000E0	5.187656E1	-5.103915E0
6.680000E0	5.173859E1	-5.232809E0
6.700000E0	5.159177E1	-5.592320E0
6.720000E0	5.144800E1	-5.948701E0
6.740000E0	5.125674E1	-6.262267E0
6.760000E0	5.124348E1	-6.297259E0
6.780000E0	5.173542E1	-6.083611E0
6.800000E0	5.286933E1	-5.347754E0
6.820000E0	5.365896E1	-4.692396E0
6.840000E0	5.421392E1	-4.582477E0
6.860000E0	5.475200E1	-4.428196E0
6.880000E0	5.504491E1	-4.632036E0
6.900000E0	5.484548E1	-5.154964E0
6.920000E0	5.442908E1	-6.159120E0
6.940000E0	5.389466E1	-7.315357E0
6.960000E0	5.360510E1	-8.385083E0
6.980000E0	5.416138E1	-8.151879E0
7.000000E0	5.503907E1	-6.738589E0
7.020000E0	5.565700E1	-5.491711E0
7.040000E0	5.596753E1	-4.599731E0
7.060000E0	5.616193E1	-4.435329E0
7.080000E0	5.611151E1	-4.462779E0
7.100000E0	5.582852E1	-5.225935E0
7.120000E0	5.514875E1	-6.348338E0
7.140000E0	5.458500E1	-7.149062E0
7.160000E0	5.518565E1	-7.132973E0
7.180000E0	5.648704E1	-6.695499E0
7.200000E0	5.655231E1	-6.408610E0
7.220000E0	5.636232E1	-6.739053E0
7.240000E0	5.633781E1	-7.747069E0
7.260000E0	5.609788E1	-8.107827E0
7.280000E0	5.621483E1	-8.066933E0
7.300000E0	5.629784E1	-7.473153E0
7.320000E0	5.697629E1	-6.756094E0
7.340000E0	5.720146E1	-6.668719E0
7.360000E0	5.694686E1	-6.781345E0
7.380000E0	5.690703E1	-6.797009E0
7.400000E0	5.661806E1	-6.849561E0
7.420000E0	5.706883E1	-6.506882E0
7.440000E0	5.665454E1	-6.487024E0
7.460000E0	5.658089E1	-6.876578E0
7.480000E0	5.705238E1	-7.106644E0
7.500000E0	5.736402E1	-6.781120E0
7.520000E0	5.794849E1	-5.871822E0
7.540000E0	5.795737E1	-4.856401E0
7.560000E0	5.799457E1	-3.632567E0
7.580000E0	5.829651E1	-3.037100E0
7.600000E0	5.792868E1	-3.237713E0
7.620000E0	5.806386E1	-4.545489E0
7.640000E0	5.842107E1	-5.771013E0
7.660000E0	5.883071E1	-6.465193E0
7.680000E0	5.952923E1	-6.361119E0
7.700000E0	5.994148E1	-5.044786E0
7.720000E0	6.010191E1	-4.021330E0
7.740000E0	6.050056E1	-4.706086E0
7.760000E0	6.071214E1	-5.774886E0
7.780000E0	6.091762E1	-6.007818E0
7.800000E0	6.102422E1	-5.907350E0
7.820000E0	6.099368E1	-5.467558E0
7.840000E0	6.095924E1	-5.505657E0
7.860000E0	6.092529E1	-5.784768E0
7.880000E0	6.090183E1	-6.119490E0
7.900000E0	6.056206E1	-6.135488E0
7.920000E0	6.125574E1	-5.960605E0
7.940000E0	6.219190E1	-5.839955E0
7.960000E0	6.267236E1	-5.785314E0
7.980000E0	6.257910E1	-6.178132E0
8.000000E0	6.209402E1	-6.841314E0
8.020000E0	6.175816E1	-7.542703E0
8.040000E0	6.153720E1	-7.818190E0
8.060000E0	6.168784E1	-7.163586E0
8.080000E0	6.218739E1	-6.279269E0
8.100000E0	6.244967E1	-5.416597E0
8.120000E0	6.265285E1	-5.466519E0
8.140000E0	6.314928E1	-6.384300E0
8.160000E0	6.373394E1	-7.262537E0
8.180000E0	6.386808E1	-7.393583E0
8.200000E0	6.408262E1	-6.805822E0
8.220000E0	6.456866E1	-6.034577E0
8.240000E0	6.501192E1	-5.521110E0
8.260000E0	6.500407E1	-6.068482E0
8.280000E0	6.468436E1	-6.886706E0
8.300000E0	6.471513E1	-7.503621E0
8.320000E0	6.543219E1	-7.176042E0
8.340000E0	6.473443E1	-6.615589E0
8.360000E0	6.383164E1	-6.517247E0
8.380000E0	6.393690E1	-6.942422E0
8.400000E0	6.453435E1	-7.099188E0
8.420000E0	6.516538E1	-6.606364E0
8.440000E0	6.557395E1	-5.863170E0
8.460000E0	6.576002E1	-5.360346E0
8.480000E0	6.625351E1	-5.422833E0
8.500000E0	6.626229E1	-6.318556E0
8.520000E0	6.614054E1	-7.041354E0
8.540000E0	6.610056E1	-7.034383E0
8.560000E0	6.603813E1	-6.922817E0
8.580000E0	6.613554E1	-6.830686E0
8.600000E0	6.609893E1	-6.833111E0
8.620000E0	6.649201E1	-6.715080E0
8.640000E0	6.655417E1	-7.338661E0
8.660000E0	6.622924E1	-8.207391E0
8.680000E0	6.625658E1	-9.016197E0
8.700000E0	6.611394E1	-9.290561E0
8.720000E0	6.626341E1	-8.988557E0
8.740000E0	6.709207E1	-8.058224E0
8.760000E0	6.751515E1	-6.673873E0
8.780000E0	6.779567E1	-5.682776E0
8.800000E0	6.780974E1	-5.405156E0
8.820000E0	6.808397E1	-5.771775E0
8.840000E0	6.853510E1	-6.429420E0
8.860000E0	6.877981E1	-6.354915E0
8.880000E0	6.909588E1	-5.989972E0
8.900000E0	6.926148E1	-5.501136E0
8.920000E0	6.912903E1	-5.745079E0
8.940000E0	6.880268E1	-5.940575E0
8.960000E0	6.862725E1	-6.207434E0
8.980000E0	6.899425E1	-6.155374E0
9.000000E0	6.950304E1	-5.296912E0
9.020000E0	6.972509E1	-4.710567E0
9.040000E0	6.985026E1	-4.951388E0
9.060000E0	7.032400E1	-5.695667E0
9.080000E0	7.063042E1	-6.292341E0
9.100000E0	7.075335E1	-6.529100E0
9.120000E0	7.100788E1	-6.024669E0
9.140000E0	7.110086E1	-5.369281E0
9.160000E0	7.071122E1	-5.092976E0
9.180000E0	7.049597E1	-5.202398E0
9.200000E0	7.018973E1	-5.669651E0
9.220000E0	6.995251E1	-5.890373E0
9.240000E0	7.039151E1	-5.950552E0
9.260000E0	7.028583E1	-6.391309E0
9.280000E0	7.007181E1	-7.185639E0
9.300000E0	7.047584E1	-7.888922E0
9.320000E0	7.111613E1	-7.927177E0
9.340000E0	7.140046E1	-7.283864E0
9.360000E0	7.184286E1	-6.392062E0
9.380000E0	7.218115E1	-5.539426E0
9.400000E0	7.224706E1	-4.874369E0
9.420000E0	7.227503E1	-4.630382E0
9.440000E0	7.221102E1	-5.160473E0
9.460000E0	7.205229E1	-6.319489E0
9.480000E0	7.207071E1	-7.261459E0
9.500000E0	7.224704E1	-7.311474E0
9.520000E0	7.304306E1	-6.498801E0
9.540000E0	7.456002E1	-4.913765E0
9.560000E0	7.503952E1	-4.195182E0
9.580000E0	7.544670E1	-4.756639E0
9.600000E0	7.547659E1	-6.159616E0
9.620000E0	7.498480E1	-8.123049E0
9.640000E0	7.448055E1	-9.798927E0
9.660000E0	7.398849E1	-1.038153E1
9.680000E0	7.347613E1	-9.939306E0
9.700000E0	7.356704E1	-8.872546E0
9.720000E0	7.406927E1	-7.660562E0
9.740000E0	7.507766E1	-6.697171E0
9.760000E0	7.641650E1	-6.544756E0
9.780000E0	7.703960E1	-6.603509E0
9.800000E0	7.691091E1	-6.937667E0
9.820000E0	7.626930E1	-7.831272E0
9.840000E0	7.597322E1	-9.240567E0
9.860000E0	7.607944E1	-9.491936E0
9.880000E0	7.598744E1	-8.349873E0
9.900000E0	7.643991E1	-6.762291E0
9.920000E0	7.661196E1	-6.150179E0
9.940000E0	7.643501E1	-6.725739E0
9.960000E0	7.644012E1	-8.153159E0
9.980000E0	7.653308E1	-8.734910E0
1.000000E1	7.670060E1	-8.484944E0
1.002000E1	7.681262E1	-7.785933E0
1.004000E1	7.706655E1	-7.355983E0
1.006000E1	7.780720E1	-7.159279E0
1.008000E1	7.800237E1	-7.043175E0
1.010000E1	7.793611E1	-6.717414E0
1.012000E1	7.765001E1	-6.475814E0
1.014000E1	7.757681E1	-6.272622E0
1.016000E1	7.791851E1	-6.021095E0
1.018000E1	7.751918E1	-6.678821E0
1.020000E1	7.754439E1	-7.263304E0
1.022000E1	7.807596E1	-7.431899E0
1.024000E1	7.844354E1	-7.029233E0
1.026000E1	7.842577E1	-6.298205E0
1.028000E1	7.819539E1	-5.462009E0
1.030000E1	7.871098E1	-4.758038E0
1.032000E1	7.901819E1	-4.788183E0
1.034000E1	7.878499E1	-4.923808E0
1.036000E1	7.896642E1	-5.613170E0
1.038000E1	7.947965E1	-6.108697E0
1.040000E1	8.002808E1	-6.287530E0
1.042000E1	8.055957E1	-5.914844E0
1.044000E1	8.080186E1	-4.995347E0
1.046000E1	8.038736E1	-4.142308E0
1.048000E1	8.074299E1	-4.761658E0
1.050000E1	8.113998E1	-6.024147E0
1.052000E1	8.113095E1	-6.851877E0
1.054000E1	8.108646E1	-7.537502E0
1.056000E1	8.079479E1	-7.366741E0
1.058000E1	8.088236E1	-7.277691E0
1.060000E1	8.123894E1	-7.293732E0
1.062000E1	8.146500E1	-7.443950E0
1.064000E1	8.172815E1	-7.623570E0
1.066000E1	8.189799E1	-7.932133E0
1.068000E1	8.240268E1	-8.052681E0
1.070000E1	8.288757E1	-8.070933E0
1.072000E1	8.315326E1	-7.630078E0
1.074000E1	8.349401E1	-6.946566E0
1.076000E1	8.342744E1	-6.618730E0
1.078000E1	8.333073E1	-6.718573E0
1.080000E1	8.350452E1	-6.992012E0
1.082000E1	8.387353E1	-6.688658E0
1.084000E1	8.433998E1	-6.030851E0
1.086000E1	8.449624E1	-5.403080E0
1.088000E1	8.478545E1	-5.696135E0
1.090000E1	8.526065E1	-6.850255E0
1.092000E1	8.495528E1	-8.274517E0
1.094000E1	8.507671E1	-8.673959E0
1.096000E1	8.569707E1	-8.255431E0
1.098000E1	8.601296E1	-6.973248E0
1.100000E1	8.553748E1	-6.338251E0
1.102000E1	8.505511E1	-6.705288E0
1.104000E1	8.475946E1	-7.398782E0
1.106000E1	8.490571E1	-7.558492E0
1.108000E1	8.532411E1	-7.108400E0
1.110000E1	8.533691E1	-6.922912E0
1.112000E1	8.532703E1	-7.108107E0
1.114000E1	8.601426E1	-7.919118E0
1.116000E1	8.665253E1	-8.054810E0
1.118000E1	8.660542E1	-7.410971E0
1.120000E1	8.674904E1	-6.787262E0
1.122000E1	8.677979E1	-6.747154E0
1.124000E1	8.676214E1	-6.906969E0
1.126000E1	8.665342E1	-7.256299E0
1.128000E1	8.648774E1	-7.498649E0
1.130000E1	8.651886E1	-7.770979E0
1.132000E1	8.656265E1	-7.734509E0
1.134000E1	8.688550E1	-7.368743E0
1.136000E1	8.717616E1	-6.713519E0
1.138000E1	8.718516E1	-6.875326E0
1.140000E1	8.740817E1	-7.449773E0
1.142000E1	8.770652E1	-7.453331E0
1.144000E1	8.782143E1	-7.176687E0
1.146000E1	8.794723E1	-7.059610E0
1.148000E1	8.798051E1	-7.130886E0
1.150000E1	8.831979E1	-7.252120E0
1.152000E1	8.853429E1	-6.947608E0
1.154000E1	8.891485E1	-6.105308E0
1.156000E1	8.906977E1	-5.602571E0
1.158000E1	8.928503E1	-6.094246E0
1.160000E1	8.939722E1	-6.802031E0
1.162000E1	8.943956E1	-7.293065E0
1.164000E1	8.985806E1	-6.852373E0
1.166000E1	8.997766E1	-6.135082E0
1.168000E1	8.991058E1	-5.643126E0
1.170000E1	9.003029E1	-5.442067E0
1.172000E1	9.023218E1	-5.484396E0
1.174000E1	9.050848E1	-5.288822E0
1.176000E1	9.065816E1	-5.095723E0
1.178000E1	9.066546E1	-5.251530E0
1.180000E1	9.105709E1	-5.779728E0
1.182000E1	9.090728E1	-6.359195E0
1.184000E1	9.061170E1	-6.982035E0
1.186000E1	9.053890E1	-7.181151E0
1.188000E1	9.060424E1	-6.779252E0
1.190000E1	9.104347E1	-6.449383E0
1.192000E1	9.120846E1	-6.491931E0
1.194000E1	9.123255E1	-7.167876E0
1.196000E1	9.119880E1	-7.565040E0
1.198000E1	9.155875E1	-7.660365E0
1.200000E1	9.130646E1	-7.490103E0
1.202000E1	9.099238E1	-7.621454E0
1.204000E1	9.123220E1	-7.847557E0
1.206000E1	9.162889E1	-7.646061E0
1.208000E1	9.210500E1	-6.959711E0
1.210000E1	9.291794E1	-6.137942E0
1.212000E1	9.347269E1	-4.985050E0
1.214000E1	9.372741E1	-3.749170E0
1.216000E1	9.376095E1	-3.074306E0
1.218000E1	9.384759E1	-3.368185E0
1.220000E1	9.370409E1	-4.615184E0
1.222000E1	9.333332E1	-6.582544E0
1.224000E1	9.342839E1	-8.327951E0
1.226000E1	9.395817E1	-8.363379E0
1.228000E1	9.496367E1	-6.515996E0
1.230000E1	9.497592E1	-5.287092E0
1.232000E1	9.511702E1	-5.277029E0
1.234000E1	9.508055E1	-5.915613E0
1.236000E1	9.500351E1	-6.748234E0
1.238000E1	9.460133E1	-8.417841E0
1.240000E1	9.409631E1	-1.006004E1
1.242000E1	9.392288E1	-1.059229E1
1.244000E1	9.450153E1	-9.344128E0
1.246000E1	9.577673E1	-7.718964E0
1.248000E1	9.657558E1	-7.135068E0
1.250000E1	9.669011E1	-7.726586E0
1.252000E1	9.650217E1	-8.937780E0
1.254000E1	9.636616E1	-9.342877E0
1.256000E1	9.638018E1	-9.194561E0
1.258000E1	9.664416E1	-8.708738E0
1.260000E1	9.683666E1	-8.374790E0
1.262000E1	9.678514E1	-7.573166E0
1.264000E1	9.702879E1	-6.994917E0
1.266000E1	9.726220E1	-6.789108E0
1.268000E1	9.709763E1	-7.062701E0
1.270000E1	9.714350E1	-7.587059E0
1.272000E1	9.752864E1	-7.612372E0
1.274000E1	9.752954E1	-7.510143E0
1.276000E1	9.756510E1	-7.226419E0
1.278000E1	9.790961E1	-7.124691E0
1.280000E1	9.862333E1	-6.807376E0
1.282000E1	9.872700E1	-6.687580E0
1.284000E1	9.855142E1	-6.276834E0
1.286000E1	9.838287E1	-5.990812E0
1.288000E1	9.842242E1	-5.730826E0
1.290000E1	9.837149E1	-5.981764E0
1.292000E1	9.782117E1	-6.901416E0
1.294000E1	9.778750E1	-7.934492E0
1.296000E1	9.827323E1	-8.689603E0
1.298000E1	9.892461E1	-7.981094E0
1.300000E1	9.940541E1	-6.827751E0
1.302000E1	9.969213E1	-5.250122E0
1.304000E1	9.962879E1	-3.874712E0
1.306000E1	9.954254E1	-3.255275E0
1.308000E1	9.957537E1	-3.665760E0
1.310000E1	9.980164E1	-4.542149E0
1.312000E1	1.002009E2	-5.429175E0
1.314000E1	1.003609E2	-6.176461E0
1.316000E1	9.999030E1	-6.421581E0
1.318000E1	1.000597E2	-6.064025E0
1.320000E1	1.005111E2	-5.412888E0
1.322000E1	1.009129E2	-5.573450E0
1.324000E1	1.013697E2	-6.588443E0
1.326000E1	1.013588E2	-7.685106E0
1.328000E1	1.011061E2	-8.814344E0
1.330000E1	1.007467E2	-9.527198E0
1.332000E1	1.007833E2	-9.795763E0
1.334000E1	1.011136E2	-9.382468E0
1.336000E1	1.011808E2	-8.460783E0
1.338000E1	1.017639E2	-7.303619E0
1.340000E1	1.027416E2	-6.606047E0
1.342000E1	1.040642E2	-6.415381E0
1.344000E1	1.049926E2	-6.082185E0
1.346000E1	1.047978E2	-5.740909E0
1.348000E1	1.050094E2	-5.452468E0
1.350000E1	1.047369E2	-5.475410E0
1.352000E1	1.042113E2	-6.068290E0
1.354000E1	1.041223E2	-6.809402E0
1.356000E1	1.041633E2	-7.583277E0
1.358000E1	1.049016E2	-7.481490E0
1.360000E1	1.048491E2	-6.972032E0
1.362000E1	1.045306E2	-6.769302E0
1.364000E1	1.045096E2	-7.290652E0
1.366000E1	1.040039E2	-7.948497E0
1.368000E1	1.040357E2	-8.094336E0
1.370000E1	1.045652E2	-7.779233E0
1.372000E1	1.050052E2	-6.934906E0
1.374000E1	1.054832E2	-6.626702E0
1.376000E1	1.054021E2	-7.197642E0
1.378000E1	1.055311E2	-7.957219E0
1.380000E1	1.059014E2	-8.042675E0
1.382000E1	1.056718E2	-7.581056E0
1.384000E1	1.053798E2	-7.725933E0
1.386000E1	1.050567E2	-8.143425E0
1.388000E1	1.053997E2	-8.102135E0
1.390000E1	1.060337E2	-7.427552E0
1.392000E1	1.061205E2	-6.957196E0
1.394000E1	1.063779E2	-6.832507E0
1.396000E1	1.065064E2	-6.811395E0
1.398000E1	1.064151E2	-6.638937E0
1.400000E1	1.064550E2	-6.535313E0
1.402000E1	1.061728E2	-6.595972E0
1.404000E1	1.061513E2	-6.580418E0
1.406000E1	1.063369E2	-6.578135E0
1.408000E1	1.065679E2	-6.268584E0
1.410000E1	1.068984E2	-5.302056E0
1.412000E1	1.069886E2	-5.529377E0
1.414000E1	1.074096E2	-6.361206E0
1.416000E1	1.076258E2	-6.917667E0
1.418000E1	1.076520E2	-6.845276E0
1.420000E1	1.078635E2	-6.669984E0
1.422000E1	1.078135E2	-6.782628E0
1.424000E1	1.079246E2	-7.039477E0
1.426000E1	1.080823E2	-7.108490E0
1.428000E1	1.083428E2	-6.718476E0
1.430000E1	1.090392E2	-6.108306E0
1.432000E1	1.096322E2	-5.902457E0
1.434000E1	1.100632E2	-5.953015E0
1.436000E1	1.100717E2	-6.145684E0
1.438000E1	1.102323E2	-6.055261E0
1.440000E1	1.102208E2	-5.984848E0
1.442000E1	1.099296E2	-5.583826E0
1.444000E1	1.099164E2	-5.320762E0
1.446000E1	1.100741E2	-5.100309E0
1.448000E1	1.099681E2	-5.271939E0
1.450000E1	1.096943E2	-5.595202E0
1.452000E1	1.095253E2	-6.405955E0
1.454000E1	1.100427E2	-6.976990E0
1.456000E1	1.105268E2	-7.627825E0
1.458000E1	1.106447E2	-8.051651E0
1.460000E1	1.106004E2	-8.064476E0
1.462000E1	1.109891E2	-7.626776E0
1.464000E1	1.113427E2	-7.320255E0
1.466000E1	1.112984E2	-6.961449E0
1.468000E1	1.111718E2	-6.910479E0
1.470000E1	1.111830E2	-6.848824E0
1.472000E1	1.116220E2	-6.855419E0
1.474000E1	1.117395E2	-7.029276E0
1.476000E1	1.114996E2	-6.890006E0
1.478000E1	1.116336E2	-6.941757E0
1.480000E1	1.123901E2	-6.471935E0
1.482000E1	1.132842E2	-6.138326E0
1.484000E1	1.137110E2	-5.834490E0
1.486000E1	1.136832E2	-5.818472E0
1.488000E1	1.138611E2	-5.901413E0
1.490000E1	1.139993E2	-6.131348E0
1.492000E1	1.132735E2	-6.544323E0
1.494000E1	1.124617E2	-7.034381E0
1.496000E1	1.120677E2	-7.357292E0
1.498000E1	1.124737E2	-7.218192E0
1.500000E1	1.132986E2	-7.040050E0
1.502000E1	1.139286E2	-6.157770E0
1.504000E1	1.140817E2	-5.731878E0
1.506000E1	1.145066E2	-6.329410E0
1.508000E1	1.148072E2	-8.052088E0
1.510000E1	1.146375E2	-9.778941E0
1.512000E1	1.145181E2	-1.002262E1
1.514000E1	1.145594E2	-9.524972E0
1.516000E1	1.147764E2	-8.552027E0
1.518000E1	1.149704E2	-8.037479E0
1.520000E1	1.152292E2	-7.429937E0
1.522000E1	1.158204E2	-7.640042E0
1.524000E1	1.161107E2	-8.058201E0
1.526000E1	1.163463E2	-8.841620E0
1.528000E1	1.161656E2	-9.090115E0
1.530000E1	1.163750E2	-8.681845E0
1.532000E1	1.170309E2	-7.598630E0
1.534000E1	1.171583E2	-5.984629E0
1.536000E1	1.170641E2	-5.288999E0
1.538000E1	1.171516E2	-5.202002E0
1.540000E1	1.171873E2	-5.819570E0
1.542000E1	1.172306E2	-6.120497E0
1.544000E1	1.173744E2	-6.555591E0
1.546000E1	1.180006E2	-6.767756E0
1.548000E1	1.182600E2	-6.764645E0
1.550000E1	1.181440E2	-6.701698E0
1.552000E1	1.182391E2	-6.664009E0
1.554000E1	1.186237E2	-6.648871E0
1.556000E1	1.187342E2	-6.810672E0
1.558000E1	1.186160E2	-6.647972E0
1.560000E1	1.184797E2	-6.273704E0
1.562000E1	1.188008E2	-5.831653E0
1.564000E1	1.190096E2	-5.783603E0
1.566000E1	1.187421E2	-6.264670E0
1.568000E1	1.186769E2	-6.872848E0
1.570000E1	1.190796E2	-6.901026E0
1.572000E1	1.192682E2	-6.530041E0
1.574000E1	1.190177E2	-5.719230E0
1.576000E1	1.188351E2	-4.564164E0
1.578000E1	1.193065E2	-4.024972E0
1.580000E1	1.193238E2	-4.046985E0
1.582000E1	1.192280E2	-4.908926E0
1.584000E1	1.191278E2	-6.059619E0
1.586000E1	1.192755E2	-7.151716E0
1.588000E1	1.194546E2	-7.657959E0
1.590000E1	1.196083E2	-7.628607E0
1.592000E1	1.202966E2	-6.982238E0
1.594000E1	1.204509E2	-6.656869E0
1.596000E1	1.208187E2	-6.911537E0
1.598000E1	1.210791E2	-7.568374E0
1.600000E1	1.209317E2	-7.996211E0
1.602000E1	1.210776E2	-8.112668E0
1.604000E1	1.213886E2	-8.175884E0
1.606000E1	1.218181E2	-8.110784E0
1.608000E1	1.221774E2	-7.743028E0
1.610000E1	1.222825E2	-6.870312E0
1.612000E1	1.230212E2	-6.005963E0
1.614000E1	1.242095E2	-5.336759E0
1.616000E1	1.248764E2	-5.163254E0
1.618000E1	1.246793E2	-5.581750E0
1.620000E1	1.241314E2	-6.839094E0
1.622000E1	1.239941E2	-8.154464E0
1.624000E1	1.238123E2	-8.538057E0
1.626000E1	1.231938E2	-7.958816E0
1.628000E1	1.230249E2	-7.075498E0
1.630000E1	1.231503E2	-6.317425E0
1.632000E1	1.238489E2	-5.821129E0
1.634000E1	1.237711E2	-6.246655E0
1.636000E1	1.236684E2	-7.384261E0
1.638000E1	1.239620E2	-8.357541E0
1.640000E1	1.243123E2	-8.210642E0
1.642000E1	1.249694E2	-7.716130E0
1.644000E1	1.255273E2	-7.340451E0
1.646000E1	1.254783E2	-7.611497E0
1.648000E1	1.253948E2	-7.808106E0
1.650000E1	1.248708E2	-7.773387E0
1.652000E1	1.247830E2	-7.342335E0
1.654000E1	1.251358E2	-7.195636E0
1.656000E1	1.248319E2	-7.710910E0
1.658000E1	1.246851E2	-8.029956E0
1.660000E1	1.247755E2	-8.152987E0
1.662000E1	1.249290E2	-7.799881E0
1.664000E1	1.253123E2	-7.295610E0
1.666000E1	1.255297E2	-6.879704E0
1.668000E1	1.256826E2	-6.238383E0
1.670000E1	1.260098E2	-5.281580E0
1.672000E1	1.258120E2	-4.848777E0
1.674000E1	1.258663E2	-5.122172E0
1.676000E1	1.258773E2	-5.887103E0
1.678000E1	1.260847E2	-6.456996E0
1.680000E1	1.265417E2	-6.305840E0
1.682000E1	1.271151E2	-5.554070E0
1.684000E1	1.268214E2	-4.757724E0
1.686000E1	1.268581E2	-5.511359E0
1.688000E1	1.272636E2	-6.836116E0
1.690000E1	1.273412E2	-7.762008E0
1.692000E1	1.274186E2	-7.661825E0
1.694000E1	1.277714E2	-7.093418E0
1.696000E1	1.281725E2	-6.817025E0
1.698000E1	1.286917E2	-6.474564E0
1.700000E1	1.287379E2	-6.475310E0
1.702000E1	1.287915E2	-5.920947E0
1.704000E1	1.292917E2	-5.909622E0
1.706000E1	1.296381E2	-5.911220E0
1.708000E1	1.296649E2	-6.163443E0
1.710000E1	1.296907E2	-6.243864E0
1.712000E1	1.295990E2	-6.464100E0
1.714000E1	1.292539E2	-6.475384E0
1.716000E1	1.286897E2	-6.472063E0
1.718000E1	1.286820E2	-6.313053E0
1.720000E1	1.291781E2	-6.187080E0
1.722000E1	1.295133E2	-6.405691E0
1.724000E1	1.294398E2	-7.205835E0
1.726000E1	1.293665E2	-8.130113E0
1.728000E1	1.297387E2	-8.439002E0
1.730000E1	1.299519E2	-8.443387E0
1.732000E1	1.300569E2	-8.099491E0
1.734000E1	1.305496E2	-7.664848E0
1.736000E1	1.309553E2	-7.212856E0
1.738000E1	1.313468E2	-7.021490E0
1.740000E1	1.314093E2	-6.822041E0
1.742000E1	1.311035E2	-6.558750E0
1.744000E1	1.311214E2	-6.089539E0
1.746000E1	1.315189E2	-5.950868E0
1.748000E1	1.315360E2	-6.547574E0
1.750000E1	1.314931E2	-7.321850E0
1.752000E1	1.317814E2	-7.934345E0
1.754000E1	1.324943E2	-7.578220E0
1.756000E1	1.329054E2	-6.776764E0
1.758000E1	1.325876E2	-5.895680E0
1.760000E1	1.325153E2	-5.205757E0
1.762000E1	1.326346E2	-4.769346E0
1.764000E1	1.329083E2	-4.787698E0
1.766000E1	1.324263E2	-5.738268E0
1.768000E1	1.319791E2	-7.112117E0
1.770000E1	1.320769E2	-7.942437E0
1.772000E1	1.328710E2	-7.769248E0
1.774000E1	1.338056E2	-6.941613E0
1.776000E1	1.335653E2	-7.141306E0
1.778000E1	1.335055E2	-8.368041E0
1.780000E1	1.334537E2	-9.425922E0
1.782000E1	1.333340E2	-9.722356E0
1.784000E1	1.335016E2	-9.731617E0
1.786000E1	1.335963E2	-9.633714E0
1.788000E1	1.336095E2	-9.423334E0
1.790000E1	1.337379E2	-8.970203E0
1.792000E1	1.341448E2	-8.138049E0
1.794000E1	1.347486E2	-7.485969E0
1.796000E1	1.353512E2	-7.145144E0
1.798000E1	1.356794E2	-6.787008E0
1.800000E1	1.358398E2	-6.687777E0
1.802000E1	1.359154E2	-6.629804E0
1.804000E1	1.360887E2	-6.659953E0
1.806000E1	1.357943E2	-6.531373E0
1.808000E1	1.356201E2	-6.329359E0
1.810000E1	1.359409E2	-5.903070E0
1.812000E1	1.359823E2	-5.324281E0
1.814000E1	1.358784E2	-4.844564E0
1.816000E1	1.357809E2	-5.313024E0
1.818000E1	1.361146E2	-6.420431E0
1.820000E1	1.364892E2	-7.219550E0
1.822000E1	1.364275E2	-7.745193E0
1.824000E1	1.366041E2	-7.273574E0
1.826000E1	1.373008E2	-6.533214E0
1.828000E1	1.378455E2	-6.018456E0
1.830000E1	1.377846E2	-5.753168E0
1.832000E1	1.374586E2	-5.310064E0
1.834000E1	1.373009E2	-5.185962E0
1.836000E1	1.377425E2	-4.893470E0
1.838000E1	1.374121E2	-5.440125E0
1.840000E1	1.369529E2	-6.102569E0
1.842000E1	1.369084E2	-6.759864E0
1.844000E1	1.369192E2	-6.786844E0
1.846000E1	1.369107E2	-6.258362E0
1.848000E1	1.372194E2	-5.745779E0
1.850000E1	1.377419E2	-5.212607E0
1.852000E1	1.381277E2	-5.223777E0
1.854000E1	1.380067E2	-5.724592E0
1.856000E1	1.379601E2	-6.529016E0
1.858000E1	1.377623E2	-7.108899E0
1.860000E1	1.378846E2	-7.113431E0
1.862000E1	1.382230E2	-7.008616E0
1.864000E1	1.382344E2	-6.704389E0
1.866000E1	1.386727E2	-6.203549E0
1.868000E1	1.389915E2	-6.043689E0
1.870000E1	1.393211E2	-6.262608E0
1.872000E1	1.400883E2	-6.931119E0
1.874000E1	1.404382E2	-7.154910E0
1.876000E1	1.405888E2	-7.024461E0
1.878000E1	1.408201E2	-6.627242E0
1.880000E1	1.411426E2	-6.403825E0
1.882000E1	1.413163E2	-5.997213E0
1.884000E1	1.412310E2	-5.872990E0
1.886000E1	1.413605E2	-6.435904E0
1.888000E1	1.419025E2	-7.506442E0
1.890000E1	1.423324E2	-8.173509E0
1.892000E1	1.422926E2	-7.774384E0
1.894000E1	1.420383E2	-7.122831E0
1.896000E1	1.419313E2	-6.624763E0
1.898000E1	1.416356E2	-6.395174E0
1.900000E1	1.413751E2	-6.269778E0
1.902000E1	1.416638E2	-6.488606E0
1.904000E1	1.421906E2	-6.483836E0
1.906000E1	1.423984E2	-6.617662E0
1.908000E1	1.425408E2	-7.150627E0
1.910000E1	1.430480E2	-7.734173E0
1.912000E1	1.432496E2	-7.972926E0
1.914000E1	1.431142E2	-7.787211E0
1.916000E1	1.431854E2	-7.657569E0
1.918000E1	1.434335E2	-7.366481E0
1.920000E1	1.431598E2	-7.136892E0
1.922000E1	1.432753E2	-7.051921E0
1.924000E1	1.433852E2	-6.911980E0
1.926000E1	1.433064E2	-6.997512E0
1.928000E1	1.435285E2	-7.014181E0
1.930000E1	1.431657E2	-7.179285E0
1.932000E1	1.427796E2	-7.634804E0
1.934000E1	1.431094E2	-7.745176E0
1.936000E1	1.433911E2	-7.140629E0
1.938000E1	1.437670E2	-6.133240E0
1.940000E1	1.440708E2	-4.906622E0
1.942000E1	1.442609E2	-4.181972E0
1.944000E1	1.443031E2	-3.944618E0
1.946000E1	1.442672E2	-4.090811E0
1.948000E1	1.443870E2	-4.865360E0
1.950000E1	1.447494E2	-5.494685E0
1.952000E1	1.448443E2	-5.809614E0
1.954000E1	1.449811E2	-5.367788E0
1.956000E1	1.451895E2	-4.785538E0
1.958000E1	1.452227E2	-4.951098E0
1.960000E1	1.458258E2	-6.041439E0
1.962000E1	1.461668E2	-6.666043E0
1.964000E1	1.462353E2	-6.378572E0
1.966000E1	1.465214E2	-6.084042E0
1.968000E1	1.467366E2	-5.992201E0
1.970000E1	1.468769E2	-6.011065E0
1.972000E1	1.472309E2	-5.649715E0
1.974000E1	1.472000E2	-4.941465E0
1.976000E1	1.471601E2	-4.526523E0
1.978000E1	1.475446E2	-5.024454E0
1.980000E1	1.477459E2	-5.757686E0
1.982000E1	1.476577E2	-6.164252E0
1.984000E1	1.476708E2	-6.156979E0
1.986000E1	1.478420E2	-6.001739E0
1.988000E1	1.478328E2	-6.023853E0
1.990000E1	1.475410E2	-6.285070E0
1.992000E1	1.474727E2	-6.720866E0
1.994000E1	1.477116E2	-6.780850E0
1.996000E1	1.479945E2	-6.726220E0
1.998000E1	1.480297E2	-6.871921E0
2.000000E1	1.483204E2	-7.017322E0
2.002000E1	1.484493E2	-7.339602E0
2.004000E1	1.487066E2	-7.477627E0
2.006000E1	1.492958E2	-7.336639E0
2.008000E1	1.500556E2	-6.541497E0
2.010000E1	1.501979E2	-5.706267E0
2.012000E1	1.502304E2	-5.030182E0
2.014000E1	1.501217E2	-5.011648E0
2.016000E1	1.502942E2	-5.635312E0
2.018000E1	1.507560E2	-6.368273E0
2.020000E1	1.503812E2	-6.985447E0
2.022000E1	1.503671E2	-6.967585E0
2.024000E1	1.507368E2	-6.937566E0
2.026000E1	1.505132E2	-6.587735E0
2.028000E1	1.504402E2	-6.260559E0
2.030000E1	1.504912E2	-5.699240E0
2.032000E1	1.507578E2	-4.913533E0
2.034000E1	1.514667E2	-4.092771E0
2.036000E1	1.515120E2	-3.753288E0
2.038000E1	1.508777E2	-4.656529E0
2.040000E1	1.507701E2	-6.579458E0
2.042000E1	1.510634E2	-8.092109E0
2.044000E1	1.516470E2	-7.451409E0
2.046000E1	1.520103E2	-5.852047E0
2.048000E1	1.516057E2	-5.833831E0
2.050000E1	1.514857E2	-7.271983E0
2.052000E1	1.514245E2	-8.672119E0
2.054000E1	1.512451E2	-8.912116E0
2.056000E1	1.514220E2	-8.867810E0
2.058000E1	1.517535E2	-8.497892E0
2.060000E1	1.518186E2	-8.154600E0
2.062000E1	1.518969E2	-7.871395E0
2.064000E1	1.522505E2	-7.199644E0
2.066000E1	1.528071E2	-6.254971E0
2.068000E1	1.533237E2	-5.368889E0
2.070000E1	1.536752E2	-5.367525E0
2.072000E1	1.537671E2	-5.779102E0
2.074000E1	1.539311E2	-5.967943E0
2.076000E1	1.540173E2	-5.850895E0
2.078000E1	1.538093E2	-5.410431E0
2.080000E1	1.538373E2	-4.917317E0
2.082000E1	1.539717E2	-4.524943E0
2.084000E1	1.539589E2	-4.410397E0
2.086000E1	1.538498E2	-4.590536E0
2.088000E1	1.538724E2	-5.447130E0
2.090000E1	1.545367E2	-6.183289E0
2.092000E1	1.550100E2	-6.097454E0
2.094000E1	1.551661E2	-5.767246E0
2.096000E1	1.554701E2	-5.461018E0
2.098000E1	1.559716E2	-5.247307E0
2.100000E1	1.562669E2	-5.076002E0
2.102000E1	1.560901E2	-4.913565E0
2.104000E1	1.559015E2	-4.458753E0
2.106000E1	1.557245E2	-4.248882E0
2.108000E1	1.556708E2	-4.017728E0
2.110000E1	1.550146E2	-4.835979E0
2.112000E1	1.546726E2	-6.089857E0
2.114000E1	1.547189E2	-6.806469E0
2.116000E1	1.551484E2	-6.427550E0
2.118000E1	1.556258E2	-5.984069E0
2.120000E1	1.559773E2	-5.847760E0
2.122000E1	1.560417E2	-5.670843E0
2.124000E1	1.563703E2	-5.598027E0
2.126000E1	1.563807E2	-5.594976E0
2.128000E1	1.562463E2	-5.833419E0
2.130000E1	1.561232E2	-6.088648E0
2.132000E1	1.559702E2	-6.504358E0
2.134000E1	1.559400E2	-6.548542E0
2.136000E1	1.563523E2	-6.428943E0
2.138000E1	1.568595E2	-5.809445E0
2.140000E1	1.571964E2	-5.390349E0
2.142000E1	1.577110E2	-5.641536E0
2.144000E1	1.583181E2	-6.350732E0
2.146000E1	1.587416E2	-6.598736E0
2.148000E1	1.587364E2	-6.466709E0
2.150000E1	1.591187E2	-6.270780E0
2.152000E1	1.595084E2	-6.132083E0
2.154000E1	1.593174E2	-5.794937E0
2.156000E1	1.593034E2	-5.789826E0
2.158000E1	1.595073E2	-6.484649E0
2.160000E1	1.600615E2	-7.388369E0
2.162000E1	1.604881E2	-7.545774E0
2.164000E1	1.602208E2	-7.020508E0
2.166000E1	1.600779E2	-6.591187E0
2.168000E1	1.598677E2	-6.214859E0
2.170000E1	1.596578E2	-6.036888E0
2.172000E1	1.595858E2	-6.007058E0
2.174000E1	1.597700E2	-6.057194E0
2.176000E1	1.605149E2	-6.067891E0
2.178000E1	1.605255E2	-6.259797E0
2.180000E1	1.605653E2	-6.985913E0
2.182000E1	1.610860E2	-7.375165E0
2.184000E1	1.610063E2	-7.272880E0
2.186000E1	1.610238E2	-6.902536E0
2.188000E1	1.610579E2	-6.958051E0
2.190000E1	1.611794E2	-6.714433E0
2.192000E1	1.612399E2	-6.476958E0
2.194000E1	1.612112E2	-6.574843E0
2.196000E1	1.612658E2	-6.452000E0
2.198000E1	1.612987E2	-6.522653E0
2.200000E1	1.611961E2	-6.598793E0
2.202000E1	1.610294E2	-6.819344E0
2.204000E1	1.606593E2	-7.125731E0
2.206000E1	1.611014E2	-7.002979E0
2.208000E1	1.616529E2	-6.266872E0
2.210000E1	1.617298E2	-5.293302E0
2.212000E1	1.621037E2	-4.181325E0
2.214000E1	1.623278E2	-3.340675E0
2.216000E1	1.621518E2	-3.188093E0
2.218000E1	1.623350E2	-3.514052E0
2.220000E1	1.624634E2	-4.440089E0
2.222000E1	1.628173E2	-4.920833E0
2.224000E1	1.629709E2	-5.229428E0
2.226000E1	1.630108E2	-4.817663E0
2.228000E1	1.633882E2	-4.260942E0
2.230000E1	1.635657E2	-4.945481E0
2.232000E1	1.639777E2	-5.778057E0
2.234000E1	1.642896E2	-6.144083E0
2.236000E1	1.644133E2	-5.694877E0
2.238000E1	1.646578E2	-5.598203E0
2.240000E1	1.648387E2	-5.485958E0
2.242000E1	1.651378E2	-5.414543E0
2.244000E1	1.652743E2	-4.871853E0
2.246000E1	1.651480E2	-4.209085E0
2.248000E1	1.652986E2	-4.273963E0
2.250000E1	1.657046E2	-4.959968E0
2.252000E1	1.657874E2	-5.657791E0
2.254000E1	1.655592E2	-5.782266E0
2.256000E1	1.657897E2	-5.745298E0
2.258000E1	1.661146E2	-5.742317E0
2.260000E1	1.656519E2	-5.873721E0
2.262000E1	1.654239E2	-6.425919E0
2.264000E1	1.654238E2	-6.448930E0
2.266000E1	1.659487E2	-6.245877E0
2.268000E1	1.660819E2	-5.865621E0
2.270000E1	1.660519E2	-6.113900E0
2.272000E1	1.664335E2	-6.412067E0
2.274000E1	1.666349E2	-6.916453E0
2.276000E1	1.671869E2	-6.857582E0
2.278000E1	1.678000E2	-6.380684E0
2.280000E1	1.681713E2	-5.526980E0
2.282000E1	1.683680E2	-4.721967E0
2.284000E1	1.681150E2	-4.555895E0
2.286000E1	1.681387E2	-5.036976E0
2.288000E1	1.685332E2	-5.941160E0
2.290000E1	1.683565E2	-6.492381E0
2.292000E1	1.682991E2	-6.612531E0
2.294000E1	1.683056E2	-6.527895E0
2.296000E1	1.682444E2	-6.546126E0
2.298000E1	1.682539E2	-6.247128E0
2.300000E1	1.680268E2	-5.749730E0
2.302000E1	1.684015E2	-5.077011E0
2.304000E1	1.689926E2	-4.296400E0
2.306000E1	1.692565E2	-3.755463E0
2.308000E1	1.692411E2	-3.694479E0
2.310000E1	1.686325E2	-5.061205E0
2.312000E1	1.687213E2	-7.305512E0
2.314000E1	1.691817E2	-7.576787E0
2.316000E1	1.693447E2	-6.407933E0
2.318000E1	1.695349E2	-5.478994E0
2.320000E1	1.693054E2	-6.324217E0
2.322000E1	1.690708E2	-7.598042E0
2.324000E1	1.690494E2	-8.657090E0
2.326000E1	1.689962E2	-8.873746E0
2.328000E1	1.692483E2	-8.650531E0
2.330000E1	1.693592E2	-8.221510E0
2.332000E1	1.695099E2	-7.963046E0
2.334000E1	1.695175E2	-7.639393E0
2.336000E1	1.698154E2	-6.598059E0
2.338000E1	1.706583E2	-5.558801E0
2.340000E1	1.708499E2	-5.238415E0
2.342000E1	1.712734E2	-5.489360E0
2.344000E1	1.714611E2	-6.052072E0
2.346000E1	1.714713E2	-6.058622E0
2.348000E1	1.716491E2	-5.783532E0
2.350000E1	1.713677E2	-5.033078E0
2.352000E1	1.714359E2	-4.572753E0
2.354000E1	1.716282E2	-4.179755E0
2.356000E1	1.713390E2	-4.308068E0
2.358000E1	1.713136E2	-4.547965E0
2.360000E1	1.716712E2	-5.422647E0
2.362000E1	1.722851E2	-6.244977E0
2.364000E1	1.727275E2	-5.846299E0
2.366000E1	1.727409E2	-5.414518E0
2.368000E1	1.730457E2	-4.861932E0
2.370000E1	1.735117E2	-4.713229E0
2.372000E1	1.735796E2	-4.635108E0
2.374000E1	1.734340E2	-4.323304E0
2.376000E1	1.732074E2	-3.929380E0
2.378000E1	1.730952E2	-3.634159E0
2.380000E1	1.730068E2	-3.675936E0
2.382000E1	1.722736E2	-4.742185E0
2.384000E1	1.721678E2	-6.010202E0
2.386000E1	1.722948E2	-6.429867E0
2.388000E1	1.725915E2	-5.965138E0
2.390000E1	1.731251E2	-5.595217E0
2.392000E1	1.733474E2	-5.411610E0
2.394000E1	1.735491E2	-5.294817E0
2.396000E1	1.737767E2	-5.273395E0
2.398000E1	1.737544E2	-5.274964E0
2.400000E1	1.737293E2	-5.587498E0
