	mass A		
t	x	y	
0.000000E0	2.427941E-2	-2.262489E-2
2.000000E-2	1.195912E-1	-4.497171E-1
4.000000E-2	3.592528E-1	-8.113610E-1
6.000000E-2	8.100202E-1	-8.587057E-1
8.000000E-2	1.039234E0	-7.280314E-1
1.000000E-1	1.157802E0	-8.305885E-1
1.200000E-1	1.356022E0	-8.618689E-1
1.400000E-1	1.627001E0	-8.312106E-1
1.600000E-1	1.749592E0	-6.591221E-1
1.800000E-1	1.882958E0	-5.645398E-1
2.000000E-1	1.911959E0	-5.400068E-1
2.200000E-1	1.713239E0	-9.179156E-1
2.400000E-1	1.582184E0	-1.365576E0
2.600000E-1	1.740731E0	-1.345848E0
2.800000E-1	2.014397E0	-1.161661E0
3.000000E-1	2.257757E0	-9.920607E-1
3.200000E-1	2.530033E0	-1.089746E0
3.400000E-1	2.614807E0	-1.395231E0
3.600000E-1	2.970825E0	-1.632450E0
3.800000E-1	3.147442E0	-1.771432E0
4.000000E-1	3.197596E0	-1.522099E0
4.200000E-1	3.180393E0	-1.168268E0
4.400000E-1	3.248690E0	-9.085319E-1
4.600000E-1	3.395979E0	-7.935991E-1
4.800000E-1	3.411258E0	-7.242526E-1
5.000000E-1	3.462526E0	-6.302400E-1
5.200000E-1	3.609249E0	-4.186565E-1
5.400000E-1	3.843158E0	-8.823751E-3
5.600000E-1	4.064040E0	5.827414E-1
5.800000E-1	4.055809E0	9.700972E-1
6.000000E-1	4.094117E0	9.998469E-1
6.200000E-1	4.179484E0	1.028367E0
6.400000E-1	4.218375E0	1.013514E0
6.600000E-1	4.274509E0	1.050034E0
6.800000E-1	4.282704E0	9.488210E-1
7.000000E-1	4.208108E0	6.518804E-1
7.200000E-1	4.469882E0	4.844645E-1
7.400000E-1	4.820034E0	4.640136E-1
7.600000E-1	5.037006E0	5.525404E-1
7.800000E-1	5.287095E0	5.956382E-1
8.000000E-1	5.513866E0	5.101678E-1
8.200000E-1	5.685577E0	6.009621E-1
8.400000E-1	5.677359E0	7.451826E-1
8.600000E-1	5.585698E0	6.343121E-1
8.800000E-1	5.554319E0	3.863325E-1
9.000000E-1	5.903684E0	4.702290E-1
9.200000E-1	6.278506E0	5.173821E-1
9.400000E-1	6.492498E0	1.718835E-1
9.600000E-1	6.685340E0	-2.420708E-1
9.800000E-1	7.059718E0	-2.152955E-1
1.000000E0	7.517494E0	2.532670E-1
1.020000E0	7.958534E0	6.032534E-1
1.040000E0	7.933173E0	7.103025E-1
1.060000E0	7.731611E0	6.997341E-1
1.080000E0	7.667291E0	6.131459E-1
1.100000E0	7.669192E0	2.050780E-1
1.120000E0	7.674939E0	-1.771589E-1
1.140000E0	7.713596E0	-2.053228E-1
1.160000E0	7.917100E0	2.643864E-2
1.180000E0	8.230600E0	2.450749E-1
1.200000E0	8.193309E0	2.781256E-1
1.220000E0	8.240578E0	6.314168E-2
1.240000E0	8.534857E0	-4.869538E-1
1.260000E0	8.509020E0	-6.587929E-1
1.280000E0	8.498428E0	-6.376867E-1
1.300000E0	8.594315E0	-5.309077E-1
1.320000E0	8.681964E0	-4.557278E-1
1.340000E0	8.626899E0	-5.475807E-1
1.360000E0	8.627183E0	-6.844631E-1
1.380000E0	8.593745E0	-6.696571E-1
1.400000E0	8.674021E0	-4.400631E-1
1.420000E0	8.714271E0	-2.382239E-2
1.440000E0	8.742562E0	8.067255E-2
1.460000E0	8.799773E0	1.232807E-1
1.480000E0	8.828583E0	1.496510E-1
1.500000E0	8.951783E0	3.740969E-1
1.520000E0	8.967095E0	5.777985E-1
1.540000E0	9.097096E0	7.991282E-1
1.560000E0	9.150846E0	8.215053E-1
1.580000E0	9.363508E0	8.559424E-1
1.600000E0	9.666327E0	4.554443E-1
1.620000E0	9.907524E0	3.118482E-1
1.640000E0	9.992160E0	3.955056E-1
1.660000E0	1.009747E1	2.219169E-1
1.680000E0	1.004648E1	-8.335793E-2
1.700000E0	9.990928E0	-3.362149E-3
1.720000E0	1.012294E1	2.533243E-1
1.740000E0	1.028870E1	7.422610E-1
1.760000E0	1.033149E1	1.145086E0
1.780000E0	1.053811E1	1.029767E0
1.800000E0	1.089327E1	7.481829E-1
1.820000E0	1.110886E1	5.151210E-1
1.840000E0	1.116275E1	3.330223E-1
1.860000E0	1.118330E1	3.384637E-1
1.880000E0	1.133902E1	1.909655E-1
1.900000E0	1.136695E1	1.518129E-1
1.920000E0	1.135935E1	1.859531E-1
1.940000E0	1.142617E1	1.212599E-1
1.960000E0	1.160144E1	2.052172E-1
1.980000E0	1.214416E1	7.317245E-1
2.000000E0	1.302713E1	1.376022E0
2.020000E0	1.378669E1	1.765390E0
2.040000E0	1.408816E1	1.942786E0
2.060000E0	1.415564E1	1.832070E0
2.080000E0	1.424712E1	1.421099E0
2.100000E0	1.418550E1	5.842691E-1
2.120000E0	1.411719E1	1.056587E-1
2.140000E0	1.440439E1	2.601833E-1
2.160000E0	1.457691E1	7.947567E-1
2.180000E0	1.448707E1	8.379525E-1
2.200000E0	1.445018E1	6.982363E-1
2.220000E0	1.456964E1	6.368430E-1
2.240000E0	1.479579E1	7.783224E-1
2.260000E0	1.501545E1	9.727988E-1
2.280000E0	1.502935E1	8.901386E-1
2.300000E0	1.492166E1	4.215883E-1
2.320000E0	1.495830E1	4.248989E-1
2.340000E0	1.498032E1	6.371830E-1
2.360000E0	1.499408E1	5.405307E-1
2.380000E0	1.502009E1	4.107810E-1
2.400000E0	1.501299E1	4.938361E-1
2.420000E0	1.503241E1	4.604370E-1
2.440000E0	1.506630E1	3.256778E-1
2.460000E0	1.513124E1	4.866421E-2
2.480000E0	1.518190E1	-1.189495E-1
2.500000E0	1.527160E1	-1.968896E-1
2.520000E0	1.529328E1	-3.796829E-1
2.540000E0	1.546031E1	-3.313560E-1
2.560000E0	1.561395E1	1.341269E-1
2.580000E0	1.568257E1	4.541500E-1
2.600000E0	1.577692E1	7.322323E-1
2.620000E0	1.593004E1	1.011817E0
2.640000E0	1.611600E1	1.091056E0
2.660000E0	1.634902E1	8.146419E-1
2.680000E0	1.663728E1	5.694372E-1
2.700000E0	1.679463E1	5.099194E-1
2.720000E0	1.695023E1	4.670761E-1
2.740000E0	1.693890E1	2.651925E-1
2.760000E0	1.694251E1	4.274375E-1
2.780000E0	1.698790E1	9.781902E-1
2.800000E0	1.708654E1	1.253577E0
2.820000E0	1.712634E1	1.406746E0
2.840000E0	1.722028E1	1.479619E0
2.860000E0	1.729985E1	1.606481E0
2.880000E0	1.747232E1	1.852916E0
2.900000E0	1.766316E1	1.999400E0
2.920000E0	1.783367E1	1.522710E0
2.940000E0	1.819335E1	1.197365E0
2.960000E0	1.865331E1	1.131895E0
2.980000E0	1.871546E1	1.217861E0
3.000000E0	1.861686E1	1.389594E0
3.020000E0	1.865981E1	1.092619E0
3.040000E0	1.882975E1	9.622636E-1
3.060000E0	1.903627E1	1.230036E0
3.080000E0	1.934546E1	1.649146E0
3.100000E0	1.962238E1	2.099156E0
3.120000E0	1.964330E1	2.178052E0
3.140000E0	1.964076E1	2.148635E0
3.160000E0	1.967714E1	1.608034E0
3.180000E0	1.972798E1	9.593628E-1
3.200000E0	1.973765E1	8.858399E-1
3.220000E0	1.977760E1	9.569210E-1
3.240000E0	1.974276E1	1.027551E0
3.260000E0	1.972743E1	9.590182E-1
3.280000E0	1.971426E1	1.012232E0
3.300000E0	1.981772E1	1.161704E0
3.320000E0	1.999356E1	8.201239E-1
3.340000E0	2.021481E1	3.377384E-1
3.360000E0	2.027925E1	-2.056811E-3
3.380000E0	2.015857E1	-2.755206E-1
3.400000E0	2.015747E1	-3.779237E-1
3.420000E0	2.027132E1	-2.297609E-1
3.440000E0	2.022083E1	-5.772773E-2
3.460000E0	2.024503E1	-8.356621E-2
3.480000E0	2.030553E1	2.319452E-2
3.500000E0	2.038377E1	8.535408E-2
3.520000E0	2.051685E1	-1.791600E-1
3.540000E0	2.066572E1	-5.299541E-1
3.560000E0	2.083973E1	-5.763870E-1
3.580000E0	2.111816E1	-2.063238E-1
3.600000E0	2.131723E1	4.527896E-2
3.620000E0	2.126744E1	5.395747E-1
3.640000E0	2.124022E1	1.046319E0
3.660000E0	2.131580E1	1.354718E0
3.680000E0	2.128352E1	1.333642E0
3.700000E0	2.121569E1	1.436377E0
3.720000E0	2.122505E1	1.703547E0
3.740000E0	2.132004E1	1.663355E0
3.760000E0	2.146827E1	1.382713E0
3.780000E0	2.172540E1	1.070752E0
3.800000E0	2.227897E1	9.210388E-1
3.820000E0	2.245900E1	1.152936E0
3.840000E0	2.234459E1	1.848438E0
3.860000E0	2.219942E1	2.531480E0
3.880000E0	2.198008E1	3.093299E0
3.900000E0	2.196655E1	3.016976E0
3.920000E0	2.208619E1	2.166527E0
3.940000E0	2.225229E1	1.746905E0
3.960000E0	2.237683E1	1.759849E0
3.980000E0	2.244468E1	1.801346E0
4.000000E0	2.242105E1	1.375261E0
4.020000E0	2.247944E1	8.214083E-1
4.040000E0	2.256976E1	1.192097E0
4.060000E0	2.260130E1	1.905565E0
4.080000E0	2.261134E1	2.182995E0
4.100000E0	2.262109E1	1.892581E0
4.120000E0	2.260675E1	1.471962E0
4.140000E0	2.263064E1	8.341506E-1
4.160000E0	2.268626E1	3.286067E-1
4.180000E0	2.279767E1	1.604570E-1
4.200000E0	2.305854E1	2.646374E-1
4.220000E0	2.308963E1	9.293093E-2
4.240000E0	2.307262E1	-1.295706E-1
4.260000E0	2.320410E1	-2.073930E-1
4.280000E0	2.349084E1	1.709007E-1
4.300000E0	2.350815E1	2.244534E-1
4.320000E0	2.359244E1	2.462151E-1
4.340000E0	2.356710E1	1.083175E-1
4.360000E0	2.350659E1	-1.843530E-1
4.380000E0	2.365749E1	-4.788804E-1
4.400000E0	2.373898E1	-6.006721E-1
4.420000E0	2.378293E1	-6.060815E-1
4.440000E0	2.399929E1	-7.030483E-1
4.460000E0	2.394273E1	-7.167543E-1
4.480000E0	2.397369E1	-2.125105E-1
4.500000E0	2.400349E1	2.768464E-1
4.520000E0	2.399716E1	3.704835E-1
4.540000E0	2.398536E1	3.401135E-1
4.560000E0	2.399727E1	4.193498E-1
4.580000E0	2.412971E1	8.319879E-1
4.600000E0	2.429059E1	1.272133E0
4.620000E0	2.443712E1	1.359998E0
4.640000E0	2.470371E1	1.450058E0
4.660000E0	2.499539E1	1.392583E0
4.680000E0	2.497339E1	1.358002E0
4.700000E0	2.492869E1	1.773039E0
4.720000E0	2.486965E1	2.018837E0
4.740000E0	2.491102E1	1.935615E0
4.760000E0	2.493578E1	1.528814E0
4.780000E0	2.491597E1	1.132746E0
4.800000E0	2.502844E1	1.198151E0
4.820000E0	2.511984E1	1.676078E0
4.840000E0	2.516692E1	1.914777E0
4.860000E0	2.519682E1	1.927195E0
4.880000E0	2.523906E1	1.943141E0
4.900000E0	2.525283E1	2.300019E0
4.920000E0	2.524150E1	2.780549E0
4.940000E0	2.526846E1	2.815111E0
4.960000E0	2.529500E1	2.272842E0
4.980000E0	2.532575E1	1.842063E0
5.000000E0	2.534893E1	1.833549E0
5.020000E0	2.543252E1	1.832762E0
5.040000E0	2.567780E1	1.253820E0
5.060000E0	2.586065E1	8.271146E-1
5.080000E0	2.598442E1	4.456847E-1
5.100000E0	2.605921E1	9.957165E-2
5.120000E0	2.630670E1	2.669483E-1
5.140000E0	2.674047E1	1.070575E0
5.160000E0	2.696948E1	1.265049E0
5.180000E0	2.725011E1	1.324362E0
5.200000E0	2.746491E1	1.302860E0
5.220000E0	2.777994E1	8.383371E-1
5.240000E0	2.775942E1	1.824922E-1
5.260000E0	2.775448E1	-2.772059E-1
5.280000E0	2.804454E1	-1.623025E-1
5.300000E0	2.818393E1	8.661217E-2
5.320000E0	2.805112E1	1.147447E-1
5.340000E0	2.803862E1	3.076986E-1
5.360000E0	2.816262E1	5.309356E-1
5.380000E0	2.827685E1	6.611649E-1
5.400000E0	2.824104E1	6.110796E-1
5.420000E0	2.812676E1	4.689699E-1
5.440000E0	2.813196E1	4.177599E-1
5.460000E0	2.817759E1	5.535380E-1
5.480000E0	2.818769E1	4.645291E-1
5.500000E0	2.816467E1	2.426953E-1
5.520000E0	2.810514E1	4.241839E-2
5.540000E0	2.812514E1	5.503541E-2
5.560000E0	2.813589E1	2.457877E-1
5.580000E0	2.815238E1	3.911205E-1
5.600000E0	2.823043E1	5.693042E-1
5.620000E0	2.822681E1	5.627821E-1
5.640000E0	2.830926E1	6.744158E-1
5.660000E0	2.838788E1	8.432839E-1
5.680000E0	2.846688E1	1.262199E0
5.700000E0	2.851227E1	1.698702E0
5.720000E0	2.857268E1	1.891413E0
5.740000E0	2.859964E1	1.914153E0
5.760000E0	2.862181E1	2.099885E0
5.780000E0	2.865405E1	2.105360E0
5.800000E0	2.865609E1	2.100656E0
5.820000E0	2.864607E1	1.857567E0
5.840000E0	2.864182E1	1.486713E0
5.860000E0	2.885786E1	1.529208E0
5.880000E0	2.913928E1	1.396171E0
5.900000E0	2.929654E1	1.564647E0
5.920000E0	2.946867E1	1.533700E0
5.940000E0	2.959454E1	1.544471E0
5.960000E0	2.959820E1	1.593617E0
5.980000E0	2.946608E1	1.598551E0
6.000000E0	2.934928E1	1.327591E0
6.020000E0	2.948909E1	1.379037E0
6.040000E0	2.970408E1	1.574951E0
6.060000E0	2.993424E1	1.309038E0
6.080000E0	3.006608E1	5.849272E-1
6.100000E0	3.019457E1	1.871840E-1
6.120000E0	3.065337E1	4.164543E-1
6.140000E0	3.125107E1	1.049406E0
6.160000E0	3.134783E1	1.341214E0
6.180000E0	3.104904E1	1.405584E0
6.200000E0	3.103094E1	1.047480E0
6.220000E0	3.101755E1	7.801159E-1
6.240000E0	3.099742E1	8.488503E-1
6.260000E0	3.104730E1	1.127720E0
6.280000E0	3.098797E1	1.091447E0
6.300000E0	3.099806E1	9.956526E-1
6.320000E0	3.117641E1	8.994554E-1
6.340000E0	3.130886E1	7.583319E-1
6.360000E0	3.137638E1	5.258527E-1
6.380000E0	3.138429E1	5.356667E-1
6.400000E0	3.129964E1	6.865316E-1
6.420000E0	3.133308E1	7.321405E-1
6.440000E0	3.136776E1	7.184200E-1
6.460000E0	3.137580E1	6.758374E-1
6.480000E0	3.139793E1	6.578089E-1
6.500000E0	3.140732E1	6.600235E-1
6.520000E0	3.141384E1	7.216871E-1
6.540000E0	3.142274E1	7.765759E-1
6.560000E0	3.139459E1	7.362058E-1
6.580000E0	3.143270E1	7.556956E-1
6.600000E0	3.147985E1	8.177022E-1
6.620000E0	3.148702E1	8.990301E-1
6.640000E0	3.150499E1	1.056874E0
6.660000E0	3.160506E1	1.351207E0
6.680000E0	3.169669E1	1.493305E0
6.700000E0	3.191287E1	1.564527E0
6.720000E0	3.205353E1	1.310691E0
6.740000E0	3.217374E1	1.443580E0
6.760000E0	3.234089E1	1.426540E0
6.780000E0	3.242141E1	1.225183E0
6.800000E0	3.234112E1	1.143740E0
6.820000E0	3.231472E1	1.225360E0
6.840000E0	3.233891E1	1.197173E0
6.860000E0	3.246332E1	1.560669E0
6.880000E0	3.250715E1	1.841085E0
6.900000E0	3.272330E1	1.728083E0
6.920000E0	3.291650E1	1.486387E0
6.940000E0	3.317146E1	1.615424E0
6.960000E0	3.331173E1	1.634921E0
6.980000E0	3.321690E1	1.399786E0
7.000000E0	3.313905E1	1.437966E0
7.020000E0	3.326903E1	1.599170E0
7.040000E0	3.343245E1	1.844456E0
7.060000E0	3.358196E1	1.693140E0
7.080000E0	3.371422E1	1.309321E0
7.100000E0	3.364509E1	1.147303E0
7.120000E0	3.370811E1	1.302653E0
7.140000E0	3.381510E1	1.522698E0
7.160000E0	3.405530E1	1.610352E0
7.180000E0	3.455240E1	1.626564E0
7.200000E0	3.486884E1	1.525905E0
7.220000E0	3.481469E1	1.557520E0
7.240000E0	3.479224E1	1.567536E0
7.260000E0	3.473710E1	1.349361E0
7.280000E0	3.477252E1	1.238930E0
7.300000E0	3.477012E1	1.230330E0
7.320000E0	3.475430E1	1.222194E0
7.340000E0	3.475714E1	1.174878E0
7.360000E0	3.475590E1	1.187870E0
7.380000E0	3.475997E1	1.359226E0
7.400000E0	3.474678E1	1.325544E0
7.420000E0	3.473734E1	1.192256E0
7.440000E0	3.473925E1	1.222534E0
7.460000E0	3.469092E1	1.167840E0
7.480000E0	3.470351E1	1.176493E0
7.500000E0	3.471787E1	1.184386E0
7.520000E0	3.470147E1	1.181173E0
7.540000E0	3.472344E1	1.081555E0
7.560000E0	3.472005E1	1.090670E0
7.580000E0	3.482591E1	9.897954E-1
7.600000E0	3.493948E1	8.606263E-1
7.620000E0	3.485767E1	5.942588E-1
7.640000E0	3.490873E1	5.141110E-1
7.660000E0	3.487782E1	5.957329E-1
7.680000E0	3.507783E1	1.074473E0
7.700000E0	3.516554E1	1.265141E0
7.720000E0	3.529371E1	1.656675E0
7.740000E0	3.542293E1	1.922076E0
7.760000E0	3.584030E1	1.872220E0
7.780000E0	3.603923E1	1.585145E0
7.800000E0	3.617868E1	1.516600E0
7.820000E0	3.634368E1	1.651987E0
7.840000E0	3.639685E1	1.638525E0
7.860000E0	3.632243E1	1.662755E0
7.880000E0	3.617535E1	1.944275E0
7.900000E0	3.625917E1	2.134809E0
7.920000E0	3.624170E1	2.215616E0
7.940000E0	3.624894E1	2.442076E0
7.960000E0	3.629365E1	2.681375E0
7.980000E0	3.638842E1	2.882866E0
8.000000E0	3.647867E1	2.814489E0
8.020000E0	3.656098E1	2.425862E0
8.040000E0	3.661843E1	2.034216E0
8.060000E0	3.658866E1	1.987739E0
8.080000E0	3.659890E1	2.149957E0
8.100000E0	3.653941E1	1.994253E0
8.120000E0	3.658189E1	1.603900E0
8.140000E0	3.659094E1	1.605208E0
8.160000E0	3.669692E1	1.999120E0
8.180000E0	3.679817E1	2.438199E0
8.200000E0	3.681797E1	2.308516E0
8.220000E0	3.688852E1	2.142429E0
8.240000E0	3.694952E1	1.885102E0
8.260000E0	3.692709E1	1.614965E0
8.280000E0	3.698082E1	1.666598E0
8.300000E0	3.699647E1	1.687618E0
8.320000E0	3.699782E1	1.690703E0
8.340000E0	3.701558E1	1.693821E0
8.360000E0	3.700893E1	1.720476E0
8.380000E0	3.703964E1	1.702997E0
8.400000E0	3.713492E1	1.366419E0
8.420000E0	3.712689E1	1.195675E0
8.440000E0	3.712426E1	1.056089E0
8.460000E0	3.711356E1	8.371096E-1
8.480000E0	3.716666E1	7.557504E-1
8.500000E0	3.714701E1	7.929129E-1
8.520000E0	3.714642E1	9.634352E-1
8.540000E0	3.714570E1	9.604835E-1
8.560000E0	3.711467E1	1.007470E0
8.580000E0	3.717718E1	9.432999E-1
8.600000E0	3.730366E1	7.225306E-1
8.620000E0	3.737369E1	5.578179E-1
8.640000E0	3.756658E1	5.520605E-1
8.660000E0	3.781032E1	7.168113E-1
8.680000E0	3.793799E1	9.398547E-1
8.700000E0	3.793301E1	1.401953E0
8.720000E0	3.797583E1	1.997471E0
8.740000E0	3.802957E1	2.092002E0
8.760000E0	3.802115E1	2.077526E0
8.780000E0	3.800766E1	2.227466E0
8.800000E0	3.804897E1	2.407756E0
8.820000E0	3.804748E1	2.357726E0
8.840000E0	3.804088E1	1.950885E0
8.860000E0	3.820939E1	1.767121E0
8.880000E0	3.843400E1	1.981050E0
8.900000E0	3.844500E1	2.298422E0
8.920000E0	3.845692E1	2.535584E0
8.940000E0	3.848938E1	2.669749E0
8.960000E0	3.849352E1	2.941833E0
8.980000E0	3.848211E1	2.953760E0
9.000000E0	3.851008E1	2.484697E0
9.020000E0	3.847277E1	1.980596E0
9.040000E0	3.846263E1	1.863561E0
9.060000E0	3.847716E1	2.050746E0
9.080000E0	3.838631E1	1.891146E0
9.100000E0	3.838273E1	1.372285E0
9.120000E0	3.846991E1	1.559180E0
9.140000E0	3.844385E1	1.744080E0
9.160000E0	3.849924E1	1.771820E0
9.180000E0	3.849569E1	1.789418E0
9.200000E0	3.845981E1	1.905052E0
9.220000E0	3.849416E1	1.751842E0
9.240000E0	3.849005E1	1.416016E0
9.260000E0	3.845459E1	1.097973E0
9.280000E0	3.858921E1	1.017333E0
9.300000E0	3.858827E1	9.410462E-1
9.320000E0	3.857265E1	6.605385E-1
9.340000E0	3.852476E1	5.064271E-1
9.360000E0	3.866980E1	7.663736E-1
9.380000E0	3.861563E1	1.029314E0
9.400000E0	3.865552E1	1.057415E0
9.420000E0	3.863327E1	9.793742E-1
9.440000E0	3.864616E1	7.244798E-1
9.460000E0	3.860052E1	3.753321E-1
9.480000E0	3.860382E1	3.545873E-1
9.500000E0	3.871288E1	3.315950E-1
9.520000E0	3.873415E1	3.392837E-1
9.540000E0	3.866348E1	3.681741E-1
9.560000E0	3.861148E1	7.419180E-1
9.580000E0	3.861645E1	1.110305E0
9.600000E0	3.858773E1	1.209612E0
9.620000E0	3.857394E1	1.247207E0
9.640000E0	3.854662E1	1.304107E0
9.660000E0	3.852629E1	1.371926E0
9.680000E0	3.860167E1	1.521684E0
9.700000E0	3.859276E1	1.559155E0
9.720000E0	3.865941E1	1.574979E0
9.740000E0	3.880270E1	1.726576E0
9.760000E0	3.887328E1	2.021722E0
9.780000E0	3.893904E1	2.281933E0
9.800000E0	3.897344E1	2.334919E0
9.820000E0	3.899242E1	2.357425E0
9.840000E0	3.899772E1	2.364209E0
9.860000E0	3.905608E1	2.349771E0
9.880000E0	3.910822E1	2.256712E0
9.900000E0	3.899751E1	1.898679E0
9.920000E0	3.906228E1	2.088246E0
9.940000E0	3.901989E1	2.496433E0
9.960000E0	3.901590E1	2.443641E0
9.980000E0	3.906668E1	2.514572E0
1.000000E1	3.912603E1	2.742522E0
1.002000E1	3.918542E1	3.135953E0
1.004000E1	3.921978E1	3.052612E0
1.006000E1	3.919673E1	2.525651E0
1.008000E1	3.929172E1	2.158175E0
1.010000E1	3.936002E1	2.220293E0
1.012000E1	3.947376E1	1.959089E0
1.014000E1	3.952405E1	1.598136E0
1.016000E1	3.955843E1	1.190058E0
1.018000E1	3.952250E1	1.165167E0
1.020000E1	3.967684E1	1.437933E0
1.022000E1	3.993394E1	1.876167E0
1.024000E1	3.987674E1	1.728641E0
1.026000E1	4.000846E1	1.695689E0
1.028000E1	3.998051E1	1.466256E0
1.030000E1	3.991395E1	9.602459E-1
1.032000E1	4.000234E1	6.076436E-1
1.034000E1	4.010628E1	5.638240E-1
1.036000E1	4.008229E1	5.589371E-1
1.038000E1	4.014968E1	6.028436E-1
1.040000E1	4.001377E1	8.685776E-1
1.042000E1	3.999488E1	1.269570E0
1.044000E1	3.999006E1	1.306571E0
1.046000E1	3.985467E1	1.263659E0
1.048000E1	3.983859E1	1.217209E0
1.050000E1	3.987280E1	1.330686E0
1.052000E1	3.993178E1	1.526434E0
1.054000E1	3.990367E1	1.318874E0
1.056000E1	3.994327E1	1.050240E0
1.058000E1	3.989284E1	9.402698E-1
1.060000E1	3.989712E1	9.684489E-1
1.062000E1	3.995325E1	1.198734E0
1.064000E1	3.994175E1	1.391493E0
1.066000E1	3.998562E1	1.485965E0
1.068000E1	4.002018E1	1.557838E0
1.070000E1	4.014272E1	1.799746E0
1.072000E1	4.023817E1	1.992418E0
1.074000E1	4.032787E1	2.263943E0
1.076000E1	4.035411E1	2.504313E0
1.078000E1	4.036438E1	2.450424E0
1.080000E1	4.036672E1	2.427830E0
1.082000E1	4.036043E1	2.623529E0
1.084000E1	4.033899E1	2.457829E0
1.086000E1	4.035271E1	2.191042E0
1.088000E1	4.035575E1	2.358514E0
1.090000E1	4.040891E1	2.657939E0
1.092000E1	4.044806E1	2.688848E0
1.094000E1	4.065521E1	2.379621E0
1.096000E1	4.088553E1	2.574361E0
1.098000E1	4.106868E1	2.696357E0
1.100000E1	4.105056E1	2.378069E0
1.102000E1	4.097377E1	1.946691E0
1.104000E1	4.094257E1	1.953046E0
1.106000E1	4.098314E1	1.984096E0
1.108000E1	4.106095E1	1.919286E0
1.110000E1	4.113055E1	1.775202E0
1.112000E1	4.124457E1	1.534403E0
1.114000E1	4.140388E1	1.198334E0
1.116000E1	4.173715E1	1.140673E0
1.118000E1	4.212268E1	1.163000E0
1.120000E1	4.228218E1	1.319795E0
1.122000E1	4.224273E1	1.463707E0
1.124000E1	4.212795E1	1.483438E0
1.126000E1	4.207309E1	1.432295E0
1.128000E1	4.209622E1	1.450113E0
1.130000E1	4.213872E1	1.563623E0
1.132000E1	4.212633E1	1.545709E0
1.134000E1	4.214739E1	1.532223E0
1.136000E1	4.221209E1	1.606603E0
1.138000E1	4.222594E1	1.480070E0
1.140000E1	4.222834E1	1.357010E0
1.142000E1	4.212006E1	1.102253E0
1.144000E1	4.207575E1	1.071317E0
1.146000E1	4.202392E1	1.201140E0
1.148000E1	4.208226E1	1.295230E0
1.150000E1	4.211934E1	1.353627E0
1.152000E1	4.212032E1	1.371835E0
1.154000E1	4.214278E1	1.402634E0
1.156000E1	4.215362E1	1.421990E0
1.158000E1	4.216070E1	1.433179E0
1.160000E1	4.217892E1	1.491421E0
1.162000E1	4.217429E1	1.516388E0
1.164000E1	4.216447E1	1.510378E0
1.166000E1	4.219914E1	1.603501E0
1.168000E1	4.221068E1	1.608605E0
1.170000E1	4.224071E1	1.680634E0
1.172000E1	4.230143E1	1.884144E0
1.174000E1	4.230645E1	2.125082E0
1.176000E1	4.238244E1	2.150121E0
1.178000E1	4.246046E1	2.029422E0
1.180000E1	4.261276E1	2.012788E0
1.182000E1	4.276855E1	2.056084E0
1.184000E1	4.292326E1	1.826639E0
1.186000E1	4.287640E1	1.824885E0
1.188000E1	4.281159E1	1.881107E0
1.190000E1	4.277920E1	2.001528E0
1.192000E1	4.281798E1	2.029810E0
1.194000E1	4.282185E1	2.355628E0
1.196000E1	4.291620E1	2.519801E0
1.198000E1	4.318265E1	2.337545E0
1.200000E1	4.340319E1	2.223866E0
1.202000E1	4.359637E1	2.343332E0
1.204000E1	4.360014E1	2.336236E0
1.206000E1	4.343104E1	2.025461E0
1.208000E1	4.340361E1	2.033236E0
1.210000E1	4.349551E1	2.273992E0
1.212000E1	4.359170E1	2.502992E0
1.214000E1	4.352274E1	2.277865E0
1.216000E1	4.341230E1	2.031373E0
1.218000E1	4.343015E1	2.082476E0
1.220000E1	4.360996E1	2.357300E0
1.222000E1	4.368914E1	2.400691E0
1.224000E1	4.376021E1	2.229459E0
1.226000E1	4.364551E1	2.079278E0
1.228000E1	4.356058E1	1.905052E0
1.230000E1	4.354764E1	1.894456E0
1.232000E1	4.352348E1	1.929631E0
1.234000E1	4.346055E1	1.938651E0
1.236000E1	4.347146E1	1.936694E0
1.238000E1	4.349597E1	1.944806E0
1.240000E1	4.353037E1	1.947465E0
1.242000E1	4.354883E1	1.945020E0
1.244000E1	4.354311E1	2.023847E0
1.246000E1	4.353366E1	1.982779E0
1.248000E1	4.343857E1	1.907839E0
1.250000E1	4.346977E1	2.025286E0
1.252000E1	4.347626E1	2.011331E0
1.254000E1	4.349311E1	2.006336E0
1.256000E1	4.351781E1	2.010307E0
1.258000E1	4.352085E1	2.007899E0
1.260000E1	4.354195E1	2.006646E0
1.262000E1	4.353827E1	1.863928E0
1.264000E1	4.356779E1	1.802829E0
1.266000E1	4.366559E1	1.894127E0
1.268000E1	4.373504E1	1.823872E0
1.270000E1	4.379090E1	1.837751E0
1.272000E1	4.389960E1	2.115481E0
1.274000E1	4.401787E1	2.459438E0
1.276000E1	4.412091E1	2.581173E0
1.278000E1	4.408340E1	2.703443E0
1.280000E1	4.417691E1	2.646504E0
1.282000E1	4.438406E1	2.489088E0
1.284000E1	4.454078E1	2.133231E0
1.286000E1	4.452799E1	1.982693E0
1.288000E1	4.461137E1	2.164566E0
1.290000E1	4.460915E1	2.343622E0
1.292000E1	4.442544E1	2.803101E0
1.294000E1	4.445550E1	3.086236E0
1.296000E1	4.450935E1	3.043596E0
1.298000E1	4.449762E1	3.027739E0
1.300000E1	4.439248E1	3.119682E0
1.302000E1	4.434478E1	2.886197E0
1.304000E1	4.436762E1	2.632219E0
1.306000E1	4.441229E1	2.412014E0
1.308000E1	4.450315E1	2.331067E0
1.310000E1	4.432017E1	2.011346E0
1.312000E1	4.418507E1	1.883184E0
1.314000E1	4.418635E1	2.006510E0
1.316000E1	4.428970E1	2.384165E0
1.318000E1	4.427675E1	2.645758E0
1.320000E1	4.420403E1	2.368279E0
1.322000E1	4.416496E1	2.224923E0
1.324000E1	4.401548E1	2.074609E0
1.326000E1	4.401981E1	2.070403E0
1.328000E1	4.401495E1	2.110921E0
1.330000E1	4.394589E1	2.032728E0
1.332000E1	4.395330E1	2.057438E0
1.334000E1	4.402673E1	2.125427E0
1.336000E1	4.404411E1	2.085481E0
1.338000E1	4.404962E1	2.071214E0
1.340000E1	4.404859E1	2.056041E0
1.342000E1	4.393790E1	1.895043E0
1.344000E1	4.388796E1	1.860913E0
1.346000E1	4.391038E1	1.632673E0
1.348000E1	4.399158E1	1.626479E0
1.350000E1	4.401726E1	1.597431E0
1.352000E1	4.404307E1	1.385223E0
1.354000E1	4.405319E1	1.384111E0
1.356000E1	4.411601E1	1.509808E0
1.358000E1	4.410053E1	1.619162E0
1.360000E1	4.409476E1	1.653876E0
1.362000E1	4.407478E1	1.662181E0
1.364000E1	4.418283E1	1.603533E0
1.366000E1	4.430482E1	1.553687E0
1.368000E1	4.449465E1	1.628694E0
1.370000E1	4.483585E1	1.826184E0
1.372000E1	4.504310E1	2.092850E0
1.374000E1	4.502286E1	2.129026E0
1.376000E1	4.491472E1	2.518206E0
1.378000E1	4.493144E1	2.752177E0
1.380000E1	4.492225E1	2.817288E0
1.382000E1	4.490524E1	2.828517E0
1.384000E1	4.488810E1	2.840570E0
1.386000E1	4.490702E1	2.877451E0
1.388000E1	4.497911E1	3.042226E0
1.390000E1	4.500609E1	3.115365E0
1.392000E1	4.502023E1	3.058983E0
1.394000E1	4.502771E1	3.041161E0
1.396000E1	4.502691E1	3.122143E0
1.398000E1	4.500967E1	3.404824E0
1.400000E1	4.499329E1	3.418573E0
1.402000E1	4.486172E1	2.981278E0
1.404000E1	4.481550E1	2.534077E0
1.406000E1	4.484382E1	2.538133E0
1.408000E1	4.484111E1	2.676817E0
1.410000E1	4.485433E1	2.527000E0
1.412000E1	4.478278E1	2.335967E0
1.414000E1	4.464663E1	2.378081E0
1.416000E1	4.458266E1	2.414310E0
1.418000E1	4.457886E1	2.468765E0
1.420000E1	4.466611E1	2.582316E0
1.422000E1	4.462748E1	2.569653E0
1.424000E1	4.459518E1	2.541843E0
1.426000E1	4.454371E1	2.489486E0
1.428000E1	4.443241E1	2.251874E0
1.430000E1	4.441609E1	2.223741E0
1.432000E1	4.437506E1	1.942122E0
1.434000E1	4.447151E1	1.917850E0
1.436000E1	4.452719E1	1.792254E0
1.438000E1	4.453276E1	1.723591E0
1.440000E1	4.459976E1	1.593876E0
1.442000E1	4.462579E1	1.701782E0
1.444000E1	4.456928E1	1.699687E0
1.446000E1	4.454287E1	1.662804E0
1.448000E1	4.440959E1	1.527090E0
1.450000E1	4.451840E1	1.385836E0
1.452000E1	4.461076E1	1.273327E0
1.454000E1	4.470540E1	1.161811E0
1.456000E1	4.473211E1	1.098296E0
1.458000E1	4.477976E1	1.041058E0
1.460000E1	4.464886E1	1.076908E0
1.462000E1	4.459208E1	1.341858E0
1.464000E1	4.460240E1	1.517715E0
1.466000E1	4.452081E1	1.701906E0
1.468000E1	4.461289E1	1.763654E0
1.470000E1	4.461730E1	1.942200E0
1.472000E1	4.478186E1	2.205528E0
1.474000E1	4.496410E1	2.518026E0
1.476000E1	4.505266E1	2.588030E0
1.478000E1	4.506424E1	2.569127E0
1.480000E1	4.505745E1	2.562494E0
1.482000E1	4.508617E1	2.680984E0
1.484000E1	4.503830E1	2.714862E0
1.486000E1	4.499494E1	2.542897E0
1.488000E1	4.500739E1	2.414193E0
1.490000E1	4.502963E1	2.543368E0
1.492000E1	4.510089E1	2.947978E0
1.494000E1	4.509523E1	2.975973E0
1.496000E1	4.510849E1	3.070981E0
1.498000E1	4.511886E1	3.367070E0
1.500000E1	4.507617E1	3.400334E0
1.502000E1	4.497753E1	3.101983E0
1.504000E1	4.491845E1	2.587261E0
1.506000E1	4.494323E1	2.609263E0
1.508000E1	4.496297E1	2.658135E0
1.510000E1	4.488593E1	2.476326E0
1.512000E1	4.482915E1	2.246245E0
1.514000E1	4.488274E1	2.192555E0
1.516000E1	4.504223E1	2.238649E0
1.518000E1	4.514905E1	2.233856E0
1.520000E1	4.517628E1	1.945827E0
1.522000E1	4.507288E1	1.697354E0
1.524000E1	4.485819E1	1.396997E0
1.526000E1	4.490892E1	1.390437E0
1.528000E1	4.491691E1	1.483710E0
1.530000E1	4.491510E1	1.673721E0
1.532000E1	4.495981E1	1.646684E0
1.534000E1	4.510153E1	1.415940E0
1.536000E1	4.521916E1	1.181054E0
1.538000E1	4.522152E1	1.079671E0
1.540000E1	4.521310E1	1.077293E0
1.542000E1	4.503071E1	8.879353E-1
1.544000E1	4.492502E1	1.051934E0
1.546000E1	4.496932E1	1.335774E0
1.548000E1	4.497130E1	1.492070E0
1.550000E1	4.498242E1	1.543789E0
1.552000E1	4.498541E1	1.546462E0
1.554000E1	4.499392E1	1.550509E0
1.556000E1	4.507320E1	1.635596E0
1.558000E1	4.504059E1	1.646233E0
1.560000E1	4.500239E1	1.545695E0
1.562000E1	4.500549E1	1.440215E0
1.564000E1	4.501227E1	1.525399E0
1.566000E1	4.512447E1	1.920241E0
1.568000E1	4.527644E1	2.464865E0
1.570000E1	4.544024E1	2.726393E0
1.572000E1	4.545114E1	2.669824E0
1.574000E1	4.553220E1	2.685227E0
1.576000E1	4.553083E1	2.754557E0
1.578000E1	4.551892E1	2.714733E0
1.580000E1	4.550367E1	2.716851E0
1.582000E1	4.540854E1	2.525239E0
1.584000E1	4.542727E1	2.504627E0
1.586000E1	4.553037E1	2.863383E0
1.588000E1	4.554179E1	2.900382E0
1.590000E1	4.555059E1	2.925513E0
1.592000E1	4.561194E1	3.143280E0
1.594000E1	4.560412E1	3.278979E0
1.596000E1	4.557906E1	3.319540E0
1.598000E1	4.554765E1	2.979321E0
1.600000E1	4.547870E1	2.556328E0
1.602000E1	4.555231E1	2.392812E0
1.604000E1	4.554238E1	2.293185E0
1.606000E1	4.548139E1	2.218989E0
1.608000E1	4.536371E1	1.960215E0
1.610000E1	4.534641E1	1.889473E0
1.612000E1	4.534085E1	1.876032E0
1.614000E1	4.537946E1	1.955724E0
1.616000E1	4.556333E1	2.037508E0
1.618000E1	4.574419E1	2.019657E0
1.620000E1	4.604882E1	1.782010E0
1.622000E1	4.618906E1	1.545896E0
1.624000E1	4.615781E1	1.426779E0
1.626000E1	4.601237E1	1.195311E0
1.628000E1	4.601857E1	1.265803E0
1.630000E1	4.601440E1	1.696836E0
1.632000E1	4.598441E1	1.779580E0
1.634000E1	4.597394E1	1.720590E0
1.636000E1	4.597117E1	1.694041E0
1.638000E1	4.600209E1	1.778962E0
1.640000E1	4.600508E1	1.745140E0
1.642000E1	4.602373E1	1.673369E0
1.644000E1	4.595984E1	1.502073E0
1.646000E1	4.587901E1	1.424591E0
1.648000E1	4.573107E1	1.274783E0
1.650000E1	4.573630E1	1.268561E0
1.652000E1	4.575721E1	1.428354E0
1.654000E1	4.576917E1	1.523677E0
1.656000E1	4.584103E1	1.708322E0
1.658000E1	4.587678E1	1.705015E0
1.660000E1	4.590737E1	1.643314E0
1.662000E1	4.591449E1	1.637984E0
1.664000E1	4.593396E1	1.790990E0
1.666000E1	4.598664E1	1.909599E0
1.668000E1	4.597266E1	1.975881E0
1.670000E1	4.608980E1	2.207026E0
1.672000E1	4.622588E1	2.543532E0
1.674000E1	4.633582E1	2.601588E0
1.676000E1	4.637777E1	2.674697E0
1.678000E1	4.642589E1	2.737998E0
1.680000E1	4.642852E1	2.715241E0
1.682000E1	4.646918E1	2.695910E0
1.684000E1	4.648960E1	2.526696E0
1.686000E1	4.651325E1	2.476400E0
1.688000E1	4.663000E1	2.550810E0
1.690000E1	4.671693E1	2.596271E0
1.692000E1	4.685945E1	2.730668E0
1.694000E1	4.696013E1	2.809854E0
1.696000E1	4.696914E1	2.942620E0
1.698000E1	4.696286E1	3.136483E0
1.700000E1	4.689517E1	3.015550E0
1.702000E1	4.682113E1	2.469653E0
1.704000E1	4.685190E1	2.030465E0
1.706000E1	4.699177E1	1.970572E0
1.708000E1	4.709861E1	2.043134E0
1.710000E1	4.702243E1	2.004812E0
1.712000E1	4.684878E1	1.893279E0
1.714000E1	4.686170E1	1.930335E0
1.716000E1	4.697267E1	2.270222E0
1.718000E1	4.702682E1	2.623262E0
1.720000E1	4.704271E1	2.552147E0
1.722000E1	4.686491E1	2.271767E0
1.724000E1	4.689211E1	2.107838E0
1.726000E1	4.687841E1	2.075123E0
1.728000E1	4.690440E1	1.991842E0
1.730000E1	4.679669E1	1.685295E0
1.732000E1	4.668452E1	1.503104E0
1.734000E1	4.673356E1	1.732528E0
1.736000E1	4.686932E1	2.027336E0
1.738000E1	4.693779E1	2.167113E0
1.740000E1	4.676993E1	2.079801E0
1.742000E1	4.655546E1	1.721361E0
1.744000E1	4.656922E1	1.677282E0
1.746000E1	4.664844E1	1.929387E0
1.748000E1	4.668761E1	2.176589E0
1.750000E1	4.668873E1	2.133485E0
1.752000E1	4.673808E1	2.100669E0
1.754000E1	4.678440E1	2.199883E0
1.756000E1	4.681528E1	2.167621E0
1.758000E1	4.681035E1	2.177324E0
1.760000E1	4.686128E1	2.221264E0
1.762000E1	4.685207E1	2.277616E0
1.764000E1	4.693656E1	2.357281E0
1.766000E1	4.706512E1	2.569029E0
1.768000E1	4.718951E1	2.845916E0
1.770000E1	4.738351E1	2.873139E0
1.772000E1	4.739140E1	2.763536E0
1.774000E1	4.745513E1	2.794524E0
1.776000E1	4.753581E1	2.984324E0
1.778000E1	4.737004E1	2.881944E0
1.780000E1	4.734969E1	2.717275E0
1.782000E1	4.748243E1	2.911201E0
1.784000E1	4.766573E1	3.194283E0
1.786000E1	4.790074E1	2.999440E0
1.788000E1	4.807919E1	2.911933E0
1.790000E1	4.831581E1	3.083550E0
1.792000E1	4.830443E1	3.111088E0
1.794000E1	4.801086E1	2.971775E0
1.796000E1	4.761562E1	2.833792E0
1.798000E1	4.762136E1	2.765336E0
1.800000E1	4.767129E1	2.739624E0
1.802000E1	4.767442E1	2.692377E0
1.804000E1	4.752707E1	2.398821E0
1.806000E1	4.749014E1	2.423926E0
1.808000E1	4.768157E1	2.611769E0
1.810000E1	4.771316E1	2.658249E0
1.812000E1	4.776230E1	2.593351E0
1.814000E1	4.765573E1	2.160044E0
1.816000E1	4.757831E1	1.997652E0
1.818000E1	4.751080E1	2.136634E0
1.820000E1	4.745067E1	2.295624E0
1.822000E1	4.744838E1	2.414730E0
1.824000E1	4.741502E1	2.442122E0
1.826000E1	4.738466E1	2.428099E0
1.828000E1	4.737748E1	2.480969E0
1.830000E1	4.741463E1	2.578472E0
1.832000E1	4.741208E1	2.656052E0
1.834000E1	4.737152E1	2.581932E0
1.836000E1	4.729261E1	2.520496E0
1.838000E1	4.727844E1	2.534319E0
1.840000E1	4.727866E1	2.531119E0
1.842000E1	4.729734E1	2.537639E0
1.844000E1	4.730307E1	2.554772E0
1.846000E1	4.729919E1	2.561778E0
1.848000E1	4.733505E1	2.577477E0
1.850000E1	4.734785E1	2.579191E0
1.852000E1	4.735799E1	2.484518E0
1.854000E1	4.740532E1	2.401464E0
1.856000E1	4.735597E1	2.324976E0
1.858000E1	4.736885E1	2.124137E0
1.860000E1	4.735854E1	2.075366E0
1.862000E1	4.742237E1	2.281171E0
1.864000E1	4.754205E1	2.528755E0
1.866000E1	4.773209E1	2.846537E0
1.868000E1	4.786437E1	3.077455E0
1.870000E1	4.811468E1	3.180329E0
1.872000E1	4.833657E1	3.106944E0
1.874000E1	4.845765E1	3.046131E0
1.876000E1	4.857540E1	3.095679E0
1.878000E1	4.867569E1	3.123259E0
1.880000E1	4.862009E1	3.190089E0
1.882000E1	4.859462E1	3.132457E0
1.884000E1	4.863623E1	3.294803E0
1.886000E1	4.867365E1	3.535501E0
1.888000E1	4.872057E1	3.562927E0
1.890000E1	4.875790E1	3.622616E0
1.892000E1	4.882650E1	3.823451E0
1.894000E1	4.885384E1	3.948106E0
1.896000E1	4.873320E1	3.796674E0
1.898000E1	4.866072E1	3.240257E0
1.900000E1	4.842308E1	2.838772E0
1.902000E1	4.838209E1	2.771203E0
1.904000E1	4.835639E1	2.735526E0
1.906000E1	4.827495E1	2.680540E0
1.908000E1	4.824825E1	2.661781E0
1.910000E1	4.829537E1	2.685868E0
1.912000E1	4.836660E1	2.724556E0
1.914000E1	4.834109E1	2.710389E0
1.916000E1	4.834260E1	2.699723E0
1.918000E1	4.832972E1	2.701302E0
1.920000E1	4.819488E1	2.595674E0
1.922000E1	4.820187E1	2.638653E0
1.924000E1	4.820853E1	2.652543E0
1.926000E1	4.821362E1	2.684977E0
1.928000E1	4.821679E1	2.695069E0
1.930000E1	4.822071E1	2.700932E0
1.932000E1	4.823613E1	2.695159E0
1.934000E1	4.824580E1	2.684049E0
1.936000E1	4.817148E1	2.542509E0
1.938000E1	4.814774E1	2.339817E0
1.940000E1	4.813913E1	2.130018E0
1.942000E1	4.817098E1	2.045325E0
1.944000E1	4.819631E1	2.074655E0
1.946000E1	4.832148E1	2.255590E0
1.948000E1	4.830494E1	2.274812E0
1.950000E1	4.829320E1	2.238127E0
1.952000E1	4.828128E1	2.132546E0
1.954000E1	4.838898E1	2.015963E0
1.956000E1	4.846472E1	1.956351E0
1.958000E1	4.868319E1	2.104917E0
1.960000E1	4.890031E1	2.366095E0
1.962000E1	4.905710E1	2.642518E0
1.964000E1	4.907628E1	2.975758E0
1.966000E1	4.912235E1	3.330239E0
1.968000E1	4.914401E1	3.290579E0
1.970000E1	4.914788E1	3.271919E0
1.972000E1	4.915296E1	3.333411E0
1.974000E1	4.914701E1	3.384145E0
1.976000E1	4.908023E1	3.131233E0
1.978000E1	4.914158E1	3.072804E0
1.980000E1	4.929199E1	3.358580E0
1.982000E1	4.931827E1	3.411897E0
1.984000E1	4.926379E1	3.416365E0
1.986000E1	4.931028E1	3.642269E0
1.988000E1	4.928064E1	3.860512E0
1.990000E1	4.915668E1	3.653798E0
1.992000E1	4.896767E1	3.047669E0
1.994000E1	4.888108E1	2.937801E0
1.996000E1	4.882957E1	3.083942E0
1.998000E1	4.876782E1	3.078914E0
2.000000E1	4.870696E1	2.989546E0
2.002000E1	4.870343E1	3.011025E0
2.004000E1	4.873750E1	3.140587E0
2.006000E1	4.875924E1	3.229826E0
2.008000E1	4.873670E1	3.080321E0
2.010000E1	4.874634E1	3.083806E0
2.012000E1	4.871656E1	3.078949E0
2.014000E1	4.853372E1	2.907326E0
2.016000E1	4.859961E1	2.915533E0
2.018000E1	4.865334E1	2.879729E0
2.020000E1	4.863395E1	2.888017E0
2.022000E1	4.872567E1	2.916138E0
2.024000E1	4.873361E1	2.859573E0
2.026000E1	4.875673E1	2.673800E0
2.028000E1	4.874777E1	2.631432E0
2.030000E1	4.872693E1	2.619898E0
2.032000E1	4.869402E1	2.555316E0
2.034000E1	4.864075E1	2.514526E0
2.036000E1	4.869019E1	2.457465E0
2.038000E1	4.881709E1	2.361202E0
2.040000E1	4.889360E1	2.159871E0
2.042000E1	4.892776E1	2.043853E0
2.044000E1	4.898226E1	2.052786E0
2.046000E1	4.893859E1	2.085175E0
2.048000E1	4.885737E1	2.330535E0
2.050000E1	4.884733E1	2.467524E0
2.052000E1	4.883257E1	2.585893E0
2.054000E1	4.885736E1	2.791351E0
2.056000E1	4.892607E1	2.941210E0
2.058000E1	4.902278E1	3.176084E0
2.060000E1	4.922116E1	3.406174E0
2.062000E1	4.930123E1	3.596278E0
2.064000E1	4.928892E1	3.573883E0
2.066000E1	4.925054E1	3.521998E0
2.068000E1	4.927321E1	3.589696E0
2.070000E1	4.924445E1	3.621748E0
2.072000E1	4.914079E1	3.453690E0
2.074000E1	4.918753E1	3.361332E0
2.076000E1	4.926755E1	3.684626E0
2.078000E1	4.932060E1	3.773800E0
2.080000E1	4.929122E1	3.682134E0
2.082000E1	4.931739E1	3.709437E0
2.084000E1	4.929454E1	3.905605E0
2.086000E1	4.929829E1	3.966830E0
2.088000E1	4.927531E1	3.972578E0
2.090000E1	4.920497E1	3.737461E0
2.092000E1	4.909126E1	3.474332E0
2.094000E1	4.912410E1	3.496731E0
2.096000E1	4.914042E1	3.523685E0
2.098000E1	4.906451E1	3.419410E0
2.100000E1	4.897008E1	3.317199E0
2.102000E1	4.894198E1	3.218062E0
2.104000E1	4.889843E1	3.201717E0
2.106000E1	4.891015E1	3.118308E0
2.108000E1	4.898051E1	2.933689E0
2.110000E1	4.896091E1	2.840991E0
2.112000E1	4.886899E1	2.721215E0
2.114000E1	4.888669E1	2.711944E0
2.116000E1	4.875780E1	2.663592E0
2.118000E1	4.876376E1	2.569369E0
2.120000E1	4.878242E1	2.576188E0
2.122000E1	4.888167E1	2.564833E0
2.124000E1	4.890154E1	2.351977E0
2.126000E1	4.897402E1	2.209009E0
2.128000E1	4.918947E1	2.186535E0
2.130000E1	4.924747E1	2.202957E0
2.132000E1	4.925463E1	2.291898E0
2.134000E1	4.916530E1	2.353836E0
2.136000E1	4.908795E1	2.354319E0
2.138000E1	4.914811E1	2.504480E0
2.140000E1	4.919285E1	2.633866E0
2.142000E1	4.920015E1	2.645182E0
2.144000E1	4.927109E1	2.641342E0
2.146000E1	4.929166E1	2.658339E0
2.148000E1	4.929622E1	2.651063E0
2.150000E1	4.919904E1	2.462559E0
2.152000E1	4.917420E1	2.427355E0
2.154000E1	4.922408E1	2.661516E0
2.156000E1	4.931985E1	2.972119E0
2.158000E1	4.943026E1	3.150257E0
2.160000E1	4.940926E1	3.250056E0
2.162000E1	4.949470E1	3.421471E0
2.164000E1	4.960420E1	3.508427E0
2.166000E1	4.964164E1	3.561712E0
2.168000E1	4.967608E1	3.623359E0
2.170000E1	4.968390E1	3.632097E0
2.172000E1	4.966706E1	3.610971E0
2.174000E1	4.967291E1	3.606169E0
2.176000E1	4.971021E1	3.668228E0
2.178000E1	4.976061E1	3.844923E0
2.180000E1	4.977958E1	3.809386E0
2.182000E1	4.983419E1	3.904603E0
2.184000E1	4.991218E1	4.119480E0
2.186000E1	4.997101E1	3.939278E0
2.188000E1	4.990025E1	3.616547E0
2.190000E1	4.987285E1	3.504970E0
2.192000E1	4.982866E1	3.385138E0
2.194000E1	4.973649E1	3.305995E0
2.196000E1	4.960326E1	3.064206E0
2.198000E1	4.957962E1	2.964835E0
2.200000E1	4.961578E1	3.057063E0
2.202000E1	4.964070E1	3.108862E0
2.204000E1	4.975328E1	3.094274E0
2.206000E1	4.985019E1	2.912712E0
2.208000E1	4.985136E1	2.725632E0
2.210000E1	4.978301E1	2.440183E0
2.212000E1	4.971761E1	2.296419E0
2.214000E1	4.967568E1	2.379753E0
2.216000E1	4.964717E1	2.746032E0
2.218000E1	4.965527E1	2.831706E0
2.220000E1	4.966832E1	2.793192E0
2.222000E1	4.968538E1	2.781685E0
2.224000E1	4.967996E1	2.830790E0
2.226000E1	4.969858E1	2.728835E0
2.228000E1	4.960176E1	2.662203E0
2.230000E1	4.963278E1	2.583800E0
2.232000E1	4.963133E1	2.545437E0
2.234000E1	4.951001E1	2.492306E0
2.236000E1	4.961721E1	2.582547E0
2.238000E1	4.965989E1	2.739885E0
2.240000E1	4.967222E1	2.766320E0
2.242000E1	4.967947E1	2.891924E0
2.244000E1	4.968700E1	2.841233E0
2.246000E1	4.969285E1	2.806750E0
2.248000E1	4.972343E1	2.859144E0
2.250000E1	4.979639E1	2.971074E0
2.252000E1	4.981544E1	3.118235E0
2.254000E1	4.985455E1	3.218497E0
2.256000E1	4.998375E1	3.481876E0
2.258000E1	5.002531E1	3.526628E0
2.260000E1	5.007182E1	3.581947E0
2.262000E1	5.014476E1	3.654773E0
2.264000E1	5.012786E1	3.667613E0
2.266000E1	5.008424E1	3.592151E0
2.268000E1	5.007914E1	3.470377E0
2.270000E1	5.016481E1	3.593700E0
2.272000E1	5.029678E1	3.850689E0
2.274000E1	5.035964E1	3.649926E0
2.276000E1	5.045228E1	3.587505E0
2.278000E1	5.059302E1	3.794979E0
2.280000E1	5.064817E1	3.922037E0
2.282000E1	5.047692E1	3.748444E0
2.284000E1	5.033498E1	3.405073E0
2.286000E1	5.026176E1	3.358630E0
2.288000E1	5.027191E1	3.261285E0
2.290000E1	5.027862E1	3.017674E0
2.292000E1	5.018529E1	2.705454E0
2.294000E1	5.017685E1	2.391258E0
2.296000E1	5.028720E1	2.261628E0
2.298000E1	5.018760E1	2.392613E0
2.300000E1	5.019137E1	2.617626E0
2.302000E1	5.019613E1	2.751254E0
2.304000E1	5.014935E1	2.847790E0
2.306000E1	5.015893E1	2.814150E0
2.308000E1	5.013802E1	2.807039E0
2.310000E1	5.004318E1	2.675304E0
2.312000E1	5.009626E1	2.693485E0
2.314000E1	5.010671E1	2.696602E0
2.316000E1	5.012296E1	2.667652E0
2.318000E1	5.003354E1	2.518261E0
2.320000E1	5.001406E1	2.503477E0
2.322000E1	5.013126E1	2.728910E0
2.324000E1	5.016031E1	2.831455E0
2.326000E1	5.014075E1	2.789184E0
2.328000E1	5.005630E1	2.681068E0
2.330000E1	5.007557E1	2.688735E0
2.332000E1	5.010813E1	2.741530E0
2.334000E1	5.011733E1	2.738415E0
2.336000E1	5.014803E1	2.789791E0
2.338000E1	5.016597E1	2.813479E0
2.340000E1	5.016552E1	2.801781E0
2.342000E1	5.016530E1	2.841229E0
2.344000E1	5.016206E1	2.818419E0
2.346000E1	5.016472E1	2.858882E0
2.348000E1	5.022912E1	2.966201E0
2.350000E1	5.023457E1	3.117228E0
2.352000E1	5.026972E1	3.169396E0
2.354000E1	5.026997E1	3.204115E0
2.356000E1	5.040271E1	3.314685E0
2.358000E1	5.063207E1	3.385376E0
2.360000E1	5.067024E1	3.176622E0
2.362000E1	5.066184E1	3.197286E0
2.364000E1	5.072235E1	3.309195E0
2.366000E1	5.066425E1	3.293269E0
2.368000E1	5.055326E1	3.091022E0
2.370000E1	5.059658E1	3.094133E0
2.372000E1	5.080480E1	3.424938E0
2.374000E1	5.091711E1	3.607138E0
2.376000E1	5.117764E1	3.411147E0
2.378000E1	5.135744E1	3.380665E0
2.380000E1	5.153994E1	3.443237E0
2.382000E1	5.138307E1	3.443669E0
2.384000E1	5.099565E1	3.407195E0
2.386000E1	5.093388E1	3.325712E0
2.388000E1	5.094927E1	3.307344E0
2.390000E1	5.085879E1	3.237486E0
2.392000E1	5.069691E1	3.131977E0
2.394000E1	5.067083E1	3.142720E0
2.396000E1	5.074981E1	3.195062E0
2.398000E1	5.070947E1	3.173130E0
2.400000E1	5.072621E1	2.978018E0
