	mass A		
t	x	y	
0.000000E0	7.558948E-4	-2.343489E-2
2.000000E-2	3.415423E-1	3.109312E-1
4.000000E-2	8.116550E-1	4.232080E-1
6.000000E-2	1.159874E0	1.862315E-1
8.000000E-2	1.488647E0	-2.894410E-1
1.000000E-1	1.705423E0	-5.790404E-1
1.200000E-1	1.600406E0	-4.447060E-1
1.400000E-1	1.470231E0	1.073559E-1
1.600000E-1	1.363935E0	4.643591E-1
1.800000E-1	1.539748E0	3.032346E-1
2.000000E-1	1.714241E0	-2.922660E-1
2.200000E-1	1.979038E0	-6.925172E-1
2.400000E-1	2.673039E0	-2.718869E-1
2.600000E-1	3.349714E0	5.036983E-1
2.800000E-1	3.644364E0	1.424755E0
3.000000E-1	3.622602E0	2.220812E0
3.200000E-1	3.519467E0	1.946502E0
3.400000E-1	3.744562E0	9.066110E-1
3.600000E-1	3.835117E0	5.114506E-2
3.800000E-1	4.040052E0	8.743989E-2
4.000000E-1	4.041302E0	3.810609E-1
4.200000E-1	3.963897E0	3.924933E-1
4.400000E-1	3.960685E0	3.455570E-1
4.600000E-1	3.980383E0	4.273210E-1
4.800000E-1	4.246195E0	2.943324E-1
5.000000E-1	4.600616E0	1.273367E-1
5.200000E-1	4.682168E0	-3.338113E-1
5.400000E-1	4.653745E0	-9.224606E-1
5.600000E-1	4.673706E0	-8.980951E-1
5.800000E-1	4.707798E0	-4.237975E-1
6.000000E-1	4.686679E0	-4.068762E-1
6.200000E-1	4.687979E0	-4.044999E-1
6.400000E-1	4.706708E0	-3.951797E-1
6.600000E-1	4.849558E0	-5.071125E-1
6.800000E-1	4.902717E0	-8.083221E-1
7.000000E-1	4.927891E0	-9.201056E-1
7.200000E-1	5.131287E0	-9.248476E-1
7.400000E-1	5.249896E0	-9.070674E-1
7.600000E-1	5.337072E0	-7.756183E-1
7.800000E-1	5.352054E0	-3.350685E-1
8.000000E-1	5.516903E0	2.030909E-1
8.200000E-1	5.692700E0	4.878227E-1
8.400000E-1	5.708333E0	5.191796E-1
8.600000E-1	5.847974E0	6.326140E-1
8.800000E-1	5.897592E0	7.383815E-1
9.000000E-1	6.000539E0	6.208927E-1
9.200000E-1	6.294993E0	5.263184E-1
9.400000E-1	6.653381E0	4.928448E-1
9.600000E-1	7.293280E0	4.779419E-1
9.800000E-1	7.800679E0	5.206071E-1
1.000000E0	7.861791E0	5.816673E-1
1.020000E0	7.863975E0	1.047293E0
1.040000E0	7.756163E0	1.540743E0
1.060000E0	7.781361E0	1.922236E0
1.080000E0	8.013053E0	1.710080E0
1.100000E0	8.116901E0	1.172001E0
1.120000E0	8.293741E0	1.076362E0
1.140000E0	8.630465E0	1.273829E0
1.160000E0	8.865839E0	1.559753E0
1.180000E0	9.061670E0	1.460583E0
1.200000E0	9.055345E0	1.153588E0
1.220000E0	8.980619E0	9.409113E-1
1.240000E0	9.036697E0	1.082151E0
1.260000E0	9.184723E0	1.419251E0
1.280000E0	9.533614E0	1.864870E0
1.300000E0	9.710795E0	2.157084E0
1.320000E0	9.795439E0	2.239911E0
1.340000E0	9.859194E0	2.113526E0
1.360000E0	9.940589E0	1.633845E0
1.380000E0	1.009876E1	8.266259E-1
1.400000E0	1.038048E1	2.411847E-1
1.420000E0	1.043270E1	6.846440E-2
1.440000E0	1.046368E1	4.024819E-2
1.460000E0	1.044860E1	-1.371040E-2
1.480000E0	1.069456E1	1.884333E-1
1.500000E0	1.078926E1	3.197444E-1
1.520000E0	1.111325E1	5.528964E-1
1.540000E0	1.128665E1	4.202685E-1
1.560000E0	1.132519E1	-1.033298E-1
1.580000E0	1.129219E1	-5.860471E-1
1.600000E0	1.135532E1	-6.958130E-1
1.620000E0	1.156704E1	-5.799966E-1
1.640000E0	1.163657E1	-5.764413E-1
1.660000E0	1.165950E1	-6.592044E-1
1.680000E0	1.167819E1	-4.390093E-1
1.700000E0	1.177212E1	-1.972138E-1
1.720000E0	1.179257E1	1.262409E-1
1.740000E0	1.177677E1	2.048642E-1
1.760000E0	1.178883E1	2.661075E-1
1.780000E0	1.185995E1	5.667578E-1
1.800000E0	1.206530E1	8.125957E-1
1.820000E0	1.231227E1	9.515631E-1
1.840000E0	1.278197E1	9.154785E-1
1.860000E0	1.327942E1	7.002144E-1
1.880000E0	1.322610E1	4.892860E-1
1.900000E0	1.321492E1	7.981707E-1
1.920000E0	1.306427E1	1.516964E0
1.940000E0	1.288259E1	1.703283E0
1.960000E0	1.301815E1	1.205326E0
1.980000E0	1.313199E1	7.058153E-1
2.000000E0	1.340377E1	1.055795E0
2.020000E0	1.369949E1	1.643484E0
2.040000E0	1.384733E1	2.130898E0
2.060000E0	1.388824E1	2.416659E0
2.080000E0	1.370058E1	2.859920E0
2.100000E0	1.356052E1	3.237104E0
2.120000E0	1.353831E1	3.038402E0
2.140000E0	1.369224E1	2.395097E0
2.160000E0	1.385633E1	2.243865E0
2.180000E0	1.400947E1	2.262972E0
2.200000E0	1.414183E1	2.040189E0
2.220000E0	1.415631E1	1.299122E0
2.240000E0	1.429335E1	9.093405E-1
2.260000E0	1.464663E1	1.060501E0
2.280000E0	1.527422E1	1.825691E0
2.300000E0	1.557366E1	1.995777E0
2.320000E0	1.567024E1	1.651615E0
2.340000E0	1.550933E1	9.935400E-1
2.360000E0	1.540301E1	4.794769E-1
2.380000E0	1.531312E1	1.270627E-1
2.400000E0	1.545406E1	4.687012E-1
2.420000E0	1.554274E1	5.599432E-1
2.440000E0	1.575725E1	4.367409E-1
2.460000E0	1.606034E1	1.609529E-1
2.480000E0	1.635100E1	-4.535848E-2
2.500000E0	1.658740E1	-9.426607E-2
2.520000E0	1.634595E1	-2.380716E-1
2.540000E0	1.592486E1	-5.547379E-1
2.560000E0	1.599688E1	-4.092323E-1
2.580000E0	1.610041E1	-1.028980E-1
2.600000E0	1.607487E1	3.158071E-1
2.620000E0	1.605748E1	3.274790E-1
2.640000E0	1.598720E1	2.735865E-1
2.660000E0	1.607514E1	3.787984E-1
2.680000E0	1.610844E1	4.653376E-1
2.700000E0	1.609809E1	4.521880E-1
2.720000E0	1.629723E1	1.845358E-1
2.740000E0	1.665600E1	1.658732E-1
2.760000E0	1.683148E1	5.435061E-1
2.780000E0	1.702210E1	1.270204E0
2.800000E0	1.696526E1	2.029673E0
2.820000E0	1.703112E1	2.017389E0
2.840000E0	1.708431E1	1.853640E0
2.860000E0	1.730712E1	1.828772E0
2.880000E0	1.750028E1	2.017489E0
2.900000E0	1.747362E1	2.015721E0
2.920000E0	1.756900E1	1.962140E0
2.940000E0	1.763808E1	1.825993E0
2.960000E0	1.767267E1	1.984033E0
2.980000E0	1.776929E1	2.311506E0
3.000000E0	1.778524E1	2.422505E0
3.020000E0	1.785341E1	2.613629E0
3.040000E0	1.791391E1	2.864689E0
3.060000E0	1.786605E1	3.015124E0
3.080000E0	1.785235E1	2.670504E0
3.100000E0	1.786267E1	2.125948E0
3.120000E0	1.810388E1	1.504336E0
3.140000E0	1.850098E1	1.454554E0
3.160000E0	1.884806E1	1.420559E0
3.180000E0	1.896795E1	1.035360E0
3.200000E0	1.887911E1	6.176006E-1
3.220000E0	1.889945E1	6.624848E-1
3.240000E0	1.919961E1	1.094160E0
3.260000E0	1.993933E1	1.633084E0
3.280000E0	2.051378E1	1.930154E0
3.300000E0	2.087388E1	1.836506E0
3.320000E0	2.110664E1	1.427170E0
3.340000E0	2.115229E1	7.545530E-1
3.360000E0	2.111411E1	1.020454E-1
3.380000E0	2.113820E1	2.100811E-2
3.400000E0	2.112883E1	2.379286E-1
3.420000E0	2.103547E1	5.764160E-1
3.440000E0	2.111366E1	8.249189E-1
3.460000E0	2.132623E1	9.202431E-1
3.480000E0	2.148271E1	1.026344E0
3.500000E0	2.161712E1	1.032184E0
3.520000E0	2.155117E1	1.035630E0
3.540000E0	2.154288E1	1.004878E0
3.560000E0	2.154467E1	1.012633E0
3.580000E0	2.161124E1	9.092477E-1
3.600000E0	2.164425E1	6.842018E-1
3.620000E0	2.158924E1	6.263779E-1
3.640000E0	2.157250E1	6.331551E-1
3.660000E0	2.158815E1	7.482610E-1
3.680000E0	2.159569E1	9.771288E-1
3.700000E0	2.160163E1	1.113674E0
3.720000E0	2.159260E1	1.141252E0
3.740000E0	2.158720E1	1.134538E0
3.760000E0	2.168880E1	1.360657E0
3.780000E0	2.176005E1	1.582020E0
3.800000E0	2.184121E1	1.912627E0
3.820000E0	2.192031E1	2.269950E0
3.840000E0	2.195338E1	2.441111E0
3.860000E0	2.201138E1	2.700949E0
3.880000E0	2.205456E1	2.852775E0
3.900000E0	2.210212E1	2.926371E0
3.920000E0	2.208371E1	2.962810E0
3.940000E0	2.211326E1	2.976833E0
3.960000E0	2.214784E1	2.629429E0
3.980000E0	2.211100E1	2.141158E0
4.000000E0	2.235244E1	1.920926E0
4.020000E0	2.257984E1	2.163927E0
4.040000E0	2.274834E1	2.290173E0
4.060000E0	2.293890E1	2.115544E0
4.080000E0	2.305249E1	2.168172E0
4.100000E0	2.309678E1	2.409044E0
4.120000E0	2.296685E1	2.396352E0
4.140000E0	2.282906E1	2.064911E0
4.160000E0	2.287463E1	2.079325E0
4.180000E0	2.329238E1	2.110978E0
4.200000E0	2.364763E1	1.748603E0
4.220000E0	2.394252E1	1.083390E0
4.240000E0	2.391320E1	7.042275E-1
4.260000E0	2.415712E1	8.121659E-1
4.280000E0	2.477743E1	1.279631E0
4.300000E0	2.513796E1	1.802556E0
4.320000E0	2.516343E1	1.980853E0
4.340000E0	2.519633E1	1.927641E0
4.360000E0	2.521002E1	1.364138E0
4.380000E0	2.513116E1	1.046717E0
4.400000E0	2.526931E1	1.252450E0
4.420000E0	2.535084E1	1.484041E0
4.440000E0	2.529577E1	1.305077E0
4.460000E0	2.547862E1	8.991579E-1
4.480000E0	2.569969E1	6.273790E-1
4.500000E0	2.571808E1	6.526675E-1
4.520000E0	2.570569E1	8.694975E-1
4.540000E0	2.560802E1	1.052314E0
4.560000E0	2.565612E1	1.117592E0
4.580000E0	2.568423E1	1.145626E0
4.600000E0	2.571167E1	1.160392E0
4.620000E0	2.570437E1	1.186296E0
4.640000E0	2.577167E1	1.193262E0
4.660000E0	2.577608E1	1.373603E0
4.680000E0	2.576703E1	1.375441E0
4.700000E0	2.575273E1	1.353163E0
4.720000E0	2.581412E1	1.578020E0
4.740000E0	2.583692E1	1.767394E0
4.760000E0	2.592791E1	2.090126E0
4.780000E0	2.596014E1	2.371418E0
4.800000E0	2.598350E1	2.645575E0
4.820000E0	2.614758E1	2.503583E0
4.840000E0	2.630494E1	2.354382E0
4.860000E0	2.655422E1	2.051325E0
4.880000E0	2.670204E1	2.066012E0
4.900000E0	2.669953E1	1.881006E0
4.920000E0	2.673811E1	1.563707E0
4.940000E0	2.676795E1	1.643576E0
4.960000E0	2.691609E1	2.208663E0
4.980000E0	2.696176E1	2.401809E0
5.000000E0	2.710743E1	2.605400E0
5.020000E0	2.720794E1	2.769665E0
5.040000E0	2.740130E1	2.648156E0
5.060000E0	2.755364E1	2.151042E0
5.080000E0	2.748139E1	1.675819E0
5.100000E0	2.760916E1	1.620351E0
5.120000E0	2.771869E1	1.652692E0
5.140000E0	2.770516E1	1.675453E0
5.160000E0	2.765082E1	1.635639E0
5.180000E0	2.766012E1	1.664482E0
5.200000E0	2.793058E1	1.911961E0
5.220000E0	2.839857E1	2.271916E0
5.240000E0	2.887491E1	2.514611E0
5.260000E0	2.924244E1	2.499649E0
5.280000E0	2.942989E1	2.242298E0
5.300000E0	2.953108E1	1.796627E0
5.320000E0	2.959635E1	1.359301E0
5.340000E0	2.957431E1	1.339939E0
5.360000E0	2.954577E1	1.531783E0
5.380000E0	2.950818E1	1.618966E0
5.400000E0	2.951844E1	1.580694E0
5.420000E0	2.953966E1	1.627204E0
5.440000E0	2.953568E1	1.528259E0
5.460000E0	2.954000E1	1.460728E0
5.480000E0	2.950293E1	1.433316E0
5.500000E0	2.948874E1	1.408351E0
5.520000E0	2.948346E1	1.433643E0
5.540000E0	2.944894E1	1.469069E0
5.560000E0	2.947474E1	1.458209E0
5.580000E0	2.948556E1	1.492826E0
5.600000E0	2.947281E1	1.501203E0
5.620000E0	2.947984E1	1.477205E0
5.640000E0	2.948266E1	1.470206E0
5.660000E0	2.948452E1	1.462612E0
5.680000E0	2.949371E1	1.444995E0
5.700000E0	2.958730E1	1.438354E0
5.720000E0	2.965458E1	1.382201E0
5.740000E0	2.991982E1	1.486628E0
5.760000E0	3.012028E1	1.580881E0
5.780000E0	3.031113E1	1.559143E0
5.800000E0	3.044563E1	1.694395E0
5.820000E0	3.045738E1	1.947625E0
5.840000E0	3.044346E1	1.957874E0
5.860000E0	3.055592E1	2.140833E0
5.880000E0	3.049674E1	2.392131E0
5.900000E0	3.059500E1	2.221163E0
5.920000E0	3.074367E1	1.728804E0
5.940000E0	3.106156E1	1.680617E0
5.960000E0	3.126444E1	1.877630E0
5.980000E0	3.132229E1	2.063082E0
6.000000E0	3.133735E1	2.064808E0
6.020000E0	3.136347E1	2.404225E0
6.040000E0	3.135911E1	2.787157E0
6.060000E0	3.136031E1	2.803505E0
6.080000E0	3.121184E1	2.404054E0
6.100000E0	3.120596E1	2.234101E0
6.120000E0	3.140245E1	2.325463E0
6.140000E0	3.178819E1	2.443997E0
6.160000E0	3.213058E1	2.253988E0
6.180000E0	3.231238E1	1.746252E0
6.200000E0	3.250168E1	1.509203E0
6.220000E0	3.251122E1	1.509385E0
6.240000E0	3.264187E1	1.969825E0
6.260000E0	3.283829E1	2.370309E0
6.280000E0	3.282083E1	2.436671E0
6.300000E0	3.279753E1	2.272321E0
6.320000E0	3.279375E1	1.842642E0
6.340000E0	3.280960E1	1.751071E0
6.360000E0	3.278617E1	1.861943E0
6.380000E0	3.276423E1	1.899157E0
6.400000E0	3.275064E1	1.920966E0
6.420000E0	3.276075E1	1.927192E0
6.440000E0	3.275380E1	2.039853E0
6.460000E0	3.275692E1	2.032296E0
6.480000E0	3.276572E1	1.916337E0
6.500000E0	3.275384E1	1.901495E0
6.520000E0	3.275311E1	1.900738E0
6.540000E0	3.274463E1	1.896455E0
6.560000E0	3.275024E1	1.880810E0
6.580000E0	3.278875E1	1.725200E0
6.600000E0	3.287447E1	1.539344E0
6.620000E0	3.301025E1	1.432545E0
6.640000E0	3.296272E1	1.259826E0
6.660000E0	3.299190E1	1.053643E0
6.680000E0	3.296337E1	1.054547E0
6.700000E0	3.314787E1	1.562477E0
6.720000E0	3.327833E1	1.800028E0
6.740000E0	3.338236E1	2.326630E0
6.760000E0	3.355812E1	2.570827E0
6.780000E0	3.390365E1	2.383823E0
6.800000E0	3.405169E1	2.112443E0
6.820000E0	3.412488E1	2.022054E0
6.840000E0	3.432281E1	2.136300E0
6.860000E0	3.423842E1	2.013634E0
6.880000E0	3.396064E1	2.097905E0
6.900000E0	3.400764E1	2.450791E0
6.920000E0	3.412833E1	2.671924E0
6.940000E0	3.413354E1	2.624554E0
6.960000E0	3.423823E1	2.787838E0
6.980000E0	3.428257E1	3.148915E0
7.000000E0	3.448958E1	3.378081E0
7.020000E0	3.454806E1	3.207615E0
7.040000E0	3.463444E1	2.593810E0
7.060000E0	3.485910E1	2.188042E0
7.080000E0	3.503090E1	2.257676E0
7.100000E0	3.509782E1	2.359271E0
7.120000E0	3.499824E1	2.211234E0
7.140000E0	3.511738E1	1.924073E0
7.160000E0	3.512225E1	1.997525E0
7.180000E0	3.523099E1	2.397646E0
7.200000E0	3.531161E1	2.537657E0
7.220000E0	3.528645E1	2.503537E0
7.240000E0	3.526299E1	2.405284E0
7.260000E0	3.519479E1	2.164553E0
7.280000E0	3.517520E1	2.002777E0
7.300000E0	3.518380E1	2.119283E0
7.320000E0	3.516800E1	2.082805E0
7.340000E0	3.515351E1	2.076020E0
7.360000E0	3.514907E1	2.076743E0
7.380000E0	3.515488E1	2.078373E0
7.400000E0	3.514404E1	2.003265E0
7.420000E0	3.514770E1	1.944869E0
7.440000E0	3.515802E1	1.645401E0
7.460000E0	3.518635E1	1.590694E0
7.480000E0	3.524636E1	1.477392E0
7.500000E0	3.530569E1	1.286675E0
7.520000E0	3.528775E1	1.137411E0
7.540000E0	3.533509E1	1.229288E0
7.560000E0	3.531263E1	1.367046E0
7.580000E0	3.539817E1	1.570536E0
7.600000E0	3.544525E1	1.696495E0
7.620000E0	3.555892E1	1.649340E0
7.640000E0	3.574757E1	1.487541E0
7.660000E0	3.592781E1	1.562820E0
7.680000E0	3.621429E1	1.728340E0
7.700000E0	3.645217E1	2.056884E0
7.720000E0	3.660345E1	2.149805E0
7.740000E0	3.651760E1	2.393515E0
7.760000E0	3.646955E1	2.701275E0
7.780000E0	3.650327E1	2.746354E0
7.800000E0	3.650218E1	2.744925E0
7.820000E0	3.652209E1	2.796719E0
7.840000E0	3.648882E1	2.692232E0
7.860000E0	3.651777E1	2.457440E0
7.880000E0	3.659455E1	2.643988E0
7.900000E0	3.685972E1	2.941563E0
7.920000E0	3.711335E1	2.947404E0
7.940000E0	3.712189E1	2.974148E0
7.960000E0	3.715161E1	3.236569E0
7.980000E0	3.698540E1	3.656639E0
8.000000E0	3.700194E1	3.831271E0
8.020000E0	3.699606E1	3.483442E0
8.040000E0	3.700300E1	2.730911E0
8.060000E0	3.707800E1	2.448612E0
8.080000E0	3.708002E1	2.632023E0
8.100000E0	3.705822E1	2.613799E0
8.120000E0	3.704416E1	2.491275E0
8.140000E0	3.697989E1	2.354256E0
8.160000E0	3.698555E1	2.389912E0
8.180000E0	3.702300E1	2.497024E0
8.200000E0	3.708556E1	2.630676E0
8.220000E0	3.707512E1	2.622790E0
8.240000E0	3.706834E1	2.597880E0
8.260000E0	3.706049E1	2.561894E0
8.280000E0	3.696808E1	2.302516E0
8.300000E0	3.698954E1	2.138782E0
8.320000E0	3.704765E1	1.992512E0
8.340000E0	3.706485E1	1.983241E0
8.360000E0	3.705519E1	1.828222E0
8.380000E0	3.718279E1	1.668832E0
8.400000E0	3.715765E1	1.666654E0
8.420000E0	3.718051E1	1.702152E0
8.440000E0	3.714957E1	1.673004E0
8.460000E0	3.710419E1	1.658589E0
8.480000E0	3.706490E1	1.685507E0
8.500000E0	3.713870E1	1.656017E0
8.520000E0	3.725093E1	1.448028E0
8.540000E0	3.727800E1	1.369613E0
8.560000E0	3.742234E1	1.278715E0
8.580000E0	3.750608E1	1.251929E0
8.600000E0	3.753759E1	1.245506E0
8.620000E0	3.753841E1	1.461166E0
8.640000E0	3.753318E1	1.665915E0
8.660000E0	3.752139E1	1.767319E0
8.680000E0	3.755067E1	2.000949E0
8.700000E0	3.762594E1	2.242212E0
8.720000E0	3.777923E1	2.532088E0
8.740000E0	3.796240E1	2.889812E0
8.760000E0	3.816314E1	3.046594E0
8.780000E0	3.836641E1	2.928421E0
8.800000E0	3.861157E1	3.023901E0
8.820000E0	3.869922E1	3.093091E0
8.840000E0	3.863074E1	3.201855E0
8.860000E0	3.863593E1	3.031396E0
8.880000E0	3.877931E1	2.789695E0
8.900000E0	3.881096E1	2.942437E0
8.920000E0	3.888808E1	3.229916E0
8.940000E0	3.895739E1	3.380436E0
8.960000E0	3.898863E1	3.521913E0
8.980000E0	3.893106E1	3.942810E0
9.000000E0	3.871294E1	4.309331E0
9.020000E0	3.873577E1	3.882629E0
9.040000E0	3.876966E1	3.130710E0
9.060000E0	3.877601E1	3.022808E0
9.080000E0	3.883431E1	3.190818E0
9.100000E0	3.877179E1	2.984903E0
9.120000E0	3.881183E1	2.651653E0
9.140000E0	3.882026E1	2.643419E0
9.160000E0	3.897648E1	2.924020E0
9.180000E0	3.907517E1	2.808810E0
9.200000E0	3.909148E1	2.629674E0
9.220000E0	3.917850E1	2.312013E0
9.240000E0	3.914105E1	1.792215E0
9.260000E0	3.915304E1	1.612223E0
9.280000E0	3.929922E1	1.853709E0
9.300000E0	3.924424E1	1.893610E0
9.320000E0	3.926200E1	1.945905E0
9.340000E0	3.933420E1	1.938604E0
9.360000E0	3.949524E1	1.747344E0
9.380000E0	3.950367E1	1.537308E0
9.400000E0	3.948084E1	1.347104E0
9.420000E0	3.948822E1	1.175043E0
9.440000E0	3.946294E1	1.198783E0
9.460000E0	3.940714E1	1.413116E0
9.480000E0	3.937446E1	1.849717E0
9.500000E0	3.935820E1	1.885660E0
9.520000E0	3.934300E1	1.814014E0
9.540000E0	3.933753E1	1.816055E0
9.560000E0	3.930346E1	1.896669E0
9.580000E0	3.933573E1	1.885174E0
9.600000E0	3.940315E1	1.976702E0
9.620000E0	3.941352E1	2.036648E0
9.640000E0	3.951669E1	2.176982E0
9.660000E0	3.959350E1	2.487138E0
9.680000E0	3.966690E1	2.819910E0
9.700000E0	3.974709E1	2.976421E0
9.720000E0	3.976545E1	3.061588E0
9.740000E0	3.979215E1	3.089444E0
9.760000E0	3.981166E1	3.108060E0
9.780000E0	3.985752E1	3.140272E0
9.800000E0	3.985586E1	2.944531E0
9.820000E0	3.985719E1	2.787646E0
9.840000E0	3.985801E1	3.041522E0
9.860000E0	3.984648E1	3.302377E0
9.880000E0	3.985088E1	3.281299E0
9.900000E0	3.989707E1	3.412054E0
9.920000E0	3.990917E1	3.689923E0
9.940000E0	3.991824E1	3.915645E0
9.960000E0	3.982442E1	3.611849E0
9.980000E0	3.979468E1	3.047871E0
1.000000E1	3.978298E1	2.829240E0
1.002000E1	3.977526E1	2.820074E0
1.004000E1	3.985940E1	2.566958E0
1.006000E1	3.986545E1	2.255472E0
1.008000E1	3.989556E1	2.014898E0
1.010000E1	3.995525E1	2.009150E0
1.012000E1	3.999636E1	2.057461E0
1.014000E1	4.016262E1	2.276797E0
1.016000E1	4.020144E1	2.241074E0
1.018000E1	4.025794E1	2.262564E0
1.020000E1	4.028620E1	2.246831E0
1.022000E1	4.030384E1	1.992335E0
1.024000E1	4.037176E1	1.720671E0
1.026000E1	4.042787E1	1.673712E0
1.028000E1	4.048069E1	1.714383E0
1.030000E1	4.052206E1	1.769000E0
1.032000E1	4.048026E1	1.760874E0
1.034000E1	4.045587E1	1.994926E0
1.036000E1	4.037777E1	2.143824E0
1.038000E1	4.033786E1	2.154871E0
1.040000E1	4.027891E1	2.172276E0
1.042000E1	4.025309E1	2.168513E0
1.044000E1	4.027037E1	2.172592E0
1.046000E1	4.028724E1	2.198509E0
1.048000E1	4.028600E1	2.207807E0
1.050000E1	4.029624E1	2.193275E0
1.052000E1	4.029092E1	2.178993E0
1.054000E1	4.030333E1	2.161660E0
1.056000E1	4.030227E1	2.170457E0
1.058000E1	4.029657E1	2.207071E0
1.060000E1	4.029468E1	2.223742E0
1.062000E1	4.029176E1	2.269407E0
1.064000E1	4.033516E1	2.349919E0
1.066000E1	4.041948E1	2.524034E0
1.068000E1	4.041266E1	2.734493E0
1.070000E1	4.052693E1	3.016028E0
1.072000E1	4.057495E1	3.168652E0
1.074000E1	4.061967E1	3.166710E0
1.076000E1	4.069077E1	3.207516E0
1.078000E1	4.073386E1	3.398998E0
1.080000E1	4.074248E1	3.235206E0
1.082000E1	4.071492E1	2.968092E0
1.084000E1	4.071841E1	3.027631E0
1.086000E1	4.078207E1	3.266614E0
1.088000E1	4.081184E1	3.317256E0
1.090000E1	4.093511E1	3.168715E0
1.092000E1	4.108860E1	3.213460E0
1.094000E1	4.131954E1	3.368199E0
1.096000E1	4.134632E1	3.138231E0
1.098000E1	4.117949E1	2.686895E0
1.100000E1	4.115428E1	2.488221E0
1.102000E1	4.123999E1	2.546524E0
1.104000E1	4.127135E1	2.597516E0
1.106000E1	4.127701E1	2.544876E0
1.108000E1	4.131380E1	2.270335E0
1.110000E1	4.141395E1	2.142351E0
1.112000E1	4.172478E1	2.136065E0
1.114000E1	4.220356E1	2.187110E0
1.116000E1	4.246650E1	2.295065E0
1.118000E1	4.238793E1	2.238411E0
1.120000E1	4.210916E1	2.208750E0
1.122000E1	4.213452E1	2.231305E0
1.124000E1	4.211594E1	2.315964E0
1.126000E1	4.213179E1	2.346486E0
1.128000E1	4.213813E1	2.319676E0
1.130000E1	4.214935E1	2.327481E0
1.132000E1	4.219901E1	2.432874E0
1.134000E1	4.224119E1	2.288988E0
1.136000E1	4.220800E1	2.047875E0
1.138000E1	4.211053E1	1.933786E0
1.140000E1	4.212313E1	1.905218E0
1.142000E1	4.215842E1	2.056969E0
1.144000E1	4.216013E1	2.153405E0
1.146000E1	4.216591E1	2.181106E0
1.148000E1	4.215989E1	2.208134E0
1.150000E1	4.216942E1	2.232185E0
1.152000E1	4.217553E1	2.230101E0
1.154000E1	4.217172E1	2.262279E0
1.156000E1	4.216133E1	2.427792E0
1.158000E1	4.215499E1	2.391463E0
1.160000E1	4.217775E1	2.472182E0
1.162000E1	4.229262E1	2.811592E0
1.164000E1	4.230060E1	2.981204E0
1.166000E1	4.230617E1	2.967485E0
1.168000E1	4.228973E1	2.951389E0
1.170000E1	4.235205E1	2.988149E0
1.172000E1	4.232872E1	3.045821E0
1.174000E1	4.226617E1	2.747356E0
1.176000E1	4.231471E1	2.527845E0
1.178000E1	4.254898E1	2.711217E0
1.180000E1	4.262018E1	2.766552E0
1.182000E1	4.274591E1	2.800669E0
1.184000E1	4.279775E1	2.826874E0
1.186000E1	4.291494E1	3.215117E0
1.188000E1	4.294690E1	3.216463E0
1.190000E1	4.273988E1	2.951528E0
1.192000E1	4.270558E1	2.398600E0
1.194000E1	4.294105E1	2.214936E0
1.196000E1	4.322195E1	2.220222E0
1.198000E1	4.328617E1	2.050212E0
1.200000E1	4.320613E1	1.749069E0
1.202000E1	4.320003E1	1.759830E0
1.204000E1	4.325527E1	2.062129E0
1.206000E1	4.334220E1	2.337165E0
1.208000E1	4.343312E1	2.330879E0
1.210000E1	4.347082E1	2.308263E0
1.212000E1	4.346774E1	2.297924E0
1.214000E1	4.346987E1	2.157960E0
1.216000E1	4.350407E1	2.182070E0
1.218000E1	4.352249E1	2.247987E0
1.220000E1	4.354098E1	2.222346E0
1.222000E1	4.355537E1	2.182488E0
1.224000E1	4.356020E1	2.207632E0
1.226000E1	4.351246E1	2.288884E0
1.228000E1	4.352919E1	2.294241E0
1.230000E1	4.353478E1	2.288718E0
1.232000E1	4.346451E1	2.250627E0
1.234000E1	4.349237E1	2.259926E0
1.236000E1	4.351121E1	2.274800E0
1.238000E1	4.351398E1	2.284254E0
1.240000E1	4.352297E1	2.304974E0
1.242000E1	4.352168E1	2.364925E0
1.244000E1	4.352761E1	2.350727E0
1.246000E1	4.352500E1	2.352717E0
1.248000E1	4.353294E1	2.366623E0
1.250000E1	4.353243E1	2.381889E0
1.252000E1	4.354463E1	2.410304E0
1.254000E1	4.354700E1	2.402642E0
1.256000E1	4.355767E1	2.398773E0
1.258000E1	4.364621E1	2.567551E0
1.260000E1	4.368820E1	2.669121E0
1.262000E1	4.380658E1	2.724604E0
1.264000E1	4.393263E1	2.775287E0
1.266000E1	4.414626E1	2.687243E0
1.268000E1	4.414681E1	2.699382E0
1.270000E1	4.414846E1	2.743301E0
1.272000E1	4.414024E1	2.781956E0
1.274000E1	4.411254E1	2.694559E0
1.276000E1	4.409690E1	2.721950E0
1.278000E1	4.419826E1	2.996014E0
1.280000E1	4.433595E1	2.943038E0
1.282000E1	4.465196E1	2.764653E0
1.284000E1	4.489169E1	2.850951E0
1.286000E1	4.508237E1	3.039981E0
1.288000E1	4.502718E1	2.958362E0
1.290000E1	4.475222E1	2.767540E0
1.292000E1	4.457120E1	2.467500E0
1.294000E1	4.453239E1	2.498017E0
1.296000E1	4.451229E1	2.524883E0
1.298000E1	4.450074E1	2.433256E0
1.300000E1	4.445358E1	2.276257E0
1.302000E1	4.446763E1	2.292296E0
1.304000E1	4.449172E1	2.300779E0
1.306000E1	4.460004E1	2.299370E0
1.308000E1	4.480613E1	2.318004E0
1.310000E1	4.484395E1	2.270271E0
1.312000E1	4.487199E1	2.296286E0
1.314000E1	4.488147E1	2.262596E0
1.316000E1	4.484308E1	2.240828E0
1.318000E1	4.488130E1	2.270610E0
1.320000E1	4.488571E1	2.280461E0
1.322000E1	4.490308E1	2.297795E0
1.324000E1	4.491462E1	2.322910E0
1.326000E1	4.493294E1	2.345126E0
1.328000E1	4.492380E1	2.373813E0
1.330000E1	4.491651E1	2.326724E0
1.332000E1	4.491780E1	2.328750E0
1.334000E1	4.490557E1	2.386386E0
1.336000E1	4.491786E1	2.370154E0
1.338000E1	4.491808E1	2.369086E0
1.340000E1	4.492416E1	2.372685E0
1.342000E1	4.492347E1	2.369831E0
1.344000E1	4.493496E1	2.364739E0
1.346000E1	4.494483E1	2.297731E0
1.348000E1	4.497848E1	2.298340E0
1.350000E1	4.503629E1	2.316002E0
1.352000E1	4.505514E1	2.200533E0
1.354000E1	4.514953E1	2.225280E0
1.356000E1	4.523942E1	2.448512E0
1.358000E1	4.538324E1	2.794165E0
1.360000E1	4.540600E1	2.836393E0
1.362000E1	4.541643E1	2.928135E0
1.364000E1	4.559322E1	2.930576E0
1.366000E1	4.575717E1	2.753319E0
1.368000E1	4.585495E1	2.468644E0
1.370000E1	4.585519E1	2.316937E0
1.372000E1	4.598586E1	2.348607E0
1.374000E1	4.603715E1	2.686397E0
1.376000E1	4.581982E1	3.130143E0
1.378000E1	4.586249E1	3.272434E0
1.380000E1	4.587440E1	3.426339E0
1.382000E1	4.583401E1	3.534435E0
1.384000E1	4.577769E1	3.226043E0
1.386000E1	4.569764E1	2.731683E0
1.388000E1	4.576532E1	2.780877E0
1.390000E1	4.585053E1	2.832832E0
1.392000E1	4.590845E1	2.514324E0
1.394000E1	4.588348E1	2.228444E0
1.396000E1	4.587035E1	2.310189E0
1.398000E1	4.589414E1	2.603834E0
1.400000E1	4.595261E1	2.688833E0
1.402000E1	4.593321E1	2.684269E0
1.404000E1	4.586913E1	2.518371E0
1.406000E1	4.588460E1	2.426373E0
1.408000E1	4.588251E1	2.379856E0
1.410000E1	4.587806E1	2.388197E0
1.412000E1	4.585857E1	2.417292E0
1.414000E1	4.585558E1	2.419661E0
1.416000E1	4.584340E1	2.435564E0
1.418000E1	4.587133E1	2.521872E0
1.420000E1	4.586761E1	2.424918E0
1.422000E1	4.587210E1	2.407659E0
1.424000E1	4.582183E1	2.359340E0
1.426000E1	4.581846E1	2.360749E0
1.428000E1	4.583023E1	2.369910E0
1.430000E1	4.587126E1	2.318714E0
1.432000E1	4.588570E1	2.291810E0
1.434000E1	4.592267E1	2.291238E0
1.436000E1	4.596371E1	2.177233E0
1.438000E1	4.596042E1	2.145754E0
1.440000E1	4.594916E1	2.081466E0
1.442000E1	4.596627E1	2.129565E0
1.444000E1	4.594629E1	2.111868E0
1.446000E1	4.596558E1	2.113006E0
1.448000E1	4.611958E1	2.253102E0
1.450000E1	4.624054E1	2.425518E0
1.452000E1	4.650896E1	2.437813E0
1.454000E1	4.662836E1	2.392704E0
1.456000E1	4.676794E1	2.394935E0
1.458000E1	4.682801E1	2.443771E0
1.460000E1	4.676885E1	2.728688E0
1.462000E1	4.674285E1	2.800555E0
1.464000E1	4.660212E1	2.513141E0
1.466000E1	4.656064E1	2.549249E0
1.468000E1	4.659692E1	2.938276E0
1.470000E1	4.665230E1	2.904287E0
1.472000E1	4.672564E1	2.906792E0
1.474000E1	4.687878E1	3.169345E0
1.476000E1	4.692348E1	3.359621E0
1.478000E1	4.693264E1	3.375200E0
1.480000E1	4.681206E1	3.200056E0
1.482000E1	4.681793E1	2.761096E0
1.484000E1	4.677215E1	2.642645E0
1.486000E1	4.675804E1	2.701453E0
1.488000E1	4.677049E1	2.745798E0
1.490000E1	4.672429E1	2.546609E0
1.492000E1	4.674584E1	2.500452E0
1.494000E1	4.676026E1	2.505122E0
1.496000E1	4.676594E1	2.500035E0
1.498000E1	4.678527E1	2.525982E0
1.500000E1	4.678244E1	2.550721E0
1.502000E1	4.679369E1	2.503215E0
1.504000E1	4.679430E1	2.491635E0
1.506000E1	4.677334E1	2.423353E0
1.508000E1	4.677787E1	2.408937E0
1.510000E1	4.678875E1	2.404293E0
1.512000E1	4.677973E1	2.402447E0
1.514000E1	4.679451E1	2.377326E0
1.516000E1	4.679825E1	2.407660E0
1.518000E1	4.686714E1	2.353012E0
1.520000E1	4.687955E1	2.321763E0
1.522000E1	4.686841E1	2.175337E0
1.524000E1	4.687630E1	1.966514E0
1.526000E1	4.686473E1	1.962745E0
1.528000E1	4.685987E1	2.065157E0
1.530000E1	4.685292E1	2.039581E0
1.532000E1	4.684994E1	2.030303E0
1.534000E1	4.683711E1	2.026893E0
1.536000E1	4.691079E1	1.943092E0
1.538000E1	4.701637E1	1.853263E0
1.540000E1	4.701110E1	1.829756E0
1.542000E1	4.703248E1	1.854047E0
1.544000E1	4.701018E1	1.874841E0
1.546000E1	4.697981E1	1.980452E0
1.548000E1	4.693646E1	2.303438E0
1.550000E1	4.690995E1	2.443910E0
1.552000E1	4.695720E1	2.655358E0
1.554000E1	4.699978E1	2.801100E0
1.556000E1	4.695116E1	2.853019E0
1.558000E1	4.699412E1	2.906543E0
1.560000E1	4.704888E1	3.011811E0
1.562000E1	4.713817E1	2.863152E0
1.564000E1	4.713429E1	2.570074E0
1.566000E1	4.717949E1	2.523071E0
1.568000E1	4.728129E1	2.861343E0
1.570000E1	4.733419E1	3.086597E0
1.572000E1	4.731619E1	3.108696E0
1.574000E1	4.742404E1	3.281587E0
1.576000E1	4.736783E1	3.501957E0
1.578000E1	4.733077E1	3.380441E0
1.580000E1	4.725187E1	2.776816E0
1.582000E1	4.722612E1	2.550266E0
1.584000E1	4.721655E1	2.804346E0
1.586000E1	4.720428E1	2.723478E0
1.588000E1	4.718829E1	2.578582E0
1.590000E1	4.720704E1	2.581534E0
1.592000E1	4.730671E1	2.728367E0
1.594000E1	4.730716E1	2.783293E0
1.596000E1	4.730709E1	2.803824E0
1.598000E1	4.730443E1	2.773989E0
1.600000E1	4.722673E1	2.651678E0
1.602000E1	4.725022E1	2.347615E0
1.604000E1	4.728195E1	2.449222E0
1.606000E1	4.735537E1	2.398892E0
1.608000E1	4.738768E1	2.241284E0
1.610000E1	4.740597E1	2.285966E0
1.612000E1	4.743409E1	2.435515E0
1.614000E1	4.740223E1	2.426960E0
1.616000E1	4.732328E1	2.366880E0
1.618000E1	4.730545E1	2.338001E0
1.620000E1	4.733731E1	2.295428E0
1.622000E1	4.739815E1	2.172352E0
1.624000E1	4.742996E1	2.008863E0
1.626000E1	4.746592E1	1.970281E0
1.628000E1	4.745302E1	1.962059E0
1.630000E1	4.743804E1	1.971227E0
1.632000E1	4.738725E1	2.225826E0
1.634000E1	4.736029E1	2.314098E0
1.636000E1	4.734292E1	2.378056E0
1.638000E1	4.734286E1	2.418351E0
1.640000E1	4.734114E1	2.541129E0
1.642000E1	4.744015E1	2.713010E0
1.644000E1	4.746719E1	2.962466E0
1.646000E1	4.750289E1	2.975247E0
1.648000E1	4.751123E1	2.954568E0
1.650000E1	4.748820E1	2.954233E0
1.652000E1	4.746107E1	3.016537E0
1.654000E1	4.742444E1	2.965618E0
1.656000E1	4.737654E1	2.754063E0
1.658000E1	4.741519E1	2.809256E0
1.660000E1	4.745036E1	3.007093E0
1.662000E1	4.747375E1	3.110033E0
1.664000E1	4.745541E1	3.084691E0
1.666000E1	4.749188E1	3.281823E0
1.668000E1	4.740301E1	3.701148E0
1.670000E1	4.739624E1	3.722608E0
1.672000E1	4.732483E1	3.036551E0
1.674000E1	4.734873E1	2.764625E0
1.676000E1	4.733963E1	2.926820E0
1.678000E1	4.732408E1	2.927318E0
1.680000E1	4.725920E1	2.647883E0
1.682000E1	4.727249E1	2.599689E0
1.684000E1	4.728461E1	2.587534E0
1.686000E1	4.730120E1	2.549125E0
1.688000E1	4.734399E1	2.462141E0
1.690000E1	4.739249E1	2.450138E0
1.692000E1	4.746969E1	2.334859E0
1.694000E1	4.734363E1	2.199190E0
1.696000E1	4.735755E1	2.070059E0
1.698000E1	4.734248E1	2.166768E0
1.700000E1	4.734998E1	2.132396E0
1.702000E1	4.736252E1	2.080910E0
1.704000E1	4.737766E1	2.026126E0
1.706000E1	4.744650E1	2.015781E0
1.708000E1	4.759832E1	1.949006E0
1.710000E1	4.773323E1	1.827809E0
1.712000E1	4.777778E1	1.813732E0
1.714000E1	4.776559E1	1.788822E0
1.716000E1	4.771638E1	1.923284E0
1.718000E1	4.768554E1	2.072704E0
1.720000E1	4.768368E1	2.041073E0
1.722000E1	4.769252E1	2.135233E0
1.724000E1	4.771288E1	2.130128E0
1.726000E1	4.773240E1	2.104558E0
1.728000E1	4.774926E1	2.098922E0
1.730000E1	4.776077E1	2.129850E0
1.732000E1	4.777611E1	2.075026E0
1.734000E1	4.778712E1	2.069023E0
1.736000E1	4.777495E1	2.057646E0
1.738000E1	4.777126E1	2.049605E0
1.740000E1	4.778485E1	2.124669E0
1.742000E1	4.785651E1	2.308150E0
1.744000E1	4.787447E1	2.506630E0
1.746000E1	4.786760E1	2.549235E0
1.748000E1	4.788105E1	2.638571E0
1.750000E1	4.789048E1	2.679379E0
1.752000E1	4.791915E1	2.720278E0
1.754000E1	4.787424E1	2.803338E0
1.756000E1	4.784001E1	2.717879E0
1.758000E1	4.780814E1	2.571311E0
1.760000E1	4.789771E1	2.847059E0
1.762000E1	4.788199E1	2.932152E0
1.764000E1	4.789056E1	2.929045E0
1.766000E1	4.789416E1	3.120339E0
1.768000E1	4.793394E1	3.428360E0
1.770000E1	4.789262E1	3.454617E0
1.772000E1	4.782844E1	3.181549E0
1.774000E1	4.785846E1	2.482430E0
1.776000E1	4.787894E1	2.456768E0
1.778000E1	4.787899E1	2.488369E0
1.780000E1	4.787762E1	2.353622E0
1.782000E1	4.782039E1	2.071205E0
1.784000E1	4.781829E1	2.206041E0
1.786000E1	4.788013E1	2.279100E0
1.788000E1	4.787201E1	2.351166E0
1.790000E1	4.787047E1	2.376588E0
1.792000E1	4.797785E1	2.283883E0
1.794000E1	4.797644E1	2.082397E0
1.796000E1	4.799670E1	1.923417E0
1.798000E1	4.799404E1	1.862870E0
1.800000E1	4.796500E1	1.890464E0
1.802000E1	4.788818E1	2.022622E0
1.804000E1	4.784296E1	2.234525E0
1.806000E1	4.784267E1	2.291450E0
1.808000E1	4.779675E1	2.372237E0
1.810000E1	4.778798E1	2.391368E0
1.812000E1	4.779128E1	2.367406E0
1.814000E1	4.780557E1	2.372269E0
1.816000E1	4.780706E1	2.378156E0
1.818000E1	4.781340E1	2.377422E0
1.820000E1	4.781825E1	2.349574E0
1.822000E1	4.781286E1	2.338197E0
1.824000E1	4.782132E1	2.347729E0
1.826000E1	4.781344E1	2.421137E0
1.828000E1	4.780963E1	2.460353E0
1.830000E1	4.781275E1	2.469863E0
1.832000E1	4.781663E1	2.499851E0
1.834000E1	4.784365E1	2.526028E0
1.836000E1	4.784521E1	2.609770E0
1.838000E1	4.795749E1	2.839458E0
1.840000E1	4.791377E1	3.023660E0
1.842000E1	4.789723E1	2.988725E0
1.844000E1	4.792034E1	3.047118E0
1.846000E1	4.791286E1	3.098577E0
1.848000E1	4.790210E1	3.036100E0
1.850000E1	4.790656E1	2.821387E0
1.852000E1	4.787714E1	2.852829E0
1.854000E1	4.790508E1	3.111316E0
1.856000E1	4.788256E1	3.099967E0
1.858000E1	4.800892E1	3.079283E0
1.860000E1	4.833172E1	3.181633E0
1.862000E1	4.841178E1	3.286377E0
1.864000E1	4.832347E1	3.054569E0
1.866000E1	4.813035E1	2.615576E0
1.868000E1	4.817866E1	2.537003E0
1.870000E1	4.820259E1	2.534565E0
1.872000E1	4.820955E1	2.502478E0
1.874000E1	4.816392E1	2.272113E0
1.876000E1	4.829093E1	2.258503E0
1.878000E1	4.833082E1	2.288979E0
1.880000E1	4.853989E1	2.264409E0
1.882000E1	4.882759E1	2.177698E0
1.884000E1	4.882515E1	2.118711E0
1.886000E1	4.880137E1	2.289458E0
1.888000E1	4.872730E1	2.347767E0
1.890000E1	4.871378E1	2.325818E0
1.892000E1	4.870150E1	2.444442E0
1.894000E1	4.871232E1	2.454727E0
1.896000E1	4.872220E1	2.455203E0
1.898000E1	4.873914E1	2.499440E0
1.900000E1	4.874820E1	2.510831E0
1.902000E1	4.875140E1	2.476818E0
1.904000E1	4.872947E1	2.473157E0
1.906000E1	4.868943E1	2.382331E0
1.908000E1	4.870181E1	2.382704E0
1.910000E1	4.870297E1	2.416059E0
1.912000E1	4.871200E1	2.418556E0
1.914000E1	4.871813E1	2.435319E0
1.916000E1	4.872099E1	2.480393E0
1.918000E1	4.872504E1	2.484409E0
1.920000E1	4.872746E1	2.516706E0
1.922000E1	4.872649E1	2.516761E0
1.924000E1	4.872464E1	2.503588E0
1.926000E1	4.872786E1	2.507094E0
1.928000E1	4.873778E1	2.507954E0
1.930000E1	4.877085E1	2.601205E0
1.932000E1	4.880098E1	2.661531E0
1.934000E1	4.883378E1	2.827559E0
1.936000E1	4.884523E1	2.985405E0
1.938000E1	4.881015E1	2.987255E0
1.940000E1	4.886652E1	2.979154E0
1.942000E1	4.884757E1	2.982578E0
1.944000E1	4.890586E1	2.989032E0
1.946000E1	4.895721E1	2.947145E0
1.948000E1	4.903680E1	2.666028E0
1.950000E1	4.911316E1	2.583538E0
1.952000E1	4.925158E1	2.802789E0
1.954000E1	4.926876E1	2.967995E0
1.956000E1	4.926136E1	2.969749E0
1.958000E1	4.931570E1	3.060908E0
1.960000E1	4.940696E1	3.331432E0
1.962000E1	4.958377E1	3.362148E0
1.964000E1	4.966357E1	2.962195E0
1.966000E1	4.964072E1	2.484836E0
1.968000E1	4.963844E1	2.228206E0
1.970000E1	4.965333E1	2.229283E0
1.972000E1	4.965473E1	2.455228E0
1.974000E1	4.964486E1	2.483946E0
1.976000E1	4.955591E1	2.374583E0
1.978000E1	4.957442E1	2.459825E0
1.980000E1	4.958189E1	2.545904E0
1.982000E1	4.959766E1	2.533687E0
1.984000E1	4.962260E1	2.596567E0
1.986000E1	4.961567E1	2.611247E0
1.988000E1	4.964743E1	2.517094E0
1.990000E1	4.965178E1	2.431199E0
1.992000E1	4.959346E1	2.361119E0
1.994000E1	4.959070E1	2.404694E0
1.996000E1	4.960304E1	2.432068E0
1.998000E1	4.961592E1	2.444671E0
2.000000E1	4.964414E1	2.522090E0
2.002000E1	4.964784E1	2.518611E0
2.004000E1	4.964816E1	2.508888E0
2.006000E1	4.963836E1	2.490558E0
2.008000E1	4.962803E1	2.478194E0
2.010000E1	4.963393E1	2.486776E0
2.012000E1	4.962221E1	2.501351E0
2.014000E1	4.961915E1	2.514614E0
2.016000E1	4.962198E1	2.515957E0
2.018000E1	4.962811E1	2.527323E0
2.020000E1	4.963184E1	2.525598E0
2.022000E1	4.962958E1	2.526725E0
2.024000E1	4.963408E1	2.524345E0
2.026000E1	4.963594E1	2.529744E0
2.028000E1	4.964749E1	2.510385E0
2.030000E1	4.968911E1	2.536198E0
2.032000E1	4.980554E1	2.595373E0
2.034000E1	4.996966E1	2.583833E0
2.036000E1	5.009055E1	2.595400E0
2.038000E1	5.009312E1	2.745349E0
2.040000E1	5.018211E1	2.860839E0
2.042000E1	5.015124E1	2.891727E0
2.044000E1	5.010791E1	2.898019E0
2.046000E1	5.008779E1	2.761338E0
2.048000E1	5.026939E1	2.529824E0
2.050000E1	5.050905E1	2.704670E0
2.052000E1	5.062633E1	2.758001E0
2.054000E1	5.068271E1	2.732764E0
2.056000E1	5.065634E1	2.823488E0
2.058000E1	5.047001E1	3.267974E0
2.060000E1	5.026636E1	3.041970E0
2.062000E1	5.006150E1	2.532294E0
2.064000E1	5.009521E1	2.606957E0
2.066000E1	5.011374E1	2.805531E0
2.068000E1	5.008134E1	2.591844E0
2.070000E1	5.008689E1	2.516597E0
2.072000E1	5.009215E1	2.533452E0
2.074000E1	5.014915E1	2.586845E0
2.076000E1	5.014866E1	2.499304E0
2.078000E1	5.012638E1	2.492025E0
2.080000E1	5.013797E1	2.534261E0
2.082000E1	5.011127E1	2.485446E0
2.084000E1	5.010275E1	2.448787E0
2.086000E1	5.010761E1	2.481639E0
2.088000E1	5.010982E1	2.490510E0
2.090000E1	5.009243E1	2.497669E0
2.092000E1	5.011645E1	2.519640E0
2.094000E1	5.011127E1	2.540448E0
2.096000E1	5.008155E1	2.503938E0
2.098000E1	5.007372E1	2.505491E0
2.100000E1	5.007589E1	2.513548E0
2.102000E1	5.008095E1	2.511267E0
2.104000E1	5.009227E1	2.522138E0
2.106000E1	5.009096E1	2.524181E0
2.108000E1	5.009337E1	2.520887E0
2.110000E1	5.009916E1	2.520811E0
2.112000E1	5.011316E1	2.499547E0
2.114000E1	5.012350E1	2.453471E0
2.116000E1	5.014124E1	2.464524E0
2.118000E1	5.021360E1	2.379622E0
2.120000E1	5.019794E1	2.394075E0
2.122000E1	5.021975E1	2.417323E0
2.124000E1	5.026999E1	2.621506E0
2.126000E1	5.028194E1	2.706856E0
2.128000E1	5.033569E1	2.844985E0
2.130000E1	5.037615E1	2.981343E0
2.132000E1	5.066595E1	2.834877E0
2.134000E1	5.088432E1	2.746736E0
2.136000E1	5.098286E1	2.613554E0
2.138000E1	5.099521E1	2.572010E0
2.140000E1	5.095619E1	2.503659E0
2.142000E1	5.098822E1	2.845707E0
2.144000E1	5.103679E1	3.058883E0
2.146000E1	5.098734E1	3.057296E0
2.148000E1	5.098076E1	3.271955E0
2.150000E1	5.106555E1	3.567370E0
2.152000E1	5.103710E1	3.642712E0
2.154000E1	5.099485E1	3.423497E0
2.156000E1	5.097406E1	2.958607E0
2.158000E1	5.097229E1	2.931024E0
2.160000E1	5.096222E1	2.987122E0
2.162000E1	5.092213E1	2.894902E0
2.164000E1	5.091885E1	2.770309E0
2.166000E1	5.091822E1	2.711159E0
2.168000E1	5.092875E1	2.692121E0
2.170000E1	5.094184E1	2.662616E0
2.172000E1	5.097333E1	2.620442E0
2.174000E1	5.098221E1	2.644615E0
2.176000E1	5.098618E1	2.616618E0
2.178000E1	5.099524E1	2.583699E0
2.180000E1	5.094722E1	2.565845E0
2.182000E1	5.094848E1	2.565822E0
2.184000E1	5.092437E1	2.554728E0
2.186000E1	5.096538E1	2.568578E0
2.188000E1	5.097633E1	2.571279E0
2.190000E1	5.100403E1	2.583018E0
2.192000E1	5.101162E1	2.585329E0
2.194000E1	5.100088E1	2.568252E0
2.196000E1	5.100582E1	2.556340E0
2.198000E1	5.100270E1	2.501513E0
2.200000E1	5.101419E1	2.457810E0
2.202000E1	5.103325E1	2.464970E0
2.204000E1	5.111527E1	2.330369E0
2.206000E1	5.108364E1	2.323554E0
2.208000E1	5.106586E1	2.292261E0
2.210000E1	5.107525E1	2.307815E0
2.212000E1	5.106768E1	2.256831E0
2.214000E1	5.104646E1	2.255067E0
2.216000E1	5.105827E1	2.219765E0
2.218000E1	5.108904E1	2.195299E0
2.220000E1	5.120951E1	2.051026E0
2.222000E1	5.129635E1	2.022246E0
2.224000E1	5.142779E1	2.130101E0
2.226000E1	5.152211E1	2.270271E0
2.228000E1	5.152192E1	2.483426E0
2.230000E1	5.137739E1	2.700986E0
2.232000E1	5.142403E1	2.701126E0
2.234000E1	5.140108E1	2.787649E0
2.236000E1	5.142391E1	2.820470E0
2.238000E1	5.135296E1	2.709412E0
2.240000E1	5.147050E1	2.604575E0
2.242000E1	5.154273E1	2.873512E0
2.244000E1	5.153744E1	2.956645E0
2.246000E1	5.161850E1	3.004192E0
2.248000E1	5.156817E1	3.155338E0
2.250000E1	5.156536E1	3.479924E0
2.252000E1	5.147809E1	3.517101E0
2.254000E1	5.142662E1	2.966264E0
2.256000E1	5.142849E1	2.529320E0
2.258000E1	5.142650E1	2.657643E0
2.260000E1	5.142652E1	2.878672E0
2.262000E1	5.142457E1	2.585446E0
2.264000E1	5.143181E1	2.577238E0
2.266000E1	5.143862E1	2.814793E0
2.268000E1	5.145094E1	2.868999E0
2.270000E1	5.146026E1	2.900619E0
2.272000E1	5.146883E1	2.953572E0
2.274000E1	5.146935E1	2.952037E0
2.276000E1	5.145490E1	2.831382E0
2.278000E1	5.146646E1	2.909983E0
2.280000E1	5.145749E1	2.905060E0
2.282000E1	5.145388E1	2.904896E0
2.284000E1	5.148348E1	2.882444E0
2.286000E1	5.150863E1	2.931963E0
2.288000E1	5.153711E1	2.856407E0
2.290000E1	5.151064E1	2.669906E0
2.292000E1	5.151882E1	2.549459E0
2.294000E1	5.149635E1	2.615849E0
2.296000E1	5.150160E1	2.651626E0
2.298000E1	5.151175E1	2.625964E0
2.300000E1	5.148911E1	2.613108E0
2.302000E1	5.152367E1	2.580040E0
2.304000E1	5.158347E1	2.486368E0
2.306000E1	5.163218E1	2.358679E0
2.308000E1	5.168821E1	2.350314E0
2.310000E1	5.167364E1	2.397288E0
2.312000E1	5.159565E1	2.474310E0
2.314000E1	5.150552E1	2.747878E0
2.316000E1	5.155964E1	2.916053E0
2.318000E1	5.153192E1	3.028762E0
2.320000E1	5.155846E1	3.181695E0
2.322000E1	5.153849E1	3.184007E0
2.324000E1	5.156960E1	3.158601E0
2.326000E1	5.161296E1	3.224504E0
2.328000E1	5.163192E1	3.150542E0
2.330000E1	5.160142E1	2.978203E0
2.332000E1	5.159540E1	2.929014E0
2.334000E1	5.158935E1	3.111605E0
2.336000E1	5.159411E1	3.304847E0
2.338000E1	5.157468E1	3.371387E0
2.340000E1	5.162370E1	3.539260E0
2.342000E1	5.159968E1	3.696078E0
2.344000E1	5.160182E1	3.626230E0
2.346000E1	5.149279E1	3.057495E0
2.348000E1	5.153168E1	2.854188E0
2.350000E1	5.147652E1	3.083473E0
2.352000E1	5.145850E1	3.066893E0
2.354000E1	5.141499E1	2.806795E0
2.356000E1	5.147950E1	2.818911E0
2.358000E1	5.146115E1	2.917713E0
2.360000E1	5.148458E1	2.961660E0
2.362000E1	5.148367E1	2.977861E0
2.364000E1	5.148285E1	3.007175E0
2.366000E1	5.147964E1	2.989031E0
2.368000E1	5.145176E1	2.868411E0
2.370000E1	5.149677E1	2.833584E0
2.372000E1	5.153023E1	2.863126E0
2.374000E1	5.156917E1	2.734550E0
2.376000E1	5.157031E1	2.590563E0
2.378000E1	5.156701E1	2.653349E0
2.380000E1	5.160260E1	2.828610E0
2.382000E1	5.156050E1	2.764105E0
2.384000E1	5.153760E1	2.718999E0
2.386000E1	5.152756E1	2.632670E0
2.388000E1	5.155609E1	2.479598E0
2.390000E1	5.161143E1	2.408887E0
2.392000E1	5.162054E1	2.413800E0
2.394000E1	5.165439E1	2.329534E0
2.396000E1	5.165083E1	2.258398E0
2.398000E1	5.160092E1	2.260107E0
2.400000E1	5.157626E1	2.458419E0
