	mass A		
t	x	y	
0.000000E0	3.432049E-4	-2.339827E-2
2.000000E-2	3.432049E-4	-2.339827E-2
4.000000E-2	1.107580E-3	1.578548E-3
6.000000E-2	2.782504E-4	-2.392799E-2
8.000000E-2	1.101231E-2	-9.257220E-2
1.000000E-1	4.194257E-3	-9.619469E-2
1.200000E-1	1.681875E-2	-1.936108E-1
1.400000E-1	7.245039E-2	-2.134150E-1
1.600000E-1	1.034201E-1	-2.760424E-1
1.800000E-1	1.179618E-1	-3.367144E-1
2.000000E-1	1.391182E-1	-3.513599E-1
2.200000E-1	2.694643E-1	-1.377919E-1
2.400000E-1	3.133061E-1	-1.187833E-1
2.600000E-1	4.233840E-1	6.663982E-2
2.800000E-1	4.732269E-1	2.495425E-1
3.000000E-1	5.132766E-1	2.316950E-2
3.200000E-1	5.235037E-1	-3.119342E-1
3.400000E-1	6.023130E-1	-5.387462E-1
3.600000E-1	6.825305E-1	-5.421325E-1
3.800000E-1	9.171732E-1	-3.873567E-1
4.000000E-1	1.014463E0	-2.249053E-1
4.200000E-1	1.024056E0	1.741288E-1
4.400000E-1	1.203317E0	4.666887E-1
4.600000E-1	1.435362E0	7.916931E-1
4.800000E-1	1.437953E0	9.208352E-1
5.000000E-1	1.434542E0	9.325073E-1
5.200000E-1	1.513168E0	1.005123E0
5.400000E-1	1.771414E0	1.148177E0
5.600000E-1	2.053773E0	1.108507E0
5.800000E-1	2.404094E0	6.550391E-1
6.000000E-1	2.882796E0	8.890111E-2
6.200000E-1	2.808507E0	-1.362017E-2
6.400000E-1	2.867385E0	1.542058E-1
6.600000E-1	2.879721E0	7.507118E-1
6.800000E-1	2.950694E0	1.556737E0
7.000000E-1	3.171641E0	2.175417E0
7.200000E-1	3.194525E0	2.120866E0
7.400000E-1	3.463931E0	1.881791E0
7.600000E-1	3.564807E0	1.504457E0
7.800000E-1	3.771798E0	1.227981E0
8.000000E-1	3.915658E0	1.363132E0
8.200000E-1	3.874104E0	1.384121E0
8.400000E-1	3.849143E0	1.402732E0
8.600000E-1	3.811019E0	1.640185E0
8.800000E-1	3.807992E0	1.812405E0
9.000000E-1	3.803723E0	1.841014E0
9.200000E-1	3.938371E0	1.708907E0
9.400000E-1	3.858615E0	1.377636E0
9.600000E-1	3.935828E0	1.093207E0
9.800000E-1	3.967659E0	7.659170E-1
1.000000E0	4.088226E0	7.066787E-1
1.020000E0	4.160467E0	6.136459E-1
1.040000E0	4.267674E0	3.335627E-1
1.060000E0	4.275611E0	3.677798E-1
1.080000E0	4.270186E0	3.920069E-1
1.100000E0	4.270249E0	5.588079E-1
1.120000E0	4.264356E0	5.397340E-1
1.140000E0	4.273964E0	6.899434E-1
1.160000E0	4.323635E0	8.387916E-1
1.180000E0	4.362366E0	6.500270E-1
1.200000E0	4.501802E0	4.054690E-1
1.220000E0	4.691603E0	4.168972E-1
1.240000E0	5.018559E0	5.384319E-1
1.260000E0	5.168513E0	5.178895E-1
1.280000E0	5.173460E0	5.288676E-1
1.300000E0	5.164422E0	7.960192E-1
1.320000E0	5.261059E0	1.098376E0
1.340000E0	5.296771E0	1.081305E0
1.360000E0	5.292555E0	1.172328E0
1.380000E0	5.314052E0	1.430074E0
1.400000E0	5.511709E0	1.598271E0
1.420000E0	5.879885E0	1.781833E0
1.440000E0	6.311523E0	1.713888E0
1.460000E0	6.769856E0	1.501261E0
1.480000E0	6.989584E0	1.291500E0
1.500000E0	6.802585E0	1.413276E0
1.520000E0	6.482641E0	1.969343E0
1.540000E0	6.251702E0	2.608445E0
1.560000E0	6.364930E0	2.747684E0
1.580000E0	6.807642E0	2.029833E0
1.600000E0	7.169130E0	1.243688E0
1.620000E0	7.297720E0	9.394998E-1
1.640000E0	7.651009E0	1.556664E0
1.660000E0	7.580682E0	3.041887E0
1.680000E0	7.331495E0	3.945988E0
1.700000E0	7.359297E0	3.908867E0
1.720000E0	7.591771E0	2.901157E0
1.740000E0	7.804450E0	1.769942E0
1.760000E0	7.865529E0	1.703938E0
1.780000E0	7.939875E0	1.985882E0
1.800000E0	7.876909E0	1.982171E0
1.820000E0	7.917386E0	1.909229E0
1.840000E0	7.925420E0	1.885466E0
1.860000E0	8.265559E0	1.824712E0
1.880000E0	8.645307E0	1.753785E0
1.900000E0	8.697266E0	1.098289E0
1.920000E0	8.671914E0	5.810920E-1
1.940000E0	8.722817E0	6.005332E-1
1.960000E0	8.784736E0	1.072386E0
1.980000E0	8.780094E0	1.061415E0
2.000000E0	8.795768E0	1.062105E0
2.020000E0	8.846515E0	1.255161E0
2.040000E0	8.975031E0	1.130554E0
2.060000E0	8.999319E0	7.544613E-1
2.080000E0	9.008093E0	4.503447E-1
2.100000E0	9.116193E0	4.596710E-1
2.120000E0	9.151913E0	5.444600E-1
2.140000E0	9.217137E0	6.332555E-1
2.160000E0	9.235356E0	1.188990E0
2.180000E0	9.414133E0	1.660738E0
2.200000E0	9.512767E0	1.914229E0
2.220000E0	9.474960E0	1.962001E0
2.240000E0	9.451478E0	2.063247E0
2.260000E0	9.669068E0	2.269241E0
2.280000E0	9.791093E0	2.275708E0
2.300000E0	1.000275E1	1.726566E0
2.320000E0	1.038339E1	1.329618E0
2.340000E0	1.068689E1	1.420857E0
2.360000E0	1.078686E1	1.849719E0
2.380000E0	1.069827E1	2.536448E0
2.400000E0	1.068492E1	2.878227E0
2.420000E0	1.084439E1	2.897828E0
2.440000E0	1.109155E1	2.716021E0
2.460000E0	1.132347E1	2.566522E0
2.480000E0	1.139499E1	2.556170E0
2.500000E0	1.142383E1	2.750615E0
2.520000E0	1.149378E1	3.108973E0
2.540000E0	1.155939E1	3.111603E0
2.560000E0	1.174430E1	2.675396E0
2.580000E0	1.184176E1	2.259717E0
2.600000E0	1.180823E1	2.293697E0
2.620000E0	1.193776E1	2.720393E0
2.640000E0	1.212518E1	2.954723E0
2.660000E0	1.225061E1	3.108142E0
2.680000E0	1.226499E1	3.056322E0
2.700000E0	1.233046E1	2.991849E0
2.720000E0	1.251326E1	2.466821E0
2.740000E0	1.257600E1	1.916045E0
2.760000E0	1.269365E1	1.694802E0
2.780000E0	1.276076E1	1.606783E0
2.800000E0	1.275594E1	1.587068E0
2.820000E0	1.274041E1	1.585382E0
2.840000E0	1.292418E1	1.861119E0
2.860000E0	1.302068E1	1.892369E0
2.880000E0	1.330558E1	2.058335E0
2.900000E0	1.328913E1	2.049185E0
2.920000E0	1.325350E1	1.671609E0
2.940000E0	1.323172E1	1.328894E0
2.960000E0	1.334780E1	1.210091E0
2.980000E0	1.345638E1	1.158365E0
3.000000E0	1.353709E1	1.140123E0
3.020000E0	1.353769E1	1.121354E0
3.040000E0	1.352196E1	1.536077E0
3.060000E0	1.356672E1	1.859958E0
3.080000E0	1.353150E1	1.938025E0
3.100000E0	1.353695E1	1.957040E0
3.120000E0	1.350239E1	2.007313E0
3.140000E0	1.358219E1	2.122354E0
3.160000E0	1.364103E1	2.241269E0
3.180000E0	1.366017E1	2.181640E0
3.200000E0	1.392224E1	2.104660E0
3.220000E0	1.435513E1	2.256315E0
3.240000E0	1.448718E1	2.394029E0
3.260000E0	1.439282E1	2.711901E0
3.280000E0	1.439561E1	2.910056E0
3.300000E0	1.451201E1	2.947631E0
3.320000E0	1.455095E1	2.824129E0
3.340000E0	1.472440E1	2.604355E0
3.360000E0	1.479445E1	2.571103E0
3.380000E0	1.496683E1	2.664605E0
3.400000E0	1.514555E1	3.030783E0
3.420000E0	1.509661E1	3.402193E0
3.440000E0	1.501348E1	3.512350E0
3.460000E0	1.505912E1	3.808433E0
3.480000E0	1.502655E1	4.166358E0
3.500000E0	1.509484E1	4.406340E0
3.520000E0	1.508727E1	3.983080E0
3.540000E0	1.514591E1	3.377035E0
3.560000E0	1.508419E1	3.137156E0
3.580000E0	1.525116E1	3.094372E0
3.600000E0	1.552480E1	2.556555E0
3.620000E0	1.561889E1	2.132694E0
3.640000E0	1.590715E1	2.239158E0
3.660000E0	1.627337E1	2.524014E0
3.680000E0	1.680702E1	2.894178E0
3.700000E0	1.694087E1	2.840146E0
3.720000E0	1.692084E1	2.864847E0
3.740000E0	1.683394E1	2.489472E0
3.760000E0	1.681671E1	2.409600E0
3.780000E0	1.691417E1	2.433209E0
3.800000E0	1.708802E1	2.338446E0
3.820000E0	1.724371E1	2.039275E0
3.840000E0	1.739409E1	2.018178E0
3.860000E0	1.765893E1	2.090290E0
3.880000E0	1.777043E1	2.059880E0
3.900000E0	1.744309E1	1.974558E0
3.920000E0	1.729011E1	1.998280E0
3.940000E0	1.734703E1	2.168425E0
3.960000E0	1.732099E1	2.432424E0
3.980000E0	1.734050E1	2.454732E0
4.000000E0	1.734542E1	2.381414E0
4.020000E0	1.741366E1	2.505123E0
4.040000E0	1.746308E1	2.387546E0
4.060000E0	1.750776E1	1.895595E0
4.080000E0	1.742707E1	1.695762E0
4.100000E0	1.739715E1	1.886582E0
4.120000E0	1.759160E1	2.540234E0
4.140000E0	1.765726E1	3.059200E0
4.160000E0	1.787302E1	3.282410E0
4.180000E0	1.788617E1	3.217334E0
4.200000E0	1.805341E1	3.270870E0
4.220000E0	1.820227E1	3.259686E0
4.240000E0	1.844398E1	3.505230E0
4.260000E0	1.851268E1	3.946655E0
4.280000E0	1.835711E1	4.043398E0
4.300000E0	1.841270E1	3.719423E0
4.320000E0	1.838867E1	3.181814E0
4.340000E0	1.842263E1	3.220082E0
4.360000E0	1.843063E1	3.791826E0
4.380000E0	1.839658E1	3.971194E0
4.400000E0	1.845762E1	3.921005E0
4.420000E0	1.860901E1	3.988584E0
4.440000E0	1.875431E1	4.133360E0
4.460000E0	1.883928E1	3.825773E0
4.480000E0	1.885779E1	3.236382E0
4.500000E0	1.901805E1	2.948800E0
4.520000E0	1.926370E1	2.831128E0
4.540000E0	1.938801E1	2.708866E0
4.560000E0	1.959456E1	2.501914E0
4.580000E0	1.962290E1	2.531767E0
4.600000E0	1.971681E1	2.601544E0
4.620000E0	2.017810E1	3.289197E0
4.640000E0	2.073235E1	3.588772E0
4.660000E0	2.112554E1	3.349498E0
4.680000E0	2.133518E1	2.770061E0
4.700000E0	2.130973E1	2.123431E0
4.720000E0	2.127361E1	1.838627E0
4.740000E0	2.138266E1	1.837226E0
4.760000E0	2.142752E1	2.276189E0
4.780000E0	2.137834E1	2.521090E0
4.800000E0	2.145878E1	2.563401E0
4.820000E0	2.148379E1	2.598637E0
4.840000E0	2.149918E1	2.627524E0
4.860000E0	2.150165E1	2.627452E0
4.880000E0	2.151340E1	2.612861E0
4.900000E0	2.145501E1	2.427284E0
4.920000E0	2.149560E1	2.204942E0
4.940000E0	2.149730E1	2.159150E0
4.960000E0	2.146312E1	2.186169E0
4.980000E0	2.149026E1	2.262683E0
5.000000E0	2.146638E1	2.462605E0
5.020000E0	2.148978E1	2.514420E0
5.040000E0	2.149154E1	2.535772E0
5.060000E0	2.149020E1	2.516683E0
5.080000E0	2.148773E1	2.554472E0
5.100000E0	2.149592E1	2.584426E0
5.120000E0	2.156451E1	2.743607E0
5.140000E0	2.158853E1	2.921702E0
5.160000E0	2.157851E1	3.158979E0
5.180000E0	2.160498E1	3.393734E0
5.200000E0	2.168695E1	3.713352E0
5.220000E0	2.174870E1	3.898492E0
5.240000E0	2.180205E1	4.017566E0
5.260000E0	2.186428E1	4.052158E0
5.280000E0	2.192981E1	4.114219E0
5.300000E0	2.194512E1	4.088227E0
5.320000E0	2.205741E1	3.836518E0
5.340000E0	2.204606E1	3.356980E0
5.360000E0	2.215164E1	3.414718E0
5.380000E0	2.231708E1	3.578947E0
5.400000E0	2.245912E1	3.578435E0
5.420000E0	2.250114E1	3.677145E0
5.440000E0	2.260380E1	3.874422E0
5.460000E0	2.266253E1	4.008729E0
5.480000E0	2.272803E1	4.022173E0
5.500000E0	2.265899E1	4.030164E0
5.520000E0	2.267701E1	3.744140E0
5.540000E0	2.293306E1	3.268393E0
5.560000E0	2.323162E1	2.935656E0
5.580000E0	2.347751E1	2.826016E0
5.600000E0	2.350390E1	2.560455E0
5.620000E0	2.333417E1	2.356257E0
5.640000E0	2.361775E1	2.555823E0
5.660000E0	2.420000E1	3.241221E0
5.680000E0	2.492351E1	3.869775E0
5.700000E0	2.510394E1	3.835972E0
5.720000E0	2.517220E1	3.540596E0
5.740000E0	2.520155E1	3.240034E0
5.760000E0	2.521249E1	2.971312E0
5.780000E0	2.534083E1	2.840310E0
5.800000E0	2.542784E1	2.487934E0
5.820000E0	2.530309E1	2.468062E0
5.840000E0	2.530039E1	2.656272E0
5.860000E0	2.531353E1	2.972312E0
5.880000E0	2.531494E1	3.113515E0
5.900000E0	2.527709E1	2.997898E0
5.920000E0	2.517743E1	2.792144E0
5.940000E0	2.519693E1	2.764819E0
5.960000E0	2.524499E1	2.765318E0
5.980000E0	2.524849E1	2.786577E0
6.000000E0	2.523852E1	2.932446E0
6.020000E0	2.524563E1	3.050182E0
6.040000E0	2.522920E1	3.105500E0
6.060000E0	2.522053E1	3.117825E0
6.080000E0	2.523925E1	3.178110E0
6.100000E0	2.524040E1	3.299704E0
6.120000E0	2.525920E1	3.316060E0
6.140000E0	2.527993E1	3.356301E0
6.160000E0	2.543384E1	3.542030E0
6.180000E0	2.547035E1	3.639816E0
6.200000E0	2.581788E1	3.589545E0
6.220000E0	2.602688E1	3.648368E0
6.240000E0	2.612106E1	3.522936E0
6.260000E0	2.615803E1	3.572572E0
6.280000E0	2.616683E1	3.610639E0
6.300000E0	2.618050E1	3.641570E0
6.320000E0	2.611898E1	3.438083E0
6.340000E0	2.614838E1	3.762001E0
6.360000E0	2.628424E1	4.116469E0
6.380000E0	2.650343E1	4.110119E0
6.400000E0	2.676248E1	3.784391E0
6.420000E0	2.693257E1	3.726915E0
6.440000E0	2.708398E1	3.835520E0
6.460000E0	2.686961E1	3.678229E0
6.480000E0	2.654677E1	3.422964E0
6.500000E0	2.654663E1	3.458891E0
6.520000E0	2.674390E1	3.574736E0
6.540000E0	2.712352E1	3.589889E0
6.560000E0	2.716973E1	3.492392E0
6.580000E0	2.717809E1	3.532757E0
6.600000E0	2.752763E1	3.869718E0
6.620000E0	2.801646E1	3.928118E0
6.640000E0	2.859873E1	3.777142E0
6.660000E0	2.903094E1	3.486333E0
6.680000E0	2.896340E1	3.309158E0
6.700000E0	2.880379E1	3.149041E0
6.720000E0	2.885268E1	3.245707E0
6.740000E0	2.894472E1	3.364805E0
6.760000E0	2.892314E1	3.232724E0
6.780000E0	2.900850E1	3.177930E0
6.800000E0	2.901533E1	3.209907E0
6.820000E0	2.902356E1	3.225421E0
6.840000E0	2.901984E1	3.222267E0
6.860000E0	2.896987E1	3.244367E0
6.880000E0	2.890956E1	3.180650E0
6.900000E0	2.893487E1	3.247491E0
6.920000E0	2.895481E1	3.274521E0
6.940000E0	2.896520E1	3.261975E0
6.960000E0	2.895467E1	3.286903E0
6.980000E0	2.896822E1	3.284911E0
7.000000E0	2.896870E1	3.248337E0
7.020000E0	2.898209E1	3.232410E0
7.040000E0	2.899378E1	3.143349E0
7.060000E0	2.902282E1	3.111945E0
7.080000E0	2.915790E1	3.195233E0
7.100000E0	2.919330E1	3.046701E0
7.120000E0	2.932966E1	3.226670E0
7.140000E0	2.949116E1	3.532541E0
7.160000E0	2.959922E1	3.921394E0
7.180000E0	2.966395E1	3.971043E0
7.200000E0	2.960187E1	4.117846E0
7.220000E0	2.966285E1	4.353478E0
7.240000E0	3.002267E1	4.224175E0
7.260000E0	3.021488E1	3.829810E0
7.280000E0	3.031580E1	3.536023E0
7.300000E0	3.039595E1	3.501495E0
7.320000E0	3.049089E1	3.635230E0
7.340000E0	3.061352E1	4.001829E0
7.360000E0	3.074819E1	4.379996E0
7.380000E0	3.083427E1	4.572918E0
7.400000E0	3.092758E1	4.590370E0
7.420000E0	3.098079E1	4.662421E0
7.440000E0	3.103581E1	4.799353E0
7.460000E0	3.101987E1	4.787222E0
7.480000E0	3.112773E1	4.532441E0
7.500000E0	3.130432E1	3.948166E0
7.520000E0	3.172429E1	3.667021E0
7.540000E0	3.206960E1	3.678574E0
7.560000E0	3.210859E1	3.688691E0
7.580000E0	3.200896E1	3.568752E0
7.600000E0	3.196140E1	3.562393E0
7.620000E0	3.200115E1	3.685860E0
7.640000E0	3.203623E1	3.817469E0
7.660000E0	3.235162E1	3.823191E0
7.680000E0	3.242900E1	3.763106E0
7.700000E0	3.248929E1	3.683955E0
7.720000E0	3.249418E1	3.586210E0
7.740000E0	3.244325E1	3.538544E0
7.760000E0	3.240524E1	3.584151E0
7.780000E0	3.237722E1	3.620961E0
7.800000E0	3.235118E1	3.636388E0
7.820000E0	3.236402E1	3.679541E0
7.840000E0	3.235300E1	3.681021E0
7.860000E0	3.232007E1	3.675949E0
7.880000E0	3.231337E1	3.564189E0
7.900000E0	3.229181E1	3.532530E0
7.920000E0	3.230284E1	3.472510E0
7.940000E0	3.235719E1	3.377070E0
7.960000E0	3.237459E1	3.175551E0
7.980000E0	3.243586E1	2.934866E0
8.000000E0	3.242068E1	2.892091E0
8.020000E0	3.245742E1	2.988385E0
8.040000E0	3.243068E1	3.062905E0
8.060000E0	3.240608E1	3.173592E0
8.080000E0	3.244885E1	3.334730E0
8.100000E0	3.254918E1	3.339668E0
8.120000E0	3.274038E1	3.317470E0
8.140000E0	3.302612E1	3.382376E0
8.160000E0	3.330889E1	3.490138E0
8.180000E0	3.354443E1	3.619551E0
8.200000E0	3.356502E1	3.622727E0
8.220000E0	3.346339E1	3.905545E0
8.240000E0	3.351365E1	4.217571E0
8.260000E0	3.360912E1	4.357377E0
8.280000E0	3.366979E1	4.141213E0
8.300000E0	3.361273E1	4.152633E0
8.320000E0	3.364312E1	4.260952E0
8.340000E0	3.396441E1	4.488117E0
8.360000E0	3.436218E1	4.426781E0
8.380000E0	3.489121E1	4.299764E0
8.400000E0	3.520355E1	4.162217E0
8.420000E0	3.506250E1	4.388349E0
8.440000E0	3.473618E1	4.693847E0
8.460000E0	3.441565E1	4.730510E0
8.480000E0	3.452640E1	4.358945E0
8.500000E0	3.460378E1	3.946601E0
8.520000E0	3.465153E1	3.656292E0
8.540000E0	3.462752E1	3.555883E0
8.560000E0	3.467098E1	3.635165E0
8.580000E0	3.468535E1	3.910658E0
8.600000E0	3.467608E1	4.126334E0
8.620000E0	3.467374E1	4.092911E0
8.640000E0	3.466579E1	4.100975E0
8.660000E0	3.461579E1	3.827165E0
8.680000E0	3.455103E1	3.680370E0
8.700000E0	3.459293E1	3.717851E0
8.720000E0	3.458340E1	3.681619E0
8.740000E0	3.459345E1	3.641524E0
8.760000E0	3.459427E1	3.641074E0
8.780000E0	3.460191E1	3.656923E0
8.800000E0	3.472769E1	3.557904E0
8.820000E0	3.469874E1	3.285391E0
8.840000E0	3.466990E1	3.085093E0
8.860000E0	3.464326E1	3.117415E0
8.880000E0	3.468803E1	3.356631E0
8.900000E0	3.467235E1	3.336133E0
8.920000E0	3.466132E1	3.364034E0
8.940000E0	3.464946E1	3.423630E0
8.960000E0	3.475574E1	3.304366E0
8.980000E0	3.487456E1	3.101681E0
9.000000E0	3.495056E1	3.047903E0
9.020000E0	3.504624E1	2.983495E0
9.040000E0	3.523061E1	3.072603E0
9.060000E0	3.518873E1	3.282686E0
9.080000E0	3.515859E1	3.839424E0
9.100000E0	3.526739E1	4.255195E0
9.120000E0	3.530030E1	4.404338E0
9.140000E0	3.533832E1	4.359838E0
9.160000E0	3.543689E1	4.432373E0
9.180000E0	3.561223E1	4.650101E0
9.200000E0	3.561595E1	4.662482E0
9.220000E0	3.587761E1	4.336783E0
9.240000E0	3.628026E1	4.101981E0
9.260000E0	3.636436E1	4.074758E0
9.280000E0	3.639188E1	4.353716E0
9.300000E0	3.644086E1	4.600890E0
9.320000E0	3.651103E1	4.726506E0
9.340000E0	3.658775E1	4.779522E0
9.360000E0	3.674404E1	4.789573E0
9.380000E0	3.689344E1	5.012321E0
9.400000E0	3.681932E1	5.123228E0
9.420000E0	3.687327E1	4.798225E0
9.440000E0	3.682499E1	4.319176E0
9.460000E0	3.682528E1	4.286796E0
9.480000E0	3.684065E1	4.284078E0
9.500000E0	3.681837E1	4.189775E0
9.520000E0	3.681561E1	4.043880E0
9.540000E0	3.682053E1	4.119674E0
9.560000E0	3.687734E1	4.262464E0
9.580000E0	3.686158E1	4.288994E0
9.600000E0	3.687719E1	4.220932E0
9.620000E0	3.692388E1	4.152384E0
9.640000E0	3.690321E1	3.888409E0
9.660000E0	3.693204E1	3.708507E0
9.680000E0	3.692849E1	3.543183E0
9.700000E0	3.695966E1	3.375778E0
9.720000E0	3.695860E1	3.310401E0
9.740000E0	3.700368E1	3.428442E0
9.760000E0	3.702668E1	3.431631E0
9.780000E0	3.704724E1	3.511229E0
9.800000E0	3.700976E1	3.527796E0
9.820000E0	3.702868E1	3.419185E0
9.840000E0	3.700764E1	3.144726E0
9.860000E0	3.707968E1	3.053361E0
9.880000E0	3.713264E1	2.936783E0
9.900000E0	3.715547E1	2.918979E0
9.920000E0	3.711690E1	2.908565E0
9.940000E0	3.708890E1	3.202203E0
9.960000E0	3.705359E1	3.578376E0
9.980000E0	3.704258E1	3.673760E0
1.000000E1	3.698964E1	3.666530E0
1.002000E1	3.696429E1	3.726662E0
1.004000E1	3.706313E1	3.915496E0
1.006000E1	3.709259E1	4.075214E0
1.008000E1	3.713662E1	4.083006E0
1.010000E1	3.729495E1	4.217238E0
1.012000E1	3.747684E1	4.392171E0
1.014000E1	3.751306E1	4.508705E0
1.016000E1	3.749472E1	4.681761E0
1.018000E1	3.746288E1	4.727321E0
1.020000E1	3.749821E1	4.824376E0
1.022000E1	3.752295E1	4.795212E0
1.024000E1	3.767007E1	4.639283E0
1.026000E1	3.781264E1	4.454648E0
1.028000E1	3.783840E1	4.406920E0
1.030000E1	3.794030E1	4.758253E0
1.032000E1	3.793429E1	4.949586E0
1.034000E1	3.793998E1	4.863070E0
1.036000E1	3.804310E1	5.044422E0
1.038000E1	3.800138E1	5.518238E0
1.040000E1	3.796435E1	5.695664E0
1.042000E1	3.795026E1	5.114924E0
1.044000E1	3.791508E1	4.550655E0
1.046000E1	3.790886E1	4.566206E0
1.048000E1	3.792853E1	4.699341E0
1.050000E1	3.791934E1	4.227326E0
1.052000E1	3.801883E1	3.999164E0
1.054000E1	3.813461E1	4.054820E0
1.056000E1	3.843292E1	4.149494E0
1.058000E1	3.863292E1	4.086215E0
1.060000E1	3.874901E1	4.120573E0
1.062000E1	3.874818E1	4.118501E0
1.064000E1	3.869964E1	3.916795E0
1.066000E1	3.870393E1	3.918992E0
1.068000E1	3.880192E1	3.959888E0
1.070000E1	3.889687E1	3.618955E0
1.072000E1	3.897409E1	3.505819E0
1.074000E1	3.905147E1	3.467414E0
1.076000E1	3.918629E1	3.520978E0
1.078000E1	3.910087E1	3.426223E0
1.080000E1	3.890239E1	3.408247E0
1.082000E1	3.891252E1	3.571379E0
1.084000E1	3.892998E1	3.768447E0
1.086000E1	3.892006E1	3.769072E0
1.088000E1	3.887977E1	3.782746E0
1.090000E1	3.894768E1	3.910610E0
1.092000E1	3.892276E1	3.949788E0
1.094000E1	3.895616E1	3.716714E0
1.096000E1	3.893220E1	3.480529E0
1.098000E1	3.888893E1	3.481824E0
1.100000E1	3.893007E1	3.726441E0
1.102000E1	3.888977E1	3.981218E0
1.104000E1	3.899741E1	4.091036E0
1.106000E1	3.903581E1	4.363531E0
1.108000E1	3.924441E1	4.529271E0
1.110000E1	3.931795E1	4.523637E0
1.112000E1	3.931401E1	4.480312E0
1.114000E1	3.946029E1	4.685507E0
1.116000E1	3.939553E1	4.921030E0
1.118000E1	3.938986E1	4.608444E0
1.120000E1	3.930674E1	4.365191E0
1.122000E1	3.938126E1	4.477140E0
1.124000E1	3.940222E1	4.778420E0
1.126000E1	3.942121E1	4.863142E0
1.128000E1	3.939809E1	4.874976E0
1.130000E1	3.940615E1	5.087134E0
1.132000E1	3.952607E1	5.278763E0
1.134000E1	3.960414E1	5.040315E0
1.136000E1	3.961473E1	4.521369E0
1.138000E1	3.974603E1	4.155265E0
1.140000E1	3.980334E1	4.042624E0
1.142000E1	3.985403E1	3.957410E0
1.144000E1	3.980584E1	3.748119E0
1.146000E1	3.978665E1	3.767672E0
1.148000E1	3.976516E1	3.787276E0
1.150000E1	3.984217E1	4.084201E0
1.152000E1	3.994929E1	4.273201E0
1.154000E1	4.015085E1	4.132762E0
1.156000E1	4.032328E1	3.819190E0
1.158000E1	4.033733E1	3.495137E0
1.160000E1	4.033273E1	3.351163E0
1.162000E1	4.034472E1	3.376492E0
1.164000E1	4.025200E1	3.603963E0
1.166000E1	4.025656E1	3.958168E0
1.168000E1	4.027408E1	3.995975E0
1.170000E1	4.026280E1	3.969309E0
1.172000E1	4.024400E1	3.934934E0
1.174000E1	4.023007E1	3.929077E0
1.176000E1	4.020365E1	3.893809E0
1.178000E1	4.020088E1	3.821617E0
1.180000E1	4.021105E1	3.831421E0
1.182000E1	4.022339E1	3.820411E0
1.184000E1	4.020090E1	3.751469E0
1.186000E1	4.022225E1	3.804882E0
1.188000E1	4.021581E1	3.941838E0
1.190000E1	4.021792E1	3.897374E0
1.192000E1	4.022035E1	3.885978E0
1.194000E1	4.022138E1	3.864376E0
1.196000E1	4.023393E1	3.866951E0
1.198000E1	4.022794E1	3.903941E0
1.200000E1	4.023039E1	3.936903E0
1.202000E1	4.026783E1	4.084118E0
1.204000E1	4.030158E1	4.249881E0
1.206000E1	4.032705E1	4.466171E0
1.208000E1	4.043773E1	4.718234E0
1.210000E1	4.050789E1	4.766471E0
1.212000E1	4.059067E1	4.828362E0
1.214000E1	4.066625E1	4.893806E0
1.216000E1	4.065736E1	5.009564E0
1.218000E1	4.067530E1	4.827933E0
1.220000E1	4.060829E1	4.575085E0
1.222000E1	4.070069E1	4.414756E0
1.224000E1	4.095817E1	4.666790E0
1.226000E1	4.112258E1	4.731654E0
1.228000E1	4.119494E1	4.690914E0
1.230000E1	4.122396E1	4.744563E0
1.232000E1	4.139374E1	5.103832E0
1.234000E1	4.149951E1	5.203944E0
1.236000E1	4.141664E1	5.065786E0
1.238000E1	4.135791E1	4.947755E0
1.240000E1	4.156414E1	4.734198E0
1.242000E1	4.194981E1	4.503321E0
1.244000E1	4.223488E1	4.232118E0
1.246000E1	4.222889E1	3.946035E0
1.248000E1	4.221491E1	3.820151E0
1.250000E1	4.213286E1	3.898600E0
1.252000E1	4.216802E1	4.393504E0
1.254000E1	4.230161E1	4.722526E0
1.256000E1	4.243928E1	4.736041E0
1.258000E1	4.236663E1	4.544401E0
1.260000E1	4.238527E1	4.375873E0
1.262000E1	4.244178E1	4.357996E0
1.264000E1	4.245893E1	4.376046E0
1.266000E1	4.251500E1	4.298218E0
1.268000E1	4.250753E1	4.250680E0
1.270000E1	4.247395E1	4.196039E0
1.272000E1	4.250954E1	4.244845E0
1.274000E1	4.249169E1	4.330848E0
1.276000E1	4.245178E1	4.280293E0
1.278000E1	4.241049E1	4.248799E0
1.280000E1	4.241985E1	4.246101E0
1.282000E1	4.244743E1	4.271311E0
1.284000E1	4.245653E1	4.273080E0
1.286000E1	4.246471E1	4.363670E0
1.288000E1	4.245098E1	4.471802E0
1.290000E1	4.246777E1	4.424701E0
1.292000E1	4.246610E1	4.413129E0
1.294000E1	4.246844E1	4.461660E0
1.296000E1	4.248886E1	4.536103E0
1.298000E1	4.248959E1	4.494789E0
1.300000E1	4.253132E1	4.544703E0
1.302000E1	4.259905E1	4.651708E0
1.304000E1	4.264682E1	4.858280E0
1.306000E1	4.269700E1	4.734385E0
1.308000E1	4.279924E1	4.809292E0
1.310000E1	4.293421E1	4.871489E0
1.312000E1	4.310596E1	4.697597E0
1.314000E1	4.306218E1	4.579964E0
1.316000E1	4.301303E1	4.585304E0
1.318000E1	4.302393E1	4.617732E0
1.320000E1	4.304876E1	4.760212E0
1.322000E1	4.313350E1	5.138385E0
1.324000E1	4.325664E1	5.378941E0
1.326000E1	4.356028E1	5.181774E0
1.328000E1	4.368269E1	5.014820E0
1.330000E1	4.365154E1	4.845472E0
1.332000E1	4.346879E1	4.609817E0
1.334000E1	4.337631E1	4.450928E0
1.336000E1	4.338883E1	4.580856E0
1.338000E1	4.344521E1	4.734443E0
1.340000E1	4.343355E1	4.669200E0
1.342000E1	4.342400E1	4.593415E0
1.344000E1	4.340876E1	4.708852E0
1.346000E1	4.354105E1	4.863946E0
1.348000E1	4.359014E1	4.888818E0
1.350000E1	4.361973E1	4.588311E0
1.352000E1	4.371901E1	4.282508E0
1.354000E1	4.364185E1	4.085421E0
1.356000E1	4.359558E1	4.067774E0
1.358000E1	4.358759E1	4.276442E0
1.360000E1	4.355420E1	4.293903E0
1.362000E1	4.353897E1	4.313124E0
1.364000E1	4.353104E1	4.324907E0
1.366000E1	4.353823E1	4.339155E0
1.368000E1	4.352277E1	4.326003E0
1.370000E1	4.350765E1	4.334999E0
1.372000E1	4.347148E1	4.349928E0
1.374000E1	4.344513E1	4.359260E0
1.376000E1	4.344993E1	4.409786E0
1.378000E1	4.346171E1	4.453256E0
1.380000E1	4.346904E1	4.429788E0
1.382000E1	4.347445E1	4.441924E0
1.384000E1	4.347383E1	4.430134E0
1.386000E1	4.346800E1	4.410533E0
1.388000E1	4.348256E1	4.404500E0
1.390000E1	4.349542E1	4.371300E0
1.392000E1	4.353419E1	4.337426E0
1.394000E1	4.360038E1	4.324388E0
1.396000E1	4.364006E1	4.319289E0
1.398000E1	4.374713E1	4.345675E0
1.400000E1	4.392417E1	4.512274E0
1.402000E1	4.403100E1	4.789550E0
1.404000E1	4.403506E1	4.726808E0
1.406000E1	4.405259E1	4.802176E0
1.408000E1	4.415666E1	5.113357E0
1.410000E1	4.423927E1	5.061709E0
1.412000E1	4.439336E1	4.623385E0
1.414000E1	4.444288E1	4.447100E0
1.416000E1	4.461312E1	4.488379E0
1.418000E1	4.473698E1	4.753016E0
1.420000E1	4.482343E1	4.983478E0
1.422000E1	4.482155E1	5.330980E0
1.424000E1	4.489314E1	5.580940E0
1.426000E1	4.488409E1	5.638037E0
1.428000E1	4.487566E1	5.670979E0
1.430000E1	4.479454E1	5.648661E0
1.432000E1	4.478519E1	5.197583E0
1.434000E1	4.481851E1	5.090071E0
1.436000E1	4.482386E1	5.077840E0
1.438000E1	4.483679E1	4.931615E0
1.440000E1	4.485437E1	4.677071E0
1.442000E1	4.481365E1	4.583213E0
1.444000E1	4.479201E1	4.610180E0
1.446000E1	4.482117E1	4.672539E0
1.448000E1	4.490212E1	4.822377E0
1.450000E1	4.486321E1	4.762036E0
1.452000E1	4.486829E1	4.740662E0
1.454000E1	4.485067E1	4.716543E0
1.456000E1	4.483604E1	4.679217E0
1.458000E1	4.483285E1	4.713019E0
1.460000E1	4.482092E1	4.776570E0
1.462000E1	4.480427E1	4.779019E0
1.464000E1	4.482441E1	4.821642E0
1.466000E1	4.483257E1	4.844032E0
1.468000E1	4.483876E1	4.836593E0
1.470000E1	4.484168E1	4.839520E0
1.472000E1	4.482428E1	4.800212E0
1.474000E1	4.478071E1	4.696967E0
1.476000E1	4.480139E1	4.747438E0
1.478000E1	4.482120E1	4.658097E0
1.480000E1	4.487883E1	4.664824E0
1.482000E1	4.491719E1	4.589940E0
1.484000E1	4.493464E1	4.473058E0
1.486000E1	4.494911E1	4.377434E0
1.488000E1	4.493459E1	4.383659E0
1.490000E1	4.492904E1	4.399186E0
1.492000E1	4.492679E1	4.457226E0
1.494000E1	4.490739E1	4.563849E0
1.496000E1	4.502777E1	4.512282E0
1.498000E1	4.519675E1	4.514299E0
1.500000E1	4.545190E1	4.624086E0
1.502000E1	4.561782E1	4.815500E0
1.504000E1	4.572625E1	4.815555E0
1.506000E1	4.573208E1	4.830339E0
1.508000E1	4.565489E1	5.285630E0
1.510000E1	4.568148E1	5.523928E0
1.512000E1	4.572310E1	5.304533E0
1.514000E1	4.566892E1	5.043307E0
1.516000E1	4.573232E1	5.267923E0
1.518000E1	4.583389E1	5.599828E0
1.520000E1	4.594598E1	5.686452E0
1.522000E1	4.607519E1	5.764874E0
1.524000E1	4.642326E1	5.956756E0
1.526000E1	4.639976E1	5.941986E0
1.528000E1	4.614108E1	5.676912E0
1.530000E1	4.607491E1	5.224075E0
1.532000E1	4.615114E1	5.149170E0
1.534000E1	4.615110E1	5.294259E0
1.536000E1	4.616734E1	5.164824E0
1.538000E1	4.617369E1	5.078764E0
1.540000E1	4.619290E1	4.953068E0
1.542000E1	4.625000E1	5.154618E0
1.544000E1	4.624287E1	5.417878E0
1.546000E1	4.623517E1	5.275834E0
1.548000E1	4.621615E1	5.126717E0
1.550000E1	4.621468E1	5.147050E0
1.552000E1	4.621765E1	5.167272E0
1.554000E1	4.620536E1	5.190633E0
1.556000E1	4.621806E1	5.190981E0
1.558000E1	4.620930E1	5.201728E0
1.560000E1	4.621791E1	5.231186E0
1.562000E1	4.624537E1	5.125804E0
1.564000E1	4.622581E1	5.145549E0
1.566000E1	4.624576E1	5.056313E0
1.568000E1	4.624694E1	4.743842E0
1.570000E1	4.624229E1	4.744258E0
1.572000E1	4.624883E1	4.757621E0
1.574000E1	4.626695E1	4.825592E0
1.576000E1	4.626249E1	4.835413E0
1.578000E1	4.625397E1	4.876538E0
1.580000E1	4.626270E1	4.864858E0
1.582000E1	4.631374E1	4.728875E0
1.584000E1	4.633281E1	4.628354E0
1.586000E1	4.643377E1	4.565326E0
1.588000E1	4.651324E1	4.548396E0
1.590000E1	4.658532E1	4.515032E0
1.592000E1	4.662744E1	4.775326E0
1.594000E1	4.668548E1	5.313140E0
1.596000E1	4.676992E1	5.527051E0
1.598000E1	4.676140E1	5.457835E0
1.600000E1	4.674592E1	5.458151E0
1.602000E1	4.679083E1	5.600393E0
1.604000E1	4.687471E1	5.763619E0
1.606000E1	4.687288E1	5.641622E0
1.608000E1	4.686746E1	5.274849E0
1.610000E1	4.688440E1	5.345576E0
1.612000E1	4.686745E1	5.604697E0
1.614000E1	4.689550E1	5.881349E0
1.616000E1	4.693279E1	5.983561E0
1.618000E1	4.690268E1	6.096957E0
1.620000E1	4.689094E1	6.292229E0
1.622000E1	4.686114E1	6.177290E0
1.624000E1	4.676842E1	5.686321E0
1.626000E1	4.671592E1	5.301576E0
1.628000E1	4.670400E1	5.393682E0
1.630000E1	4.668136E1	5.445922E0
1.632000E1	4.665006E1	5.190652E0
1.634000E1	4.667456E1	5.226702E0
1.636000E1	4.665589E1	5.353194E0
1.638000E1	4.669682E1	5.334222E0
1.640000E1	4.671409E1	5.347768E0
1.642000E1	4.672321E1	5.378282E0
1.644000E1	4.672729E1	5.365925E0
1.646000E1	4.669648E1	5.231928E0
1.648000E1	4.665467E1	5.070675E0
1.650000E1	4.668295E1	5.008815E0
1.652000E1	4.674017E1	4.989990E0
1.654000E1	4.676554E1	4.796160E0
1.656000E1	4.678958E1	4.760258E0
1.658000E1	4.680928E1	4.830166E0
1.660000E1	4.686941E1	4.953539E0
1.662000E1	4.683439E1	4.911625E0
1.664000E1	4.678825E1	4.844834E0
1.666000E1	4.675254E1	4.808742E0
1.668000E1	4.678714E1	4.768922E0
1.670000E1	4.680828E1	4.670620E0
1.672000E1	4.685832E1	4.549529E0
1.674000E1	4.688808E1	4.462060E0
1.676000E1	4.689128E1	4.400135E0
1.678000E1	4.687292E1	4.382664E0
1.680000E1	4.683483E1	4.607842E0
1.682000E1	4.680870E1	4.698137E0
1.684000E1	4.678408E1	4.792197E0
1.686000E1	4.677691E1	4.872411E0
1.688000E1	4.675812E1	4.897383E0
1.690000E1	4.680064E1	4.934356E0
1.692000E1	4.689985E1	5.173602E0
1.694000E1	4.695549E1	5.405811E0
1.696000E1	4.702522E1	5.593300E0
1.698000E1	4.709749E1	5.690106E0
1.700000E1	4.713669E1	5.717987E0
1.702000E1	4.718726E1	5.830370E0
1.704000E1	4.721394E1	5.924455E0
1.706000E1	4.720316E1	5.845094E0
1.708000E1	4.718597E1	5.452866E0
1.710000E1	4.721316E1	5.431772E0
1.712000E1	4.726857E1	5.736130E0
1.714000E1	4.726441E1	5.956225E0
1.716000E1	4.726634E1	5.935977E0
1.718000E1	4.727624E1	6.105455E0
1.720000E1	4.724945E1	6.401064E0
1.722000E1	4.724555E1	6.383373E0
1.724000E1	4.722694E1	5.812336E0
1.726000E1	4.718075E1	5.453679E0
1.728000E1	4.718045E1	5.545572E0
1.730000E1	4.717252E1	5.490525E0
1.732000E1	4.713742E1	5.179062E0
1.734000E1	4.714343E1	5.205661E0
1.736000E1	4.718486E1	5.222759E0
1.738000E1	4.731208E1	5.366669E0
1.740000E1	4.735065E1	5.248079E0
1.742000E1	4.738861E1	5.004721E0
1.744000E1	4.733405E1	4.932741E0
1.746000E1	4.730858E1	4.901341E0
1.748000E1	4.728346E1	4.873522E0
1.750000E1	4.726225E1	4.929315E0
1.752000E1	4.723415E1	4.951252E0
1.754000E1	4.731451E1	4.830022E0
1.756000E1	4.744339E1	4.674824E0
1.758000E1	4.755315E1	4.665115E0
1.760000E1	4.762341E1	4.648309E0
1.762000E1	4.761460E1	4.358329E0
1.764000E1	4.749505E1	4.341104E0
1.766000E1	4.752064E1	4.724890E0
1.768000E1	4.754425E1	4.903197E0
1.770000E1	4.757620E1	4.845543E0
1.772000E1	4.758894E1	4.857692E0
1.774000E1	4.758176E1	4.951978E0
1.776000E1	4.763053E1	4.982137E0
1.778000E1	4.764327E1	4.972399E0
1.780000E1	4.766184E1	4.909588E0
1.782000E1	4.765942E1	4.844693E0
1.784000E1	4.764692E1	4.854394E0
1.786000E1	4.769448E1	5.061249E0
1.788000E1	4.773089E1	5.437946E0
1.790000E1	4.782110E1	5.649541E0
1.792000E1	4.775879E1	5.723614E0
1.794000E1	4.776950E1	5.706053E0
1.796000E1	4.782483E1	5.817643E0
1.798000E1	4.781623E1	5.873353E0
1.800000E1	4.777071E1	5.786973E0
1.802000E1	4.769744E1	5.503137E0
1.804000E1	4.769677E1	5.524329E0
1.806000E1	4.775217E1	5.909805E0
1.808000E1	4.777808E1	5.947839E0
1.810000E1	4.777257E1	6.020910E0
1.812000E1	4.785559E1	6.336825E0
1.814000E1	4.780647E1	6.477583E0
1.816000E1	4.768878E1	6.045629E0
1.818000E1	4.768389E1	5.330622E0
1.820000E1	4.768245E1	5.148686E0
1.822000E1	4.769954E1	5.395010E0
1.824000E1	4.773113E1	5.318891E0
1.826000E1	4.770662E1	4.840885E0
1.828000E1	4.774509E1	4.764948E0
1.830000E1	4.772894E1	4.914265E0
1.832000E1	4.778245E1	5.143417E0
1.834000E1	4.775486E1	5.206943E0
1.836000E1	4.774543E1	5.146599E0
1.838000E1	4.775626E1	5.123614E0
1.840000E1	4.775724E1	4.874481E0
1.842000E1	4.784267E1	4.669026E0
1.844000E1	4.783743E1	4.635941E0
1.846000E1	4.782030E1	4.563018E0
1.848000E1	4.782440E1	4.480842E0
1.850000E1	4.782512E1	4.601042E0
1.852000E1	4.781194E1	4.863700E0
1.854000E1	4.777102E1	4.872032E0
1.856000E1	4.771668E1	4.852014E0
1.858000E1	4.770741E1	4.848970E0
1.860000E1	4.768276E1	4.842643E0
1.862000E1	4.769683E1	4.865167E0
1.864000E1	4.769109E1	4.913588E0
1.866000E1	4.771794E1	4.872747E0
1.868000E1	4.771392E1	4.869159E0
1.870000E1	4.769837E1	4.849129E0
1.872000E1	4.769469E1	4.854252E0
1.874000E1	4.768417E1	4.913618E0
1.876000E1	4.770785E1	4.905526E0
1.878000E1	4.770805E1	4.947139E0
1.880000E1	4.770559E1	4.951733E0
1.882000E1	4.772246E1	4.973305E0
1.884000E1	4.772637E1	5.016916E0
1.886000E1	4.777507E1	5.108711E0
1.888000E1	4.780956E1	5.294885E0
1.890000E1	4.781698E1	5.470318E0
1.892000E1	4.781806E1	5.477887E0
1.894000E1	4.783573E1	5.543435E0
1.896000E1	4.783873E1	5.546765E0
1.898000E1	4.785275E1	5.604183E0
1.900000E1	4.782581E1	5.538894E0
1.902000E1	4.775762E1	5.271003E0
1.904000E1	4.778156E1	5.352119E0
1.906000E1	4.792868E1	5.671948E0
1.908000E1	4.801036E1	5.709790E0
1.910000E1	4.826861E1	5.643602E0
1.912000E1	4.834789E1	5.725667E0
1.914000E1	4.844804E1	5.905727E0
1.916000E1	4.849766E1	5.893986E0
1.918000E1	4.841665E1	5.693426E0
1.920000E1	4.831894E1	5.310144E0
1.922000E1	4.827766E1	5.295062E0
1.924000E1	4.828029E1	5.331436E0
1.926000E1	4.831032E1	5.158782E0
1.928000E1	4.831901E1	4.880361E0
1.930000E1	4.843557E1	4.725469E0
1.932000E1	4.865499E1	4.768960E0
1.934000E1	4.878541E1	4.845499E0
1.936000E1	4.895586E1	5.006476E0
1.938000E1	4.901819E1	5.239376E0
1.940000E1	4.901533E1	5.246610E0
1.942000E1	4.898056E1	5.170899E0
1.944000E1	4.900634E1	5.218278E0
1.946000E1	4.901564E1	5.263434E0
1.948000E1	4.904712E1	5.272103E0
1.950000E1	4.905155E1	5.296884E0
1.952000E1	4.907008E1	5.287994E0
1.954000E1	4.907873E1	5.266840E0
1.956000E1	4.905387E1	5.250124E0
1.958000E1	4.903654E1	5.240652E0
1.960000E1	4.903200E1	5.253072E0
1.962000E1	4.903014E1	5.255156E0
1.964000E1	4.903832E1	5.277647E0
1.966000E1	4.904627E1	5.287758E0
1.968000E1	4.905536E1	5.298560E0
1.970000E1	4.907341E1	5.312087E0
1.972000E1	4.904979E1	5.372861E0
1.974000E1	4.905299E1	5.392217E0
1.976000E1	4.906510E1	5.390442E0
1.978000E1	4.908267E1	5.424878E0
1.980000E1	4.909591E1	5.408009E0
1.982000E1	4.912375E1	5.494641E0
1.984000E1	4.915821E1	5.668313E0
1.986000E1	4.919103E1	5.858868E0
1.988000E1	4.918979E1	5.870949E0
1.990000E1	4.917164E1	5.866237E0
1.992000E1	4.927252E1	5.793608E0
1.994000E1	4.934420E1	5.819712E0
1.996000E1	4.941265E1	5.605015E0
1.998000E1	4.942925E1	5.238861E0
2.000000E1	4.955547E1	5.326209E0
2.002000E1	4.972046E1	5.738875E0
2.004000E1	4.967050E1	5.996325E0
2.006000E1	4.968479E1	5.969078E0
2.008000E1	4.972216E1	6.036228E0
2.010000E1	4.976629E1	6.040434E0
2.012000E1	4.983622E1	5.437430E0
2.014000E1	4.974259E1	4.830089E0
2.016000E1	4.982114E1	4.751580E0
2.018000E1	4.998380E1	4.934397E0
2.020000E1	4.984593E1	4.993786E0
2.022000E1	4.987781E1	4.987581E0
2.024000E1	4.989158E1	4.987863E0
2.026000E1	4.990200E1	5.113129E0
2.028000E1	4.995375E1	5.201721E0
2.030000E1	4.995709E1	5.178032E0
2.032000E1	4.996503E1	5.226228E0
2.034000E1	4.998087E1	5.188523E0
2.036000E1	4.994740E1	5.085887E0
2.038000E1	4.992835E1	5.040087E0
2.040000E1	4.991808E1	5.010169E0
2.042000E1	4.993071E1	5.001256E0
2.044000E1	4.993195E1	5.045680E0
2.046000E1	4.995443E1	5.058126E0
2.048000E1	4.993916E1	5.008789E0
2.050000E1	4.994401E1	4.968536E0
2.052000E1	4.992321E1	4.913606E0
2.054000E1	4.993172E1	4.919133E0
2.056000E1	4.993398E1	4.946347E0
2.058000E1	4.993964E1	4.966023E0
2.060000E1	4.993980E1	4.984470E0
2.062000E1	4.995805E1	4.990652E0
2.064000E1	4.996873E1	5.001362E0
2.066000E1	4.995540E1	4.992197E0
2.068000E1	4.995840E1	4.976110E0
2.070000E1	4.995369E1	4.975283E0
2.072000E1	4.996190E1	4.973287E0
2.074000E1	4.997374E1	4.988431E0
2.076000E1	5.000296E1	4.982289E0
2.078000E1	5.003568E1	5.085414E0
2.080000E1	5.019898E1	5.173383E0
2.082000E1	5.029448E1	5.210557E0
2.084000E1	5.033818E1	5.263903E0
2.086000E1	5.047416E1	5.469602E0
2.088000E1	5.047868E1	5.500529E0
2.090000E1	5.046932E1	5.482364E0
2.092000E1	5.042014E1	5.339716E0
2.094000E1	5.050978E1	5.190881E0
2.096000E1	5.071282E1	5.438275E0
2.098000E1	5.106783E1	5.463034E0
2.100000E1	5.129434E1	5.450121E0
2.102000E1	5.144918E1	5.435870E0
2.104000E1	5.150942E1	5.634883E0
2.106000E1	5.140394E1	6.072888E0
2.108000E1	5.124114E1	5.891802E0
2.110000E1	5.107526E1	5.229403E0
2.112000E1	5.102567E1	5.265090E0
2.114000E1	5.099150E1	5.506654E0
2.116000E1	5.093857E1	5.335419E0
2.118000E1	5.093365E1	5.221022E0
2.120000E1	5.090985E1	5.269234E0
2.122000E1	5.091477E1	5.283311E0
2.124000E1	5.086704E1	5.195368E0
2.126000E1	5.088421E1	5.233522E0
2.128000E1	5.089285E1	5.367534E0
2.130000E1	5.089223E1	5.417882E0
2.132000E1	5.090721E1	5.352987E0
2.134000E1	5.087313E1	5.246518E0
2.136000E1	5.088610E1	5.269198E0
2.138000E1	5.088439E1	5.311636E0
2.140000E1	5.088946E1	5.318172E0
2.142000E1	5.089238E1	5.347706E0
2.144000E1	5.090129E1	5.401484E0
2.146000E1	5.089945E1	5.386067E0
2.148000E1	5.089606E1	5.420013E0
2.150000E1	5.088596E1	5.408012E0
2.152000E1	5.088360E1	5.390670E0
2.154000E1	5.087585E1	5.381679E0
2.156000E1	5.088413E1	5.355742E0
2.158000E1	5.089517E1	5.338561E0
2.160000E1	5.089596E1	5.346230E0
2.162000E1	5.091396E1	5.307119E0
2.164000E1	5.094383E1	5.292866E0
2.166000E1	5.097295E1	5.251167E0
2.168000E1	5.098197E1	5.121385E0
2.170000E1	5.096111E1	4.987268E0
2.172000E1	5.100026E1	4.992928E0
2.174000E1	5.099405E1	5.081249E0
2.176000E1	5.100540E1	5.099864E0
2.178000E1	5.100115E1	5.126770E0
2.180000E1	5.114520E1	5.248160E0
2.182000E1	5.131896E1	5.415998E0
2.184000E1	5.147015E1	5.320112E0
2.186000E1	5.158138E1	5.223815E0
2.188000E1	5.164345E1	5.313686E0
2.190000E1	5.166421E1	5.338043E0
2.192000E1	5.152578E1	5.403819E0
2.194000E1	5.149191E1	5.414504E0
2.196000E1	5.151858E1	5.684094E0
2.198000E1	5.149039E1	5.969755E0
2.200000E1	5.152198E1	6.100488E0
2.202000E1	5.164014E1	6.282212E0
2.204000E1	5.175339E1	6.483973E0
2.206000E1	5.172778E1	6.247856E0
2.208000E1	5.172904E1	5.497404E0
2.210000E1	5.164959E1	5.153870E0
2.212000E1	5.171148E1	5.388503E0
2.214000E1	5.171972E1	5.555709E0
2.216000E1	5.173937E1	5.332521E0
2.218000E1	5.173764E1	5.274785E0
2.220000E1	5.178227E1	5.367358E0
2.222000E1	5.181589E1	5.546682E0
2.224000E1	5.180358E1	5.423657E0
2.226000E1	5.181148E1	5.400878E0
2.228000E1	5.177593E1	5.399048E0
2.230000E1	5.173380E1	5.327780E0
2.232000E1	5.175916E1	5.411105E0
2.234000E1	5.177143E1	5.407306E0
2.236000E1	5.178666E1	5.401358E0
2.238000E1	5.180694E1	5.479449E0
2.240000E1	5.180507E1	5.462299E0
2.242000E1	5.177280E1	5.353142E0
2.244000E1	5.177647E1	5.330640E0
2.246000E1	5.175694E1	5.197394E0
2.248000E1	5.181498E1	5.249451E0
2.250000E1	5.182890E1	5.283884E0
2.252000E1	5.187307E1	5.105950E0
2.254000E1	5.189006E1	5.033358E0
2.256000E1	5.188826E1	5.012483E0
2.258000E1	5.185396E1	5.067160E0
2.260000E1	5.184326E1	5.039808E0
2.262000E1	5.181715E1	5.015699E0
2.264000E1	5.185017E1	4.990709E0
2.266000E1	5.192690E1	4.933320E0
2.268000E1	5.203916E1	4.839957E0
2.270000E1	5.205584E1	4.850567E0
2.272000E1	5.222924E1	5.046539E0
2.274000E1	5.226388E1	5.167014E0
2.276000E1	5.216591E1	5.443566E0
2.278000E1	5.219968E1	5.520261E0
2.280000E1	5.219086E1	5.567484E0
2.282000E1	5.220954E1	5.649536E0
2.284000E1	5.219349E1	5.450744E0
2.286000E1	5.221820E1	5.332722E0
2.288000E1	5.228904E1	5.613532E0
2.290000E1	5.238511E1	5.716236E0
2.292000E1	5.239047E1	5.761555E0
2.294000E1	5.239378E1	5.901896E0
2.296000E1	5.238214E1	6.169402E0
2.298000E1	5.235322E1	6.307404E0
2.300000E1	5.229345E1	5.931147E0
2.302000E1	5.223995E1	5.398489E0
2.304000E1	5.224795E1	5.406452E0
2.306000E1	5.225648E1	5.624031E0
2.308000E1	5.221628E1	5.430954E0
2.310000E1	5.220185E1	5.227976E0
2.312000E1	5.221208E1	5.434083E0
2.314000E1	5.221257E1	5.445793E0
2.316000E1	5.222639E1	5.432637E0
2.318000E1	5.224155E1	5.463576E0
2.320000E1	5.226847E1	5.464700E0
2.322000E1	5.225345E1	5.446481E0
2.324000E1	5.223207E1	5.400745E0
2.326000E1	5.223759E1	5.399280E0
2.328000E1	5.223712E1	5.361639E0
2.330000E1	5.224027E1	5.372062E0
2.332000E1	5.226630E1	5.351631E0
2.334000E1	5.227206E1	5.363282E0
2.336000E1	5.234208E1	5.284702E0
2.338000E1	5.237343E1	5.259316E0
2.340000E1	5.235350E1	5.227768E0
2.342000E1	5.233395E1	5.247446E0
2.344000E1	5.230984E1	5.282368E0
2.346000E1	5.230298E1	5.310581E0
2.348000E1	5.230413E1	5.276068E0
2.350000E1	5.230971E1	5.304294E0
2.352000E1	5.231739E1	5.281137E0
2.354000E1	5.240499E1	5.166631E0
2.356000E1	5.240830E1	5.013123E0
2.358000E1	5.249688E1	4.951128E0
2.360000E1	5.244627E1	4.949919E0
2.362000E1	5.236604E1	5.161749E0
2.364000E1	5.237290E1	5.252560E0
2.366000E1	5.233107E1	5.276211E0
2.368000E1	5.233361E1	5.425727E0
2.370000E1	5.233044E1	5.512972E0
2.372000E1	5.237879E1	5.547093E0
2.374000E1	5.241893E1	5.751014E0
2.376000E1	5.240767E1	5.783430E0
2.378000E1	5.243309E1	5.804871E0
2.380000E1	5.244509E1	5.841278E0
2.382000E1	5.243550E1	5.847207E0
2.384000E1	5.237824E1	5.786402E0
2.386000E1	5.233210E1	5.673341E0
2.388000E1	5.238339E1	5.831192E0
2.390000E1	5.242003E1	6.026362E0
2.392000E1	5.240692E1	6.037405E0
2.394000E1	5.249338E1	6.122220E0
2.396000E1	5.248214E1	6.315292E0
2.398000E1	5.241954E1	6.424346E0
2.400000E1	5.233603E1	6.019564E0
