	mass A		
t	x	y	
0.000000E0	3.415838E-3	-5.063438E-4
2.000000E-2	1.313464E-1	1.184087E-1
4.000000E-2	2.192966E-1	2.321371E-1
6.000000E-2	2.255878E-1	2.886916E-1
8.000000E-2	2.083418E-1	2.490035E-1
1.000000E-1	2.090082E-1	1.303995E-1
1.200000E-1	2.127809E-1	-7.142640E-3
1.400000E-1	2.152144E-1	-9.653749E-2
1.600000E-1	2.380860E-1	-1.126059E-1
1.800000E-1	2.586884E-1	-9.516664E-2
2.000000E-1	2.731794E-1	-4.834246E-2
2.200000E-1	3.048570E-1	2.740588E-3
2.400000E-1	3.462905E-1	4.108339E-2
2.600000E-1	4.028243E-1	8.651816E-3
2.800000E-1	4.471874E-1	-6.246175E-2
3.000000E-1	4.609943E-1	-1.486630E-1
3.200000E-1	4.316299E-1	-2.731723E-1
3.400000E-1	3.585815E-1	-4.179162E-1
3.600000E-1	3.392352E-1	-5.200973E-1
3.800000E-1	3.663309E-1	-5.139660E-1
4.000000E-1	3.911276E-1	-4.206244E-1
4.200000E-1	4.238922E-1	-3.116185E-1
4.400000E-1	4.593920E-1	-2.855695E-1
4.600000E-1	4.937230E-1	-3.276195E-1
4.800000E-1	4.976141E-1	-4.056148E-1
5.000000E-1	4.848708E-1	-4.775760E-1
5.200000E-1	4.870767E-1	-5.070388E-1
5.400000E-1	4.828714E-1	-5.026101E-1
5.600000E-1	4.902536E-1	-4.408134E-1
5.800000E-1	5.448890E-1	-3.356059E-1
6.000000E-1	6.031856E-1	-2.257434E-1
6.200000E-1	6.456653E-1	-1.591748E-1
6.400000E-1	6.539305E-1	-1.600417E-1
6.600000E-1	6.703388E-1	-1.916400E-1
6.800000E-1	7.086615E-1	-2.143355E-1
7.000000E-1	7.370397E-1	-1.958323E-1
7.200000E-1	7.434354E-1	-1.746531E-1
7.400000E-1	7.771450E-1	-1.829725E-1
7.600000E-1	7.856883E-1	-1.995359E-1
7.800000E-1	7.821566E-1	-1.993971E-1
8.000000E-1	7.941553E-1	-1.775901E-1
8.200000E-1	8.030758E-1	-1.447882E-1
8.400000E-1	8.085847E-1	-1.197884E-1
8.600000E-1	8.200903E-1	-9.237463E-2
8.800000E-1	8.221525E-1	-6.715215E-2
9.000000E-1	8.235765E-1	-1.494860E-2
9.200000E-1	8.163244E-1	2.904669E-2
9.400000E-1	8.103058E-1	7.423609E-2
9.600000E-1	8.100175E-1	6.634839E-2
9.800000E-1	8.172729E-1	6.275712E-2
1.000000E0	8.434529E-1	8.160864E-2
1.020000E0	8.533957E-1	1.011646E-1
1.040000E0	8.687923E-1	1.003877E-1
1.060000E0	8.966799E-1	8.236902E-2
1.080000E0	9.258890E-1	1.838256E-2
1.100000E0	9.476467E-1	-3.886898E-2
1.120000E0	9.790271E-1	-5.356698E-2
1.140000E0	1.034821E0	1.586044E-2
1.160000E0	1.144873E0	1.340342E-1
1.180000E0	1.197732E0	1.962085E-1
1.200000E0	1.230149E0	1.914824E-1
1.220000E0	1.245345E0	1.179600E-1
1.240000E0	1.290076E0	3.710225E-2
1.260000E0	1.313503E0	-4.349075E-2
1.280000E0	1.290044E0	-1.197447E-1
1.300000E0	1.244401E0	-1.937971E-1
1.320000E0	1.257293E0	-2.218318E-1
1.340000E0	1.262811E0	-2.170820E-1
1.360000E0	1.249957E0	-1.389082E-1
1.380000E0	1.269518E0	-7.204037E-2
1.400000E0	1.349487E0	-2.272861E-2
1.420000E0	1.432785E0	-1.746341E-2
1.440000E0	1.460009E0	-4.229116E-2
1.460000E0	1.448641E0	-1.149531E-1
1.480000E0	1.378119E0	-2.178689E-1
1.500000E0	1.288785E0	-3.351146E-1
1.520000E0	1.291840E0	-3.752595E-1
1.540000E0	1.327358E0	-3.083979E-1
1.560000E0	1.358590E0	-1.846277E-1
1.580000E0	1.369459E0	-1.171258E-1
1.600000E0	1.371011E0	-1.614538E-1
1.620000E0	1.370702E0	-2.469382E-1
1.640000E0	1.376754E0	-2.783432E-1
1.660000E0	1.391812E0	-2.535731E-1
1.680000E0	1.419619E0	-2.106721E-1
1.700000E0	1.433935E0	-1.761608E-1
1.720000E0	1.433255E0	-1.564138E-1
1.740000E0	1.447080E0	-1.401819E-1
1.760000E0	1.450130E0	-1.050692E-1
1.780000E0	1.455551E0	-6.502801E-2
1.800000E0	1.450746E0	-5.564177E-2
1.820000E0	1.446375E0	-5.940434E-2
1.840000E0	1.443281E0	-7.866222E-2
1.860000E0	1.446606E0	-8.817362E-2
1.880000E0	1.447691E0	-1.038436E-1
1.900000E0	1.454918E0	-1.169720E-1
1.920000E0	1.480014E0	-1.096277E-1
1.940000E0	1.498564E0	-6.203497E-2
1.960000E0	1.500542E0	-2.322718E-2
1.980000E0	1.505593E0	-1.115769E-2
2.000000E0	1.512585E0	-6.204562E-3
2.020000E0	1.540310E0	7.786152E-3
2.040000E0	1.568773E0	5.765431E-2
2.060000E0	1.592979E0	9.602872E-2
2.080000E0	1.599641E0	9.465328E-2
2.100000E0	1.624888E0	6.918230E-2
2.120000E0	1.651017E0	3.708181E-2
2.140000E0	1.692611E0	1.988580E-3
2.160000E0	1.743651E0	-1.895207E-2
2.180000E0	1.796626E0	-2.461214E-2
2.200000E0	1.832203E0	-6.207356E-2
2.220000E0	1.821876E0	-1.070367E-1
2.240000E0	1.797318E0	-1.658848E-1
2.260000E0	1.812817E0	-1.898616E-1
2.280000E0	1.856857E0	-1.176983E-1
2.300000E0	1.913645E0	2.409920E-2
2.320000E0	1.952044E0	1.274929E-1
2.340000E0	1.975021E0	1.546288E-1
2.360000E0	2.005326E0	9.888220E-2
2.380000E0	2.032455E0	7.808236E-3
2.400000E0	2.049274E0	-5.975701E-2
2.420000E0	2.032720E0	-1.095552E-1
2.440000E0	1.983920E0	-1.398198E-1
2.460000E0	1.970989E0	-1.365583E-1
2.480000E0	1.963908E0	-1.033076E-1
2.500000E0	1.930469E0	-3.903853E-2
2.520000E0	1.919879E0	1.373666E-2
2.540000E0	1.918583E0	2.170826E-2
2.560000E0	1.923424E0	-1.801291E-2
2.580000E0	1.937232E0	-8.408993E-2
2.600000E0	1.975480E0	-1.366835E-1
2.620000E0	2.008520E0	-1.795105E-1
2.640000E0	2.029629E0	-2.155576E-1
2.660000E0	2.029524E0	-2.227203E-1
2.680000E0	2.037099E0	-1.982457E-1
2.700000E0	2.042998E0	-1.768729E-1
2.720000E0	2.044622E0	-1.689741E-1
2.740000E0	2.043053E0	-1.735193E-1
2.760000E0	2.035851E0	-1.993512E-1
2.780000E0	2.034689E0	-2.278350E-1
2.800000E0	2.033430E0	-2.340867E-1
2.820000E0	2.040988E0	-2.219089E-1
2.840000E0	2.049612E0	-1.880613E-1
2.860000E0	2.070796E0	-1.467791E-1
2.880000E0	2.089145E0	-9.161987E-2
2.900000E0	2.102288E0	-5.418819E-2
2.920000E0	2.102161E0	-3.979858E-2
2.940000E0	2.110740E0	-4.732764E-2
2.960000E0	2.126499E0	-4.243155E-2
2.980000E0	2.155967E0	-2.306980E-2
3.000000E0	2.168474E0	-1.526326E-2
3.020000E0	2.171237E0	-1.433038E-2
3.040000E0	2.178394E0	-3.453688E-2
3.060000E0	2.203342E0	-6.449854E-2
3.080000E0	2.240193E0	-7.092742E-2
3.100000E0	2.277612E0	-5.532078E-2
3.120000E0	2.304182E0	-5.753738E-2
3.140000E0	2.313182E0	-5.454647E-2
3.160000E0	2.324982E0	-4.520559E-2
3.180000E0	2.357135E0	-3.347720E-2
3.200000E0	2.357132E0	-1.630360E-2
3.220000E0	2.352561E0	1.878788E-2
3.240000E0	2.367673E0	5.108027E-2
3.260000E0	2.416994E0	4.837140E-2
3.280000E0	2.480134E0	2.137161E-2
3.300000E0	2.523456E0	-1.038710E-2
3.320000E0	2.536227E0	-2.115253E-2
3.340000E0	2.538985E0	-3.051464E-2
3.360000E0	2.521533E0	-4.564492E-2
3.380000E0	2.515626E0	-4.412259E-2
3.400000E0	2.541484E0	1.719909E-2
3.420000E0	2.584320E0	1.306230E-1
3.440000E0	2.608833E0	2.173884E-1
3.460000E0	2.603743E0	2.204363E-1
3.480000E0	2.579835E0	1.505077E-1
3.500000E0	2.587709E0	4.205943E-2
3.520000E0	2.616534E0	-6.985774E-2
3.540000E0	2.637584E0	-1.455223E-1
3.560000E0	2.686469E0	-1.745530E-1
3.580000E0	2.705035E0	-1.089731E-1
3.600000E0	2.652505E0	-4.478062E-2
3.620000E0	2.593279E0	-9.788554E-3
3.640000E0	2.584058E0	-1.503791E-3
3.660000E0	2.600790E0	-2.422496E-3
3.680000E0	2.620343E0	2.774547E-3
3.700000E0	2.622139E0	6.669715E-3
3.720000E0	2.653130E0	1.064155E-3
3.740000E0	2.704013E0	-2.659145E-2
3.760000E0	2.744579E0	-1.005114E-1
3.780000E0	2.787037E0	-1.260193E-1
3.800000E0	2.838304E0	-1.011474E-1
3.820000E0	2.864266E0	-5.840313E-2
3.840000E0	2.859951E0	-5.462295E-2
3.860000E0	2.859087E0	-6.847827E-2
3.880000E0	2.861281E0	-8.106442E-2
3.900000E0	2.862503E0	-8.900450E-2
3.920000E0	2.864319E0	-9.591754E-2
3.940000E0	2.863894E0	-9.921714E-2
3.960000E0	2.866190E0	-9.748296E-2
3.980000E0	2.871518E0	-9.392829E-2
4.000000E0	2.903072E0	-9.861039E-2
4.020000E0	2.948805E0	-1.042873E-1
4.040000E0	2.996677E0	-1.012253E-1
4.060000E0	3.026447E0	-1.020619E-1
4.080000E0	3.032551E0	-1.037076E-1
4.100000E0	3.029250E0	-1.022508E-1
4.120000E0	3.041211E0	-9.290957E-2
4.140000E0	3.054724E0	-9.189628E-2
4.160000E0	3.057268E0	-8.068225E-2
4.180000E0	3.059307E0	-4.767474E-2
4.200000E0	3.092265E0	-5.988139E-2
4.220000E0	3.123107E0	-7.318005E-2
4.240000E0	3.133553E0	-6.805794E-2
4.260000E0	3.155766E0	-5.294278E-2
4.280000E0	3.183520E0	-5.168508E-2
4.300000E0	3.172221E0	-3.132642E-2
4.320000E0	3.158300E0	5.019289E-3
4.340000E0	3.145877E0	3.362358E-2
4.360000E0	3.154144E0	6.051532E-2
4.380000E0	3.157991E0	6.777415E-2
4.400000E0	3.178097E0	5.671551E-2
4.420000E0	3.212919E0	6.382230E-3
4.440000E0	3.226498E0	-6.337658E-2
4.460000E0	3.221475E0	-1.287772E-1
4.480000E0	3.249880E0	-1.542205E-1
4.500000E0	3.308014E0	-8.416127E-2
4.520000E0	3.345169E0	8.622582E-3
4.540000E0	3.346353E0	1.030806E-1
4.560000E0	3.337873E0	1.378500E-1
4.580000E0	3.351048E0	1.076661E-1
4.600000E0	3.372386E0	1.622244E-2
4.620000E0	3.345595E0	-9.114460E-2
4.640000E0	3.344105E0	-1.487422E-1
4.660000E0	3.378322E0	-1.157427E-1
4.680000E0	3.380738E0	-6.765326E-2
4.700000E0	3.376193E0	-3.757583E-2
4.720000E0	3.377607E0	-2.923665E-2
4.740000E0	3.392440E0	1.199851E-2
4.760000E0	3.412375E0	7.548270E-2
4.780000E0	3.426977E0	9.030490E-2
4.800000E0	3.425246E0	5.337626E-2
4.820000E0	3.411745E0	-1.197360E-3
4.840000E0	3.409393E0	-2.463067E-2
4.860000E0	3.411375E0	-1.852460E-2
4.880000E0	3.416381E0	-1.374795E-2
4.900000E0	3.418096E0	-1.135755E-2
4.920000E0	3.422090E0	-1.073581E-2
4.940000E0	3.429606E0	-3.662657E-2
4.960000E0	3.435427E0	-7.948470E-2
4.980000E0	3.456850E0	-1.135351E-1
5.000000E0	3.485528E0	-1.206875E-1
5.020000E0	3.485288E0	-1.259743E-1
5.040000E0	3.468224E0	-1.442427E-1
5.060000E0	3.460889E0	-1.858121E-1
5.080000E0	3.469214E0	-1.892293E-1
5.100000E0	3.480342E0	-1.398650E-1
5.120000E0	3.520076E0	-4.434014E-2
5.140000E0	3.569918E0	-9.330267E-4
5.160000E0	3.612311E0	-1.172426E-2
5.180000E0	3.635552E0	-4.475201E-2
5.200000E0	3.653402E0	-3.934232E-2
5.220000E0	3.671077E0	-3.489565E-2
5.240000E0	3.672967E0	-3.361367E-2
5.260000E0	3.664931E0	-1.753505E-2
5.280000E0	3.652705E0	5.765675E-4
5.300000E0	3.650456E0	1.061412E-2
5.320000E0	3.656897E0	1.214989E-2
5.340000E0	3.662529E0	1.975285E-2
5.360000E0	3.679276E0	1.737389E-2
5.380000E0	3.713774E0	1.390832E-2
5.400000E0	3.736545E0	1.740392E-2
5.420000E0	3.761933E0	2.931898E-2
5.440000E0	3.787411E0	5.236498E-2
5.460000E0	3.764097E0	5.197339E-2
5.480000E0	3.725287E0	5.282108E-2
5.500000E0	3.694860E0	8.102646E-2
5.520000E0	3.666178E0	1.176929E-1
5.540000E0	3.678986E0	1.166787E-1
5.560000E0	3.661803E0	5.408539E-2
5.580000E0	3.637453E0	-6.584514E-2
5.600000E0	3.612343E0	-1.088209E-1
5.620000E0	3.624447E0	-5.018873E-2
5.640000E0	3.692298E0	7.296283E-2
5.660000E0	3.764253E0	2.095014E-1
5.680000E0	3.802854E0	2.984836E-1
5.700000E0	3.792861E0	2.926838E-1
5.720000E0	3.791676E0	1.966706E-1
5.740000E0	3.798615E0	7.197718E-2
5.760000E0	3.799376E0	1.612529E-2
5.780000E0	3.822034E0	6.914486E-2
5.800000E0	3.833982E0	1.097323E-1
5.820000E0	3.825903E0	9.483085E-2
5.840000E0	3.827050E0	6.415907E-2
5.860000E0	3.855467E0	5.472823E-2
5.880000E0	3.909319E0	5.399082E-2
5.900000E0	3.942837E0	3.751346E-2
5.920000E0	3.950840E0	2.624574E-2
5.940000E0	3.944410E0	-6.004653E-3
5.960000E0	3.908854E0	-6.459177E-2
5.980000E0	3.880730E0	-1.392644E-1
6.000000E0	3.878756E0	-1.783462E-1
6.020000E0	3.881998E0	-1.595749E-1
6.040000E0	3.912674E0	-6.960996E-2
6.060000E0	3.940458E0	-6.204419E-3
6.080000E0	3.969334E0	-1.711764E-2
6.100000E0	3.989901E0	-5.515864E-2
6.120000E0	3.986895E0	-9.603241E-2
6.140000E0	3.994477E0	-1.160337E-1
6.160000E0	3.995417E0	-1.115888E-1
6.180000E0	3.988546E0	-9.141003E-2
6.200000E0	3.988904E0	-4.153910E-2
6.220000E0	4.009604E0	1.805470E-2
6.240000E0	4.035340E0	4.686561E-2
6.260000E0	4.035006E0	4.813928E-2
6.280000E0	4.039482E0	5.841097E-2
6.300000E0	4.055132E0	6.741178E-2
6.320000E0	4.074413E0	6.434816E-2
6.340000E0	4.080894E0	6.855602E-2
6.360000E0	4.096179E0	6.132557E-2
6.380000E0	4.115723E0	5.553277E-2
6.400000E0	4.115002E0	5.728291E-2
6.420000E0	4.106237E0	3.267633E-2
6.440000E0	4.108315E0	3.842410E-2
6.460000E0	4.113818E0	7.241137E-2
6.480000E0	4.130384E0	9.484318E-2
6.500000E0	4.139369E0	9.313899E-2
6.520000E0	4.157610E0	7.606808E-2
6.540000E0	4.182539E0	8.256303E-2
6.560000E0	4.192669E0	1.015872E-1
6.580000E0	4.172570E0	1.321535E-1
6.600000E0	4.182899E0	1.559710E-1
6.620000E0	4.195270E0	1.583905E-1
6.640000E0	4.194861E0	1.571474E-1
6.660000E0	4.198917E0	1.543051E-1
6.680000E0	4.198307E0	1.384444E-1
6.700000E0	4.192187E0	1.151278E-1
6.720000E0	4.202766E0	1.209798E-1
6.740000E0	4.236812E0	1.643888E-1
6.760000E0	4.313747E0	2.068297E-1
6.780000E0	4.370660E0	2.151049E-1
6.800000E0	4.412326E0	2.082699E-1
6.820000E0	4.415858E0	1.741439E-1
6.840000E0	4.428627E0	1.453388E-1
6.860000E0	4.454164E0	1.156285E-1
6.880000E0	4.467920E0	9.078783E-2
6.900000E0	4.473993E0	9.318303E-2
6.920000E0	4.475951E0	8.740077E-2
6.940000E0	4.473810E0	8.499398E-2
6.960000E0	4.470987E0	9.261774E-2
6.980000E0	4.479284E0	1.168399E-1
7.000000E0	4.518008E0	1.175496E-1
7.020000E0	4.558424E0	1.036517E-1
7.040000E0	4.556481E0	8.198568E-2
7.060000E0	4.531225E0	4.767920E-2
7.080000E0	4.516223E0	-1.698985E-3
7.100000E0	4.493819E0	-3.896803E-2
7.120000E0	4.488871E0	-3.721690E-2
7.140000E0	4.488635E0	1.201472E-2
7.160000E0	4.495621E0	5.610158E-2
7.180000E0	4.491650E0	6.256413E-2
7.200000E0	4.478326E0	3.353054E-2
7.220000E0	4.476748E0	7.441643E-3
7.240000E0	4.481875E0	5.923715E-3
7.260000E0	4.483426E0	1.798721E-2
7.280000E0	4.485219E0	2.530364E-3
7.300000E0	4.493680E0	1.570248E-4
7.320000E0	4.496751E0	2.623877E-2
7.340000E0	4.508562E0	6.312912E-2
7.360000E0	4.520370E0	8.479189E-2
7.380000E0	4.526121E0	9.290614E-2
7.400000E0	4.531962E0	1.064960E-1
7.420000E0	4.534996E0	1.023963E-1
7.440000E0	4.540576E0	8.183303E-2
7.460000E0	4.537138E0	7.030070E-2
7.480000E0	4.537542E0	6.249242E-2
7.500000E0	4.535546E0	4.955097E-2
7.520000E0	4.547190E0	6.735344E-2
7.540000E0	4.562212E0	1.129480E-1
7.560000E0	4.558635E0	1.497020E-1
7.580000E0	4.554863E0	1.502767E-1
7.600000E0	4.555543E0	1.532120E-1
7.620000E0	4.574470E0	1.695651E-1
7.640000E0	4.595430E0	1.924021E-1
7.660000E0	4.602719E0	1.974539E-1
7.680000E0	4.602590E0	1.877977E-1
7.700000E0	4.596963E0	1.681664E-1
7.720000E0	4.610091E0	1.498410E-1
7.740000E0	4.636376E0	1.266031E-1
7.760000E0	4.662294E0	9.369974E-2
7.780000E0	4.685641E0	7.819464E-2
7.800000E0	4.690766E0	6.270446E-2
7.820000E0	4.695007E0	4.264634E-2
7.840000E0	4.709266E0	4.323008E-2
7.860000E0	4.737857E0	9.069871E-2
7.880000E0	4.750354E0	1.370644E-1
7.900000E0	4.753849E0	1.722020E-1
7.920000E0	4.762859E0	1.700457E-1
7.940000E0	4.795284E0	1.390513E-1
7.960000E0	4.811606E0	1.069772E-1
7.980000E0	4.803975E0	8.933254E-2
8.000000E0	4.803718E0	9.083031E-2
8.020000E0	4.811363E0	1.015837E-1
8.040000E0	4.798903E0	1.179153E-1
8.060000E0	4.776815E0	1.066272E-1
8.080000E0	4.786612E0	1.059368E-1
8.100000E0	4.799976E0	1.221045E-1
8.120000E0	4.796358E0	1.167870E-1
8.140000E0	4.782200E0	7.628509E-2
8.160000E0	4.764733E0	2.024560E-2
8.180000E0	4.743147E0	-3.152263E-3
8.200000E0	4.752339E0	8.861986E-4
8.220000E0	4.767455E0	1.104494E-2
8.240000E0	4.755356E0	1.533966E-2
8.260000E0	4.745335E0	-3.174544E-3
8.280000E0	4.745043E0	-7.680560E-4
8.300000E0	4.746673E0	2.325017E-2
8.320000E0	4.751149E0	4.759742E-2
8.340000E0	4.738611E0	1.719867E-2
8.360000E0	4.732005E0	-2.189759E-2
8.380000E0	4.735599E0	-1.314144E-2
8.400000E0	4.753877E0	2.146472E-2
8.420000E0	4.779711E0	7.234411E-2
8.440000E0	4.809582E0	1.279988E-1
8.460000E0	4.811740E0	1.627032E-1
8.480000E0	4.808015E0	1.635524E-1
8.500000E0	4.809497E0	1.649649E-1
8.520000E0	4.809494E0	1.632005E-1
8.540000E0	4.809678E0	1.634869E-1
8.560000E0	4.806521E0	1.489973E-1
8.580000E0	4.807035E0	1.465551E-1
8.600000E0	4.815662E0	1.713508E-1
8.620000E0	4.816999E0	1.704749E-1
8.640000E0	4.840335E0	1.458863E-1
8.660000E0	4.879078E0	1.478881E-1
8.680000E0	4.912682E0	1.494165E-1
8.700000E0	4.940709E0	1.433356E-1
8.720000E0	4.945447E0	1.458900E-1
8.740000E0	4.943137E0	1.408346E-1
8.760000E0	4.945759E0	1.327589E-1
8.780000E0	4.946863E0	1.270490E-1
8.800000E0	4.951358E0	1.402492E-1
8.820000E0	4.966970E0	1.455873E-1
8.840000E0	4.990088E0	1.229445E-1
8.860000E0	5.019998E0	8.054133E-2
8.880000E0	5.033316E0	6.319941E-2
8.900000E0	5.064026E0	6.023527E-2
8.920000E0	5.096637E0	8.315901E-2
8.940000E0	5.105903E0	1.106867E-1
8.960000E0	5.094758E0	1.224536E-1
8.980000E0	5.095352E0	1.156671E-1
9.000000E0	5.095430E0	1.220820E-1
9.020000E0	5.093490E0	1.228390E-1
9.040000E0	5.074670E0	9.832803E-2
9.060000E0	5.053436E0	3.808466E-2
9.080000E0	5.050799E0	7.689226E-3
9.100000E0	5.058226E0	5.056912E-2
9.120000E0	5.060341E0	6.214910E-2
9.140000E0	5.057786E0	2.189453E-2
9.160000E0	5.059464E0	1.532491E-2
9.180000E0	5.055740E0	4.870454E-2
9.200000E0	5.056791E0	5.937292E-2
9.220000E0	5.056493E0	4.926104E-2
9.240000E0	5.056005E0	4.824925E-2
9.260000E0	5.035784E0	4.622668E-2
9.280000E0	5.023603E0	1.657235E-2
9.300000E0	5.015479E0	-1.322145E-3
9.320000E0	5.018272E0	7.497869E-3
9.340000E0	5.019576E0	1.444410E-2
9.360000E0	5.018401E0	1.172105E-2
9.380000E0	5.030640E0	4.592008E-2
9.400000E0	5.039199E0	9.476871E-2
9.420000E0	5.041832E0	1.002149E-1
9.440000E0	5.041360E0	9.463129E-2
9.460000E0	5.044589E0	1.012898E-1
9.480000E0	5.054301E0	1.139824E-1
9.500000E0	5.058057E0	1.173151E-1
9.520000E0	5.074371E0	1.321302E-1
9.540000E0	5.080741E0	1.470667E-1
9.560000E0	5.095785E0	1.445639E-1
9.580000E0	5.119159E0	1.300170E-1
9.600000E0	5.140227E0	1.414617E-1
9.620000E0	5.174241E0	1.307939E-1
9.640000E0	5.183425E0	1.114709E-1
9.660000E0	5.177927E0	1.090702E-1
9.680000E0	5.172029E0	1.084508E-1
9.700000E0	5.180886E0	1.248036E-1
9.720000E0	5.187373E0	1.461601E-1
9.740000E0	5.193504E0	1.769826E-1
9.760000E0	5.215964E0	1.689706E-1
9.780000E0	5.249913E0	1.678775E-1
9.800000E0	5.268462E0	1.625608E-1
9.820000E0	5.266022E0	1.578327E-1
9.840000E0	5.261189E0	1.385768E-1
9.860000E0	5.259171E0	1.403201E-1
9.880000E0	5.251986E0	1.445674E-1
9.900000E0	5.247788E0	1.437262E-1
9.920000E0	5.240293E0	1.351223E-1
9.940000E0	5.232483E0	1.210900E-1
9.960000E0	5.237764E0	1.136213E-1
9.980000E0	5.243153E0	1.136045E-1
1.000000E1	5.260618E0	1.310141E-1
1.002000E1	5.258754E0	1.476533E-1
1.004000E1	5.253888E0	1.382769E-1
1.006000E1	5.259109E0	1.255811E-1
1.008000E1	5.259114E0	1.203355E-1
1.010000E1	5.246152E0	1.100994E-1
1.012000E1	5.241149E0	8.112124E-2
1.014000E1	5.231594E0	7.508928E-2
1.016000E1	5.254077E0	9.766697E-2
1.018000E1	5.242131E0	9.914650E-2
1.020000E1	5.223816E0	6.697825E-2
1.022000E1	5.210043E0	4.325556E-2
1.024000E1	5.204620E0	6.642317E-2
1.026000E1	5.217557E0	7.689776E-2
1.028000E1	5.229870E0	8.580465E-2
1.030000E1	5.234978E0	1.121229E-1
1.032000E1	5.227194E0	1.227253E-1
1.034000E1	5.217441E0	1.157301E-1
1.036000E1	5.215125E0	1.143213E-1
1.038000E1	5.214360E0	1.129361E-1
1.040000E1	5.211147E0	1.109723E-1
1.042000E1	5.209259E0	1.093128E-1
1.044000E1	5.208496E0	1.081412E-1
1.046000E1	5.209509E0	1.083045E-1
1.048000E1	5.212323E0	1.058288E-1
1.050000E1	5.217654E0	1.005558E-1
1.052000E1	5.218175E0	9.962214E-2
1.054000E1	5.241070E0	9.360602E-2
1.056000E1	5.263718E0	8.626240E-2
1.058000E1	5.274148E0	8.898044E-2
1.060000E1	5.287546E0	9.710562E-2
1.062000E1	5.312528E0	1.182212E-1
1.064000E1	5.324245E0	1.405714E-1
1.066000E1	5.315089E0	1.712448E-1
1.068000E1	5.321320E0	1.724705E-1
1.070000E1	5.350568E0	1.591433E-1
1.072000E1	5.377793E0	1.543116E-1
1.074000E1	5.382141E0	1.553436E-1
1.076000E1	5.377703E0	1.423106E-1
1.078000E1	5.376581E0	1.450497E-1
1.080000E1	5.375783E0	1.792377E-1
1.082000E1	5.368476E0	2.072549E-1
1.084000E1	5.369018E0	2.215877E-1
1.086000E1	5.371377E0	2.507370E-1
1.088000E1	5.362660E0	2.768292E-1
1.090000E1	5.369197E0	2.730795E-1
1.092000E1	5.377621E0	2.378016E-1
1.094000E1	5.361688E0	2.126882E-1
1.096000E1	5.362240E0	1.942340E-1
1.098000E1	5.377984E0	1.917609E-1
1.100000E1	5.367699E0	1.822623E-1
1.102000E1	5.358886E0	1.447878E-1
1.104000E1	5.356600E0	1.286228E-1
1.106000E1	5.358293E0	1.498163E-1
1.108000E1	5.370599E0	1.792593E-1
1.110000E1	5.368140E0	1.866778E-1
1.112000E1	5.353237E0	1.653183E-1
1.114000E1	5.355231E0	1.418822E-1
1.116000E1	5.356938E0	1.441734E-1
1.118000E1	5.357704E0	1.434035E-1
1.120000E1	5.361493E0	1.363572E-1
1.122000E1	5.371336E0	1.775561E-1
1.124000E1	5.367221E0	2.011587E-1
1.126000E1	5.362928E0	1.922024E-1
1.128000E1	5.365360E0	1.750359E-1
1.130000E1	5.372366E0	1.946353E-1
1.132000E1	5.372972E0	1.983908E-1
1.134000E1	5.365321E0	1.783666E-1
1.136000E1	5.356171E0	1.678850E-1
1.138000E1	5.355998E0	1.562083E-1
1.140000E1	5.360004E0	1.471069E-1
1.142000E1	5.364716E0	1.394689E-1
1.144000E1	5.385855E0	1.400520E-1
1.146000E1	5.421863E0	1.409796E-1
1.148000E1	5.422934E0	1.397288E-1
1.150000E1	5.417484E0	1.253522E-1
1.152000E1	5.408273E0	9.509397E-2
1.154000E1	5.398179E0	8.648100E-2
1.156000E1	5.398412E0	9.322983E-2
1.158000E1	5.404575E0	1.015639E-1
1.160000E1	5.413028E0	1.034417E-1
1.162000E1	5.435798E0	1.064540E-1
1.164000E1	5.478373E0	1.180357E-1
1.166000E1	5.512791E0	1.462985E-1
1.168000E1	5.543599E0	1.605694E-1
1.170000E1	5.558156E0	1.594581E-1
1.172000E1	5.550462E0	1.801332E-1
1.174000E1	5.543790E0	2.043745E-1
1.176000E1	5.547526E0	2.147446E-1
1.178000E1	5.550077E0	2.259131E-1
1.180000E1	5.548402E0	2.213756E-1
1.182000E1	5.547879E0	2.005026E-1
1.184000E1	5.553945E0	1.920515E-1
1.186000E1	5.570185E0	2.166399E-1
1.188000E1	5.577076E0	2.282739E-1
1.190000E1	5.594608E0	2.172469E-1
1.192000E1	5.618989E0	2.254098E-1
1.194000E1	5.621969E0	2.511465E-1
1.196000E1	5.620459E0	2.662878E-1
1.198000E1	5.618064E0	2.636426E-1
1.200000E1	5.613206E0	2.528219E-1
1.202000E1	5.601481E0	2.221786E-1
1.204000E1	5.597958E0	1.920008E-1
1.206000E1	5.587468E0	1.653101E-1
1.208000E1	5.570891E0	1.412122E-1
1.210000E1	5.568757E0	1.315489E-1
1.212000E1	5.567489E0	1.362438E-1
1.214000E1	5.576465E0	1.634566E-1
1.216000E1	5.587317E0	2.115180E-1
1.218000E1	5.582664E0	2.275952E-1
1.220000E1	5.578317E0	2.073507E-1
1.222000E1	5.577053E0	2.030253E-1
1.224000E1	5.573280E0	2.076992E-1
1.226000E1	5.565820E0	1.909323E-1
1.228000E1	5.561178E0	1.797190E-1
1.230000E1	5.562408E0	1.859186E-1
1.232000E1	5.565930E0	1.866102E-1
1.234000E1	5.573369E0	1.843617E-1
1.236000E1	5.595886E0	1.902070E-1
1.238000E1	5.632747E0	1.882412E-1
1.240000E1	5.639917E0	1.748319E-1
1.242000E1	5.634714E0	1.596797E-1
1.244000E1	5.606529E0	1.253274E-1
1.246000E1	5.591940E0	8.683622E-2
1.248000E1	5.587308E0	8.404089E-2
1.250000E1	5.596525E0	1.103393E-1
1.252000E1	5.611596E0	1.214176E-1
1.254000E1	5.625164E0	1.052974E-1
1.256000E1	5.632722E0	9.726976E-2
1.258000E1	5.637355E0	9.485172E-2
1.260000E1	5.642139E0	9.582875E-2
1.262000E1	5.645803E0	9.645122E-2
1.264000E1	5.627836E0	8.548727E-2
1.266000E1	5.623506E0	8.951314E-2
1.268000E1	5.627669E0	1.295033E-1
1.270000E1	5.633654E0	1.673851E-1
1.272000E1	5.631778E0	1.727574E-1
1.274000E1	5.644612E0	1.780810E-1
1.276000E1	5.659034E0	1.953318E-1
1.278000E1	5.661942E0	2.064417E-1
1.280000E1	5.669083E0	2.049208E-1
1.282000E1	5.680543E0	2.043444E-1
1.284000E1	5.679877E0	2.133107E-1
1.286000E1	5.675440E0	2.077488E-1
1.288000E1	5.658700E0	1.791411E-1
1.290000E1	5.659541E0	1.817711E-1
1.292000E1	5.674379E0	2.146498E-1
1.294000E1	5.672834E0	2.306415E-1
1.296000E1	5.670426E0	2.130535E-1
1.298000E1	5.668212E0	2.077168E-1
1.300000E1	5.672819E0	2.287166E-1
1.302000E1	5.684384E0	2.519525E-1
1.304000E1	5.691198E0	2.715553E-1
1.306000E1	5.689780E0	2.651207E-1
1.308000E1	5.680618E0	2.231804E-1
1.310000E1	5.675333E0	2.152479E-1
1.312000E1	5.671699E0	2.212098E-1
1.314000E1	5.671087E0	2.096972E-1
1.316000E1	5.668657E0	1.976014E-1
1.318000E1	5.664982E0	1.988972E-1
1.320000E1	5.663821E0	1.928388E-1
1.322000E1	5.665163E0	1.956487E-1
1.324000E1	5.668629E0	1.956593E-1
1.326000E1	5.689196E0	1.786480E-1
1.328000E1	5.712691E0	1.823235E-1
1.330000E1	5.744589E0	1.899515E-1
1.332000E1	5.768511E0	1.756215E-1
1.334000E1	5.758221E0	1.474256E-1
1.336000E1	5.736048E0	1.068678E-1
1.338000E1	5.713477E0	6.734254E-2
1.340000E1	5.711650E0	5.656388E-2
1.342000E1	5.722420E0	9.920624E-2
1.344000E1	5.744510E0	1.468592E-1
1.346000E1	5.774911E0	1.367904E-1
1.348000E1	5.800944E0	1.156316E-1
1.350000E1	5.826776E0	1.155815E-1
1.352000E1	5.824014E0	1.132533E-1
1.354000E1	5.799789E0	8.936630E-2
1.356000E1	5.762004E0	5.224858E-2
1.358000E1	5.752128E0	2.547076E-2
1.360000E1	5.766176E0	6.561776E-2
1.362000E1	5.782083E0	1.199994E-1
1.364000E1	5.772735E0	1.283547E-1
1.366000E1	5.758539E0	9.462291E-2
1.368000E1	5.761514E0	6.239831E-2
1.370000E1	5.758913E0	6.461148E-2
1.372000E1	5.763733E0	6.463932E-2
1.374000E1	5.764887E0	6.486130E-2
1.376000E1	5.748500E0	6.391104E-2
1.378000E1	5.757355E0	6.519396E-2
1.380000E1	5.782135E0	1.085271E-1
1.382000E1	5.797743E0	1.597675E-1
1.384000E1	5.803153E0	1.719590E-1
1.386000E1	5.803557E0	1.530203E-1
1.388000E1	5.806463E0	1.401682E-1
1.390000E1	5.812865E0	1.455711E-1
1.392000E1	5.814624E0	1.576366E-1
1.394000E1	5.816322E0	1.577978E-1
1.396000E1	5.817331E0	1.570503E-1
1.398000E1	5.821324E0	1.799586E-1
1.400000E1	5.821627E0	2.035216E-1
1.402000E1	5.820555E0	2.083695E-1
1.404000E1	5.821835E0	2.115450E-1
1.406000E1	5.826167E0	2.250577E-1
1.408000E1	5.832406E0	2.357826E-1
1.410000E1	5.828620E0	2.424809E-1
1.412000E1	5.822235E0	2.178053E-1
1.414000E1	5.817010E0	1.887899E-1
1.416000E1	5.818299E0	1.752918E-1
1.418000E1	5.835990E0	1.668129E-1
1.420000E1	5.854030E0	1.549838E-1
1.422000E1	5.865695E0	1.284206E-1
1.424000E1	5.863512E0	1.130349E-1
1.426000E1	5.860234E0	9.856444E-2
1.428000E1	5.868977E0	7.703507E-2
1.430000E1	5.866555E0	9.285981E-2
1.432000E1	5.878162E0	1.286357E-1
1.434000E1	5.890931E0	1.542273E-1
1.436000E1	5.897074E0	1.461177E-1
1.438000E1	5.924828E0	1.137515E-1
1.440000E1	5.939012E0	7.963323E-2
1.442000E1	5.936278E0	7.156896E-2
1.444000E1	5.936935E0	6.373686E-2
1.446000E1	5.937294E0	7.399400E-2
1.448000E1	5.926871E0	7.179540E-2
1.450000E1	5.919219E0	6.704433E-2
1.452000E1	5.920432E0	9.192195E-2
1.454000E1	5.921482E0	1.242804E-1
1.456000E1	5.917945E0	1.214610E-1
1.458000E1	5.916388E0	1.030808E-1
1.460000E1	5.909749E0	7.777438E-2
1.462000E1	5.897948E0	6.419275E-2
1.464000E1	5.902681E0	5.872257E-2
1.466000E1	5.910134E0	5.528110E-2
1.468000E1	5.909536E0	5.498808E-2
1.470000E1	5.902521E0	5.537822E-2
1.472000E1	5.903877E0	5.912221E-2
1.474000E1	5.901436E0	5.585308E-2
1.476000E1	5.910242E0	5.665478E-2
1.478000E1	5.909363E0	5.699904E-2
1.480000E1	5.893485E0	2.922823E-2
1.482000E1	5.882499E0	1.991600E-2
1.484000E1	5.878823E0	1.759218E-2
1.486000E1	5.902276E0	5.287519E-2
1.488000E1	5.931415E0	1.144868E-1
1.490000E1	5.931947E0	1.524236E-1
1.492000E1	5.928657E0	1.523256E-1
1.494000E1	5.927002E0	1.536241E-1
1.496000E1	5.927656E0	1.621411E-1
1.498000E1	5.929895E0	1.662190E-1
1.500000E1	5.929412E0	1.530174E-1
1.502000E1	5.928866E0	1.526950E-1
1.504000E1	5.934296E0	1.681479E-1
1.506000E1	5.935219E0	1.680778E-1
1.508000E1	5.950467E0	1.533970E-1
1.510000E1	5.990110E0	1.540528E-1
1.512000E1	6.021943E0	1.581181E-1
1.514000E1	6.045180E0	1.362464E-1
1.516000E1	6.028230E0	1.370008E-1
1.518000E1	6.009721E0	1.299577E-1
1.520000E1	6.010140E0	1.107398E-1
1.522000E1	6.007006E0	1.095283E-1
1.524000E1	5.995357E0	1.162725E-1
1.526000E1	5.987753E0	1.057851E-1
1.528000E1	5.994739E0	8.977842E-2
1.530000E1	6.014825E0	7.992499E-2
1.532000E1	6.040006E0	8.318331E-2
1.534000E1	6.066333E0	9.527043E-2
1.536000E1	6.081526E0	1.083582E-1
1.538000E1	6.065163E0	1.077645E-1
1.540000E1	6.057734E0	9.561229E-2
1.542000E1	6.060182E0	9.793803E-2
1.544000E1	6.052557E0	1.110766E-1
1.546000E1	6.054345E0	1.043368E-1
1.548000E1	6.057479E0	1.018359E-1
1.550000E1	6.059297E0	9.714992E-2
1.552000E1	6.062492E0	9.588488E-2
1.554000E1	6.064401E0	9.975502E-2
1.556000E1	6.069916E0	1.030305E-1
1.558000E1	6.072836E0	1.038200E-1
1.560000E1	6.062457E0	1.010923E-1
1.562000E1	6.048458E0	8.889471E-2
1.564000E1	6.040472E0	6.907150E-2
1.566000E1	6.032504E0	6.355398E-2
1.568000E1	6.042718E0	8.238777E-2
1.570000E1	6.029654E0	8.200626E-2
1.572000E1	6.017763E0	6.152530E-2
1.574000E1	6.014893E0	4.684334E-2
1.576000E1	6.016097E0	5.342138E-2
1.578000E1	6.029642E0	7.235405E-2
1.580000E1	6.039538E0	8.965480E-2
1.582000E1	6.035191E0	1.105986E-1
1.584000E1	6.025112E0	1.110528E-1
1.586000E1	6.025901E0	1.103853E-1
1.588000E1	6.027044E0	1.096582E-1
1.590000E1	6.035141E0	1.204064E-1
1.592000E1	6.036453E0	1.239480E-1
1.594000E1	6.043351E0	1.344451E-1
1.596000E1	6.044004E0	1.496164E-1
1.598000E1	6.043557E0	1.519235E-1
1.600000E1	6.059851E0	1.493288E-1
1.602000E1	6.080144E0	1.438407E-1
1.604000E1	6.111052E0	1.395221E-1
1.606000E1	6.121182E0	1.186211E-1
1.608000E1	6.121678E0	1.039575E-1
1.610000E1	6.132049E0	1.101403E-1
1.612000E1	6.146761E0	1.257467E-1
1.614000E1	6.144976E0	1.389988E-1
1.616000E1	6.145337E0	1.649241E-1
1.618000E1	6.153805E0	1.928416E-1
1.620000E1	6.183316E0	1.956706E-1
1.622000E1	6.189347E0	1.651560E-1
1.624000E1	6.184810E0	1.372239E-1
1.626000E1	6.186401E0	1.370796E-1
1.628000E1	6.185122E0	1.412217E-1
1.630000E1	6.155550E0	1.435619E-1
1.632000E1	6.136891E0	1.151475E-1
1.634000E1	6.137244E0	1.129330E-1
1.636000E1	6.148830E0	1.537290E-1
1.638000E1	6.147085E0	1.908053E-1
1.640000E1	6.149783E0	1.930361E-1
1.642000E1	6.157278E0	1.716462E-1
1.644000E1	6.161953E0	1.553515E-1
1.646000E1	6.166732E0	1.352716E-1
1.648000E1	6.158370E0	1.164897E-1
1.650000E1	6.141876E0	1.035465E-1
1.652000E1	6.138897E0	1.083013E-1
1.654000E1	6.137496E0	1.132270E-1
1.656000E1	6.132779E0	1.147423E-1
1.658000E1	6.147662E0	1.278784E-1
1.660000E1	6.132334E0	1.310345E-1
1.662000E1	6.119814E0	1.095440E-1
1.664000E1	6.115472E0	9.175823E-2
1.666000E1	6.113360E0	9.009751E-2
1.668000E1	6.120071E0	9.656872E-2
1.670000E1	6.129373E0	1.195241E-1
1.672000E1	6.128640E0	1.384210E-1
1.674000E1	6.128149E0	1.419828E-1
1.676000E1	6.127474E0	1.432239E-1
1.678000E1	6.126217E0	1.439854E-1
1.680000E1	6.125699E0	1.452851E-1
1.682000E1	6.125179E0	1.433448E-1
1.684000E1	6.124978E0	1.373451E-1
1.686000E1	6.126049E0	1.384285E-1
1.688000E1	6.126103E0	1.409311E-1
1.690000E1	6.127608E0	1.388854E-1
1.692000E1	6.135092E0	1.393032E-1
1.694000E1	6.158477E0	1.430869E-1
1.696000E1	6.193064E0	1.378630E-1
1.698000E1	6.209216E0	1.388285E-1
1.700000E1	6.214296E0	1.401232E-1
1.702000E1	6.227132E0	1.415963E-1
1.704000E1	6.230621E0	1.477381E-1
1.706000E1	6.227807E0	1.758513E-1
1.708000E1	6.233040E0	1.739477E-1
1.710000E1	6.240327E0	1.541816E-1
1.712000E1	6.264561E0	1.361784E-1
1.714000E1	6.303270E0	1.489467E-1
1.716000E1	6.328902E0	1.642081E-1
1.718000E1	6.330767E0	1.620054E-1
1.720000E1	6.340409E0	1.616670E-1
1.722000E1	6.337559E0	1.918870E-1
1.724000E1	6.328905E0	2.309315E-1
1.726000E1	6.321370E0	2.539982E-1
1.728000E1	6.313671E0	2.369095E-1
1.730000E1	6.304530E0	2.094320E-1
1.732000E1	6.310496E0	2.076694E-1
1.734000E1	6.315054E0	2.050584E-1
1.736000E1	6.313514E0	1.972050E-1
1.738000E1	6.308508E0	1.680916E-1
1.740000E1	6.305328E0	1.277780E-1
1.742000E1	6.306366E0	1.335602E-1
1.744000E1	6.298018E0	1.514556E-1
1.746000E1	6.300561E0	1.769892E-1
1.748000E1	6.303002E0	1.846550E-1
1.750000E1	6.318992E0	2.023264E-1
1.752000E1	6.307792E0	1.899662E-1
1.754000E1	6.289248E0	1.390468E-1
1.756000E1	6.260166E0	9.237440E-2
1.758000E1	6.260150E0	8.115792E-2
1.760000E1	6.281615E0	1.132272E-1
1.762000E1	6.297948E0	1.576485E-1
1.764000E1	6.292757E0	2.008752E-1
1.766000E1	6.291873E0	2.041399E-1
1.768000E1	6.289433E0	2.026658E-1
1.770000E1	6.288820E0	2.006573E-1
1.772000E1	6.285594E0	1.987984E-1
1.774000E1	6.279680E0	1.730073E-1
1.776000E1	6.268449E0	1.390206E-1
1.778000E1	6.272109E0	1.425606E-1
1.780000E1	6.277254E0	1.492050E-1
1.782000E1	6.280629E0	1.471421E-1
1.784000E1	6.289171E0	1.347920E-1
1.786000E1	6.297021E0	1.120207E-1
1.788000E1	6.300083E0	7.799542E-2
1.790000E1	6.291964E0	5.214979E-2
1.792000E1	6.274613E0	1.949550E-2
1.794000E1	6.268955E0	-1.088531E-2
1.796000E1	6.271809E0	8.816874E-3
1.798000E1	6.305035E0	7.043773E-2
1.800000E1	6.333161E0	1.145530E-1
1.802000E1	6.357640E0	1.207436E-1
1.804000E1	6.391239E0	1.012585E-1
1.806000E1	6.404567E0	1.004077E-1
1.808000E1	6.425721E0	1.071032E-1
1.810000E1	6.434347E0	1.069097E-1
1.812000E1	6.428903E0	1.136217E-1
1.814000E1	6.418948E0	1.168616E-1
1.816000E1	6.417250E0	1.087801E-1
1.818000E1	6.421284E0	1.270222E-1
1.820000E1	6.426795E0	1.566488E-1
1.822000E1	6.429611E0	1.600789E-1
1.824000E1	6.433505E0	1.603857E-1
1.826000E1	6.443125E0	1.813156E-1
1.828000E1	6.442519E0	1.984589E-1
1.830000E1	6.450662E0	2.109873E-1
1.832000E1	6.442334E0	2.160200E-1
1.834000E1	6.430488E0	1.970802E-1
1.836000E1	6.418385E0	1.602162E-1
1.838000E1	6.411747E0	1.400937E-1
1.840000E1	6.410494E0	1.327157E-1
1.842000E1	6.420797E0	1.456721E-1
1.844000E1	6.408737E0	1.395470E-1
1.846000E1	6.385459E0	9.376212E-2
1.848000E1	6.367697E0	6.613467E-2
1.850000E1	6.372554E0	6.540699E-2
1.852000E1	6.390238E0	9.191390E-2
1.854000E1	6.408509E0	1.308102E-1
1.856000E1	6.430964E0	1.823852E-1
1.858000E1	6.427374E0	1.990899E-1
1.860000E1	6.426642E0	1.901433E-1
1.862000E1	6.421836E0	1.754860E-1
1.864000E1	6.421748E0	1.682241E-1
1.866000E1	6.419451E0	1.543009E-1
1.868000E1	6.416505E0	1.471886E-1
1.870000E1	6.418852E0	1.486065E-1
1.872000E1	6.423480E0	1.535465E-1
1.874000E1	6.426717E0	1.524304E-1
1.876000E1	6.445637E0	1.444495E-1
1.878000E1	6.477396E0	1.370252E-1
1.880000E1	6.482884E0	1.183175E-1
1.882000E1	6.463874E0	8.297048E-2
1.884000E1	6.434962E0	2.455281E-2
1.886000E1	6.418213E0	-3.488029E-2
1.888000E1	6.419176E0	-3.412442E-2
1.890000E1	6.444711E0	2.252252E-2
1.892000E1	6.457629E0	6.770462E-2
1.894000E1	6.474359E0	5.834696E-2
1.896000E1	6.482571E0	1.837436E-2
1.898000E1	6.485454E0	-1.328450E-2
1.900000E1	6.492496E0	-1.168959E-2
1.902000E1	6.501535E0	9.410019E-3
1.904000E1	6.479762E0	2.269420E-2
1.906000E1	6.478013E0	2.314376E-2
1.908000E1	6.482306E0	5.089800E-2
1.910000E1	6.491697E0	9.507534E-2
1.912000E1	6.493309E0	1.202693E-1
1.914000E1	6.495077E0	1.147798E-1
1.916000E1	6.494757E0	1.146137E-1
1.918000E1	6.500184E0	1.250847E-1
1.920000E1	6.499799E0	1.208023E-1
1.922000E1	6.490242E0	9.846486E-2
1.924000E1	6.476682E0	7.396907E-2
1.926000E1	6.483011E0	7.881121E-2
1.928000E1	6.492782E0	1.263992E-1
1.930000E1	6.501873E0	1.474389E-1
1.932000E1	6.499869E0	1.512608E-1
1.934000E1	6.498983E0	1.572291E-1
1.936000E1	6.498568E0	1.722182E-1
1.938000E1	6.493943E0	1.798301E-1
1.940000E1	6.481744E0	1.523345E-1
1.942000E1	6.473028E0	1.094547E-1
1.944000E1	6.472180E0	1.018928E-1
1.946000E1	6.472744E0	1.267404E-1
1.948000E1	6.473669E0	1.226797E-1
1.950000E1	6.474629E0	1.077985E-1
1.952000E1	6.475564E0	1.091622E-1
1.954000E1	6.478553E0	1.103798E-1
1.956000E1	6.478187E0	1.092978E-1
1.958000E1	6.480857E0	1.100634E-1
1.960000E1	6.485133E0	1.179029E-1
1.962000E1	6.483517E0	1.189386E-1
1.964000E1	6.485920E0	1.142454E-1
1.966000E1	6.492159E0	8.825228E-2
1.968000E1	6.488285E0	6.737185E-2
1.970000E1	6.495593E0	2.987992E-2
1.972000E1	6.492691E0	-4.143119E-3
1.974000E1	6.490271E0	-2.329040E-2
1.976000E1	6.487673E0	-3.207612E-2
1.978000E1	6.490047E0	-2.076510E-2
1.980000E1	6.497666E0	2.017307E-2
1.982000E1	6.519559E0	5.850277E-2
1.984000E1	6.529774E0	5.758595E-2
1.986000E1	6.532377E0	2.558467E-2
1.988000E1	6.538595E0	-1.245866E-2
1.990000E1	6.537519E0	-2.836409E-2
1.992000E1	6.541986E0	-3.092320E-2
1.994000E1	6.550584E0	-2.154467E-2
1.996000E1	6.541604E0	-9.882175E-3
1.998000E1	6.536780E0	1.896109E-3
2.000000E1	6.531263E0	2.420344E-2
2.002000E1	6.533759E0	4.493358E-2
2.004000E1	6.531308E0	4.825488E-2
2.006000E1	6.525385E0	2.802773E-2
2.008000E1	6.524308E0	2.440702E-2
2.010000E1	6.527029E0	2.820373E-2
2.012000E1	6.532491E0	3.922231E-2
2.014000E1	6.534580E0	4.444944E-2
2.016000E1	6.534455E0	5.406606E-2
2.018000E1	6.545006E0	8.029182E-2
2.020000E1	6.549726E0	1.109829E-1
2.022000E1	6.552609E0	1.160453E-1
2.024000E1	6.548849E0	1.145798E-1
2.026000E1	6.547008E0	1.126193E-1
2.028000E1	6.541408E0	1.073845E-1
2.030000E1	6.526086E0	8.215992E-2
2.032000E1	6.523083E0	5.627788E-2
2.034000E1	6.547299E0	7.763260E-2
2.036000E1	6.565926E0	1.492668E-1
2.038000E1	6.567166E0	1.736559E-1
2.040000E1	6.579075E0	1.597192E-1
2.042000E1	6.582846E0	1.789052E-1
2.044000E1	6.583490E0	1.991249E-1
2.046000E1	6.583453E0	1.788059E-1
2.048000E1	6.577501E0	1.525755E-1
2.050000E1	6.576331E0	1.501285E-1
2.052000E1	6.577642E0	1.492049E-1
2.054000E1	6.575887E0	1.341534E-1
2.056000E1	6.574563E0	1.184240E-1
2.058000E1	6.593031E0	1.036879E-1
2.060000E1	6.615108E0	9.487918E-2
2.062000E1	6.632331E0	8.874309E-2
2.064000E1	6.636401E0	8.183995E-2
2.066000E1	6.634306E0	7.731650E-2
2.068000E1	6.631019E0	7.900707E-2
2.070000E1	6.624383E0	8.479742E-2
2.072000E1	6.625956E0	8.790377E-2
2.074000E1	6.627531E0	7.899228E-2
2.076000E1	6.634758E0	6.384460E-2
2.078000E1	6.647030E0	4.617681E-2
2.080000E1	6.659272E0	4.288728E-2
2.082000E1	6.682213E0	5.292709E-2
2.084000E1	6.687724E0	6.413842E-2
2.086000E1	6.680852E0	6.660709E-2
2.088000E1	6.676522E0	6.339519E-2
2.090000E1	6.662516E0	7.584805E-2
2.092000E1	6.660027E0	7.300752E-2
2.094000E1	6.663087E0	7.107346E-2
2.096000E1	6.668590E0	6.042354E-2
2.098000E1	6.671290E0	5.695314E-2
2.100000E1	6.673398E0	5.651475E-2
2.102000E1	6.674690E0	5.763507E-2
2.104000E1	6.676701E0	5.580721E-2
2.106000E1	6.677331E0	5.385921E-2
2.108000E1	6.666048E0	4.705185E-2
2.110000E1	6.666425E0	4.317174E-2
2.112000E1	6.661582E0	3.398878E-2
2.114000E1	6.665621E0	3.803093E-2
2.116000E1	6.674258E0	6.119165E-2
2.118000E1	6.667828E0	4.795920E-2
2.120000E1	6.654041E0	2.353992E-2
2.122000E1	6.646746E0	1.586597E-2
2.124000E1	6.663625E0	4.532937E-2
2.126000E1	6.689318E0	9.442302E-2
2.128000E1	6.695097E0	1.152981E-1
2.130000E1	6.691680E0	1.121566E-1
2.132000E1	6.689868E0	1.152674E-1
2.134000E1	6.687978E0	1.252052E-1
2.136000E1	6.686447E0	1.135688E-1
2.138000E1	6.684654E0	9.920295E-2
2.140000E1	6.688108E0	1.099629E-1
2.142000E1	6.695806E0	1.298559E-1
2.144000E1	6.697330E0	1.389528E-1
2.146000E1	6.701736E0	1.480212E-1
2.148000E1	6.726149E0	1.452152E-1
2.150000E1	6.764427E0	1.471030E-1
2.152000E1	6.778467E0	1.324814E-1
2.154000E1	6.768554E0	1.082222E-1
2.156000E1	6.766517E0	1.049938E-1
2.158000E1	6.777516E0	8.394185E-2
2.160000E1	6.766651E0	8.611099E-2
2.162000E1	6.745428E0	8.851345E-2
2.164000E1	6.742702E0	8.811959E-2
2.166000E1	6.752154E0	8.974850E-2
2.168000E1	6.776594E0	9.233062E-2
2.170000E1	6.801694E0	8.666144E-2
2.172000E1	6.814905E0	9.144302E-2
2.174000E1	6.825537E0	9.191025E-2
2.176000E1	6.807461E0	9.230770E-2
2.178000E1	6.770961E0	7.593815E-2
2.180000E1	6.771911E0	6.706898E-2
2.182000E1	6.776953E0	8.990874E-2
2.184000E1	6.773848E0	1.032779E-1
2.186000E1	6.778249E0	9.837049E-2
2.188000E1	6.781629E0	9.359795E-2
2.190000E1	6.782911E0	9.525770E-2
2.192000E1	6.784504E0	9.634715E-2
2.194000E1	6.784793E0	9.058733E-2
2.196000E1	6.757568E0	7.006818E-2
2.198000E1	6.736530E0	4.414158E-2
2.200000E1	6.737097E0	4.856623E-2
2.202000E1	6.737759E0	5.168888E-2
2.204000E1	6.750690E0	6.233494E-2
2.206000E1	6.735609E0	5.007631E-2
2.208000E1	6.723012E0	2.936734E-2
2.210000E1	6.716700E0	1.172938E-2
2.212000E1	6.723930E0	1.299522E-2
2.214000E1	6.735228E0	2.889114E-2
2.216000E1	6.746406E0	5.197741E-2
2.218000E1	6.751190E0	7.765708E-2
2.220000E1	6.745507E0	9.548353E-2
2.222000E1	6.744446E0	1.028746E-1
2.224000E1	6.740794E0	9.820960E-2
2.226000E1	6.745842E0	1.118455E-1
2.228000E1	6.748064E0	1.163670E-1
2.230000E1	6.746314E0	1.150878E-1
2.232000E1	6.747537E0	1.163474E-1
2.234000E1	6.746720E0	1.154076E-1
2.236000E1	6.747862E0	1.092531E-1
2.238000E1	6.754133E0	1.055520E-1
2.240000E1	6.760225E0	9.186469E-2
2.242000E1	6.767800E0	6.938782E-2
2.244000E1	6.794316E0	5.472387E-2
2.246000E1	6.805117E0	5.732869E-2
2.248000E1	6.815027E0	6.927711E-2
2.250000E1	6.826822E0	9.141840E-2
2.252000E1	6.834291E0	1.127069E-1
2.254000E1	6.835351E0	1.245737E-1
2.256000E1	6.852703E0	1.236920E-1
2.258000E1	6.861727E0	1.036360E-1
2.260000E1	6.858035E0	6.794993E-2
2.262000E1	6.862455E0	5.629228E-2
2.264000E1	6.861148E0	5.639949E-2
2.266000E1	6.853563E0	5.517893E-2
2.268000E1	6.825965E0	4.529897E-2
2.270000E1	6.820459E0	4.232218E-2
2.272000E1	6.818201E0	6.587329E-2
2.274000E1	6.830281E0	7.917185E-2
2.276000E1	6.827542E0	8.896677E-2
2.278000E1	6.830783E0	8.015189E-2
2.280000E1	6.833199E0	8.472668E-2
2.282000E1	6.833731E0	9.903625E-2
2.284000E1	6.834737E0	9.278614E-2
2.286000E1	6.835050E0	6.962473E-2
2.288000E1	6.814592E0	4.658833E-2
2.290000E1	6.819252E0	4.639487E-2
2.292000E1	6.822661E0	4.761973E-2
2.294000E1	6.827912E0	4.964651E-2
2.296000E1	6.830985E0	5.223985E-2
2.298000E1	6.825473E0	4.376857E-2
2.300000E1	6.814984E0	2.120244E-2
2.302000E1	6.819516E0	1.144500E-2
2.304000E1	6.826984E0	1.972182E-2
2.306000E1	6.831593E0	2.058631E-2
2.308000E1	6.837211E0	3.542464E-2
2.310000E1	6.840375E0	6.505872E-2
2.312000E1	6.842296E0	7.143975E-2
2.314000E1	6.841530E0	6.430701E-2
2.316000E1	6.843620E0	6.602773E-2
2.318000E1	6.850611E0	7.995113E-2
2.320000E1	6.843741E0	8.317661E-2
2.322000E1	6.837730E0	7.569598E-2
2.324000E1	6.837062E0	7.024390E-2
2.326000E1	6.837324E0	6.661988E-2
2.328000E1	6.836666E0	5.320306E-2
2.330000E1	6.848324E0	3.027791E-2
2.332000E1	6.864620E0	1.514321E-2
2.334000E1	6.889817E0	5.781011E-3
2.336000E1	6.894584E0	9.456949E-3
2.338000E1	6.899208E0	1.846326E-2
2.340000E1	6.897334E0	3.118316E-2
2.342000E1	6.900563E0	5.952900E-2
2.344000E1	6.895745E0	5.966381E-2
2.346000E1	6.890763E0	3.386620E-2
2.348000E1	6.910160E0	1.293143E-2
2.350000E1	6.940607E0	2.110901E-2
2.352000E1	6.956760E0	4.340674E-2
2.354000E1	6.967117E0	5.600876E-2
2.356000E1	6.976426E0	5.787402E-2
2.358000E1	6.976192E0	7.808448E-2
2.360000E1	6.975824E0	1.123444E-1
2.362000E1	6.970017E0	1.177196E-1
2.364000E1	6.953307E0	8.604967E-2
2.366000E1	6.938137E0	7.761516E-2
2.368000E1	6.940849E0	8.731063E-2
2.370000E1	6.939048E0	8.660524E-2
2.372000E1	6.932474E0	8.440367E-2
2.374000E1	6.927949E0	7.298588E-2
2.376000E1	6.928739E0	6.534956E-2
2.378000E1	6.925207E0	6.436862E-2
2.380000E1	6.917182E0	5.123386E-2
2.382000E1	6.913071E0	3.938938E-2
2.384000E1	6.900756E0	3.450455E-2
2.386000E1	6.911583E0	5.206864E-2
2.388000E1	6.903285E0	6.230424E-2
2.390000E1	6.883172E0	3.076382E-2
2.392000E1	6.861739E0	-3.934296E-3
2.394000E1	6.859522E0	-3.732918E-3
2.396000E1	6.857524E0	7.751722E-3
2.398000E1	6.872221E0	2.281699E-2
2.400000E1	6.892726E0	4.446398E-2
