	mass A		
t	x	y	
0.000000E0	-2.638180E-3	8.735956E-4
4.000000E-2	-6.915793E-1	-2.617570E-1
8.000000E-2	9.336562E-2	2.452909E-1
1.200000E-1	-4.495583E-1	1.368012E-1
1.600000E-1	2.846999E-1	1.170251E0
2.000000E-1	3.807810E-1	1.515645E0
2.400000E-1	7.074657E-1	1.827480E0
2.800000E-1	-4.391540E-1	-4.897738E-2
3.200000E-1	3.499617E-1	3.569767E-1
3.600000E-1	2.972803E-1	8.553340E-1
4.000000E-1	9.922701E-1	4.937640E-1
4.400000E-1	9.423238E-1	3.622017E-1
4.800000E-1	5.823349E-1	-1.446765E-1
5.200000E-1	2.669688E-1	-2.273941E-1
5.600000E-1	4.658198E-1	3.172263E-1
6.000000E-1	3.601094E-1	-7.695268E-1
6.400000E-1	7.295192E-1	-4.708159E-1
6.800000E-1	7.621711E-1	-6.584245E-1
7.200000E-1	-5.063445E-1	-8.352533E-1
7.600000E-1	1.525281E-1	-4.747663E-1
8.000000E-1	3.059620E-1	-1.180185E-1
8.400000E-1	1.037196E0	4.881792E-2
8.800000E-1	1.410695E0	3.566757E-1
9.200000E-1	1.751181E0	8.655562E-1
9.600000E-1	1.423454E0	3.570048E-1
1.000000E0	1.479756E0	3.553041E-1
1.040000E0	1.550168E0	3.051922E-1
1.080000E0	1.749211E0	1.467979E0
1.120000E0	2.097712E0	1.892762E0
1.160000E0	2.159899E0	1.982530E0
1.200000E0	1.380968E0	2.127787E-1
1.240000E0	1.876144E0	7.351634E-1
1.280000E0	1.717952E0	9.969240E-1
1.320000E0	2.480714E0	8.585355E-1
1.360000E0	2.420367E0	3.172719E-1
1.400000E0	2.172885E0	-7.322043E-2
1.440000E0	2.112763E0	-4.067320E-2
1.480000E0	2.366095E0	3.420841E-1
1.520000E0	2.079659E0	-7.652926E-1
1.560000E0	2.746160E0	-3.658379E-1
1.600000E0	2.630107E0	-8.892348E-1
1.640000E0	1.887417E0	-6.267620E-1
1.680000E0	2.252528E0	-1.282475E-1
1.720000E0	2.316832E0	3.906913E-2
1.760000E0	3.200582E0	2.386834E-1
1.800000E0	3.359907E0	2.143145E-1
1.840000E0	3.572113E0	8.815391E-1
1.880000E0	3.628218E0	4.346632E-1
1.920000E0	3.759435E0	2.748431E-1
1.960000E0	3.970689E0	1.814121E-1
2.000000E0	4.302733E0	1.724441E0
2.040000E0	4.471475E0	2.026932E0
2.080000E0	4.716075E0	1.919299E0
2.120000E0	3.804785E0	5.257864E-2
2.160000E0	4.721429E0	2.638609E-1
2.200000E0	4.561696E0	3.385437E-1
2.240000E0	5.092157E0	2.800234E-1
2.280000E0	5.199284E0	-2.005433E0
2.320000E0	5.440687E0	-1.846306E0
2.360000E0	5.447190E0	-2.023236E0
2.400000E0	5.390701E0	-1.844385E0
2.440000E0	5.942822E0	-2.091054E0
2.480000E0	6.261795E0	-2.016951E0
2.520000E0	6.412049E0	-2.040441E0
2.560000E0	6.155064E0	-1.919969E0
2.600000E0	6.369100E0	-1.834295E0
2.640000E0	6.658488E0	-2.026534E0
2.680000E0	6.897890E0	-1.920223E0
2.720000E0	6.869060E0	-1.780550E0
2.760000E0	7.197979E0	-9.327275E-1
2.800000E0	6.804447E0	-1.410519E0
2.840000E0	7.286533E0	-1.070161E0
2.880000E0	6.177966E0	-1.898408E0
2.920000E0	7.486536E0	7.128545E-2
2.960000E0	7.793505E0	7.713437E-1
3.000000E0	7.785272E0	9.419285E-1
3.040000E0	7.078925E0	-1.209211E0
3.080000E0	7.520351E0	-1.237947E0
3.120000E0	7.274925E0	-1.571293E0
3.160000E0	7.444105E0	-2.014003E0
3.200000E0	8.097165E0	-2.039287E0
3.240000E0	8.050805E0	-2.058276E0
3.280000E0	7.839116E0	-2.081841E0
3.320000E0	7.872921E0	-2.144907E0
3.360000E0	8.266440E0	-2.228432E0
3.400000E0	8.384607E0	-2.107642E0
3.440000E0	8.762230E0	-2.137885E0
3.480000E0	8.051840E0	-2.045629E0
3.520000E0	8.076605E0	-1.899638E0
3.560000E0	8.418676E0	-2.089768E0
3.600000E0	8.712477E0	-2.056470E0
3.640000E0	8.785161E0	-1.969068E0
3.680000E0	9.114359E0	-1.176066E0
3.720000E0	8.748420E0	-1.487499E0
3.760000E0	8.788317E0	-1.397798E0
3.800000E0	8.529173E0	-1.926652E0
3.840000E0	9.127452E0	-2.969661E-1
3.880000E0	9.624321E0	6.435515E-1
3.920000E0	9.724833E0	8.667932E-1
3.960000E0	9.212760E0	-7.655657E-1
4.000000E0	9.433520E0	-1.224640E0
4.040000E0	9.379251E0	-1.412832E0
4.080000E0	9.347590E0	-1.899453E0
4.120000E0	1.002378E1	-1.953503E0
4.160000E0	9.982778E0	-2.002756E0
4.200000E0	9.841284E0	-1.983897E0
4.240000E0	1.002067E1	-2.084878E0
4.280000E0	1.023475E1	-2.122363E0
4.320000E0	1.033965E1	-2.028905E0
4.360000E0	1.058111E1	-2.072644E0
4.400000E0	9.909870E0	-2.036666E0
4.440000E0	9.947143E0	-1.895292E0
4.480000E0	1.037245E1	-2.090037E0
4.520000E0	1.044185E1	-2.017925E0
4.560000E0	1.065189E1	-1.945112E0
4.600000E0	1.088143E1	-1.287882E0
4.640000E0	1.061656E1	-1.358585E0
4.680000E0	1.067541E1	-1.377114E0
4.720000E0	1.023609E1	-1.888092E0
4.760000E0	1.081625E1	-4.176386E-1
4.800000E0	1.140720E1	6.386367E-1
4.840000E0	1.136392E1	8.085080E-1
4.880000E0	1.112206E1	-4.071939E-1
4.920000E0	1.118132E1	-1.148198E0
4.960000E0	1.108532E1	-1.520960E0
5.000000E0	1.134461E1	-1.844770E0
5.040000E0	1.162712E1	-2.031199E0
5.080000E0	1.167463E1	-2.029296E0
5.120000E0	1.151820E1	-2.049951E0
5.160000E0	1.150066E1	-2.129053E0
5.200000E0	1.167155E1	-2.169402E0
5.240000E0	1.184744E1	-2.055534E0
5.280000E0	1.214530E1	-2.134449E0
5.320000E0	1.172639E1	-2.046182E0
5.360000E0	1.173200E1	-1.905469E0
5.400000E0	1.189904E1	-2.085092E0
5.440000E0	1.226257E1	-2.050505E0
5.480000E0	1.243736E1	-2.011694E0
5.520000E0	1.255957E1	-1.470465E0
5.560000E0	1.250024E1	-1.093714E0
5.600000E0	1.232290E1	-1.489694E0
5.640000E0	1.224097E1	-1.762336E0
5.680000E0	1.248380E1	-6.324079E-1
5.720000E0	1.314924E1	3.878040E-1
5.760000E0	1.343689E1	8.398069E-1
5.800000E0	1.326504E1	1.889379E-1
5.840000E0	1.274788E1	-1.525394E0
5.880000E0	1.280147E1	-1.437030E0
5.920000E0	1.301289E1	-1.851503E0
5.960000E0	1.322731E1	-1.956161E0
6.000000E0	1.345742E1	-2.013123E0
6.040000E0	1.347848E1	-2.070955E0
6.080000E0	1.337181E1	-2.147228E0
6.120000E0	1.334704E1	-2.163929E0
6.160000E0	1.357021E1	-2.136124E0
6.200000E0	1.388602E1	-2.144756E0
6.240000E0	1.378159E1	-2.111910E0
6.280000E0	1.360850E1	-1.938271E0
6.320000E0	1.371148E1	-1.944828E0
6.360000E0	1.407794E1	-2.059125E0
6.400000E0	1.433131E1	-1.887525E0
6.440000E0	1.423763E1	-1.601176E0
6.480000E0	1.445949E1	-9.912250E-1
6.520000E0	1.391364E1	-1.809372E0
6.560000E0	1.446927E1	-1.170227E0
6.600000E0	1.417472E1	-1.088370E0
6.640000E0	1.486628E1	1.982870E-1
6.680000E0	1.532734E1	7.980290E-1
6.720000E0	1.525387E1	5.905504E-1
6.760000E0	1.438178E1	-1.918472E0
6.800000E0	1.479759E1	-1.297143E0
6.840000E0	1.484649E1	-1.575229E0
6.880000E0	1.492871E1	-2.070034E0
6.920000E0	1.533345E1	-2.035401E0
6.960000E0	1.526732E1	-2.042238E0
7.000000E0	1.507630E1	-2.103218E0
7.040000E0	1.505113E1	-2.095953E0
7.080000E0	1.531819E1	-2.167510E0
7.120000E0	1.552227E1	-2.126533E0
7.160000E0	1.574638E1	-2.075913E0
7.200000E0	1.527140E1	-2.049833E0
7.240000E0	1.541905E1	-1.907850E0
7.280000E0	1.563210E1	-2.077276E0
7.320000E0	1.595189E1	-1.944334E0
7.360000E0	1.580217E1	-1.687321E0
7.400000E0	1.609569E1	-9.459971E-1
7.440000E0	1.569781E1	-1.510928E0
7.480000E0	1.608071E1	-9.515506E-1
7.520000E0	1.542559E1	-1.834372E0
7.560000E0	1.639300E1	7.271744E-2
7.600000E0	1.687361E1	8.734966E-1
7.640000E0	1.683094E1	8.574383E-1
7.680000E0	1.610606E1	-1.353614E0
7.720000E0	1.655351E1	-1.210840E0
7.760000E0	1.652761E1	-1.487069E0
7.800000E0	1.674282E1	-1.960545E0
7.840000E0	1.714380E1	-1.961684E0
7.880000E0	1.709030E1	-1.993926E0
7.920000E0	1.699041E1	-2.009247E0
7.960000E0	1.698181E1	-2.042582E0
8.000000E0	1.721311E1	-2.076218E0
8.040000E0	1.723462E1	-2.024269E0
8.080000E0	1.750450E1	-2.100455E0
8.120000E0	1.704397E1	-1.986145E0
8.160000E0	1.709928E1	-1.842180E0
8.200000E0	1.750832E1	-2.010838E0
8.240000E0	1.774838E1	-1.961939E0
8.280000E0	1.770938E1	-1.776154E0
8.320000E0	1.804119E1	-8.251784E-1
8.360000E0	1.775107E1	-1.145492E0
8.400000E0	1.787207E1	-1.260034E0
8.440000E0	1.740674E1	-1.652965E0
8.480000E0	1.790869E1	-5.606970E-2
8.520000E0	1.858615E1	8.364519E-1
8.560000E0	1.875905E1	1.137018E0
8.600000E0	1.809752E1	-4.348926E-1
8.640000E0	1.820516E1	-1.200416E0
8.680000E0	1.809340E1	-1.460512E0
8.720000E0	1.845043E1	-1.719605E0
8.760000E0	1.880980E1	-1.861555E0
8.800000E0	1.894515E1	-1.889451E0
8.840000E0	1.866752E1	-1.957350E0
8.880000E0	1.865705E1	-2.052248E0
8.920000E0	1.878106E1	-2.082794E0
8.960000E0	1.900446E1	-1.942797E0
9.000000E0	1.926132E1	-1.999433E0
9.040000E0	1.898027E1	-1.941659E0
9.080000E0	1.884868E1	-1.870698E0
9.120000E0	1.913200E1	-1.953839E0
9.160000E0	1.931295E1	-2.002786E0
9.200000E0	1.947616E1	-1.922881E0
9.240000E0	1.963352E1	-1.054985E0
9.280000E0	1.957000E1	-8.778973E-1
9.320000E0	1.945112E1	-1.453002E0
9.360000E0	1.972451E1	-1.068123E0
9.400000E0	1.953843E1	-4.082449E-1
9.440000E0	2.012868E1	6.261828E-1
9.480000E0	2.055495E1	1.183005E0
9.520000E0	2.034690E1	5.035406E-1
9.560000E0	1.974327E1	-1.625675E0
9.600000E0	2.002223E1	-1.268285E0
9.640000E0	2.023624E1	-1.500622E0
9.680000E0	2.024412E1	-1.841394E0
9.720000E0	2.051076E1	-1.898736E0
9.760000E0	2.047939E1	-1.980672E0
9.800000E0	2.046730E1	-2.024404E0
9.840000E0	2.039537E1	-1.974642E0
9.880000E0	2.055792E1	-1.988580E0
9.920000E0	2.089351E1	-1.959185E0
9.960000E0	2.081879E1	-1.914818E0
1.000000E1	2.060752E1	-1.859788E0
1.004000E1	2.076296E1	-1.775539E0
1.008000E1	2.102754E1	-1.941044E0
1.012000E1	2.137301E1	-1.791229E0
1.016000E1	2.133186E1	-1.299315E0
1.020000E1	2.162123E1	-7.176504E-1
1.024000E1	2.109180E1	-1.390900E0
1.028000E1	2.159038E1	-6.796010E-1
1.032000E1	2.118250E1	-1.147844E0
1.036000E1	2.191403E1	3.395382E-1
1.040000E1	2.233298E1	1.181714E0
1.044000E1	2.227495E1	1.253511E0
1.048000E1	2.160644E1	-1.030997E0
1.052000E1	2.197344E1	-1.003436E0
1.056000E1	2.173952E1	-1.420029E0
1.060000E1	2.191312E1	-1.848737E0
1.064000E1	2.239423E1	-1.816075E0
1.068000E1	2.246398E1	-1.872906E0
1.072000E1	2.242167E1	-1.857282E0
1.076000E1	2.237171E1	-1.906017E0
1.080000E1	2.256958E1	-1.984024E0
1.084000E1	2.280286E1	-1.859476E0
1.088000E1	2.297650E1	-1.936432E0
1.092000E1	2.258788E1	-1.887169E0
1.096000E1	2.252488E1	-1.750506E0
1.100000E1	2.278380E1	-1.935985E0
1.104000E1	2.306429E1	-1.890498E0
1.108000E1	2.308559E1	-1.846546E0
1.112000E1	2.340824E1	-1.052194E0
1.116000E1	2.323534E1	-8.726889E-1
1.120000E1	2.323862E1	-1.215712E0
1.124000E1	2.302329E1	-1.261498E0
1.128000E1	2.326645E1	-3.119151E-1
1.132000E1	2.381614E1	6.983365E-1
1.136000E1	2.411414E1	1.131494E0
1.140000E1	2.394261E1	5.126182E-1
1.144000E1	2.335038E1	-1.491317E0
1.148000E1	2.377762E1	-1.167806E0
1.152000E1	2.390417E1	-1.586579E0
1.156000E1	2.418564E1	-1.834691E0
1.160000E1	2.441297E1	-1.837599E0
1.164000E1	2.443001E1	-1.911197E0
1.168000E1	2.426696E1	-1.959643E0
1.172000E1	2.422326E1	-1.994662E0
1.176000E1	2.438961E1	-1.977469E0
1.180000E1	2.487164E1	-1.840399E0
1.184000E1	2.489400E1	-1.872838E0
1.188000E1	2.458895E1	-1.757403E0
1.192000E1	2.470546E1	-1.706485E0
1.196000E1	2.505088E1	-1.868790E0
1.200000E1	2.535131E1	-1.676623E0
1.204000E1	2.514701E1	-1.337823E0
1.208000E1	2.562494E1	-6.229951E-1
1.212000E1	2.520961E1	-1.097344E0
1.216000E1	2.563070E1	-6.330738E-1
1.220000E1	2.474880E1	-1.539098E0
1.224000E1	2.573953E1	4.012357E-1
1.228000E1	2.590948E1	1.085932E0
1.232000E1	2.623209E1	1.484205E0
1.236000E1	2.542506E1	-6.807743E-1
1.240000E1	2.590346E1	-9.452826E-1
1.244000E1	2.559344E1	-1.327739E0
1.248000E1	2.592114E1	-1.681500E0
1.252000E1	2.610261E1	-1.838135E0
1.256000E1	2.626109E1	-1.803375E0
1.260000E1	2.603867E1	-1.835806E0
1.264000E1	2.610064E1	-1.890528E0
1.268000E1	2.632263E1	-1.922008E0
1.272000E1	2.631414E1	-1.850077E0
1.276000E1	2.670812E1	-1.855935E0
1.280000E1	2.620626E1	-1.855514E0
1.284000E1	2.617138E1	-1.724920E0
1.288000E1	2.643327E1	-1.866887E0
1.292000E1	2.671621E1	-1.823283E0
1.296000E1	2.685392E1	-1.776456E0
1.300000E1	2.719174E1	-7.058895E-1
1.304000E1	2.703928E1	-7.536240E-1
1.308000E1	2.681910E1	-1.172657E0
1.312000E1	2.674723E1	-1.154808E0
1.316000E1	2.722724E1	1.331441E-2
1.320000E1	2.770548E1	7.791270E-1
1.324000E1	2.796389E1	1.280932E0
1.328000E1	2.747148E1	2.775903E-1
1.332000E1	2.701637E1	-1.296121E0
1.336000E1	2.721777E1	-1.274994E0
1.340000E1	2.769103E1	-1.505260E0
1.344000E1	2.779714E1	-1.767291E0
1.348000E1	2.820383E1	-1.800449E0
1.352000E1	2.812937E1	-1.826580E0
1.356000E1	2.804176E1	-1.860721E0
1.360000E1	2.806369E1	-1.894990E0
1.364000E1	2.833096E1	-1.825964E0
1.368000E1	2.858701E1	-1.816488E0
1.372000E1	2.835934E1	-1.807514E0
1.376000E1	2.814594E1	-1.631388E0
1.380000E1	2.838448E1	-1.682956E0
1.384000E1	2.878006E1	-1.791350E0
1.388000E1	2.900659E1	-1.740341E0
1.392000E1	2.890348E1	-1.173170E0
1.396000E1	2.914949E1	-6.719488E-1
1.400000E1	2.882529E1	-1.261623E0
1.404000E1	2.904742E1	-7.897730E-1
1.408000E1	2.878104E1	-8.885580E-1
1.412000E1	2.939324E1	3.914307E-1
1.416000E1	2.970811E1	1.142856E0
1.420000E1	2.982618E1	1.102710E0
1.424000E1	2.886988E1	-1.450055E0
1.428000E1	2.929616E1	-9.934668E-1
1.432000E1	2.932694E1	-1.352427E0
1.436000E1	2.948799E1	-1.765847E0
1.440000E1	3.005448E1	-1.753120E0
1.444000E1	3.007116E1	-1.756935E0
1.448000E1	2.983149E1	-1.879282E0
1.452000E1	2.969561E1	-1.850389E0
1.456000E1	2.998609E1	-1.943164E0
1.460000E1	3.014081E1	-1.795404E0
1.464000E1	3.033352E1	-1.787064E0
1.468000E1	2.999114E1	-1.793772E0
1.472000E1	2.999534E1	-1.603020E0
1.476000E1	3.025171E1	-1.849372E0
1.480000E1	3.056818E1	-1.768999E0
1.484000E1	3.060183E1	-1.483817E0
1.488000E1	3.084415E1	-5.664992E-1
1.492000E1	3.055368E1	-1.046774E0
1.496000E1	3.093798E1	-7.095904E-1
1.500000E1	3.012992E1	-1.691632E0
1.504000E1	3.102162E1	3.242698E-1
1.508000E1	3.151404E1	1.215247E0
1.512000E1	3.147398E1	1.238426E0
1.516000E1	3.095035E1	-5.693872E-1
1.520000E1	3.106915E1	-1.001334E0
1.524000E1	3.097994E1	-1.264760E0
1.528000E1	3.117758E1	-1.737678E0
1.532000E1	3.167854E1	-1.715767E0
1.536000E1	3.180575E1	-1.737885E0
1.540000E1	3.154533E1	-1.830644E0
1.544000E1	3.159006E1	-1.848963E0
1.548000E1	3.183863E1	-1.915471E0
1.552000E1	3.188412E1	-1.770444E0
1.556000E1	3.216514E1	-1.822047E0
1.560000E1	3.172060E1	-1.786752E0
1.564000E1	3.175714E1	-1.668634E0
1.568000E1	3.202274E1	-1.806938E0
1.572000E1	3.231111E1	-1.763301E0
1.576000E1	3.241485E1	-1.733161E0
1.580000E1	3.257336E1	-1.092958E0
1.584000E1	3.227149E1	-9.651905E-1
1.588000E1	3.241217E1	-1.174288E0
1.592000E1	3.211469E1	-1.467836E0
1.596000E1	3.246330E1	-3.545865E-1
1.600000E1	3.313776E1	7.968726E-1
1.604000E1	3.319664E1	9.814112E-1
1.608000E1	3.327381E1	7.572704E-1
1.612000E1	3.269037E1	-1.438645E0
1.616000E1	3.304699E1	-1.064974E0
1.620000E1	3.309085E1	-1.467491E0
1.624000E1	3.331045E1	-1.635010E0
1.628000E1	3.373953E1	-1.691663E0
1.632000E1	3.356048E1	-1.747819E0
1.636000E1	3.345627E1	-1.790511E0
1.640000E1	3.342017E1	-1.733368E0
1.644000E1	3.367725E1	-1.761414E0
1.648000E1	3.383296E1	-1.742514E0
1.652000E1	3.376904E1	-1.781295E0
1.656000E1	3.349180E1	-1.647285E0
1.660000E1	3.359380E1	-1.539097E0
1.664000E1	3.402135E1	-1.762346E0
1.668000E1	3.410905E1	-1.586531E0
1.672000E1	3.396003E1	-1.261040E0
1.676000E1	3.432838E1	-6.137331E-1
1.680000E1	3.382144E1	-1.381677E0
1.684000E1	3.434954E1	-5.814609E-1
1.688000E1	3.384111E1	-1.225085E0
1.692000E1	3.463499E1	3.447875E-1
1.696000E1	3.507670E1	1.057873E0
1.700000E1	3.501490E1	1.053342E0
1.704000E1	3.438728E1	-8.167808E-1
1.708000E1	3.468354E1	-9.046124E-1
1.712000E1	3.467724E1	-1.152581E0
1.716000E1	3.493334E1	-1.649955E0
1.720000E1	3.532055E1	-1.680609E0
1.724000E1	3.543733E1	-1.618782E0
1.728000E1	3.520426E1	-1.726283E0
1.732000E1	3.521180E1	-1.735386E0
1.736000E1	3.550856E1	-1.775649E0
1.740000E1	3.557907E1	-1.641977E0
1.744000E1	3.580470E1	-1.711132E0
1.748000E1	3.521030E1	-1.678099E0
1.752000E1	3.517648E1	-1.510671E0
1.756000E1	3.543518E1	-1.718865E0
1.760000E1	3.569902E1	-1.643525E0
1.764000E1	3.582647E1	-1.599707E0
1.768000E1	3.609925E1	-9.617011E-1
1.772000E1	3.574449E1	-8.996347E-1
1.776000E1	3.574157E1	-1.038622E0
1.780000E1	3.558208E1	-1.373674E0
1.784000E1	3.600948E1	-1.323341E-1
1.788000E1	3.638585E1	6.685024E-1
1.792000E1	3.671829E1	9.182211E-1
1.796000E1	3.654850E1	5.197231E-1
1.800000E1	3.614836E1	-1.186399E0
1.804000E1	3.646124E1	-1.017479E0
1.808000E1	3.672378E1	-1.328662E0
1.812000E1	3.697586E1	-1.497456E0
1.816000E1	3.723705E1	-1.586519E0
1.820000E1	3.693516E1	-1.653483E0
1.824000E1	3.687690E1	-1.687299E0
1.828000E1	3.684320E1	-1.662436E0
1.832000E1	3.704726E1	-1.719235E0
1.836000E1	3.725024E1	-1.647086E0
1.840000E1	3.712031E1	-1.654098E0
1.844000E1	3.690656E1	-1.506965E0
1.848000E1	3.697432E1	-1.556471E0
1.852000E1	3.737652E1	-1.682508E0
1.856000E1	3.772271E1	-1.426984E0
1.860000E1	3.742257E1	-1.183459E0
1.864000E1	3.775809E1	-5.558784E-1
1.868000E1	3.730814E1	-1.330653E0
1.872000E1	3.787989E1	-6.561481E-1
1.876000E1	3.738373E1	-9.285706E-1
1.880000E1	3.821537E1	4.830927E-1
1.884000E1	3.859666E1	1.220392E0
1.888000E1	3.858733E1	1.190734E0
1.892000E1	3.783985E1	-1.028605E0
1.896000E1	3.830514E1	-7.023033E-1
1.900000E1	3.806474E1	-1.109908E0
1.904000E1	3.841454E1	-1.452232E0
1.908000E1	3.884422E1	-1.535902E0
1.912000E1	3.882969E1	-1.535010E0
1.916000E1	3.852928E1	-1.598882E0
1.920000E1	3.854377E1	-1.675667E0
1.924000E1	3.879866E1	-1.708006E0
1.928000E1	3.882016E1	-1.571656E0
1.932000E1	3.906899E1	-1.587982E0
1.936000E1	3.849323E1	-1.567193E0
1.940000E1	3.857163E1	-1.469940E0
1.944000E1	3.882268E1	-1.673527E0
1.948000E1	3.918203E1	-1.490693E0
1.952000E1	3.923927E1	-1.484311E0
1.956000E1	3.955345E1	-6.988948E-1
1.960000E1	3.930459E1	-8.306594E-1
1.964000E1	3.933110E1	-7.843261E-1
1.968000E1	3.882292E1	-1.428186E0
1.972000E1	3.945630E1	5.996731E-3
1.976000E1	3.996811E1	1.083748E0
1.980000E1	4.006587E1	1.194855E0
1.984000E1	3.987375E1	3.589117E-1
1.988000E1	3.961490E1	-1.007025E0
1.992000E1	3.981029E1	-9.523757E-1
1.996000E1	4.016544E1	-1.136877E0
2.000000E1	4.047258E1	-1.365760E0
