	mass A		
t	x	y	
0.000000E0	-1.698927E-3	-7.831886E-3
4.000000E-2	2.701563E-1	9.371888E-1
8.000000E-2	6.975337E-1	1.817760E0
1.200000E-1	1.063735E0	3.209325E0
1.600000E-1	1.283456E0	5.113572E0
2.000000E-1	1.722898E0	5.260053E0
2.400000E-1	1.429937E0	4.674131E0
2.800000E-1	1.576417E0	5.845975E0
3.200000E-1	1.649657E0	8.116424E0
3.600000E-1	1.429937E0	9.947431E0
4.000000E-1	1.503177E0	1.067983E1
4.400000E-1	1.503177E0	1.067983E1
4.800000E-1	1.503177E0	1.067983E1
5.200000E-1	8.440143E-1	1.009391E1
5.600000E-1	1.136975E0	1.038687E1
6.000000E-1	1.136975E0	9.947431E0
6.400000E-1	9.904948E-1	9.581229E0
6.800000E-1	6.242934E-1	8.409385E0
7.200000E-1	6.242934E-1	5.626254E0
7.600000E-1	5.510532E-1	6.285417E0
8.000000E-1	8.440143E-1	5.992456E0
8.400000E-1	9.172546E-1	3.941728E0
8.800000E-1	4.778129E-1	1.451558E0
9.200000E-1	4.045726E-1	7.923959E-1
9.600000E-1	4.045726E-1	7.923959E-1
1.000000E0	4.045726E-1	8.656361E-1
1.040000E0	3.313323E-1	1.598039E0
1.080000E0	3.313323E-1	1.231838E0
1.120000E0	5.510532E-1	8.656361E-1
1.160000E0	5.510532E-1	1.158597E0
1.200000E0	1.210216E0	3.868488E0
1.240000E0	1.429937E0	5.406533E0
1.280000E0	1.429937E0	4.820611E0
1.320000E0	1.649657E0	4.527650E0
1.360000E0	1.869378E0	6.065696E0
1.400000E0	1.576417E0	7.164300E0
1.440000E0	1.649657E0	8.629106E0
1.480000E0	1.576417E0	1.031363E1
1.520000E0	1.429937E0	1.119252E1
1.560000E0	1.649657E0	1.060659E1
1.600000E0	1.356696E0	1.038687E1
1.640000E0	1.136975E0	1.016715E1
1.680000E0	9.172546E-1	1.053335E1
1.720000E0	1.136975E0	9.800950E0
1.760000E0	1.283456E0	8.848827E0
1.800000E0	6.242934E-1	7.017820E0
1.840000E0	6.975337E-1	5.479774E0
1.880000E0	1.210216E0	5.845975E0
1.920000E0	9.172546E-1	4.674131E0
1.960000E0	9.172546E-1	2.476922E0
2.000000E0	4.778129E-1	1.451558E0
2.040000E0	4.045726E-1	9.388764E-1
2.080000E0	4.045726E-1	1.231838E0
2.120000E0	4.045726E-1	1.891000E0
2.160000E0	4.045726E-1	1.598039E0
2.200000E0	4.045726E-1	2.064736E-1
2.240000E0	9.172546E-1	9.388764E-1
2.280000E0	9.904948E-1	2.696643E0
2.320000E0	1.063735E0	4.454410E0
2.360000E0	1.796138E0	4.674131E0
2.400000E0	2.015859E0	4.454410E0
2.440000E0	1.356696E0	4.893851E0
2.480000E0	1.722898E0	6.431897E0
2.520000E0	1.649657E0	7.896703E0
2.560000E0	1.210216E0	9.507989E0
2.600000E0	1.503177E0	1.060659E1
2.640000E0	1.649657E0	1.089955E1
2.680000E0	1.429937E0	1.060659E1
2.720000E0	8.440143E-1	9.947431E0
2.760000E0	9.904948E-1	1.024039E1
2.800000E0	9.904948E-1	9.874190E0
2.840000E0	1.063735E0	9.361509E0
2.880000E0	1.210216E0	8.629106E0
2.920000E0	8.440143E-1	6.285417E0
2.960000E0	1.136975E0	6.431897E0
3.000000E0	9.172546E-1	5.919215E0
3.040000E0	1.210216E0	4.454410E0
3.080000E0	7.707740E-1	2.476922E0
3.120000E0	7.707740E-1	1.378318E0
3.160000E0	8.440143E-1	1.524799E0
3.200000E0	6.242934E-1	1.744519E0
3.240000E0	5.510532E-1	2.183961E0
3.280000E0	5.510532E-1	1.744519E0
3.320000E0	2.580920E-1	4.261945E-1
3.360000E0	7.707740E-1	1.671279E0
3.400000E0	1.210216E0	3.941728E0
3.440000E0	1.283456E0	5.040332E0
3.480000E0	1.503177E0	4.820611E0
3.520000E0	1.210216E0	4.967092E0
3.560000E0	1.576417E0	5.699495E0
3.600000E0	1.649657E0	6.724858E0
3.640000E0	1.503177E0	7.969943E0
3.680000E0	1.942618E0	1.031363E1
3.720000E0	1.722898E0	1.133900E1
3.760000E0	1.576417E0	1.067983E1
3.800000E0	1.503177E0	1.024039E1
3.840000E0	7.707740E-1	1.009391E1
3.880000E0	1.429937E0	1.053335E1
3.920000E0	1.356696E0	1.009391E1
3.960000E0	9.172546E-1	8.848827E0
4.000000E0	9.904948E-1	7.237540E0
4.040000E0	1.210216E0	6.065696E0
4.080000E0	1.283456E0	6.065696E0
4.120000E0	9.904948E-1	5.406533E0
4.160000E0	9.172546E-1	3.282565E0
4.200000E0	7.707740E-1	1.598039E0
4.240000E0	4.778129E-1	7.191556E-1
4.280000E0	6.242934E-1	1.451558E0
4.320000E0	6.242934E-1	1.817760E0
4.360000E0	9.172546E-1	1.671279E0
4.400000E0	4.778129E-1	2.064736E-1
4.440000E0	6.975337E-1	8.656361E-1
4.480000E0	1.063735E0	2.257201E0
4.520000E0	1.136975E0	4.600890E0
4.560000E0	1.429937E0	4.967092E0
4.600000E0	1.649657E0	4.967092E0
4.640000E0	1.503177E0	4.967092E0
4.680000E0	1.649657E0	6.505138E0
4.720000E0	1.649657E0	7.823463E0
4.760000E0	1.649657E0	9.288268E0
4.800000E0	1.869378E0	1.082631E1
4.840000E0	1.283456E0	1.082631E1
4.880000E0	1.429937E0	1.046011E1
4.920000E0	9.904948E-1	9.727710E0
4.960000E0	6.242934E-1	1.016715E1
5.000000E0	1.063735E0	9.947431E0
5.040000E0	1.429937E0	9.215028E0
5.080000E0	1.063735E0	8.995307E0
5.120000E0	5.510532E-1	5.479774E0
5.160000E0	7.707740E-1	6.065696E0
5.200000E0	9.904948E-1	5.333293E0
5.240000E0	8.440143E-1	4.088208E0
5.280000E0	7.707740E-1	2.257201E0
5.320000E0	3.313323E-1	1.085357E0
5.360000E0	3.313323E-1	1.012117E0
5.400000E0	5.510532E-1	1.524799E0
5.440000E0	3.313323E-1	2.257201E0
5.480000E0	6.975337E-1	1.598039E0
5.520000E0	6.242934E-1	8.656361E-1
5.560000E0	5.510532E-1	1.671279E0
5.600000E0	1.356696E0	3.209325E0
5.640000E0	1.136975E0	4.820611E0
5.680000E0	1.503177E0	4.967092E0
5.720000E0	2.015859E0	4.820611E0
5.760000E0	1.869378E0	5.699495E0
5.800000E0	2.089099E0	7.676982E0
5.840000E0	1.503177E0	8.409385E0
5.880000E0	1.796138E0	9.507989E0
5.920000E0	1.942618E0	1.097279E1
5.960000E0	1.356696E0	1.089955E1
6.000000E0	1.869378E0	1.031363E1
6.040000E0	9.904948E-1	1.031363E1
6.080000E0	1.429937E0	1.046011E1
6.120000E0	9.904948E-1	9.874190E0
6.160000E0	7.707740E-1	9.068547E0
6.200000E0	9.172546E-1	7.969943E0
6.240000E0	7.707740E-1	6.431897E0
6.280000E0	1.136975E0	6.578378E0
6.320000E0	1.136975E0	5.699495E0
6.360000E0	9.172546E-1	3.575526E0
6.400000E0	4.778129E-1	1.671279E0
6.440000E0	4.778129E-1	1.231838E0
6.480000E0	7.707740E-1	1.158597E0
6.520000E0	6.242934E-1	1.598039E0
6.560000E0	9.904948E-1	2.037481E0
6.600000E0	7.707740E-1	1.158597E0
6.640000E0	8.440143E-1	7.191556E-1
6.680000E0	1.356696E0	2.037481E0
6.720000E0	1.649657E0	4.161449E0
6.760000E0	9.904948E-1	5.260053E0
6.800000E0	1.796138E0	4.747371E0
6.840000E0	1.356696E0	5.186813E0
6.880000E0	1.576417E0	5.919215E0
6.920000E0	1.796138E0	7.310781E0
6.960000E0	1.356696E0	8.555865E0
7.000000E0	1.503177E0	1.038687E1
7.040000E0	1.649657E0	1.119252E1
7.080000E0	1.649657E0	1.067983E1
7.120000E0	1.283456E0	9.947431E0
7.160000E0	1.283456E0	9.947431E0
7.200000E0	1.283456E0	1.046011E1
7.240000E0	1.283456E0	9.874190E0
7.280000E0	8.440143E-1	8.629106E0
7.320000E0	7.707740E-1	6.798099E0
7.360000E0	7.707740E-1	5.845975E0
7.400000E0	1.210216E0	6.212177E0
7.440000E0	9.904948E-1	4.893851E0
7.480000E0	7.707740E-1	3.062845E0
7.520000E0	7.707740E-1	1.085357E0
7.560000E0	4.778129E-1	1.231838E0
7.600000E0	4.045726E-1	1.524799E0
7.640000E0	4.778129E-1	2.257201E0
7.680000E0	8.440143E-1	2.403682E0
7.720000E0	5.510532E-1	2.797139E-1
7.760000E0	6.975337E-1	1.012117E0
7.800000E0	1.356696E0	2.916364E0
7.840000E0	1.283456E0	4.674131E0
7.880000E0	1.210216E0	5.699495E0
7.920000E0	1.869378E0	4.674131E0
7.960000E0	1.576417E0	5.260053E0
8.000000E0	1.283456E0	6.138936E0
8.040000E0	1.210216E0	7.384021E0
8.080000E0	1.869378E0	8.336145E0
8.120000E0	1.649657E0	1.060659E1
8.160000E0	1.649657E0	1.104603E1
8.200000E0	1.356696E0	1.046011E1
8.240000E0	1.283456E0	1.002067E1
8.280000E0	1.283456E0	9.947431E0
8.320000E0	1.136975E0	1.060659E1
8.360000E0	1.210216E0	9.947431E0
8.400000E0	9.904948E-1	8.702346E0
8.440000E0	5.510532E-1	6.944579E0
8.480000E0	9.172546E-1	6.138936E0
8.520000E0	8.440143E-1	5.919215E0
8.560000E0	8.440143E-1	4.674131E0
8.600000E0	9.904948E-1	2.916364E0
8.640000E0	4.045726E-1	1.451558E0
8.680000E0	2.580920E-1	4.261945E-1
8.720000E0	2.580920E-1	1.378318E0
8.760000E0	6.242934E-1	1.964240E0
8.800000E0	5.510532E-1	2.037481E0
8.840000E0	6.975337E-1	5.726750E-1
8.880000E0	9.172546E-1	8.656361E-1
8.920000E0	1.210216E0	2.476922E0
8.960000E0	1.503177E0	4.381170E0
9.000000E0	1.356696E0	5.260053E0
9.040000E0	1.942618E0	4.747371E0
9.080000E0	1.649657E0	4.820611E0
9.120000E0	1.722898E0	6.285417E0
9.160000E0	2.235580E0	7.310781E0
9.200000E0	1.576417E0	8.848827E0
9.240000E0	2.308820E0	1.053335E1
9.280000E0	1.796138E0	1.089955E1
9.320000E0	1.576417E0	1.031363E1
9.360000E0	1.576417E0	9.800950E0
9.400000E0	1.210216E0	1.024039E1
9.440000E0	1.136975E0	1.031363E1
9.480000E0	1.136975E0	9.947431E0
9.520000E0	1.283456E0	8.702346E0
9.560000E0	7.707740E-1	6.431897E0
9.600000E0	1.063735E0	5.992456E0
9.640000E0	1.210216E0	5.699495E0
9.680000E0	1.136975E0	4.234689E0
9.720000E0	7.707740E-1	2.550163E0
9.760000E0	4.778129E-1	1.598039E0
9.800000E0	5.510532E-1	7.923959E-1
9.840000E0	6.242934E-1	1.524799E0
9.880000E0	5.510532E-1	2.110721E0
9.920000E0	6.975337E-1	1.744519E0
9.960000E0	6.242934E-1	6.459153E-1
1.000000E1	9.904948E-1	1.158597E0
