	mass A		
t	x	y	
0.000000E0	1.005745E2	-5.444390E1
2.000000E-2	1.005745E2	-5.444390E1
4.000000E-2	1.005115E2	-5.498742E1
6.000000E-2	1.003211E2	-5.530075E1
8.000000E-2	9.995723E1	-5.611853E1
1.000000E-1	9.980686E1	-5.750683E1
1.200000E-1	9.976894E1	-5.758402E1
1.400000E-1	9.970417E1	-5.743027E1
1.600000E-1	9.971015E1	-5.726653E1
1.800000E-1	9.967484E1	-5.718929E1
2.000000E-1	9.965330E1	-5.719798E1
2.200000E-1	9.961466E1	-5.722049E1
2.400000E-1	9.929110E1	-5.797827E1
2.600000E-1	9.914608E1	-5.891683E1
2.800000E-1	9.891302E1	-5.982261E1
3.000000E-1	9.873341E1	-5.988711E1
3.200000E-1	9.843321E1	-6.019932E1
3.400000E-1	9.820695E1	-6.071291E1
3.600000E-1	9.796986E1	-6.177361E1
3.800000E-1	9.792209E1	-6.309032E1
4.000000E-1	9.767167E1	-6.387153E1
4.200000E-1	9.705952E1	-6.396125E1
4.400000E-1	9.616449E1	-6.424295E1
4.600000E-1	9.587571E1	-6.502950E1
4.800000E-1	9.623801E1	-6.484715E1
5.000000E-1	9.628440E1	-6.473325E1
5.200000E-1	9.627571E1	-6.485870E1
5.400000E-1	9.648709E1	-6.498137E1
5.600000E-1	9.645025E1	-6.507816E1
5.800000E-1	9.602402E1	-6.525640E1
6.000000E-1	9.578860E1	-6.547695E1
6.200000E-1	9.587153E1	-6.581214E1
6.400000E-1	9.585156E1	-6.591202E1
6.600000E-1	9.570968E1	-6.628594E1
6.800000E-1	9.551672E1	-6.650505E1
7.000000E-1	9.561524E1	-6.657596E1
7.200000E-1	9.565850E1	-6.657117E1
7.400000E-1	9.563868E1	-6.658344E1
7.600000E-1	9.562842E1	-6.659686E1
7.800000E-1	9.563545E1	-6.661420E1
8.000000E-1	9.539678E1	-6.687807E1
8.200000E-1	9.456059E1	-6.776039E1
8.400000E-1	9.328161E1	-6.913077E1
8.600000E-1	9.206457E1	-7.092981E1
8.800000E-1	9.134559E1	-7.251424E1
9.000000E-1	9.143388E1	-7.324680E1
9.200000E-1	9.153915E1	-7.335163E1
9.400000E-1	9.144690E1	-7.306259E1
9.600000E-1	9.146620E1	-7.295364E1
9.800000E-1	9.133533E1	-7.313753E1
1.000000E0	9.102828E1	-7.361245E1
1.020000E0	9.090725E1	-7.382133E1
1.040000E0	9.043275E1	-7.449786E1
1.060000E0	8.999977E1	-7.557269E1
1.080000E0	8.979898E1	-7.636077E1
1.100000E0	8.980889E1	-7.613829E1
1.120000E0	8.973311E1	-7.586458E1
1.140000E0	8.973585E1	-7.588729E1
1.160000E0	8.976303E1	-7.596200E1
1.180000E0	8.971490E1	-7.597139E1
1.200000E0	8.928171E1	-7.639100E1
1.220000E0	8.902634E1	-7.729723E1
1.240000E0	8.865756E1	-7.819127E1
1.260000E0	8.830155E1	-7.845347E1
1.280000E0	8.797455E1	-7.862777E1
1.300000E0	8.767010E1	-7.897030E1
1.320000E0	8.742478E1	-7.986111E1
1.340000E0	8.714367E1	-8.101000E1
1.360000E0	8.676559E1	-8.190573E1
1.380000E0	8.597163E1	-8.208049E1
1.400000E0	8.503658E1	-8.218772E1
1.420000E0	8.477786E1	-8.279899E1
1.440000E0	8.510729E1	-8.276563E1
1.460000E0	8.513725E1	-8.270732E1
1.480000E0	8.513457E1	-8.278468E1
1.500000E0	8.517577E1	-8.281843E1
1.520000E0	8.521502E1	-8.291238E1
1.540000E0	8.483025E1	-8.306594E1
1.560000E0	8.464346E1	-8.322010E1
1.580000E0	8.444623E1	-8.351595E1
1.600000E0	8.449087E1	-8.361774E1
1.620000E0	8.430231E1	-8.375653E1
1.640000E0	8.404734E1	-8.416640E1
1.660000E0	8.403702E1	-8.418463E1
1.680000E0	8.403823E1	-8.412915E1
1.700000E0	8.400928E1	-8.410651E1
1.720000E0	8.399076E1	-8.408317E1
1.740000E0	8.397273E1	-8.406848E1
1.760000E0	8.388845E1	-8.405775E1
1.780000E0	8.324071E1	-8.459653E1
1.800000E0	8.193716E1	-8.568501E1
1.820000E0	8.025768E1	-8.706357E1
1.840000E0	7.907510E1	-8.873096E1
1.860000E0	7.858798E1	-8.971356E1
1.880000E0	7.868141E1	-9.036006E1
1.900000E0	7.873592E1	-9.014351E1
1.920000E0	7.869739E1	-8.980778E1
1.940000E0	7.864507E1	-8.984900E1
1.960000E0	7.836416E1	-9.023617E1
1.980000E0	7.815410E1	-9.055843E1
2.000000E0	7.777834E1	-9.086117E1
2.020000E0	7.711490E1	-9.173763E1
2.040000E0	7.671849E1	-9.271016E1
2.060000E0	7.658987E1	-9.281820E1
2.080000E0	7.666140E1	-9.231426E1
2.100000E0	7.666560E1	-9.225435E1
2.120000E0	7.664010E1	-9.227897E1
2.140000E0	7.668387E1	-9.229785E1
2.160000E0	7.635914E1	-9.255040E1
2.180000E0	7.593006E1	-9.331932E1
2.200000E0	7.553787E1	-9.409864E1
2.220000E0	7.508593E1	-9.437425E1
2.240000E0	7.480357E1	-9.460398E1
2.260000E0	7.435404E1	-9.484405E1
2.280000E0	7.366841E1	-9.578064E1
2.300000E0	7.330979E1	-9.673453E1
2.320000E0	7.283973E1	-9.751754E1
2.340000E0	7.238224E1	-9.755502E1
2.360000E0	7.165401E1	-9.755749E1
2.380000E0	7.053093E1	-9.785509E1
2.400000E0	7.047418E1	-9.809946E1
2.420000E0	7.089530E1	-9.783934E1
2.440000E0	7.096835E1	-9.802904E1
2.460000E0	7.105775E1	-9.825327E1
2.480000E0	7.104563E1	-9.827098E1
2.500000E0	7.067769E1	-9.835252E1
2.520000E0	7.045534E1	-9.849301E1
2.540000E0	7.019731E1	-9.857216E1
2.560000E0	6.998677E1	-9.888872E1
2.580000E0	6.991971E1	-9.892520E1
2.600000E0	6.962847E1	-9.911793E1
2.620000E0	6.949961E1	-9.922423E1
2.640000E0	6.943826E1	-9.918777E1
2.660000E0	6.939891E1	-9.915597E1
2.680000E0	6.932154E1	-9.918989E1
2.700000E0	6.921050E1	-9.934058E1
2.720000E0	6.907495E1	-9.951463E1
2.740000E0	6.853459E1	-9.982774E1
2.760000E0	6.731028E1	-1.004882E2
2.780000E0	6.551314E1	-1.014925E2
2.800000E0	6.383803E1	-1.027135E2
2.820000E0	6.285987E1	-1.038050E2
2.840000E0	6.262736E1	-1.044735E2
2.860000E0	6.284753E1	-1.042363E2
2.880000E0	6.279601E1	-1.039812E2
2.900000E0	6.271051E1	-1.040397E2
2.920000E0	6.226376E1	-1.043151E2
2.940000E0	6.192108E1	-1.045417E2
2.960000E0	6.169621E1	-1.047391E2
2.980000E0	6.099754E1	-1.052288E2
3.000000E0	6.017666E1	-1.062459E2
3.020000E0	5.972158E1	-1.064835E2
3.040000E0	6.007325E1	-1.061629E2
3.060000E0	6.008257E1	-1.061437E2
3.080000E0	6.003660E1	-1.061772E2
3.100000E0	5.998833E1	-1.062009E2
3.120000E0	5.980242E1	-1.062824E2
3.140000E0	5.910393E1	-1.066834E2
3.160000E0	5.864273E1	-1.075324E2
3.180000E0	5.809883E1	-1.079098E2
3.200000E0	5.762927E1	-1.081645E2
3.220000E0	5.714568E1	-1.084171E2
3.240000E0	5.635998E1	-1.092711E2
3.260000E0	5.562159E1	-1.101553E2
3.280000E0	5.513102E1	-1.107461E2
3.300000E0	5.469801E1	-1.107703E2
3.320000E0	5.426180E1	-1.105456E2
3.340000E0	5.303596E1	-1.106279E2
3.360000E0	5.259160E1	-1.108495E2
3.380000E0	5.285564E1	-1.108470E2
3.400000E0	5.287601E1	-1.108915E2
3.420000E0	5.293580E1	-1.113602E2
3.440000E0	5.291313E1	-1.115171E2
3.460000E0	5.284599E1	-1.115290E2
3.480000E0	5.240597E1	-1.116219E2
3.500000E0	5.225231E1	-1.117077E2
3.520000E0	5.198427E1	-1.118936E2
3.540000E0	5.187731E1	-1.120071E2
3.560000E0	5.155899E1	-1.121866E2
3.580000E0	5.151557E1	-1.122319E2
3.600000E0	5.150389E1	-1.122429E2
3.620000E0	5.144309E1	-1.122677E2
3.640000E0	5.143757E1	-1.122391E2
3.660000E0	5.118778E1	-1.123713E2
3.680000E0	5.110425E1	-1.124810E2
3.700000E0	5.097474E1	-1.125410E2
3.720000E0	5.007580E1	-1.127830E2
3.740000E0	4.836575E1	-1.133825E2
3.760000E0	4.628559E1	-1.144605E2
3.780000E0	4.458204E1	-1.154134E2
3.800000E0	4.391254E1	-1.161686E2
3.820000E0	4.395000E1	-1.161666E2
3.840000E0	4.412054E1	-1.160714E2
3.860000E0	4.406337E1	-1.160647E2
3.880000E0	4.368462E1	-1.161319E2
3.900000E0	4.328053E1	-1.163342E2
3.920000E0	4.295523E1	-1.164985E2
3.940000E0	4.252158E1	-1.166119E2
3.960000E0	4.153587E1	-1.173584E2
3.980000E0	4.080228E1	-1.176894E2
4.000000E0	4.087097E1	-1.176640E2
4.020000E0	4.112047E1	-1.174359E2
4.040000E0	4.111500E1	-1.173923E2
4.060000E0	4.102854E1	-1.174258E2
4.080000E0	4.089911E1	-1.174611E2
4.100000E0	4.041395E1	-1.175043E2
4.120000E0	3.966637E1	-1.180937E2
4.140000E0	3.915010E1	-1.184910E2
4.160000E0	3.857262E1	-1.187557E2
4.180000E0	3.783662E1	-1.189126E2
4.200000E0	3.705062E1	-1.195081E2
4.220000E0	3.617520E1	-1.201820E2
4.240000E0	3.557584E1	-1.207207E2
4.260000E0	3.536442E1	-1.208078E2
4.280000E0	3.521109E1	-1.206962E2
4.300000E0	3.410798E1	-1.204259E2
4.320000E0	3.312644E1	-1.205197E2
4.340000E0	3.304894E1	-1.205349E2
4.360000E0	3.319095E1	-1.205463E2
4.380000E0	3.323883E1	-1.208073E2
4.400000E0	3.320228E1	-1.210689E2
4.420000E0	3.314388E1	-1.211430E2
4.440000E0	3.277135E1	-1.211640E2
4.460000E0	3.256330E1	-1.212214E2
4.480000E0	3.227456E1	-1.213498E2
4.500000E0	3.194698E1	-1.215711E2
4.520000E0	3.183607E1	-1.215719E2
4.540000E0	3.184466E1	-1.216393E2
4.560000E0	3.175021E1	-1.215398E2
4.580000E0	3.169273E1	-1.215324E2
4.600000E0	3.158754E1	-1.215416E2
4.620000E0	3.146427E1	-1.215549E2
4.640000E0	3.102904E1	-1.217447E2
4.660000E0	3.100834E1	-1.217717E2
4.680000E0	3.053190E1	-1.218642E2
4.700000E0	2.951492E1	-1.219951E2
4.720000E0	2.743321E1	-1.224368E2
4.740000E0	2.503597E1	-1.229160E2
4.760000E0	2.351483E1	-1.236084E2
4.780000E0	2.313825E1	-1.237703E2
4.800000E0	2.316018E1	-1.237819E2
4.820000E0	2.319805E1	-1.238390E2
4.840000E0	2.288981E1	-1.238657E2
4.860000E0	2.263907E1	-1.238242E2
4.880000E0	2.219405E1	-1.239594E2
4.900000E0	2.183049E1	-1.241002E2
4.920000E0	2.123186E1	-1.241498E2
4.940000E0	1.995911E1	-1.244383E2
4.960000E0	1.967151E1	-1.244978E2
4.980000E0	1.980101E1	-1.244605E2
5.000000E0	1.984307E1	-1.244168E2
5.020000E0	1.979719E1	-1.244055E2
5.040000E0	1.961687E1	-1.244430E2
5.060000E0	1.941868E1	-1.244763E2
5.080000E0	1.889295E1	-1.246058E2
5.100000E0	1.842773E1	-1.246697E2
5.120000E0	1.799535E1	-1.248944E2
5.140000E0	1.704640E1	-1.251631E2
5.160000E0	1.605245E1	-1.255002E2
5.180000E0	1.494514E1	-1.261016E2
5.200000E0	1.432163E1	-1.263921E2
5.220000E0	1.404749E1	-1.264662E2
5.240000E0	1.399792E1	-1.264612E2
5.260000E0	1.351288E1	-1.264701E2
5.280000E0	1.256719E1	-1.260872E2
5.300000E0	1.182994E1	-1.256960E2
5.320000E0	1.147372E1	-1.258411E2
5.340000E0	1.146820E1	-1.259658E2
5.360000E0	1.148538E1	-1.264786E2
5.380000E0	1.146102E1	-1.264135E2
5.400000E0	1.138349E1	-1.264353E2
5.420000E0	1.104712E1	-1.264826E2
5.440000E0	1.092466E1	-1.265184E2
5.460000E0	1.048156E1	-1.266168E2
5.480000E0	1.012958E1	-1.267211E2
5.500000E0	1.011826E1	-1.267253E2
5.520000E0	1.011060E1	-1.267221E2
5.540000E0	1.008821E1	-1.266810E2
5.560000E0	1.002181E1	-1.266442E2
5.580000E0	9.975237E0	-1.266720E2
5.600000E0	9.610117E0	-1.266817E2
5.620000E0	9.421054E0	-1.268453E2
5.640000E0	9.453148E0	-1.268400E2
5.660000E0	9.017390E0	-1.269160E2
5.680000E0	7.935080E0	-1.269236E2
5.700000E0	5.568594E0	-1.268351E2
5.720000E0	3.182550E0	-1.271513E2
5.740000E0	1.846725E0	-1.273875E2
5.760000E0	1.738801E0	-1.273924E2
5.780000E0	1.818249E0	-1.274372E2
5.800000E0	1.740866E0	-1.274450E2
5.820000E0	1.400007E0	-1.274446E2
5.840000E0	1.048787E0	-1.274583E2
5.860000E0	8.280594E-1	-1.274437E2
5.880000E0	3.533568E-1	-1.275551E2
5.900000E0	-4.985905E-1	-1.275721E2
5.920000E0	-1.479690E0	-1.277853E2
5.940000E0	-1.546977E0	-1.278422E2
5.960000E0	-1.461154E0	-1.278638E2
5.980000E0	-1.399280E0	-1.278569E2
6.000000E0	-1.522645E0	-1.279062E2
6.020000E0	-1.758910E0	-1.279300E2
6.040000E0	-2.222996E0	-1.279891E2
6.060000E0	-2.829093E0	-1.281204E2
6.080000E0	-3.323635E0	-1.282480E2
6.100000E0	-4.143027E0	-1.283375E2
6.120000E0	-5.060362E0	-1.283907E2
6.140000E0	-6.127612E0	-1.285437E2
6.160000E0	-7.145361E0	-1.288136E2
6.180000E0	-7.640821E0	-1.288831E2
6.200000E0	-7.660193E0	-1.288185E2
6.220000E0	-7.920138E0	-1.287673E2
6.240000E0	-8.782940E0	-1.282472E2
6.260000E0	-9.501497E0	-1.276597E2
6.280000E0	-9.940175E0	-1.276532E2
6.300000E0	-9.739297E0	-1.277471E2
6.320000E0	-9.813283E0	-1.279983E2
6.340000E0	-1.001197E1	-1.282435E2
6.360000E0	-1.007779E1	-1.282428E2
6.380000E0	-1.031481E1	-1.281553E2
6.400000E0	-1.056579E1	-1.281131E2
6.420000E0	-1.093344E1	-1.281694E2
6.440000E0	-1.130331E1	-1.283064E2
6.460000E0	-1.141345E1	-1.283949E2
6.480000E0	-1.153075E1	-1.283827E2
6.500000E0	-1.157907E1	-1.283339E2
6.520000E0	-1.159355E1	-1.282889E2
6.540000E0	-1.160996E1	-1.282971E2
6.560000E0	-1.181872E1	-1.284161E2
6.580000E0	-1.226515E1	-1.285156E2
6.600000E0	-1.231050E1	-1.285508E2
6.620000E0	-1.275781E1	-1.285384E2
6.640000E0	-1.374888E1	-1.281454E2
6.660000E0	-1.597889E1	-1.277762E2
6.680000E0	-1.837461E1	-1.275675E2
6.700000E0	-1.990139E1	-1.276914E2
6.720000E0	-2.037367E1	-1.277061E2
6.740000E0	-2.033619E1	-1.276810E2
6.760000E0	-2.029747E1	-1.277415E2
6.780000E0	-2.033982E1	-1.276412E2
6.800000E0	-2.082330E1	-1.277001E2
6.820000E0	-2.121946E1	-1.276366E2
6.840000E0	-2.162619E1	-1.276500E2
6.860000E0	-2.243831E1	-1.273270E2
6.880000E0	-2.354738E1	-1.273666E2
6.900000E0	-2.384252E1	-1.274337E2
6.920000E0	-2.350691E1	-1.273158E2
6.940000E0	-2.352724E1	-1.273001E2
6.960000E0	-2.349300E1	-1.272834E2
6.980000E0	-2.356707E1	-1.273004E2
7.000000E0	-2.393698E1	-1.272557E2
7.020000E0	-2.450346E1	-1.272188E2
7.040000E0	-2.531513E1	-1.272675E2
7.060000E0	-2.600923E1	-1.272425E2
7.080000E0	-2.650347E1	-1.270432E2
7.100000E0	-2.738784E1	-1.270396E2
7.120000E0	-2.856215E1	-1.270997E2
7.140000E0	-2.954446E1	-1.271518E2
7.160000E0	-3.009182E1	-1.271951E2
7.180000E0	-3.012176E1	-1.270818E2
7.200000E0	-3.067850E1	-1.264346E2
7.220000E0	-3.166560E1	-1.256560E2
7.240000E0	-3.200555E1	-1.255438E2
7.260000E0	-3.175997E1	-1.256084E2
7.280000E0	-3.164784E1	-1.256949E2
7.300000E0	-3.201744E1	-1.259113E2
7.320000E0	-3.201539E1	-1.259123E2
7.340000E0	-3.229749E1	-1.257338E2
7.360000E0	-3.248677E1	-1.255895E2
7.380000E0	-3.266896E1	-1.255473E2
7.400000E0	-3.309081E1	-1.255127E2
7.420000E0	-3.316414E1	-1.254468E2
7.440000E0	-3.345805E1	-1.253669E2
7.460000E0	-3.354710E1	-1.253303E2
7.480000E0	-3.353376E1	-1.253323E2
7.500000E0	-3.354874E1	-1.252885E2
7.520000E0	-3.361569E1	-1.252622E2
7.540000E0	-3.377358E1	-1.251926E2
7.560000E0	-3.376467E1	-1.251627E2
7.580000E0	-3.406803E1	-1.251204E2
7.600000E0	-3.491437E1	-1.245204E2
7.620000E0	-3.687615E1	-1.237931E2
7.640000E0	-3.894841E1	-1.228430E2
7.660000E0	-4.063090E1	-1.225119E2
7.680000E0	-4.146589E1	-1.226751E2
7.700000E0	-4.139742E1	-1.226790E2
7.720000E0	-4.099719E1	-1.226210E2
7.740000E0	-4.097734E1	-1.225925E2
7.760000E0	-4.142796E1	-1.225673E2
7.780000E0	-4.180618E1	-1.225594E2
7.800000E0	-4.212341E1	-1.224165E2
7.820000E0	-4.270489E1	-1.219389E2
7.840000E0	-4.398033E1	-1.218974E2
7.860000E0	-4.466614E1	-1.217555E2
7.880000E0	-4.423964E1	-1.217277E2
7.900000E0	-4.398872E1	-1.217086E2
7.920000E0	-4.417354E1	-1.216840E2
7.940000E0	-4.414401E1	-1.216916E2
7.960000E0	-4.430418E1	-1.216000E2
7.980000E0	-4.494003E1	-1.213052E2
8.000000E0	-4.594736E1	-1.214357E2
8.020000E0	-4.672963E1	-1.212265E2
8.040000E0	-4.699446E1	-1.209508E2
8.060000E0	-4.745594E1	-1.208322E2
8.080000E0	-4.817912E1	-1.206663E2
8.100000E0	-4.951126E1	-1.203585E2
8.120000E0	-5.047958E1	-1.202551E2
8.140000E0	-5.093915E1	-1.201454E2
8.160000E0	-5.111913E1	-1.194219E2
8.180000E0	-5.179371E1	-1.184652E2
8.200000E0	-5.241444E1	-1.184571E2
8.220000E0	-5.200683E1	-1.184994E2
8.240000E0	-5.197109E1	-1.185957E2
8.260000E0	-5.240329E1	-1.186972E2
8.280000E0	-5.240360E1	-1.187472E2
8.300000E0	-5.251727E1	-1.185955E2
8.320000E0	-5.267036E1	-1.183966E2
8.340000E0	-5.294057E1	-1.183790E2
8.360000E0	-5.324884E1	-1.183512E2
8.380000E0	-5.336345E1	-1.182957E2
8.400000E0	-5.380099E1	-1.181272E2
8.420000E0	-5.407087E1	-1.179626E2
8.440000E0	-5.400479E1	-1.179358E2
8.460000E0	-5.398088E1	-1.179117E2
8.480000E0	-5.402811E1	-1.178283E2
8.500000E0	-5.402337E1	-1.178522E2
8.520000E0	-5.401599E1	-1.178708E2
8.540000E0	-5.432165E1	-1.176874E2
8.560000E0	-5.514332E1	-1.169649E2
8.580000E0	-5.680201E1	-1.158206E2
8.600000E0	-5.847208E1	-1.147537E2
8.620000E0	-5.999344E1	-1.142322E2
8.640000E0	-6.086044E1	-1.143457E2
8.660000E0	-6.097392E1	-1.143555E2
8.680000E0	-6.080163E1	-1.142620E2
8.700000E0	-6.047250E1	-1.141805E2
8.720000E0	-6.064782E1	-1.140781E2
8.740000E0	-6.111160E1	-1.140698E2
8.760000E0	-6.157237E1	-1.136688E2
8.780000E0	-6.213635E1	-1.131686E2
8.800000E0	-6.318662E1	-1.128495E2
8.820000E0	-6.410444E1	-1.128762E2
8.840000E0	-6.393450E1	-1.127518E2
8.860000E0	-6.343202E1	-1.127942E2
8.880000E0	-6.336403E1	-1.128232E2
8.900000E0	-6.337341E1	-1.128354E2
8.920000E0	-6.343995E1	-1.127080E2
8.940000E0	-6.386703E1	-1.122805E2
8.960000E0	-6.461558E1	-1.121909E2
8.980000E0	-6.575210E1	-1.116915E2
9.000000E0	-6.611666E1	-1.113978E2
9.020000E0	-6.619752E1	-1.112183E2
9.040000E0	-6.657272E1	-1.110342E2
9.060000E0	-6.733404E1	-1.105253E2
9.080000E0	-6.865140E1	-1.101592E2
9.100000E0	-6.962698E1	-1.095000E2
9.120000E0	-6.990284E1	-1.087332E2
9.140000E0	-7.011858E1	-1.080878E2
9.160000E0	-7.046273E1	-1.082018E2
9.180000E0	-7.030825E1	-1.085467E2
9.200000E0	-7.037391E1	-1.085220E2
9.220000E0	-7.038714E1	-1.084741E2
9.240000E0	-7.043818E1	-1.084968E2
9.260000E0	-7.081946E1	-1.084480E2
9.280000E0	-7.084020E1	-1.082601E2
9.300000E0	-7.106962E1	-1.079365E2
9.320000E0	-7.117695E1	-1.079461E2
9.340000E0	-7.146327E1	-1.077967E2
9.360000E0	-7.182521E1	-1.075179E2
9.380000E0	-7.205960E1	-1.073949E2
9.400000E0	-7.209664E1	-1.074712E2
9.420000E0	-7.218062E1	-1.074639E2
9.440000E0	-7.218292E1	-1.073870E2
9.460000E0	-7.216410E1	-1.073518E2
9.480000E0	-7.215290E1	-1.073006E2
9.500000E0	-7.242766E1	-1.068350E2
9.520000E0	-7.324055E1	-1.058932E2
9.540000E0	-7.458366E1	-1.044352E2
9.560000E0	-7.587573E1	-1.031930E2
9.580000E0	-7.691366E1	-1.027352E2
9.600000E0	-7.747119E1	-1.028629E2
9.620000E0	-7.793910E1	-1.029187E2
9.640000E0	-7.785522E1	-1.029081E2
9.660000E0	-7.763065E1	-1.025989E2
9.680000E0	-7.761169E1	-1.024402E2
9.700000E0	-7.785340E1	-1.022378E2
9.720000E0	-7.815915E1	-1.019718E2
9.740000E0	-7.870350E1	-1.014761E2
9.760000E0	-7.943688E1	-1.008991E2
9.780000E0	-7.999363E1	-1.007731E2
9.800000E0	-8.019645E1	-1.006529E2
9.820000E0	-8.010875E1	-1.006203E2
9.840000E0	-7.990861E1	-1.006814E2
9.860000E0	-7.987682E1	-1.007465E2
9.880000E0	-7.992070E1	-1.005947E2
9.900000E0	-8.029204E1	-1.001878E2
9.920000E0	-8.090785E1	-9.973890E1
9.940000E0	-8.157788E1	-9.914483E1
9.960000E0	-8.224435E1	-9.877061E1
9.980000E0	-8.232317E1	-9.833836E1
1.000000E1	-8.242545E1	-9.841523E1
1.002000E1	-8.289280E1	-9.798233E1
1.004000E1	-8.356139E1	-9.743074E1
1.006000E1	-8.468479E1	-9.666502E1
1.008000E1	-8.559386E1	-9.534069E1
1.010000E1	-8.583803E1	-9.483940E1
1.012000E1	-8.561915E1	-9.536798E1
1.014000E1	-8.564829E1	-9.539250E1
1.016000E1	-8.572019E1	-9.534431E1
1.018000E1	-8.572118E1	-9.533028E1
1.020000E1	-8.576837E1	-9.532931E1
1.022000E1	-8.601803E1	-9.534724E1
1.024000E1	-8.626411E1	-9.515645E1
1.026000E1	-8.642696E1	-9.457786E1
1.028000E1	-8.648281E1	-9.455347E1
1.030000E1	-8.662374E1	-9.440177E1
1.032000E1	-8.687745E1	-9.408992E1
1.034000E1	-8.704834E1	-9.396442E1
1.036000E1	-8.725059E1	-9.400426E1
1.038000E1	-8.753072E1	-9.409026E1
1.040000E1	-8.756930E1	-9.408749E1
1.042000E1	-8.751392E1	-9.410595E1
1.044000E1	-8.748381E1	-9.399129E1
1.046000E1	-8.758205E1	-9.334719E1
1.048000E1	-8.822380E1	-9.221680E1
1.050000E1	-8.913885E1	-9.072749E1
1.052000E1	-9.012467E1	-8.951677E1
1.054000E1	-9.075923E1	-8.895184E1
1.056000E1	-9.121787E1	-8.907299E1
1.058000E1	-9.168033E1	-8.911302E1
1.060000E1	-9.193996E1	-8.872886E1
1.062000E1	-9.191248E1	-8.861969E1
1.064000E1	-9.186258E1	-8.823671E1
1.066000E1	-9.181565E1	-8.812321E1
1.068000E1	-9.212951E1	-8.770104E1
1.070000E1	-9.252909E1	-8.746376E1
1.072000E1	-9.319320E1	-8.685491E1
1.074000E1	-9.353650E1	-8.660219E1
1.076000E1	-9.368922E1	-8.653255E1
1.078000E1	-9.395044E1	-8.641129E1
1.080000E1	-9.383400E1	-8.640297E1
1.082000E1	-9.378724E1	-8.643657E1
1.084000E1	-9.379639E1	-8.630771E1
1.086000E1	-9.408370E1	-8.582618E1
1.088000E1	-9.463662E1	-8.532105E1
1.090000E1	-9.510794E1	-8.467983E1
1.092000E1	-9.535861E1	-8.394433E1
1.094000E1	-9.574013E1	-8.383878E1
1.096000E1	-9.585544E1	-8.353890E1
1.098000E1	-9.598997E1	-8.316404E1
1.100000E1	-9.635603E1	-8.275388E1
1.102000E1	-9.675024E1	-8.177887E1
1.104000E1	-9.771494E1	-8.029779E1
1.106000E1	-9.872187E1	-7.932153E1
1.108000E1	-9.879356E1	-7.950130E1
1.110000E1	-9.867309E1	-7.985014E1
1.112000E1	-9.884208E1	-7.974480E1
1.114000E1	-9.903432E1	-7.976196E1
1.116000E1	-9.904570E1	-7.967769E1
1.118000E1	-9.900881E1	-7.940641E1
1.120000E1	-9.918491E1	-7.897501E1
1.122000E1	-9.955584E1	-7.902383E1
1.124000E1	-9.960026E1	-7.883242E1
1.126000E1	-9.951965E1	-7.845932E1
1.128000E1	-9.949339E1	-7.826174E1
1.130000E1	-9.974694E1	-7.822360E1
1.132000E1	-1.000592E2	-7.816578E1
1.134000E1	-1.002538E2	-7.791947E1
1.136000E1	-1.003862E2	-7.782568E1
1.138000E1	-1.003824E2	-7.780235E1
1.140000E1	-1.003857E2	-7.777553E1
1.142000E1	-1.003704E2	-7.719626E1
1.144000E1	-1.005060E2	-7.607822E1
1.146000E1	-1.009851E2	-7.471410E1
1.148000E1	-1.017688E2	-7.369672E1
1.150000E1	-1.022275E2	-7.327215E1
1.152000E1	-1.024499E2	-7.323385E1
1.154000E1	-1.025447E2	-7.327388E1
1.156000E1	-1.028483E2	-7.289107E1
1.158000E1	-1.031910E2	-7.223934E1
1.160000E1	-1.032355E2	-7.219982E1
1.162000E1	-1.028881E2	-7.195026E1
1.164000E1	-1.029075E2	-7.137265E1
1.166000E1	-1.034208E2	-7.083396E1
1.168000E1	-1.039698E2	-7.049285E1
1.170000E1	-1.040930E2	-7.051223E1
1.172000E1	-1.041204E2	-7.032343E1
1.174000E1	-1.042784E2	-6.990411E1
1.176000E1	-1.043816E2	-6.994334E1
1.178000E1	-1.044155E2	-6.986855E1
1.180000E1	-1.044216E2	-6.982338E1
1.182000E1	-1.046333E2	-6.923845E1
1.184000E1	-1.051758E2	-6.860764E1
1.186000E1	-1.055249E2	-6.779935E1
1.188000E1	-1.056849E2	-6.714984E1
1.190000E1	-1.057506E2	-6.703171E1
1.192000E1	-1.060335E2	-6.653351E1
1.194000E1	-1.063761E2	-6.632023E1
1.196000E1	-1.064856E2	-6.568794E1
1.198000E1	-1.065525E2	-6.469691E1
1.200000E1	-1.068462E2	-6.332826E1
1.202000E1	-1.076937E2	-6.250409E1
1.204000E1	-1.084094E2	-6.206695E1
1.206000E1	-1.085285E2	-6.213979E1
1.208000E1	-1.084203E2	-6.203677E1
1.210000E1	-1.084497E2	-6.198527E1
1.212000E1	-1.085951E2	-6.184544E1
1.214000E1	-1.085748E2	-6.171028E1
1.216000E1	-1.086330E2	-6.137325E1
1.218000E1	-1.088094E2	-6.123923E1
1.220000E1	-1.090249E2	-6.118158E1
1.222000E1	-1.090241E2	-6.066751E1
1.224000E1	-1.089283E2	-6.044457E1
1.226000E1	-1.089523E2	-6.040441E1
1.228000E1	-1.091158E2	-6.034114E1
1.230000E1	-1.094338E2	-6.011599E1
1.232000E1	-1.095289E2	-6.006802E1
1.234000E1	-1.097284E2	-5.987047E1
1.236000E1	-1.100554E2	-5.938796E1
1.238000E1	-1.099859E2	-5.909659E1
1.240000E1	-1.097702E2	-5.771340E1
1.242000E1	-1.097606E2	-5.672900E1
1.244000E1	-1.100727E2	-5.607016E1
1.246000E1	-1.105891E2	-5.559626E1
1.248000E1	-1.106840E2	-5.545377E1
1.250000E1	-1.106890E2	-5.543154E1
1.252000E1	-1.106823E2	-5.534550E1
1.254000E1	-1.109298E2	-5.458683E1
1.256000E1	-1.114799E2	-5.398369E1
1.258000E1	-1.112953E2	-5.392381E1
1.260000E1	-1.108162E2	-5.365481E1
1.262000E1	-1.109176E2	-5.304051E1
1.264000E1	-1.113212E2	-5.257847E1
1.266000E1	-1.115022E2	-5.255897E1
1.268000E1	-1.116315E2	-5.229519E1
1.270000E1	-1.117284E2	-5.192488E1
1.272000E1	-1.117855E2	-5.183598E1
1.274000E1	-1.119962E2	-5.163509E1
1.276000E1	-1.122642E2	-5.114986E1
1.278000E1	-1.123291E2	-5.097527E1
1.280000E1	-1.125781E2	-5.017424E1
1.282000E1	-1.128586E2	-4.929298E1
1.284000E1	-1.129343E2	-4.864865E1
1.286000E1	-1.129096E2	-4.853091E1
1.288000E1	-1.130115E2	-4.810629E1
1.290000E1	-1.132902E2	-4.765737E1
1.292000E1	-1.134533E2	-4.715573E1
1.294000E1	-1.131728E2	-4.628616E1
1.296000E1	-1.131216E2	-4.516122E1
1.298000E1	-1.135644E2	-4.427007E1
1.300000E1	-1.142429E2	-4.367022E1
1.302000E1	-1.148560E2	-4.334452E1
1.304000E1	-1.149029E2	-4.326402E1
1.306000E1	-1.148999E2	-4.314226E1
1.308000E1	-1.149354E2	-4.290023E1
1.310000E1	-1.149885E2	-4.264407E1
1.312000E1	-1.150026E2	-4.249214E1
1.314000E1	-1.149535E2	-4.240086E1
1.316000E1	-1.149909E2	-4.223102E1
1.318000E1	-1.151109E2	-4.186856E1
1.320000E1	-1.151445E2	-4.151331E1
1.322000E1	-1.151440E2	-4.156590E1
1.324000E1	-1.151396E2	-4.155710E1
1.326000E1	-1.151957E2	-4.127069E1
1.328000E1	-1.155079E2	-4.096185E1
1.330000E1	-1.155718E2	-4.080000E1
1.332000E1	-1.158363E2	-4.016670E1
1.334000E1	-1.157399E2	-3.952783E1
1.336000E1	-1.153320E2	-3.880952E1
1.338000E1	-1.152010E2	-3.820689E1
1.340000E1	-1.153138E2	-3.812385E1
1.342000E1	-1.155254E2	-3.745232E1
1.344000E1	-1.158191E2	-3.704129E1
1.346000E1	-1.157854E2	-3.702177E1
1.348000E1	-1.157740E2	-3.698546E1
1.350000E1	-1.158637E2	-3.630690E1
1.352000E1	-1.159764E2	-3.553169E1
1.354000E1	-1.161192E2	-3.481583E1
1.356000E1	-1.160429E2	-3.449511E1
1.358000E1	-1.157790E2	-3.419148E1
1.360000E1	-1.157343E2	-3.389303E1
1.362000E1	-1.158035E2	-3.372333E1
1.364000E1	-1.159214E2	-3.322887E1
1.366000E1	-1.159779E2	-3.308162E1
1.368000E1	-1.159732E2	-3.287937E1
1.370000E1	-1.161804E2	-3.217344E1
1.372000E1	-1.163463E2	-3.144743E1
1.374000E1	-1.165949E2	-3.089405E1
1.376000E1	-1.168268E2	-3.019187E1
1.378000E1	-1.167403E2	-2.947739E1
1.380000E1	-1.167804E2	-2.896981E1
1.382000E1	-1.167081E2	-2.863071E1
1.384000E1	-1.167691E2	-2.845553E1
1.386000E1	-1.169248E2	-2.797078E1
1.388000E1	-1.170676E2	-2.728589E1
1.390000E1	-1.167846E2	-2.641723E1
1.392000E1	-1.164207E2	-2.537782E1
1.394000E1	-1.165438E2	-2.462588E1
1.396000E1	-1.169869E2	-2.429643E1
1.398000E1	-1.176518E2	-2.362061E1
1.400000E1	-1.181811E2	-2.294186E1
1.402000E1	-1.182342E2	-2.289596E1
1.404000E1	-1.180833E2	-2.269008E1
1.406000E1	-1.180628E2	-2.216511E1
1.408000E1	-1.181002E2	-2.218414E1
1.410000E1	-1.180884E2	-2.221749E1
1.412000E1	-1.179491E2	-2.214100E1
1.414000E1	-1.179455E2	-2.171607E1
1.416000E1	-1.180247E2	-2.162913E1
1.418000E1	-1.180466E2	-2.150309E1
1.420000E1	-1.179808E2	-2.143408E1
1.422000E1	-1.179349E2	-2.129099E1
1.424000E1	-1.180488E2	-2.118203E1
1.426000E1	-1.183003E2	-2.080009E1
1.428000E1	-1.183779E2	-2.020605E1
1.430000E1	-1.180970E2	-1.918245E1
1.432000E1	-1.176229E2	-1.805140E1
1.434000E1	-1.173528E2	-1.743273E1
1.436000E1	-1.174244E2	-1.738073E1
1.438000E1	-1.174629E2	-1.726624E1
1.440000E1	-1.175361E2	-1.658060E1
1.442000E1	-1.175797E2	-1.647509E1
1.444000E1	-1.176889E2	-1.633203E1
1.446000E1	-1.177350E2	-1.577131E1
1.448000E1	-1.174648E2	-1.513365E1
1.450000E1	-1.176245E2	-1.426796E1
1.452000E1	-1.176888E2	-1.333503E1
1.454000E1	-1.176969E2	-1.329507E1
1.456000E1	-1.172639E2	-1.309854E1
1.458000E1	-1.170541E2	-1.288388E1
1.460000E1	-1.170965E2	-1.235824E1
1.462000E1	-1.172365E2	-1.214068E1
1.464000E1	-1.173085E2	-1.198172E1
1.466000E1	-1.173086E2	-1.144120E1
1.468000E1	-1.174120E2	-1.057001E1
1.470000E1	-1.175632E2	-9.776190E0
1.472000E1	-1.175657E2	-8.905135E0
1.474000E1	-1.174217E2	-8.268971E0
1.476000E1	-1.173172E2	-8.022015E0
1.478000E1	-1.173830E2	-7.522305E0
1.480000E1	-1.173790E2	-7.251906E0
1.482000E1	-1.173763E2	-7.107341E0
1.484000E1	-1.174285E2	-6.576821E0
1.486000E1	-1.171710E2	-5.592356E0
1.488000E1	-1.167176E2	-4.423008E0
1.490000E1	-1.163994E2	-3.682300E0
1.492000E1	-1.167350E2	-3.591003E0
1.494000E1	-1.169470E2	-3.121770E0
1.496000E1	-1.174607E2	-2.279746E0
1.498000E1	-1.176873E2	-1.498814E0
1.500000E1	-1.176878E2	-1.449443E0
1.502000E1	-1.173808E2	-1.151739E0
1.504000E1	-1.173930E2	-7.353461E-1
1.506000E1	-1.173965E2	-7.471235E-1
1.508000E1	-1.173515E2	-7.808784E-1
1.510000E1	-1.170155E2	-4.030228E-1
1.512000E1	-1.170436E2	-1.366143E-1
1.514000E1	-1.170848E2	-5.600763E-2
1.516000E1	-1.170229E2	8.578201E-2
1.518000E1	-1.170189E2	1.552344E-1
1.520000E1	-1.169728E2	3.814813E-1
1.522000E1	-1.171601E2	6.655628E-1
1.524000E1	-1.172415E2	1.229230E0
1.526000E1	-1.169106E2	2.104177E0
1.528000E1	-1.161480E2	3.194684E0
1.530000E1	-1.157731E2	3.837404E0
1.532000E1	-1.157600E2	3.935545E0
1.534000E1	-1.157706E2	3.969816E0
1.536000E1	-1.156990E2	4.474185E0
1.538000E1	-1.156725E2	4.877354E0
1.540000E1	-1.157213E2	4.932183E0
1.542000E1	-1.156881E2	5.371323E0
1.544000E1	-1.154604E2	6.077629E0
1.546000E1	-1.151663E2	6.880013E0
1.548000E1	-1.151248E2	7.758799E0
1.550000E1	-1.151057E2	8.224882E0
1.552000E1	-1.147368E2	8.328476E0
1.554000E1	-1.143998E2	8.508103E0
1.556000E1	-1.143502E2	8.752661E0
1.558000E1	-1.144900E2	9.172515E0
1.560000E1	-1.145614E2	9.225652E0
1.562000E1	-1.144606E2	9.495880E0
1.564000E1	-1.143926E2	1.034642E1
1.566000E1	-1.143988E2	1.126459E1
1.568000E1	-1.142266E2	1.220043E1
1.570000E1	-1.139054E2	1.291969E1
1.572000E1	-1.137451E2	1.324294E1
1.574000E1	-1.137000E2	1.348611E1
1.576000E1	-1.135628E2	1.395772E1
1.578000E1	-1.135338E2	1.408512E1
1.580000E1	-1.133853E2	1.443892E1
1.582000E1	-1.131069E2	1.544827E1
1.584000E1	-1.123978E2	1.656454E1
1.586000E1	-1.120388E2	1.731005E1
1.588000E1	-1.121922E2	1.746754E1
1.590000E1	-1.122569E2	1.806165E1
1.592000E1	-1.126158E2	1.887275E1
1.594000E1	-1.127681E2	1.974907E1
1.596000E1	-1.126685E2	1.986344E1
1.598000E1	-1.123000E2	2.013543E1
1.600000E1	-1.123457E2	2.035230E1
1.602000E1	-1.122906E2	2.049548E1
1.604000E1	-1.122902E2	2.053142E1
1.606000E1	-1.119948E2	2.070142E1
1.608000E1	-1.118323E2	2.108124E1
1.610000E1	-1.119441E2	2.125793E1
1.612000E1	-1.119625E2	2.132222E1
1.614000E1	-1.118726E2	2.129575E1
1.616000E1	-1.117042E2	2.147810E1
1.618000E1	-1.118419E2	2.164987E1
1.620000E1	-1.119255E2	2.211751E1
1.622000E1	-1.116621E2	2.289103E1
1.624000E1	-1.108546E2	2.377451E1
1.626000E1	-1.101184E2	2.464406E1
1.628000E1	-1.100173E2	2.467187E1
1.630000E1	-1.100615E2	2.468540E1
1.632000E1	-1.099571E2	2.501923E1
1.634000E1	-1.096834E2	2.553444E1
1.636000E1	-1.097633E2	2.550223E1
1.638000E1	-1.098519E2	2.569551E1
1.640000E1	-1.094596E2	2.639455E1
1.642000E1	-1.091815E2	2.711465E1
1.644000E1	-1.088366E2	2.800693E1
1.646000E1	-1.087492E2	2.883491E1
1.648000E1	-1.085508E2	2.880673E1
1.650000E1	-1.080480E2	2.876547E1
1.652000E1	-1.079254E2	2.886753E1
1.654000E1	-1.078792E2	2.922050E1
1.656000E1	-1.080196E2	2.955197E1
1.658000E1	-1.080602E2	2.967572E1
1.660000E1	-1.078420E2	3.046201E1
1.662000E1	-1.075806E2	3.140983E1
1.664000E1	-1.073062E2	3.230513E1
1.666000E1	-1.070293E2	3.304833E1
1.668000E1	-1.069041E2	3.314838E1
1.670000E1	-1.065714E2	3.349801E1
1.672000E1	-1.064711E2	3.379856E1
1.674000E1	-1.063865E2	3.412593E1
1.676000E1	-1.061674E2	3.432827E1
1.678000E1	-1.058223E2	3.511764E1
1.680000E1	-1.050358E2	3.612843E1
1.682000E1	-1.042567E2	3.689343E1
1.684000E1	-1.043113E2	3.700120E1
1.686000E1	-1.043239E2	3.723238E1
1.688000E1	-1.044972E2	3.809417E1
1.690000E1	-1.045882E2	3.924039E1
1.692000E1	-1.046991E2	3.970084E1
1.694000E1	-1.043531E2	3.977611E1
1.696000E1	-1.040260E2	3.995861E1
1.698000E1	-1.040781E2	4.027761E1
1.700000E1	-1.040691E2	4.025861E1
1.702000E1	-1.038174E2	4.028622E1
1.704000E1	-1.034074E2	4.044729E1
1.706000E1	-1.034262E2	4.066868E1
1.708000E1	-1.035347E2	4.089010E1
1.710000E1	-1.035310E2	4.092748E1
1.712000E1	-1.032819E2	4.112029E1
1.714000E1	-1.032466E2	4.122580E1
1.716000E1	-1.032950E2	4.175129E1
1.718000E1	-1.029925E2	4.239314E1
1.720000E1	-1.020157E2	4.318736E1
1.722000E1	-1.008422E2	4.419061E1
1.724000E1	-1.005451E2	4.432972E1
1.726000E1	-1.007115E2	4.434184E1
1.728000E1	-1.007408E2	4.435913E1
1.730000E1	-1.004053E2	4.492889E1
1.732000E1	-1.003803E2	4.497444E1
1.734000E1	-1.004249E2	4.506480E1
1.736000E1	-1.000124E2	4.576200E1
1.738000E1	-9.942069E1	4.644138E1
1.740000E1	-9.900810E1	4.710040E1
1.742000E1	-9.863293E1	4.804808E1
1.744000E1	-9.863539E1	4.830386E1
1.746000E1	-9.824948E1	4.826435E1
1.748000E1	-9.778868E1	4.820696E1
1.750000E1	-9.776641E1	4.831790E1
1.752000E1	-9.777744E1	4.869223E1
1.754000E1	-9.788640E1	4.890326E1
1.756000E1	-9.745237E1	4.941082E1
1.758000E1	-9.701647E1	5.028470E1
1.760000E1	-9.661596E1	5.156048E1
1.762000E1	-9.596573E1	5.218731E1
1.764000E1	-9.560394E1	5.238473E1
1.766000E1	-9.556630E1	5.239266E1
1.768000E1	-9.544506E1	5.247415E1
1.770000E1	-9.544995E1	5.269149E1
1.772000E1	-9.539965E1	5.290874E1
1.774000E1	-9.469940E1	5.328351E1
1.776000E1	-9.358303E1	5.438853E1
1.778000E1	-9.283100E1	5.508887E1
1.780000E1	-9.285826E1	5.520335E1
1.782000E1	-9.290848E1	5.537789E1
1.784000E1	-9.292315E1	5.598170E1
1.786000E1	-9.284755E1	5.706504E1
1.788000E1	-9.274287E1	5.770906E1
1.790000E1	-9.257165E1	5.777199E1
1.792000E1	-9.221958E1	5.785659E1
1.794000E1	-9.217249E1	5.813539E1
1.796000E1	-9.221865E1	5.814632E1
1.798000E1	-9.198149E1	5.826318E1
1.800000E1	-9.149123E1	5.835215E1
1.802000E1	-9.152527E1	5.843228E1
1.804000E1	-9.157712E1	5.861538E1
1.806000E1	-9.150890E1	5.870650E1
1.808000E1	-9.127412E1	5.883833E1
1.810000E1	-9.126764E1	5.901587E1
1.812000E1	-9.109285E1	5.943479E1
1.814000E1	-9.055696E1	5.982422E1
1.816000E1	-8.945602E1	6.065668E1
1.818000E1	-8.822647E1	6.162979E1
1.820000E1	-8.768113E1	6.180836E1
1.822000E1	-8.813543E1	6.171173E1
1.824000E1	-8.817154E1	6.180511E1
1.826000E1	-8.790098E1	6.209068E1
1.828000E1	-8.752769E1	6.245590E1
1.830000E1	-8.748569E1	6.252612E1
1.832000E1	-8.712800E1	6.281135E1
1.834000E1	-8.639019E1	6.333223E1
1.836000E1	-8.569653E1	6.383032E1
1.838000E1	-8.514085E1	6.457921E1
1.840000E1	-8.500700E1	6.536112E1
1.842000E1	-8.476259E1	6.559730E1
1.844000E1	-8.447896E1	6.498740E1
1.846000E1	-8.430282E1	6.484235E1
1.848000E1	-8.424505E1	6.499023E1
1.850000E1	-8.428128E1	6.559062E1
1.852000E1	-8.370990E1	6.599838E1
1.854000E1	-8.327173E1	6.678250E1
1.856000E1	-8.244716E1	6.777407E1
1.858000E1	-8.177880E1	6.866128E1
1.860000E1	-8.139661E1	6.876878E1
1.862000E1	-8.132488E1	6.879947E1
1.864000E1	-8.130142E1	6.877189E1
1.866000E1	-8.126976E1	6.882530E1
1.868000E1	-8.112885E1	6.910228E1
1.870000E1	-8.044196E1	6.939023E1
1.872000E1	-7.914798E1	7.004896E1
1.874000E1	-7.835481E1	7.080232E1
1.876000E1	-7.846674E1	7.083368E1
1.878000E1	-7.839364E1	7.093213E1
1.880000E1	-7.831055E1	7.145615E1
1.882000E1	-7.821145E1	7.223615E1
1.884000E1	-7.785373E1	7.305764E1
1.886000E1	-7.757281E1	7.363840E1
1.888000E1	-7.720618E1	7.371905E1
1.890000E1	-7.726203E1	7.372344E1
1.892000E1	-7.730249E1	7.372864E1
1.894000E1	-7.691743E1	7.383976E1
1.896000E1	-7.651701E1	7.394233E1
1.898000E1	-7.651045E1	7.395098E1
1.900000E1	-7.661036E1	7.412503E1
1.902000E1	-7.648369E1	7.429789E1
1.904000E1	-7.647251E1	7.434336E1
1.906000E1	-7.635541E1	7.448801E1
1.908000E1	-7.612476E1	7.479548E1
1.910000E1	-7.562892E1	7.504003E1
1.912000E1	-7.431600E1	7.556952E1
1.914000E1	-7.303032E1	7.626299E1
1.916000E1	-7.257461E1	7.667206E1
1.918000E1	-7.267744E1	7.677318E1
1.920000E1	-7.310223E1	7.654238E1
1.922000E1	-7.305094E1	7.654019E1
1.924000E1	-7.260370E1	7.668673E1
1.926000E1	-7.214295E1	7.696062E1
1.928000E1	-7.165483E1	7.712130E1
1.930000E1	-7.122225E1	7.734443E1
1.932000E1	-7.051838E1	7.771530E1
1.934000E1	-6.978660E1	7.836889E1
1.936000E1	-6.931615E1	7.909644E1
1.938000E1	-6.889127E1	7.936220E1
1.940000E1	-6.875279E1	7.915841E1
1.942000E1	-6.867059E1	7.870527E1
1.944000E1	-6.867588E1	7.880108E1
1.946000E1	-6.837904E1	7.924171E1
1.948000E1	-6.803141E1	7.978812E1
1.950000E1	-6.748946E1	8.039024E1
1.952000E1	-6.629391E1	8.120247E1
1.954000E1	-6.536087E1	8.199526E1
1.956000E1	-6.508390E1	8.223058E1
1.958000E1	-6.494150E1	8.220192E1
1.960000E1	-6.481253E1	8.217886E1
1.962000E1	-6.487098E1	8.218665E1
1.964000E1	-6.463896E1	8.238085E1
1.966000E1	-6.379853E1	8.267270E1
1.968000E1	-6.267279E1	8.294856E1
1.970000E1	-6.175453E1	8.346971E1
1.972000E1	-6.193618E1	8.386679E1
1.974000E1	-6.200201E1	8.404890E1
1.976000E1	-6.196929E1	8.425056E1
1.978000E1	-6.165353E1	8.447142E1
1.980000E1	-6.117128E1	8.525755E1
1.982000E1	-6.044725E1	8.620918E1
1.984000E1	-6.009514E1	8.679809E1
1.986000E1	-6.007714E1	8.679192E1
1.988000E1	-5.987385E1	8.666873E1
1.990000E1	-5.947373E1	8.669766E1
1.992000E1	-5.947041E1	8.665897E1
1.994000E1	-5.949681E1	8.664768E1
1.996000E1	-5.946036E1	8.660425E1
1.998000E1	-5.912296E1	8.675989E1
2.000000E1	-5.912311E1	8.692081E1
2.002000E1	-5.896369E1	8.705566E1
2.004000E1	-5.851584E1	8.718473E1
2.006000E1	-5.756531E1	8.735452E1
2.008000E1	-5.622142E1	8.763498E1
2.010000E1	-5.524998E1	8.797404E1
2.012000E1	-5.479447E1	8.850537E1
2.014000E1	-5.487919E1	8.859922E1
2.016000E1	-5.498213E1	8.849961E1
2.018000E1	-5.512983E1	8.832803E1
2.020000E1	-5.500467E1	8.836243E1
2.022000E1	-5.434494E1	8.849153E1
2.024000E1	-5.381040E1	8.865559E1
2.026000E1	-5.339900E1	8.873960E1
2.028000E1	-5.270933E1	8.907695E1
2.030000E1	-5.197882E1	8.941057E1
2.032000E1	-5.147885E1	8.987451E1
2.034000E1	-5.073691E1	9.020156E1
2.036000E1	-5.036845E1	9.029056E1
2.038000E1	-5.071530E1	8.987115E1
2.040000E1	-5.075093E1	8.971885E1
2.042000E1	-5.037731E1	8.982945E1
2.044000E1	-4.996906E1	9.016517E1
2.046000E1	-4.932899E1	9.083006E1
2.048000E1	-4.818419E1	9.127142E1
2.050000E1	-4.707789E1	9.174319E1
2.052000E1	-4.656294E1	9.210997E1
2.054000E1	-4.633002E1	9.216136E1
2.056000E1	-4.630959E1	9.212708E1
2.058000E1	-4.630340E1	9.214531E1
2.060000E1	-4.601287E1	9.222224E1
2.062000E1	-4.508846E1	9.231459E1
2.064000E1	-4.413452E1	9.244626E1
2.066000E1	-4.350463E1	9.256574E1
2.068000E1	-4.351277E1	9.280138E1
2.070000E1	-4.341609E1	9.318422E1
2.072000E1	-4.337780E1	9.329291E1
2.074000E1	-4.327621E1	9.333035E1
2.076000E1	-4.267036E1	9.357246E1
2.078000E1	-4.196632E1	9.443988E1
2.080000E1	-4.106990E1	9.527961E1
2.082000E1	-4.088849E1	9.553710E1
2.084000E1	-4.072546E1	9.539079E1
2.086000E1	-4.027918E1	9.548961E1
2.088000E1	-4.016635E1	9.552245E1
2.090000E1	-4.020537E1	9.554661E1
2.092000E1	-4.019760E1	9.555069E1
2.094000E1	-3.994735E1	9.562316E1
2.096000E1	-3.996408E1	9.578666E1
2.098000E1	-3.970310E1	9.609725E1
2.100000E1	-3.925291E1	9.612022E1
2.102000E1	-3.815697E1	9.607913E1
2.104000E1	-3.663987E1	9.610884E1
2.106000E1	-3.567365E1	9.632943E1
2.108000E1	-3.541200E1	9.665420E1
2.110000E1	-3.539867E1	9.715237E1
2.112000E1	-3.498075E1	9.722472E1
2.114000E1	-3.518065E1	9.691593E1
2.116000E1	-3.519558E1	9.688434E1
2.118000E1	-3.472473E1	9.701962E1
2.120000E1	-3.393434E1	9.706832E1
2.122000E1	-3.340459E1	9.710420E1
2.124000E1	-3.280665E1	9.719708E1
2.126000E1	-3.219553E1	9.730271E1
2.128000E1	-3.168770E1	9.737419E1
2.130000E1	-3.113881E1	9.749886E1
2.132000E1	-3.026019E1	9.762532E1
2.134000E1	-3.028499E1	9.757032E1
2.136000E1	-3.072859E1	9.738024E1
2.138000E1	-3.042716E1	9.732674E1
2.140000E1	-2.990323E1	9.742355E1
2.142000E1	-2.928478E1	9.782329E1
2.144000E1	-2.826831E1	9.811016E1
2.146000E1	-2.721744E1	9.832730E1
2.148000E1	-2.636105E1	9.850493E1
2.150000E1	-2.592331E1	9.868484E1
2.152000E1	-2.578112E1	9.864371E1
2.154000E1	-2.567082E1	9.861975E1
2.156000E1	-2.534640E1	9.866091E1
2.158000E1	-2.456854E1	9.861575E1
2.160000E1	-2.369158E1	9.853966E1
2.162000E1	-2.321318E1	9.857694E1
2.164000E1	-2.310571E1	9.867364E1
2.166000E1	-2.282394E1	9.901660E1
2.168000E1	-2.282239E1	9.940419E1
2.170000E1	-2.262759E1	9.946427E1
2.172000E1	-2.258994E1	9.948274E1
2.174000E1	-2.204382E1	9.973959E1
2.176000E1	-2.086156E1	1.004830E2
2.178000E1	-1.993525E1	1.009404E2
2.180000E1	-1.990855E1	1.009907E2
2.182000E1	-1.969935E1	1.009806E2
2.184000E1	-1.933571E1	1.010314E2
2.186000E1	-1.942590E1	1.011548E2
2.188000E1	-1.937742E1	1.011320E2
2.190000E1	-1.919119E1	1.011343E2
2.192000E1	-1.915770E1	1.011924E2
2.194000E1	-1.878945E1	1.014849E2
2.196000E1	-1.826482E1	1.015463E2
2.198000E1	-1.750646E1	1.011537E2
2.200000E1	-1.607989E1	1.008335E2
2.202000E1	-1.521092E1	1.007806E2
2.204000E1	-1.473670E1	1.008926E2
2.206000E1	-1.465157E1	1.014072E2
2.208000E1	-1.436102E1	1.017001E2
2.210000E1	-1.414555E1	1.016923E2
2.212000E1	-1.462710E1	1.014959E2
2.214000E1	-1.416582E1	1.014964E2
2.216000E1	-1.365939E1	1.013955E2
2.218000E1	-1.289191E1	1.012045E2
2.220000E1	-1.215470E1	1.011568E2
2.222000E1	-1.143935E1	1.013514E2
2.224000E1	-1.119362E1	1.013182E2
2.226000E1	-1.097091E1	1.012609E2
2.228000E1	-1.021688E1	1.011430E2
2.230000E1	-9.729986E0	1.011818E2
2.232000E1	-9.733021E0	1.011729E2
2.234000E1	-9.725981E0	1.011231E2
2.236000E1	-9.281748E0	1.009019E2
2.238000E1	-8.614618E0	1.009926E2
2.240000E1	-7.728952E0	1.011516E2
2.242000E1	-6.766240E0	1.012465E2
2.244000E1	-6.068893E0	1.012336E2
2.246000E1	-5.520331E0	1.013443E2
2.248000E1	-4.980322E0	1.015027E2
2.250000E1	-4.492636E0	1.015310E2
2.252000E1	-4.089680E0	1.015112E2
2.254000E1	-3.481586E0	1.011541E2
2.256000E1	-2.792028E0	1.010461E2
2.258000E1	-2.333683E0	1.010252E2
2.260000E1	-2.221687E0	1.010952E2
2.262000E1	-2.165971E0	1.012504E2
2.264000E1	-1.924937E0	1.015705E2
2.266000E1	-1.776432E0	1.017221E2
2.268000E1	-1.466523E0	1.017027E2
2.270000E1	-1.188477E0	1.018047E2
2.272000E1	-2.936121E-1	1.020264E2
2.274000E1	7.007480E-1	1.023681E2
2.276000E1	1.289087E0	1.025397E2
2.278000E1	1.526113E0	1.026009E2
2.280000E1	1.798235E0	1.025590E2
2.282000E1	1.771823E0	1.025104E2
2.284000E1	1.805800E0	1.025075E2
2.286000E1	1.873980E0	1.024787E2
2.288000E1	1.870606E0	1.025049E2
2.290000E1	2.014094E0	1.025761E2
2.292000E1	2.577159E0	1.026313E2
2.294000E1	3.374558E0	1.022619E2
2.296000E1	4.346613E0	1.017376E2
2.298000E1	5.077609E0	1.014912E2
2.300000E1	5.302101E0	1.015882E2
2.302000E1	5.667401E0	1.019685E2
2.304000E1	5.989643E0	1.022013E2
2.306000E1	6.472982E0	1.022664E2
2.308000E1	6.485884E0	1.021412E2
2.310000E1	6.170946E0	1.020591E2
2.312000E1	6.515529E0	1.019635E2
2.314000E1	7.093119E0	1.015844E2
2.316000E1	7.966929E0	1.014551E2
2.318000E1	8.828153E0	1.014575E2
2.320000E1	9.085424E0	1.013801E2
2.322000E1	9.131497E0	1.012783E2
2.324000E1	9.570393E0	1.010413E2
2.326000E1	1.008831E1	1.010938E2
2.328000E1	1.056818E1	1.011950E2
2.330000E1	1.069542E1	1.012163E2
2.332000E1	1.090509E1	1.010413E2
2.334000E1	1.149598E1	1.009037E2
2.336000E1	1.240488E1	1.008760E2
2.338000E1	1.312440E1	1.008422E2
2.340000E1	1.382715E1	1.007873E2
2.342000E1	1.432096E1	1.007905E2
2.344000E1	1.487147E1	1.007840E2
2.346000E1	1.539521E1	1.007862E2
2.348000E1	1.593299E1	1.006567E2
2.350000E1	1.662300E1	1.000528E2
2.352000E1	1.719468E1	9.972542E1
2.354000E1	1.770761E1	9.970384E1
2.356000E1	1.775919E1	9.970058E1
2.358000E1	1.784344E1	9.971735E1
2.360000E1	1.795030E1	9.983634E1
2.362000E1	1.825279E1	1.000111E2
2.364000E1	1.868705E1	1.000426E2
2.366000E1	1.887265E1	9.999172E1
2.368000E1	1.931931E1	1.000508E2
2.370000E1	2.019499E1	1.001594E2
2.372000E1	2.111768E1	1.003184E2
2.374000E1	2.199408E1	1.003929E2
2.376000E1	2.214075E1	1.003663E2
2.378000E1	2.227473E1	1.003981E2
2.380000E1	2.247419E1	1.004536E2
2.382000E1	2.260626E1	1.004694E2
2.384000E1	2.257864E1	1.004646E2
2.386000E1	2.257494E1	1.005145E2
2.388000E1	2.303364E1	1.005890E2
2.390000E1	2.365481E1	1.003865E2
2.392000E1	2.435651E1	9.970136E1
2.394000E1	2.513296E1	9.906823E1
2.396000E1	2.559879E1	9.913795E1
2.398000E1	2.596216E1	9.934112E1
2.400000E1	2.631941E1	9.950879E1
2.402000E1	2.664468E1	9.947265E1
2.404000E1	2.678456E1	9.938428E1
2.406000E1	2.670717E1	9.932030E1
2.408000E1	2.668701E1	9.926252E1
2.410000E1	2.699725E1	9.894351E1
2.412000E1	2.766354E1	9.844566E1
2.414000E1	2.859791E1	9.834239E1
2.416000E1	2.912220E1	9.816587E1
2.418000E1	2.914773E1	9.805160E1
2.420000E1	2.936762E1	9.786638E1
2.422000E1	2.979903E1	9.756030E1
2.424000E1	3.028353E1	9.766280E1
2.426000E1	3.079598E1	9.773867E1
2.428000E1	3.095017E1	9.774603E1
2.430000E1	3.130283E1	9.742107E1
2.432000E1	3.200278E1	9.718965E1
2.434000E1	3.281860E1	9.690735E1
2.436000E1	3.351072E1	9.682456E1
2.438000E1	3.423112E1	9.660594E1
2.440000E1	3.477285E1	9.649889E1
2.442000E1	3.533367E1	9.650170E1
2.444000E1	3.585168E1	9.644329E1
2.446000E1	3.650329E1	9.570926E1
2.448000E1	3.714300E1	9.507473E1
2.450000E1	3.756649E1	9.497900E1
2.452000E1	3.770324E1	9.491396E1
2.454000E1	3.777906E1	9.491774E1
2.456000E1	3.791656E1	9.498870E1
2.458000E1	3.803010E1	9.504685E1
2.460000E1	3.854260E1	9.515272E1
2.462000E1	3.898597E1	9.513974E1
2.464000E1	3.917813E1	9.506425E1
2.466000E1	3.979878E1	9.500771E1
2.468000E1	4.067450E1	9.481361E1
2.470000E1	4.177098E1	9.473666E1
2.472000E1	4.233972E1	9.472299E1
2.474000E1	4.234253E1	9.472324E1
2.476000E1	4.246896E1	9.467629E1
2.478000E1	4.261731E1	9.473952E1
2.480000E1	4.260346E1	9.475980E1
2.482000E1	4.268017E1	9.474073E1
2.484000E1	4.279654E1	9.475864E1
2.486000E1	4.335835E1	9.454280E1
2.488000E1	4.403206E1	9.387044E1
2.490000E1	4.468947E1	9.311078E1
2.492000E1	4.525539E1	9.264754E1
2.494000E1	4.562915E1	9.279498E1
2.496000E1	4.591049E1	9.302776E1
2.498000E1	4.612743E1	9.296751E1
2.500000E1	4.639156E1	9.283966E1
2.502000E1	4.655084E1	9.270231E1
2.504000E1	4.642314E1	9.261766E1
2.506000E1	4.664340E1	9.240511E1
2.508000E1	4.704859E1	9.185140E1
2.510000E1	4.769492E1	9.140953E1
2.512000E1	4.830932E1	9.120186E1
2.514000E1	4.848411E1	9.099508E1
2.516000E1	4.856144E1	9.092689E1
2.518000E1	4.881327E1	9.064734E1
2.520000E1	4.929884E1	9.051840E1
2.522000E1	4.979817E1	9.044582E1
2.524000E1	5.030836E1	9.038717E1
2.526000E1	5.044499E1	8.999907E1
2.528000E1	5.086032E1	8.965591E1
2.530000E1	5.169279E1	8.921153E1
2.532000E1	5.235580E1	8.901324E1
2.534000E1	5.296860E1	8.873635E1
2.536000E1	5.351907E1	8.840376E1
2.538000E1	5.404006E1	8.821977E1
2.540000E1	5.466146E1	8.812986E1
2.542000E1	5.517838E1	8.745343E1
2.544000E1	5.568235E1	8.671090E1
2.546000E1	5.601757E1	8.627849E1
2.548000E1	5.635317E1	8.629352E1
2.550000E1	5.648085E1	8.629078E1
2.552000E1	5.647079E1	8.630846E1
2.554000E1	5.662324E1	8.637172E1
2.556000E1	5.701574E1	8.645047E1
2.558000E1	5.743468E1	8.638796E1
2.560000E1	5.755828E1	8.630678E1
2.562000E1	5.802666E1	8.614797E1
2.564000E1	5.882434E1	8.579220E1
2.566000E1	5.989390E1	8.564836E1
2.568000E1	6.090106E1	8.526445E1
2.570000E1	6.094787E1	8.528984E1
2.572000E1	6.107028E1	8.526385E1
2.574000E1	6.127433E1	8.528284E1
2.576000E1	6.134825E1	8.520794E1
2.578000E1	6.145036E1	8.528101E1
2.580000E1	6.148643E1	8.529758E1
2.582000E1	6.200851E1	8.493894E1
2.584000E1	6.263713E1	8.432703E1
2.586000E1	6.326039E1	8.345008E1
2.588000E1	6.345876E1	8.279723E1
2.590000E1	6.383615E1	8.288243E1
2.592000E1	6.421790E1	8.299510E1
2.594000E1	6.443110E1	8.295395E1
2.596000E1	6.471686E1	8.271066E1
2.598000E1	6.505201E1	8.247633E1
2.600000E1	6.502089E1	8.245764E1
2.602000E1	6.494345E1	8.239108E1
2.604000E1	6.513495E1	8.183071E1
2.606000E1	6.577121E1	8.121515E1
2.608000E1	6.631512E1	8.090404E1
2.610000E1	6.649077E1	8.070881E1
2.612000E1	6.643931E1	8.057482E1
2.614000E1	6.658794E1	8.020499E1
2.616000E1	6.695407E1	7.984709E1
2.618000E1	6.743257E1	7.978937E1
2.620000E1	6.815454E1	7.938110E1
2.622000E1	6.857359E1	7.931866E1
2.624000E1	6.903628E1	7.873948E1
2.626000E1	6.934445E1	7.814186E1
2.628000E1	6.990484E1	7.777920E1
2.630000E1	7.043033E1	7.751743E1
2.632000E1	7.095814E1	7.705948E1
2.634000E1	7.135734E1	7.673316E1
2.636000E1	7.188731E1	7.658808E1
2.638000E1	7.253979E1	7.594142E1
2.640000E1	7.290362E1	7.498166E1
2.642000E1	7.327567E1	7.436237E1
2.644000E1	7.343296E1	7.442806E1
2.646000E1	7.344525E1	7.445836E1
2.648000E1	7.357185E1	7.449333E1
2.650000E1	7.357748E1	7.455171E1
2.652000E1	7.391962E1	7.451442E1
2.654000E1	7.442664E1	7.434303E1
2.656000E1	7.480909E1	7.417657E1
2.658000E1	7.508881E1	7.401666E1
2.660000E1	7.556224E1	7.362276E1
2.662000E1	7.639632E1	7.320559E1
2.664000E1	7.757766E1	7.264664E1
2.666000E1	7.806945E1	7.257557E1
2.668000E1	7.808472E1	7.252156E1
2.670000E1	7.820726E1	7.249943E1
2.672000E1	7.844146E1	7.233274E1
2.674000E1	7.860551E1	7.233084E1
2.676000E1	7.862807E1	7.227219E1
2.678000E1	7.878978E1	7.181252E1
2.680000E1	7.948312E1	7.107553E1
2.682000E1	8.004530E1	7.007677E1
2.684000E1	8.021115E1	6.951281E1
2.686000E1	8.030627E1	6.951210E1
2.688000E1	8.071589E1	6.960753E1
2.690000E1	8.099435E1	6.948328E1
2.692000E1	8.117144E1	6.925969E1
2.694000E1	8.144522E1	6.902538E1
2.696000E1	8.160059E1	6.870459E1
2.698000E1	8.148704E1	6.872980E1
2.700000E1	8.145503E1	6.839938E1
2.702000E1	8.182192E1	6.774489E1
2.704000E1	8.232593E1	6.722101E1
2.706000E1	8.263441E1	6.700399E1
2.708000E1	8.263824E1	6.690323E1
2.710000E1	8.266208E1	6.656390E1
2.712000E1	8.284346E1	6.624215E1
2.714000E1	8.327452E1	6.596366E1
2.716000E1	8.397898E1	6.544845E1
2.718000E1	8.450758E1	6.528968E1
2.720000E1	8.498484E1	6.460810E1
2.722000E1	8.515149E1	6.400935E1
2.724000E1	8.555836E1	6.371425E1
2.726000E1	8.605774E1	6.334597E1
2.728000E1	8.651306E1	6.289235E1
2.730000E1	8.690305E1	6.251214E1
2.732000E1	8.734459E1	6.228688E1
2.734000E1	8.793988E1	6.156829E1
2.736000E1	8.819073E1	6.053217E1
2.738000E1	8.842739E1	5.968777E1
2.740000E1	8.845127E1	5.961656E1
2.742000E1	8.855749E1	5.963862E1
2.744000E1	8.867322E1	5.962837E1
2.746000E1	8.873018E1	5.954696E1
2.748000E1	8.908587E1	5.951470E1
2.750000E1	8.958524E1	5.922986E1
2.752000E1	8.990311E1	5.907964E1
2.754000E1	9.017092E1	5.882066E1
2.756000E1	9.046515E1	5.841560E1
2.758000E1	9.109120E1	5.790885E1
2.760000E1	9.220925E1	5.731789E1
2.762000E1	9.286616E1	5.686889E1
2.764000E1	9.291139E1	5.694110E1
2.766000E1	9.294280E1	5.691205E1
2.768000E1	9.315031E1	5.673209E1
2.770000E1	9.326431E1	5.674346E1
2.772000E1	9.334828E1	5.667454E1
2.774000E1	9.338360E1	5.622568E1
2.776000E1	9.385697E1	5.530022E1
2.778000E1	9.435237E1	5.428636E1
2.780000E1	9.444605E1	5.356194E1
2.782000E1	9.454763E1	5.338770E1
2.784000E1	9.493094E1	5.343693E1
2.786000E1	9.498633E1	5.338136E1
2.788000E1	9.522803E1	5.296805E1
2.790000E1	9.530758E1	5.284712E1
2.792000E1	9.569512E1	5.237630E1
2.794000E1	9.567639E1	5.224243E1
2.796000E1	9.558135E1	5.210311E1
2.798000E1	9.575087E1	5.148124E1
2.800000E1	9.600221E1	5.090650E1
2.802000E1	9.626297E1	5.037958E1
2.804000E1	9.625169E1	5.029863E1
2.806000E1	9.624891E1	5.010274E1
2.808000E1	9.626277E1	4.986352E1
2.810000E1	9.649380E1	4.945204E1
2.812000E1	9.703271E1	4.890989E1
2.814000E1	9.797541E1	4.834788E1
2.816000E1	9.860740E1	4.752578E1
2.818000E1	9.873836E1	4.677184E1
2.820000E1	9.880156E1	4.645719E1
2.822000E1	9.897509E1	4.610860E1
2.824000E1	9.932403E1	4.558345E1
2.826000E1	9.967745E1	4.507089E1
2.828000E1	9.990482E1	4.459719E1
2.830000E1	1.004556E2	4.388049E1
2.832000E1	1.007117E2	4.245076E1
2.834000E1	1.008681E2	4.159907E1
2.836000E1	1.009566E2	4.168234E1
2.838000E1	1.010461E2	4.166129E1
2.840000E1	1.011352E2	4.166375E1
2.842000E1	1.012119E2	4.162923E1
2.844000E1	1.013180E2	4.154191E1
2.846000E1	1.017623E2	4.110498E1
2.848000E1	1.023249E2	4.072374E1
2.850000E1	1.026480E2	4.042121E1
2.852000E1	1.025966E2	4.027680E1
2.854000E1	1.028558E2	3.970292E1
2.856000E1	1.035771E2	3.892957E1
2.858000E1	1.044892E2	3.836904E1
2.860000E1	1.049101E2	3.835566E1
2.862000E1	1.048997E2	3.826202E1
2.864000E1	1.049997E2	3.801667E1
2.866000E1	1.050643E2	3.803051E1
2.868000E1	1.050694E2	3.797757E1
2.870000E1	1.050498E2	3.731175E1
2.872000E1	1.051864E2	3.635479E1
2.874000E1	1.054638E2	3.502904E1
2.876000E1	1.056039E2	3.486525E1
2.878000E1	1.056610E2	3.482979E1
2.880000E1	1.058575E2	3.467206E1
2.882000E1	1.060126E2	3.443948E1
2.884000E1	1.061623E2	3.419162E1
2.886000E1	1.064155E2	3.373001E1
2.888000E1	1.066735E2	3.319776E1
2.890000E1	1.066935E2	3.303262E1
2.892000E1	1.064835E2	3.285406E1
2.894000E1	1.065731E2	3.260294E1
2.896000E1	1.066782E2	3.187677E1
2.898000E1	1.067042E2	3.117779E1
2.900000E1	1.067127E2	3.089473E1
2.902000E1	1.067467E2	3.088119E1
2.904000E1	1.067630E2	3.069912E1
2.906000E1	1.068366E2	3.042402E1
2.908000E1	1.073396E2	2.969424E1
2.910000E1	1.081240E2	2.883436E1
2.912000E1	1.089180E2	2.746863E1
2.914000E1	1.089502E2	2.683763E1
2.916000E1	1.087914E2	2.663968E1
2.918000E1	1.089479E2	2.643626E1
2.920000E1	1.092552E2	2.587757E1
2.922000E1	1.094779E2	2.525997E1
2.924000E1	1.096002E2	2.469913E1
2.926000E1	1.097225E2	2.374972E1
2.928000E1	1.099910E2	2.222769E1
2.930000E1	1.101012E2	2.143398E1
2.932000E1	1.102063E2	2.148277E1
2.934000E1	1.102564E2	2.147838E1
2.936000E1	1.102468E2	2.147827E1
2.938000E1	1.102511E2	2.143207E1
2.940000E1	1.103060E2	2.131792E1
2.942000E1	1.106534E2	2.098707E1
2.944000E1	1.111179E2	2.040760E1
2.946000E1	1.114221E2	1.994558E1
2.948000E1	1.114518E2	1.982082E1
2.950000E1	1.115649E2	1.951187E1
2.952000E1	1.119943E2	1.866718E1
2.954000E1	1.126473E2	1.786334E1
2.956000E1	1.133103E2	1.731535E1
2.958000E1	1.136938E2	1.733781E1
2.960000E1	1.135938E2	1.723097E1
2.962000E1	1.137587E2	1.717210E1
2.964000E1	1.137782E2	1.718455E1
2.966000E1	1.138169E2	1.649019E1
2.968000E1	1.135526E2	1.541553E1
2.970000E1	1.134874E2	1.388498E1
2.972000E1	1.138526E2	1.324556E1
2.974000E1	1.140390E2	1.335956E1
2.976000E1	1.140936E2	1.354006E1
2.978000E1	1.140764E2	1.335913E1
2.980000E1	1.140400E2	1.315277E1
2.982000E1	1.143009E2	1.245408E1
2.984000E1	1.144871E2	1.185626E1
2.986000E1	1.144262E2	1.154195E1
2.988000E1	1.140554E2	1.134195E1
2.990000E1	1.140900E2	1.123203E1
2.992000E1	1.141924E2	1.064463E1
2.994000E1	1.141055E2	9.962812E0
2.996000E1	1.140206E2	9.446799E0
2.998000E1	1.139855E2	9.389084E0
3.000000E1	1.139770E2	9.383915E0
3.002000E1	1.139589E2	9.301367E0
3.004000E1	1.140734E2	8.539922E0
3.006000E1	1.148191E2	7.377443E0
3.008000E1	1.155470E2	5.769384E0
3.010000E1	1.153364E2	4.933784E0
3.012000E1	1.153109E2	4.837050E0
3.014000E1	1.152830E2	4.750269E0
3.016000E1	1.153735E2	4.189034E0
3.018000E1	1.154390E2	3.928243E0
3.020000E1	1.155992E2	3.112994E0
3.022000E1	1.155457E2	2.014728E0
3.024000E1	1.153653E2	3.846717E-1
3.026000E1	1.154549E2	-4.026085E-1
3.028000E1	1.155673E2	-3.963240E-1
3.030000E1	1.157441E2	-3.807653E-1
3.032000E1	1.158078E2	-4.116241E-1
3.034000E1	1.158539E2	-3.948427E-1
3.036000E1	1.158847E2	-4.926752E-1
3.038000E1	1.159506E2	-9.271031E-1
3.040000E1	1.161744E2	-1.424589E0
3.042000E1	1.165361E2	-2.061234E0
3.044000E1	1.165720E2	-2.196953E0
3.046000E1	1.166122E2	-2.290031E0
3.048000E1	1.167490E2	-3.007699E0
3.050000E1	1.172240E2	-3.960239E0
3.052000E1	1.179049E2	-4.684507E0
3.054000E1	1.182462E2	-4.950456E0
3.056000E1	1.182486E2	-4.904697E0
3.058000E1	1.182539E2	-4.972207E0
3.060000E1	1.182634E2	-5.057913E0
3.062000E1	1.182095E2	-5.577179E0
3.064000E1	1.176654E2	-6.586465E0
3.066000E1	1.174023E2	-8.103405E0
3.068000E1	1.174155E2	-8.689296E0
3.070000E1	1.176958E2	-8.740458E0
3.072000E1	1.178206E2	-8.697742E0
3.074000E1	1.177969E2	-8.833176E0
3.076000E1	1.177603E2	-8.980949E0
3.078000E1	1.179853E2	-9.648712E0
3.080000E1	1.180745E2	-1.015561E1
3.082000E1	1.179218E2	-1.076942E1
3.084000E1	1.175609E2	-1.095697E1
3.086000E1	1.175397E2	-1.116314E1
3.088000E1	1.175212E2	-1.141192E1
3.090000E1	1.172480E2	-1.220076E1
3.092000E1	1.169221E2	-1.284977E1
3.094000E1	1.169082E2	-1.290737E1
3.096000E1	1.169039E2	-1.288149E1
3.098000E1	1.169403E2	-1.294358E1
3.100000E1	1.169070E2	-1.350000E1
3.102000E1	1.170817E2	-1.432735E1
3.104000E1	1.175936E2	-1.590933E1
3.106000E1	1.176829E2	-1.739661E1
3.108000E1	1.173951E2	-1.764545E1
3.110000E1	1.173058E2	-1.776733E1
3.112000E1	1.172231E2	-1.807282E1
3.114000E1	1.173225E2	-1.866341E1
3.116000E1	1.172698E2	-1.911136E1
3.118000E1	1.170952E2	-1.999910E1
3.120000E1	1.168776E2	-2.143544E1
3.122000E1	1.166242E2	-2.249117E1
3.124000E1	1.167306E2	-2.278207E1
3.126000E1	1.168529E2	-2.280938E1
3.128000E1	1.169024E2	-2.291085E1
3.130000E1	1.169231E2	-2.294065E1
3.132000E1	1.169454E2	-2.305374E1
3.134000E1	1.169438E2	-2.314344E1
3.136000E1	1.170416E2	-2.381361E1
3.138000E1	1.172106E2	-2.452969E1
3.140000E1	1.172952E2	-2.496782E1
3.142000E1	1.173082E2	-2.499997E1
3.144000E1	1.172341E2	-2.529264E1
3.146000E1	1.173374E2	-2.627371E1
3.148000E1	1.177116E2	-2.725741E1
3.150000E1	1.182727E2	-2.792258E1
3.152000E1	1.182818E2	-2.802290E1
3.154000E1	1.183071E2	-2.808892E1
3.156000E1	1.183350E2	-2.819679E1
3.158000E1	1.183487E2	-2.829295E1
3.160000E1	1.179198E2	-2.901563E1
3.162000E1	1.171644E2	-3.011686E1
3.164000E1	1.168645E2	-3.108868E1
3.166000E1	1.170584E2	-3.156994E1
3.168000E1	1.173898E2	-3.150447E1
3.170000E1	1.174171E2	-3.155596E1
3.172000E1	1.171415E2	-3.183812E1
3.174000E1	1.171241E2	-3.204389E1
3.176000E1	1.172260E2	-3.277499E1
3.178000E1	1.172212E2	-3.330036E1
3.180000E1	1.167871E2	-3.353521E1
3.182000E1	1.164921E2	-3.378136E1
3.184000E1	1.165447E2	-3.386941E1
3.186000E1	1.164802E2	-3.429295E1
3.188000E1	1.159851E2	-3.502394E1
3.190000E1	1.157427E2	-3.550286E1
3.192000E1	1.157600E2	-3.546742E1
3.194000E1	1.157813E2	-3.543484E1
3.196000E1	1.157872E2	-3.556225E1
3.198000E1	1.155063E2	-3.643059E1
3.200000E1	1.158269E2	-3.788331E1
3.202000E1	1.157380E2	-3.956855E1
3.204000E1	1.154702E2	-4.039117E1
3.206000E1	1.153409E2	-4.041518E1
3.208000E1	1.151477E2	-4.052214E1
3.210000E1	1.151437E2	-4.082879E1
3.212000E1	1.150234E2	-4.140952E1
3.214000E1	1.148910E2	-4.209452E1
3.216000E1	1.141045E2	-4.310908E1
3.218000E1	1.136508E2	-4.441086E1
3.220000E1	1.134610E2	-4.522851E1
3.222000E1	1.136455E2	-4.513747E1
3.224000E1	1.137586E2	-4.515338E1
3.226000E1	1.138199E2	-4.511759E1
3.228000E1	1.138674E2	-4.508493E1
3.230000E1	1.138002E2	-4.531450E1
3.232000E1	1.138517E2	-4.552870E1
3.234000E1	1.139335E2	-4.629732E1
3.236000E1	1.140188E2	-4.701848E1
3.238000E1	1.140485E2	-4.711795E1
3.240000E1	1.139117E2	-4.722652E1
3.242000E1	1.136357E2	-4.802868E1
3.244000E1	1.137644E2	-4.891348E1
3.246000E1	1.139581E2	-4.986766E1
3.248000E1	1.141649E2	-5.047105E1
3.250000E1	1.142316E2	-5.045369E1
3.252000E1	1.142657E2	-5.042222E1
3.254000E1	1.143179E2	-5.051050E1
3.256000E1	1.139489E2	-5.116281E1
3.258000E1	1.131453E2	-5.188041E1
3.260000E1	1.123895E2	-5.281677E1
3.262000E1	1.124022E2	-5.301586E1
3.264000E1	1.127356E2	-5.351771E1
3.266000E1	1.127426E2	-5.346960E1
3.268000E1	1.126450E2	-5.364057E1
3.270000E1	1.122430E2	-5.377841E1
3.272000E1	1.123417E2	-5.431332E1
3.274000E1	1.122962E2	-5.491644E1
3.276000E1	1.118095E2	-5.526833E1
3.278000E1	1.114051E2	-5.559436E1
3.280000E1	1.114326E2	-5.564800E1
3.282000E1	1.114259E2	-5.585017E1
3.284000E1	1.110324E2	-5.640394E1
3.286000E1	1.105195E2	-5.690014E1
3.288000E1	1.103818E2	-5.704539E1
3.290000E1	1.103804E2	-5.701962E1
3.292000E1	1.103437E2	-5.708025E1
