	mass A		
t	x	y	
0.000000E0	-1.067182E2	-6.638918E1
2.000000E-2	-1.067182E2	-6.638918E1
4.000000E-2	-1.067135E2	-6.594198E1
6.000000E-2	-1.067386E2	-6.583501E1
8.000000E-2	-1.071594E2	-6.584688E1
1.000000E-1	-1.073489E2	-6.560444E1
1.200000E-1	-1.075027E2	-6.491959E1
1.400000E-1	-1.075612E2	-6.472408E1
1.600000E-1	-1.078381E2	-6.470370E1
1.800000E-1	-1.079107E2	-6.460250E1
2.000000E-1	-1.078812E2	-6.461511E1
2.200000E-1	-1.077732E2	-6.426505E1
2.400000E-1	-1.079232E2	-6.376704E1
2.600000E-1	-1.079628E2	-6.337097E1
2.800000E-1	-1.081953E2	-6.255612E1
3.000000E-1	-1.083899E2	-6.183669E1
3.200000E-1	-1.086500E2	-6.169827E1
3.400000E-1	-1.087990E2	-6.136291E1
3.600000E-1	-1.089368E2	-6.057553E1
3.800000E-1	-1.089813E2	-5.961041E1
4.000000E-1	-1.091669E2	-5.886989E1
4.200000E-1	-1.097919E2	-5.806395E1
4.400000E-1	-1.106044E2	-5.653612E1
4.600000E-1	-1.110524E2	-5.642260E1
4.800000E-1	-1.108312E2	-5.650324E1
5.000000E-1	-1.105695E2	-5.640344E1
5.200000E-1	-1.105195E2	-5.661663E1
5.400000E-1	-1.105106E2	-5.654534E1
5.600000E-1	-1.104031E2	-5.580651E1
5.800000E-1	-1.106231E2	-5.542938E1
6.000000E-1	-1.109141E2	-5.553779E1
6.200000E-1	-1.110286E2	-5.563014E1
6.400000E-1	-1.110875E2	-5.553252E1
6.600000E-1	-1.112509E2	-5.500346E1
6.800000E-1	-1.114534E2	-5.455759E1
7.000000E-1	-1.114133E2	-5.457946E1
7.200000E-1	-1.113475E2	-5.459523E1
7.400000E-1	-1.113311E2	-5.453241E1
7.600000E-1	-1.113260E2	-5.457423E1
7.800000E-1	-1.113600E2	-5.458369E1
8.000000E-1	-1.115601E2	-5.397174E1
8.200000E-1	-1.121109E2	-5.318009E1
8.400000E-1	-1.130502E2	-5.155770E1
8.600000E-1	-1.139340E2	-4.966971E1
8.800000E-1	-1.145465E2	-4.857316E1
9.000000E-1	-1.144001E2	-4.794738E1
9.200000E-1	-1.142904E2	-4.790898E1
9.400000E-1	-1.143521E2	-4.781962E1
9.600000E-1	-1.146408E2	-4.760350E1
9.800000E-1	-1.147790E2	-4.745876E1
1.000000E0	-1.148071E2	-4.689728E1
1.020000E0	-1.148176E2	-4.670519E1
1.040000E0	-1.149075E2	-4.654452E1
1.060000E0	-1.153078E2	-4.642690E1
1.080000E0	-1.154022E2	-4.592956E1
1.100000E0	-1.155081E2	-4.552386E1
1.120000E0	-1.156764E2	-4.542534E1
1.140000E0	-1.157286E2	-4.530727E1
1.160000E0	-1.156833E2	-4.518486E1
1.180000E0	-1.156521E2	-4.517040E1
1.200000E0	-1.155547E2	-4.466003E1
1.220000E0	-1.155990E2	-4.431582E1
1.240000E0	-1.156872E2	-4.359146E1
1.260000E0	-1.157506E2	-4.269446E1
1.280000E0	-1.158296E2	-4.243113E1
1.300000E0	-1.159551E2	-4.198120E1
1.320000E0	-1.160234E2	-4.132821E1
1.340000E0	-1.158347E2	-4.037137E1
1.360000E0	-1.159128E2	-3.951074E1
1.380000E0	-1.162419E2	-3.863624E1
1.400000E0	-1.167727E2	-3.702831E1
1.420000E0	-1.172222E2	-3.646797E1
1.440000E0	-1.170974E2	-3.673616E1
1.460000E0	-1.169152E2	-3.665250E1
1.480000E0	-1.168529E2	-3.672148E1
1.500000E0	-1.168100E2	-3.682430E1
1.520000E0	-1.166062E2	-3.627933E1
1.540000E0	-1.166121E2	-3.561257E1
1.560000E0	-1.168190E2	-3.573025E1
1.580000E0	-1.170925E2	-3.577921E1
1.600000E0	-1.170417E2	-3.576982E1
1.620000E0	-1.170167E2	-3.535570E1
1.640000E0	-1.172265E2	-3.471135E1
1.660000E0	-1.171912E2	-3.465925E1
1.680000E0	-1.171589E2	-3.473862E1
1.700000E0	-1.171264E2	-3.468556E1
1.720000E0	-1.170877E2	-3.468204E1
1.740000E0	-1.171338E2	-3.472596E1
1.760000E0	-1.172214E2	-3.449926E1
1.780000E0	-1.174061E2	-3.361891E1
1.800000E0	-1.178579E2	-3.207885E1
1.820000E0	-1.186929E2	-3.018299E1
1.840000E0	-1.190017E2	-2.853151E1
1.860000E0	-1.191130E2	-2.765372E1
1.880000E0	-1.188390E2	-2.740151E1
1.900000E0	-1.188365E2	-2.736843E1
1.920000E0	-1.191327E2	-2.720249E1
1.940000E0	-1.192371E2	-2.703850E1
1.960000E0	-1.192955E2	-2.656370E1
1.980000E0	-1.191099E2	-2.611932E1
2.000000E0	-1.190681E2	-2.596030E1
2.020000E0	-1.194014E2	-2.577307E1
2.040000E0	-1.195730E2	-2.530969E1
2.060000E0	-1.194823E2	-2.456330E1
2.080000E0	-1.195162E2	-2.447902E1
2.100000E0	-1.196877E2	-2.442026E1
2.120000E0	-1.196597E2	-2.434922E1
2.140000E0	-1.196348E2	-2.423017E1
2.160000E0	-1.194358E2	-2.387708E1
2.180000E0	-1.195117E2	-2.353459E1
2.200000E0	-1.194728E2	-2.305269E1
2.220000E0	-1.192303E2	-2.206419E1
2.240000E0	-1.193552E2	-2.149476E1
2.260000E0	-1.194494E2	-2.119832E1
2.280000E0	-1.195502E2	-2.068811E1
2.300000E0	-1.192356E2	-1.969765E1
2.320000E0	-1.189718E2	-1.890509E1
2.340000E0	-1.190601E2	-1.851770E1
2.360000E0	-1.192453E2	-1.706715E1
2.380000E0	-1.195784E2	-1.553667E1
2.400000E0	-1.196786E2	-1.548095E1
2.420000E0	-1.195959E2	-1.550440E1
2.440000E0	-1.195279E2	-1.554596E1
2.460000E0	-1.194774E2	-1.578361E1
2.480000E0	-1.191595E2	-1.552857E1
2.500000E0	-1.191098E2	-1.484979E1
2.520000E0	-1.191876E2	-1.475627E1
2.540000E0	-1.193145E2	-1.474089E1
2.560000E0	-1.195159E2	-1.482633E1
2.580000E0	-1.194022E2	-1.433916E1
2.600000E0	-1.194105E2	-1.381074E1
2.620000E0	-1.193877E2	-1.361362E1
2.640000E0	-1.193922E2	-1.353482E1
2.660000E0	-1.193324E2	-1.342906E1
2.680000E0	-1.193258E2	-1.338777E1
2.700000E0	-1.193585E2	-1.339434E1
2.720000E0	-1.194387E2	-1.321562E1
2.740000E0	-1.194500E2	-1.242623E1
2.760000E0	-1.194995E2	-1.104365E1
2.780000E0	-1.198229E2	-9.260618E0
2.800000E0	-1.199693E2	-7.352848E0
2.820000E0	-1.199598E2	-6.132376E0
2.840000E0	-1.198147E2	-5.806703E0
2.860000E0	-1.198335E2	-5.793329E0
2.880000E0	-1.199650E2	-5.748186E0
2.900000E0	-1.201056E2	-5.528426E0
2.920000E0	-1.201229E2	-5.103511E0
2.940000E0	-1.199909E2	-4.760396E0
2.960000E0	-1.198610E2	-4.551104E0
2.980000E0	-1.198380E2	-4.333202E0
3.000000E0	-1.200375E2	-3.857673E0
3.020000E0	-1.199547E2	-3.216246E0
3.040000E0	-1.199495E2	-3.137964E0
3.060000E0	-1.200217E2	-3.054480E0
3.080000E0	-1.200379E2	-2.935274E0
3.100000E0	-1.200517E2	-2.840837E0
3.120000E0	-1.197040E2	-2.625859E0
3.140000E0	-1.197801E2	-2.212670E0
3.160000E0	-1.195185E2	-1.671127E0
3.180000E0	-1.190999E2	-8.237375E-1
3.200000E0	-1.190505E2	-2.133213E-1
3.220000E0	-1.190562E2	1.830671E-1
3.240000E0	-1.191790E2	7.186683E-1
3.260000E0	-1.188543E2	1.505220E0
3.280000E0	-1.185249E2	2.265138E0
3.300000E0	-1.184369E2	2.507060E0
3.320000E0	-1.181937E2	3.525360E0
3.340000E0	-1.181268E2	5.324442E0
3.360000E0	-1.183663E2	6.125706E0
3.380000E0	-1.183968E2	6.020826E0
3.400000E0	-1.183530E2	5.854909E0
3.420000E0	-1.182610E2	5.518627E0
3.440000E0	-1.181391E2	5.517919E0
3.460000E0	-1.179327E2	6.026836E0
3.480000E0	-1.177644E2	6.382646E0
3.500000E0	-1.180365E2	6.310476E0
3.520000E0	-1.181368E2	6.379495E0
3.540000E0	-1.179795E2	6.727452E0
3.560000E0	-1.178531E2	7.304964E0
3.580000E0	-1.178184E2	7.636569E0
3.600000E0	-1.178301E2	7.705985E0
3.620000E0	-1.177637E2	7.869365E0
3.640000E0	-1.177579E2	7.874962E0
3.660000E0	-1.177800E2	7.877370E0
3.680000E0	-1.177873E2	7.902789E0
3.700000E0	-1.175379E2	8.418836E0
3.720000E0	-1.172984E2	9.308022E0
3.740000E0	-1.171402E2	1.098979E1
3.760000E0	-1.170511E2	1.295181E1
3.780000E0	-1.168134E2	1.456673E1
3.800000E0	-1.165417E2	1.530305E1
3.820000E0	-1.164901E2	1.529114E1
3.840000E0	-1.165650E2	1.524443E1
3.860000E0	-1.165734E2	1.541553E1
3.880000E0	-1.165278E2	1.592602E1
3.900000E0	-1.164271E2	1.626695E1
3.920000E0	-1.162801E2	1.651471E1
3.940000E0	-1.160165E2	1.695167E1
3.960000E0	-1.162771E2	1.726700E1
3.980000E0	-1.162330E2	1.791632E1
4.000000E0	-1.159593E2	1.814181E1
4.020000E0	-1.162096E2	1.808635E1
4.040000E0	-1.161034E2	1.822835E1
4.060000E0	-1.160524E2	1.846461E1
4.080000E0	-1.156485E2	1.862982E1
4.100000E0	-1.155376E2	1.884970E1
4.120000E0	-1.155419E2	1.917672E1
4.140000E0	-1.148569E2	1.995928E1
4.160000E0	-1.146257E2	2.067149E1
4.180000E0	-1.145070E2	2.124021E1
4.200000E0	-1.145479E2	2.150543E1
4.220000E0	-1.142132E2	2.228057E1
4.240000E0	-1.136591E2	2.283753E1
4.260000E0	-1.134791E2	2.300707E1
4.280000E0	-1.131870E2	2.349118E1
4.300000E0	-1.128907E2	2.497900E1
4.320000E0	-1.126806E2	2.644878E1
4.340000E0	-1.126562E2	2.689919E1
4.360000E0	-1.127506E2	2.654888E1
4.380000E0	-1.127228E2	2.642375E1
4.400000E0	-1.126207E2	2.634843E1
4.420000E0	-1.124429E2	2.646912E1
4.440000E0	-1.120653E2	2.693674E1
4.460000E0	-1.120628E2	2.705445E1
4.480000E0	-1.121095E2	2.704982E1
4.500000E0	-1.121158E2	2.725460E1
4.520000E0	-1.117199E2	2.789713E1
4.540000E0	-1.116156E2	2.812852E1
4.560000E0	-1.116308E2	2.826069E1
4.580000E0	-1.115603E2	2.839197E1
4.600000E0	-1.115153E2	2.847047E1
4.620000E0	-1.115611E2	2.840662E1
4.640000E0	-1.116220E2	2.847406E1
4.660000E0	-1.116048E2	2.856762E1
4.680000E0	-1.112499E2	2.906130E1
4.700000E0	-1.108315E2	3.016567E1
4.720000E0	-1.103047E2	3.192689E1
4.740000E0	-1.097340E2	3.382799E1
4.760000E0	-1.093050E2	3.511428E1
4.780000E0	-1.092351E2	3.551392E1
4.800000E0	-1.094056E2	3.530160E1
4.820000E0	-1.095166E2	3.520410E1
4.840000E0	-1.094950E2	3.557470E1
4.860000E0	-1.092551E2	3.619759E1
4.880000E0	-1.092201E2	3.636595E1
4.900000E0	-1.090361E2	3.651763E1
4.920000E0	-1.086296E2	3.715679E1
4.940000E0	-1.085805E2	3.760407E1
4.960000E0	-1.084049E2	3.791854E1
4.980000E0	-1.083576E2	3.801797E1
5.000000E0	-1.083104E2	3.804314E1
5.020000E0	-1.083211E2	3.818888E1
5.040000E0	-1.079876E2	3.848054E1
5.060000E0	-1.076633E2	3.869358E1
5.080000E0	-1.076942E2	3.877276E1
5.100000E0	-1.073300E2	3.921065E1
5.120000E0	-1.068287E2	3.961528E1
5.140000E0	-1.066383E2	4.034446E1
5.160000E0	-1.062735E2	4.096665E1
5.180000E0	-1.059207E2	4.132403E1
5.200000E0	-1.055325E2	4.170548E1
5.220000E0	-1.055124E2	4.188035E1
5.240000E0	-1.052970E2	4.216300E1
5.260000E0	-1.046811E2	4.282341E1
5.280000E0	-1.041622E2	4.400211E1
5.300000E0	-1.036661E2	4.550763E1
5.320000E0	-1.037069E2	4.606969E1
5.340000E0	-1.039124E2	4.579957E1
5.360000E0	-1.037698E2	4.569545E1
5.380000E0	-1.036299E2	4.565803E1
5.400000E0	-1.035732E2	4.569800E1
5.420000E0	-1.032272E2	4.593027E1
5.440000E0	-1.032928E2	4.596349E1
5.460000E0	-1.033156E2	4.611223E1
5.480000E0	-1.031532E2	4.648229E1
5.500000E0	-1.026651E2	4.673791E1
5.520000E0	-1.026941E2	4.693300E1
5.540000E0	-1.026753E2	4.708438E1
5.560000E0	-1.023882E2	4.734872E1
5.580000E0	-1.023695E2	4.728174E1
5.600000E0	-1.026897E2	4.721330E1
5.620000E0	-1.026648E2	4.726221E1
5.640000E0	-1.023374E2	4.739585E1
5.660000E0	-1.019403E2	4.788147E1
5.680000E0	-1.011413E2	4.899096E1
5.700000E0	-1.002855E2	5.072066E1
5.720000E0	-9.928344E1	5.256003E1
5.740000E0	-9.886521E1	5.348240E1
5.760000E0	-9.895380E1	5.355620E1
5.780000E0	-9.926154E1	5.339479E1
5.800000E0	-9.919656E1	5.342440E1
5.820000E0	-9.879956E1	5.397754E1
5.840000E0	-9.845518E1	5.441707E1
5.860000E0	-9.838585E1	5.459961E1
5.880000E0	-9.796393E1	5.474911E1
5.900000E0	-9.760963E1	5.526325E1
5.920000E0	-9.756812E1	5.581304E1
5.940000E0	-9.743651E1	5.586079E1
5.960000E0	-9.747041E1	5.588329E1
5.980000E0	-9.744005E1	5.595731E1
6.000000E0	-9.743062E1	5.615260E1
6.020000E0	-9.702534E1	5.634578E1
6.040000E0	-9.691235E1	5.656690E1
6.060000E0	-9.672350E1	5.675987E1
6.080000E0	-9.593343E1	5.721158E1
6.100000E0	-9.552145E1	5.778667E1
6.120000E0	-9.514824E1	5.850511E1
6.140000E0	-9.481054E1	5.884653E1
6.160000E0	-9.431142E1	5.921708E1
6.180000E0	-9.390756E1	5.940885E1
6.200000E0	-9.386078E1	5.951592E1
6.220000E0	-9.334584E1	5.978827E1
6.240000E0	-9.257157E1	6.078625E1
6.260000E0	-9.184748E1	6.228809E1
6.280000E0	-9.157637E1	6.305267E1
6.300000E0	-9.181507E1	6.278845E1
6.320000E0	-9.175267E1	6.266997E1
6.340000E0	-9.164003E1	6.249235E1
6.360000E0	-9.148862E1	6.253469E1
6.380000E0	-9.110526E1	6.281055E1
6.400000E0	-9.110867E1	6.289036E1
6.420000E0	-9.118240E1	6.302044E1
6.440000E0	-9.113904E1	6.328678E1
6.460000E0	-9.060391E1	6.348219E1
6.480000E0	-9.049046E1	6.373526E1
6.500000E0	-9.049439E1	6.388463E1
6.520000E0	-9.027904E1	6.399476E1
6.540000E0	-9.018237E1	6.399432E1
6.560000E0	-9.030864E1	6.389244E1
6.580000E0	-9.040325E1	6.388736E1
6.600000E0	-9.029322E1	6.391351E1
6.620000E0	-8.971329E1	6.434516E1
6.640000E0	-8.880683E1	6.525681E1
6.660000E0	-8.777869E1	6.678192E1
6.680000E0	-8.644776E1	6.839895E1
6.700000E0	-8.562759E1	6.934839E1
6.720000E0	-8.533015E1	6.964089E1
6.740000E0	-8.555394E1	6.952350E1
6.760000E0	-8.562928E1	6.957812E1
6.780000E0	-8.540781E1	6.991052E1
6.800000E0	-8.499543E1	7.020858E1
6.820000E0	-8.478981E1	7.046614E1
6.840000E0	-8.444103E1	7.056164E1
6.860000E0	-8.409305E1	7.088051E1
6.880000E0	-8.400061E1	7.141929E1
6.900000E0	-8.360773E1	7.165686E1
6.920000E0	-8.357595E1	7.169371E1
6.940000E0	-8.351922E1	7.177104E1
6.960000E0	-8.353104E1	7.172532E1
6.980000E0	-8.325821E1	7.190514E1
7.000000E0	-8.285951E1	7.205778E1
7.020000E0	-8.278260E1	7.216050E1
7.040000E0	-8.219988E1	7.239877E1
7.060000E0	-8.144957E1	7.285194E1
7.080000E0	-8.096967E1	7.330603E1
7.100000E0	-8.070580E1	7.369606E1
7.120000E0	-8.023073E1	7.393800E1
7.140000E0	-7.942197E1	7.431455E1
7.160000E0	-7.896090E1	7.459158E1
7.180000E0	-7.866254E1	7.465118E1
7.200000E0	-7.772514E1	7.543475E1
7.220000E0	-7.665399E1	7.664038E1
7.240000E0	-7.621536E1	7.743803E1
7.260000E0	-7.619330E1	7.741398E1
7.280000E0	-7.623604E1	7.718583E1
7.300000E0	-7.634309E1	7.698402E1
7.320000E0	-7.627235E1	7.688634E1
7.340000E0	-7.578062E1	7.706965E1
7.360000E0	-7.555892E1	7.727988E1
7.380000E0	-7.564180E1	7.740130E1
7.400000E0	-7.570298E1	7.763471E1
7.420000E0	-7.520082E1	7.773102E1
7.440000E0	-7.471618E1	7.799201E1
7.460000E0	-7.467648E1	7.815107E1
7.480000E0	-7.465506E1	7.814612E1
7.500000E0	-7.432531E1	7.825500E1
7.520000E0	-7.436770E1	7.822163E1
7.540000E0	-7.433717E1	7.822123E1
7.560000E0	-7.431126E1	7.822505E1
7.580000E0	-7.388095E1	7.838226E1
7.600000E0	-7.307600E1	7.906898E1
7.620000E0	-7.186800E1	8.023624E1
7.640000E0	-7.041220E1	8.156682E1
7.660000E0	-6.909522E1	8.257019E1
7.680000E0	-6.864508E1	8.279367E1
7.700000E0	-6.867434E1	8.279236E1
7.720000E0	-6.874125E1	8.280939E1
7.740000E0	-6.866473E1	8.294222E1
7.760000E0	-6.841407E1	8.324421E1
7.780000E0	-6.797976E1	8.336757E1
7.800000E0	-6.769297E1	8.344464E1
7.820000E0	-6.738307E1	8.359761E1
7.840000E0	-6.738630E1	8.397988E1
7.860000E0	-6.692208E1	8.428820E1
7.880000E0	-6.650284E1	8.434341E1
7.900000E0	-6.651344E1	8.442106E1
7.920000E0	-6.644817E1	8.460171E1
7.940000E0	-6.639461E1	8.462593E1
7.960000E0	-6.619691E1	8.464826E1
7.980000E0	-6.574325E1	8.476127E1
8.000000E0	-6.525985E1	8.491637E1
8.020000E0	-6.448768E1	8.518450E1
8.040000E0	-6.387825E1	8.546718E1
8.060000E0	-6.359992E1	8.569865E1
8.080000E0	-6.320026E1	8.589867E1
8.100000E0	-6.255573E1	8.617434E1
8.120000E0	-6.166360E1	8.645078E1
8.140000E0	-6.113325E1	8.666530E1
8.160000E0	-6.023465E1	8.724672E1
8.180000E0	-5.881274E1	8.834950E1
8.200000E0	-5.846339E1	8.892594E1
8.220000E0	-5.855689E1	8.871701E1
8.240000E0	-5.852076E1	8.862707E1
8.260000E0	-5.864419E1	8.851245E1
8.280000E0	-5.868481E1	8.844893E1
8.300000E0	-5.817165E1	8.853063E1
8.320000E0	-5.776656E1	8.874768E1
8.340000E0	-5.779550E1	8.880912E1
8.360000E0	-5.795746E1	8.897123E1
8.380000E0	-5.780353E1	8.896106E1
8.400000E0	-5.731688E1	8.914282E1
8.420000E0	-5.685699E1	8.941981E1
8.440000E0	-5.679703E1	8.939516E1
8.460000E0	-5.682792E1	8.935091E1
8.480000E0	-5.677743E1	8.936643E1
8.500000E0	-5.682857E1	8.936502E1
8.520000E0	-5.685061E1	8.937992E1
8.540000E0	-5.652145E1	8.951091E1
8.560000E0	-5.564409E1	9.004200E1
8.580000E0	-5.438529E1	9.111900E1
8.600000E0	-5.263972E1	9.224946E1
8.620000E0	-5.135670E1	9.300760E1
8.640000E0	-5.071142E1	9.303177E1
8.660000E0	-5.035856E1	9.295826E1
8.680000E0	-5.032219E1	9.301352E1
8.700000E0	-5.014668E1	9.331512E1
8.720000E0	-4.991465E1	9.345249E1
8.740000E0	-4.947142E1	9.345274E1
8.760000E0	-4.907662E1	9.349175E1
8.780000E0	-4.893405E1	9.355531E1
8.800000E0	-4.887821E1	9.386380E1
8.820000E0	-4.850264E1	9.402685E1
8.840000E0	-4.805524E1	9.414310E1
8.860000E0	-4.769020E1	9.422918E1
8.880000E0	-4.765948E1	9.419653E1
8.900000E0	-4.764098E1	9.419803E1
8.920000E0	-4.763399E1	9.419287E1
8.940000E0	-4.715826E1	9.426729E1
8.960000E0	-4.676141E1	9.436360E1
8.980000E0	-4.627522E1	9.456541E1
9.000000E0	-4.531402E1	9.470691E1
9.020000E0	-4.476826E1	9.486391E1
9.040000E0	-4.435002E1	9.495412E1
9.060000E0	-4.384487E1	9.502884E1
9.080000E0	-4.286755E1	9.514120E1
9.100000E0	-4.151524E1	9.536810E1
9.120000E0	-4.027467E1	9.593937E1
9.140000E0	-3.923603E1	9.663272E1
9.160000E0	-3.929917E1	9.673997E1
9.180000E0	-3.963393E1	9.655271E1
9.200000E0	-3.932113E1	9.641564E1
9.220000E0	-3.946496E1	9.641540E1
9.240000E0	-3.941656E1	9.639256E1
9.260000E0	-3.887508E1	9.629801E1
9.280000E0	-3.844822E1	9.641888E1
9.300000E0	-3.830466E1	9.654725E1
9.320000E0	-3.833837E1	9.666330E1
9.340000E0	-3.833993E1	9.670663E1
9.360000E0	-3.796591E1	9.686985E1
9.380000E0	-3.748317E1	9.699982E1
9.400000E0	-3.725790E1	9.682607E1
9.420000E0	-3.739190E1	9.673324E1
9.440000E0	-3.745415E1	9.672937E1
9.460000E0	-3.704175E1	9.668477E1
9.480000E0	-3.684730E1	9.666173E1
9.500000E0	-3.643440E1	9.680139E1
9.520000E0	-3.558521E1	9.742063E1
9.540000E0	-3.407060E1	9.829097E1
9.560000E0	-3.234474E1	9.901261E1
9.580000E0	-3.139814E1	9.930142E1
9.600000E0	-3.090545E1	9.925672E1
9.620000E0	-3.049373E1	9.903233E1
9.640000E0	-3.002184E1	9.906541E1
9.660000E0	-2.972264E1	9.923217E1
9.680000E0	-2.957790E1	9.950544E1
9.700000E0	-2.938103E1	9.962592E1
9.720000E0	-2.907232E1	9.947896E1
9.740000E0	-2.880460E1	9.948208E1
9.760000E0	-2.868404E1	9.971710E1
9.780000E0	-2.837585E1	9.992071E1
9.800000E0	-2.801241E1	1.000184E2
9.820000E0	-2.755190E1	1.000927E2
9.840000E0	-2.746860E1	9.999872E1
9.860000E0	-2.740371E1	9.989629E1
9.880000E0	-2.731126E1	9.997477E1
9.900000E0	-2.719461E1	9.995578E1
9.920000E0	-2.692282E1	1.000839E2
9.940000E0	-2.639894E1	1.002574E2
9.960000E0	-2.549823E1	1.004317E2
9.980000E0	-2.465264E1	1.004799E2
1.000000E1	-2.415679E1	1.005101E2
1.002000E1	-2.371863E1	1.005875E2
1.004000E1	-2.298395E1	1.005748E2
1.006000E1	-2.152137E1	1.005646E2
1.008000E1	-1.973233E1	1.008930E2
1.010000E1	-1.900803E1	1.013531E2
1.012000E1	-1.900607E1	1.012414E2
1.014000E1	-1.908919E1	1.010735E2
1.016000E1	-1.903619E1	1.010717E2
1.018000E1	-1.900663E1	1.011003E2
1.020000E1	-1.884225E1	1.010427E2
1.022000E1	-1.843716E1	1.010115E2
1.024000E1	-1.836464E1	1.009791E2
1.026000E1	-1.787958E1	1.010440E2
1.028000E1	-1.756261E1	1.011261E2
1.030000E1	-1.763966E1	1.011461E2
1.032000E1	-1.759728E1	1.013630E2
1.034000E1	-1.721011E1	1.014130E2
1.036000E1	-1.695012E1	1.013027E2
1.038000E1	-1.692038E1	1.011352E2
1.040000E1	-1.691748E1	1.010893E2
1.042000E1	-1.674990E1	1.008804E2
1.044000E1	-1.589868E1	1.007632E2
1.046000E1	-1.526817E1	1.008772E2
1.048000E1	-1.435555E1	1.012599E2
1.050000E1	-1.308958E1	1.020010E2
1.052000E1	-1.168942E1	1.022625E2
1.054000E1	-1.098551E1	1.024080E2
1.056000E1	-1.037534E1	1.020595E2
1.058000E1	-9.832525E0	1.018067E2
1.060000E1	-9.036528E0	1.015664E2
1.062000E1	-8.596426E0	1.016879E2
1.064000E1	-8.298163E0	1.019339E2
1.066000E1	-7.907155E0	1.020653E2
1.068000E1	-7.835151E0	1.020685E2
1.070000E1	-7.695956E0	1.020357E2
1.072000E1	-7.378127E0	1.020840E2
1.074000E1	-7.158254E0	1.021709E2
1.076000E1	-7.126053E0	1.022069E2
1.078000E1	-6.794594E0	1.022494E2
1.080000E1	-6.303830E0	1.019229E2
1.082000E1	-6.317794E0	1.018631E2
1.084000E1	-6.275233E0	1.017990E2
1.086000E1	-6.181997E0	1.018074E2
1.088000E1	-6.201597E0	1.018267E2
1.090000E1	-5.670428E0	1.019400E2
1.092000E1	-4.786951E0	1.021015E2
1.094000E1	-4.298716E0	1.021168E2
1.096000E1	-3.719983E0	1.018209E2
1.098000E1	-2.966802E0	1.017740E2
1.100000E1	-2.183435E0	1.016458E2
1.102000E1	-8.911935E-1	1.014937E2
1.104000E1	9.289617E-1	1.015472E2
1.106000E1	1.950105E0	1.017505E2
1.108000E1	1.765111E0	1.018775E2
1.110000E1	1.730832E0	1.016031E2
1.112000E1	1.712307E0	1.015363E2
1.114000E1	1.572903E0	1.014774E2
1.116000E1	1.964499E0	1.013483E2
1.118000E1	2.438913E0	1.014122E2
1.120000E1	2.473199E0	1.015674E2
1.122000E1	2.561733E0	1.015514E2
1.124000E1	3.174794E0	1.013159E2
1.126000E1	3.518713E0	1.015776E2
1.128000E1	3.419580E0	1.017894E2
1.130000E1	3.350843E0	1.017879E2
1.132000E1	3.361558E0	1.017316E2
1.134000E1	3.571071E0	1.014204E2
1.136000E1	3.954290E0	1.013146E2
1.138000E1	4.124145E0	1.010938E2
1.140000E1	4.711048E0	1.008550E2
1.142000E1	5.576312E0	1.007442E2
1.144000E1	7.056517E0	1.009882E2
1.146000E1	8.293093E0	1.012868E2
1.148000E1	8.881546E0	1.015142E2
1.150000E1	9.006776E0	1.015112E2
1.152000E1	9.357239E0	1.014135E2
1.154000E1	9.987413E0	1.009786E2
1.156000E1	1.095688E1	1.005917E2
1.158000E1	1.166980E1	1.005886E2
1.160000E1	1.195789E1	1.004750E2
1.162000E1	1.237451E1	1.005951E2
1.164000E1	1.274086E1	1.007251E2
1.166000E1	1.288496E1	1.008106E2
1.168000E1	1.300443E1	1.007785E2
1.170000E1	1.334283E1	1.005802E2
1.172000E1	1.358436E1	1.008083E2
1.174000E1	1.389166E1	1.008648E2
1.176000E1	1.408418E1	1.007473E2
1.178000E1	1.433803E1	1.004246E2
1.180000E1	1.446156E1	1.003730E2
1.182000E1	1.447199E1	1.004864E2
1.184000E1	1.479345E1	1.006097E2
1.186000E1	1.525836E1	1.007449E2
1.188000E1	1.578545E1	1.007705E2
1.190000E1	1.632332E1	1.007297E2
1.192000E1	1.688236E1	1.004346E2
1.194000E1	1.753344E1	1.000175E2
1.196000E1	1.865388E1	9.959263E1
1.198000E1	2.012674E1	9.929942E1
1.200000E1	2.166622E1	9.929147E1
1.202000E1	2.241308E1	9.920951E1
1.204000E1	2.244603E1	9.910763E1
1.206000E1	2.243484E1	9.893821E1
1.208000E1	2.248663E1	9.894566E1
1.210000E1	2.251715E1	9.893565E1
1.212000E1	2.276505E1	9.862102E1
1.214000E1	2.298142E1	9.867415E1
1.216000E1	2.327094E1	9.884558E1
1.218000E1	2.341671E1	9.895210E1
1.220000E1	2.372333E1	9.860712E1
1.222000E1	2.414978E1	9.852718E1
1.224000E1	2.446875E1	9.868664E1
1.226000E1	2.433620E1	9.886183E1
1.228000E1	2.397182E1	9.888722E1
1.230000E1	2.398181E1	9.884816E1
1.232000E1	2.415472E1	9.864446E1
1.234000E1	2.493911E1	9.797471E1
1.236000E1	2.559904E1	9.769693E1
1.238000E1	2.644960E1	9.736417E1
1.240000E1	2.815851E1	9.719194E1
1.242000E1	2.937009E1	9.728429E1
1.244000E1	2.968025E1	9.735278E1
1.246000E1	2.967650E1	9.730217E1
1.248000E1	2.991974E1	9.725911E1
1.250000E1	3.039189E1	9.682713E1
1.252000E1	3.095981E1	9.640094E1
1.254000E1	3.168925E1	9.624143E1
1.256000E1	3.227135E1	9.602840E1
1.258000E1	3.263502E1	9.578897E1
1.260000E1	3.317664E1	9.587973E1
1.262000E1	3.360683E1	9.605588E1
1.264000E1	3.366568E1	9.612863E1
1.266000E1	3.391353E1	9.593629E1
1.268000E1	3.412430E1	9.585982E1
1.270000E1	3.442993E1	9.596823E1
1.272000E1	3.440775E1	9.595225E1
1.274000E1	3.458676E1	9.569598E1
1.276000E1	3.511933E1	9.528305E1
1.278000E1	3.509282E1	9.530646E1
1.280000E1	3.526836E1	9.560098E1
1.282000E1	3.576249E1	9.563612E1
1.284000E1	3.608159E1	9.563119E1
1.286000E1	3.660101E1	9.545238E1
1.288000E1	3.703201E1	9.520113E1
1.290000E1	3.757697E1	9.473013E1
1.292000E1	3.840326E1	9.407218E1
1.294000E1	3.998841E1	9.351729E1
1.296000E1	4.153661E1	9.314829E1
1.298000E1	4.211859E1	9.319657E1
1.300000E1	4.216443E1	9.299351E1
1.302000E1	4.224662E1	9.243067E1
1.304000E1	4.206081E1	9.255034E1
1.306000E1	4.227261E1	9.245433E1
1.308000E1	4.269397E1	9.203064E1
1.310000E1	4.279087E1	9.202767E1
1.312000E1	4.295730E1	9.201225E1
1.314000E1	4.325131E1	9.210047E1
1.316000E1	4.340180E1	9.202701E1
1.318000E1	4.369835E1	9.178964E1
1.320000E1	4.417116E1	9.168606E1
1.322000E1	4.410969E1	9.172821E1
1.324000E1	4.380945E1	9.203260E1
1.326000E1	4.370721E1	9.211352E1
1.328000E1	4.385649E1	9.190560E1
1.330000E1	4.448645E1	9.111045E1
1.332000E1	4.519894E1	9.047160E1
1.334000E1	4.617781E1	9.015793E1
1.336000E1	4.760796E1	8.972930E1
1.338000E1	4.840250E1	8.941307E1
1.340000E1	4.841912E1	8.944288E1
1.342000E1	4.866766E1	8.958333E1
1.344000E1	4.880382E1	8.958894E1
1.346000E1	4.904479E1	8.933807E1
1.348000E1	4.940228E1	8.896991E1
1.350000E1	5.010232E1	8.840402E1
1.352000E1	5.090110E1	8.790919E1
1.354000E1	5.158313E1	8.731167E1
1.356000E1	5.207874E1	8.712303E1
1.358000E1	5.230680E1	8.718932E1
1.360000E1	5.268505E1	8.736243E1
1.362000E1	5.275453E1	8.727365E1
1.364000E1	5.303550E1	8.685450E1
1.366000E1	5.316114E1	8.679209E1
1.368000E1	5.317843E1	8.675020E1
1.370000E1	5.334261E1	8.665944E1
1.372000E1	5.387583E1	8.620732E1
1.374000E1	5.412333E1	8.593414E1
1.376000E1	5.432980E1	8.624405E1
1.378000E1	5.477653E1	8.624902E1
1.380000E1	5.486533E1	8.636881E1
1.382000E1	5.523571E1	8.621985E1
1.384000E1	5.553866E1	8.594886E1
1.386000E1	5.594503E1	8.548955E1
1.388000E1	5.653624E1	8.486099E1
1.390000E1	5.798019E1	8.385525E1
1.392000E1	5.956451E1	8.320414E1
1.394000E1	6.011370E1	8.317578E1
1.396000E1	6.002055E1	8.321157E1
1.398000E1	6.007596E1	8.255272E1
1.400000E1	6.009714E1	8.261576E1
1.402000E1	6.015223E1	8.256342E1
1.404000E1	6.061826E1	8.192273E1
1.406000E1	6.078513E1	8.211604E1
1.408000E1	6.084939E1	8.203952E1
1.410000E1	6.095557E1	8.197538E1
1.412000E1	6.135564E1	8.194046E1
1.414000E1	6.174970E1	8.175999E1
1.416000E1	6.183970E1	8.159455E1
1.418000E1	6.202802E1	8.142842E1
1.420000E1	6.194994E1	8.155902E1
1.422000E1	6.182814E1	8.183315E1
1.424000E1	6.181907E1	8.175686E1
1.426000E1	6.205613E1	8.101665E1
1.428000E1	6.274906E1	8.019780E1
1.430000E1	6.395129E1	7.953206E1
1.432000E1	6.537767E1	7.906109E1
1.434000E1	6.638139E1	7.839256E1
1.436000E1	6.642672E1	7.827716E1
1.438000E1	6.650464E1	7.820456E1
1.440000E1	6.696688E1	7.825592E1
1.442000E1	6.712089E1	7.806990E1
1.444000E1	6.721625E1	7.770843E1
1.446000E1	6.772793E1	7.730339E1
1.448000E1	6.839617E1	7.656102E1
1.450000E1	6.907453E1	7.577703E1
1.452000E1	6.968949E1	7.514947E1
1.454000E1	6.982115E1	7.504255E1
1.456000E1	7.032536E1	7.521494E1
1.458000E1	7.080384E1	7.514696E1
1.460000E1	7.111391E1	7.486767E1
1.462000E1	7.106168E1	7.474281E1
1.464000E1	7.102311E1	7.469178E1
1.466000E1	7.109362E1	7.464981E1
1.468000E1	7.160831E1	7.436047E1
1.470000E1	7.196865E1	7.354148E1
1.472000E1	7.242210E1	7.352293E1
1.474000E1	7.279882E1	7.349860E1
1.476000E1	7.285243E1	7.352816E1
1.478000E1	7.305905E1	7.349048E1
1.480000E1	7.338696E1	7.322592E1
1.482000E1	7.370418E1	7.280976E1
1.484000E1	7.414629E1	7.218344E1
1.486000E1	7.522378E1	7.124501E1
1.488000E1	7.678574E1	6.992466E1
1.490000E1	7.740534E1	6.969228E1
1.492000E1	7.718738E1	6.992664E1
1.494000E1	7.712994E1	6.964807E1
1.496000E1	7.708313E1	6.922050E1
1.498000E1	7.705242E1	6.925178E1
1.500000E1	7.721975E1	6.854705E1
1.502000E1	7.765442E1	6.857160E1
1.504000E1	7.770442E1	6.859433E1
1.506000E1	7.770209E1	6.856716E1
1.508000E1	7.788557E1	6.836097E1
1.510000E1	7.835249E1	6.823124E1
1.512000E1	7.850248E1	6.815672E1
1.514000E1	7.853974E1	6.794342E1
1.516000E1	7.862978E1	6.782547E1
1.518000E1	7.860543E1	6.804036E1
1.520000E1	7.865119E1	6.816868E1
1.522000E1	7.870958E1	6.776918E1
1.524000E1	7.897554E1	6.696561E1
1.526000E1	7.995161E1	6.593762E1
1.528000E1	8.137534E1	6.520209E1
1.530000E1	8.226483E1	6.458688E1
1.532000E1	8.249880E1	6.410745E1
1.534000E1	8.248790E1	6.410217E1
1.536000E1	8.285358E1	6.417300E1
1.538000E1	8.303596E1	6.408878E1
1.540000E1	8.307188E1	6.369436E1
1.542000E1	8.334490E1	6.337795E1
1.544000E1	8.398834E1	6.262075E1
1.546000E1	8.464605E1	6.167707E1
1.548000E1	8.526869E1	6.089794E1
1.550000E1	8.547281E1	6.045276E1
1.552000E1	8.580716E1	6.054550E1
1.554000E1	8.631774E1	6.052793E1
1.556000E1	8.663242E1	6.014817E1
1.558000E1	8.660831E1	5.993005E1
1.560000E1	8.654054E1	5.995310E1
1.562000E1	8.656095E1	5.997669E1
1.564000E1	8.693250E1	5.975465E1
1.566000E1	8.720071E1	5.900845E1
1.568000E1	8.773330E1	5.870808E1
1.570000E1	8.812937E1	5.869063E1
1.572000E1	8.825011E1	5.863868E1
1.574000E1	8.840085E1	5.859715E1
1.576000E1	8.863915E1	5.823842E1
1.578000E1	8.879727E1	5.773738E1
1.580000E1	8.908480E1	5.719402E1
1.582000E1	8.983927E1	5.621872E1
1.584000E1	9.105148E1	5.473807E1
1.586000E1	9.193648E1	5.397477E1
1.588000E1	9.184114E1	5.415831E1
1.590000E1	9.173255E1	5.409694E1
1.592000E1	9.144199E1	5.365343E1
1.594000E1	9.138903E1	5.368547E1
1.596000E1	9.150067E1	5.305895E1
1.598000E1	9.184070E1	5.289957E1
1.600000E1	9.193548E1	5.291948E1
1.602000E1	9.195218E1	5.287389E1
1.604000E1	9.210596E1	5.268698E1
1.606000E1	9.248767E1	5.256028E1
1.608000E1	9.269101E1	5.228588E1
1.610000E1	9.264168E1	5.209646E1
1.612000E1	9.261990E1	5.197252E1
1.614000E1	9.257233E1	5.211431E1
1.616000E1	9.260888E1	5.216640E1
1.618000E1	9.253191E1	5.195656E1
1.620000E1	9.267588E1	5.114198E1
1.622000E1	9.340699E1	4.995904E1
1.624000E1	9.455218E1	4.884845E1
1.626000E1	9.557150E1	4.798040E1
1.628000E1	9.589133E1	4.723579E1
1.630000E1	9.587296E1	4.726831E1
1.632000E1	9.621758E1	4.732628E1
1.634000E1	9.661847E1	4.726554E1
1.636000E1	9.638507E1	4.697034E1
1.638000E1	9.650102E1	4.663198E1
1.640000E1	9.702258E1	4.580747E1
1.642000E1	9.748135E1	4.470847E1
1.644000E1	9.792167E1	4.379077E1
1.646000E1	9.812753E1	4.310287E1
1.648000E1	9.828942E1	4.306423E1
1.650000E1	9.877031E1	4.309981E1
1.652000E1	9.904246E1	4.262706E1
1.654000E1	9.918933E1	4.248188E1
1.656000E1	9.906980E1	4.239781E1
1.658000E1	9.909865E1	4.248222E1
1.660000E1	9.934883E1	4.228515E1
1.662000E1	9.958778E1	4.163449E1
1.664000E1	9.981685E1	4.087038E1
1.666000E1	1.002417E2	4.083628E1
1.668000E1	1.004011E2	4.087762E1
1.670000E1	1.005432E2	4.088315E1
1.672000E1	1.007458E2	4.057920E1
1.674000E1	1.008108E2	4.011214E1
1.676000E1	1.009458E2	3.954572E1
1.678000E1	1.014714E2	3.867393E1
1.680000E1	1.023787E2	3.688117E1
1.682000E1	1.031353E2	3.574632E1
1.684000E1	1.031542E2	3.593222E1
1.686000E1	1.030506E2	3.605641E1
1.688000E1	1.027233E2	3.567149E1
1.690000E1	1.027062E2	3.556168E1
1.692000E1	1.026300E2	3.502378E1
1.694000E1	1.027801E2	3.453861E1
1.696000E1	1.031761E2	3.462927E1
1.698000E1	1.031695E2	3.463327E1
1.700000E1	1.032202E2	3.436444E1
1.702000E1	1.035176E2	3.416202E1
1.704000E1	1.039498E2	3.380708E1
1.706000E1	1.038947E2	3.379294E1
1.708000E1	1.037607E2	3.364063E1
1.710000E1	1.037709E2	3.368195E1
1.712000E1	1.038289E2	3.372901E1
1.714000E1	1.038127E2	3.370419E1
1.716000E1	1.037911E2	3.299145E1
1.718000E1	1.039938E2	3.186183E1
1.720000E1	1.048240E2	3.039114E1
1.722000E1	1.059035E2	2.929858E1
1.724000E1	1.060257E2	2.857514E1
1.726000E1	1.059788E2	2.848813E1
1.728000E1	1.060365E2	2.841575E1
1.730000E1	1.064812E2	2.837903E1
1.732000E1	1.064943E2	2.816173E1
1.734000E1	1.064262E2	2.757252E1
1.736000E1	1.067254E2	2.683556E1
1.738000E1	1.070501E2	2.574394E1
1.740000E1	1.073230E2	2.477823E1
1.742000E1	1.074177E2	2.398595E1
1.744000E1	1.073995E2	2.367062E1
1.746000E1	1.078515E2	2.366738E1
1.748000E1	1.082458E2	2.336273E1
1.750000E1	1.083421E2	2.300585E1
1.752000E1	1.082633E2	2.298277E1
1.754000E1	1.080019E2	2.296835E1
1.756000E1	1.083832E2	2.294428E1
1.758000E1	1.085584E2	2.238210E1
1.760000E1	1.087518E2	2.165973E1
1.762000E1	1.092745E2	2.088823E1
1.764000E1	1.093384E2	2.087636E1
1.766000E1	1.094193E2	2.092510E1
1.768000E1	1.094488E2	2.083224E1
1.770000E1	1.094727E2	2.053756E1
1.772000E1	1.095622E2	1.992939E1
1.774000E1	1.098947E2	1.886673E1
1.776000E1	1.105815E2	1.721166E1
1.778000E1	1.109837E2	1.607485E1
1.780000E1	1.109001E2	1.629949E1
1.782000E1	1.108184E2	1.633871E1
1.784000E1	1.107050E2	1.626442E1
1.786000E1	1.104110E2	1.598084E1
1.788000E1	1.101382E2	1.524413E1
1.790000E1	1.101886E2	1.508933E1
1.792000E1	1.105872E2	1.491924E1
1.794000E1	1.105364E2	1.485795E1
1.796000E1	1.105919E2	1.461159E1
1.798000E1	1.107915E2	1.418146E1
1.800000E1	1.111320E2	1.399168E1
1.802000E1	1.110657E2	1.401316E1
1.804000E1	1.107778E2	1.391238E1
1.806000E1	1.107976E2	1.365283E1
1.808000E1	1.108167E2	1.365394E1
1.810000E1	1.107312E2	1.346569E1
1.812000E1	1.108040E2	1.316442E1
1.814000E1	1.110358E2	1.210017E1
1.816000E1	1.116969E2	1.049154E1
1.818000E1	1.124614E2	9.061781E0
1.820000E1	1.126362E2	8.617113E0
1.822000E1	1.123057E2	8.545296E0
1.824000E1	1.123166E2	8.570103E0
1.826000E1	1.127529E2	8.496724E0
1.828000E1	1.128803E2	8.264941E0
1.830000E1	1.128187E2	7.959464E0
1.832000E1	1.127994E2	7.062198E0
1.834000E1	1.131487E2	5.961624E0
1.836000E1	1.133788E2	4.862065E0
1.838000E1	1.133884E2	4.086047E0
1.840000E1	1.131995E2	3.454506E0
1.842000E1	1.134748E2	3.118171E0
1.844000E1	1.136567E2	2.650162E0
1.846000E1	1.137951E2	2.502122E0
1.848000E1	1.138224E2	2.503996E0
1.850000E1	1.136691E2	2.468970E0
1.852000E1	1.136407E2	2.440642E0
1.854000E1	1.136859E2	2.172432E0
1.856000E1	1.139869E2	1.304785E0
1.858000E1	1.141259E2	4.461544E-1
1.860000E1	1.143602E2	2.233574E-1
1.862000E1	1.144032E2	2.399545E-1
1.864000E1	1.144071E2	2.254254E-1
1.866000E1	1.144014E2	1.741866E-1
1.868000E1	1.143747E2	-1.431147E-1
1.870000E1	1.146118E2	-1.468277E0
1.872000E1	1.150522E2	-3.125689E0
1.874000E1	1.152284E2	-3.818739E0
1.876000E1	1.151823E2	-3.753378E0
1.878000E1	1.151008E2	-3.789492E0
1.880000E1	1.151071E2	-3.799768E0
1.882000E1	1.147834E2	-4.114603E0
1.884000E1	1.143211E2	-4.879429E0
1.886000E1	1.143711E2	-4.934874E0
1.888000E1	1.145879E2	-5.078343E0
1.890000E1	1.145858E2	-5.367166E0
1.892000E1	1.145596E2	-5.524181E0
1.894000E1	1.146865E2	-6.103294E0
1.896000E1	1.148446E2	-6.276440E0
1.898000E1	1.147798E2	-6.212846E0
1.900000E1	1.146868E2	-6.033133E0
1.902000E1	1.144925E2	-6.247981E0
1.904000E1	1.144206E2	-6.431693E0
1.906000E1	1.142162E2	-6.935550E0
1.908000E1	1.143230E2	-7.129000E0
1.910000E1	1.145069E2	-8.049978E0
1.912000E1	1.148438E2	-9.729926E0
1.914000E1	1.150997E2	-1.120736E1
1.916000E1	1.150786E2	-1.161772E1
1.918000E1	1.149848E2	-1.174801E1
1.920000E1	1.147822E2	-1.187060E1
1.922000E1	1.148595E2	-1.199166E1
1.924000E1	1.151529E2	-1.227647E1
1.926000E1	1.153499E2	-1.253472E1
1.928000E1	1.152797E2	-1.300059E1
1.930000E1	1.152841E2	-1.391024E1
1.932000E1	1.152464E2	-1.497458E1
1.934000E1	1.151110E2	-1.599549E1
1.936000E1	1.148483E2	-1.683623E1
1.938000E1	1.148467E2	-1.751294E1
1.940000E1	1.150471E2	-1.771838E1
1.942000E1	1.150850E2	-1.790181E1
1.944000E1	1.151136E2	-1.809951E1
1.946000E1	1.150967E2	-1.817104E1
1.948000E1	1.148042E2	-1.827339E1
1.950000E1	1.148915E2	-1.840070E1
1.952000E1	1.153903E2	-1.913297E1
1.954000E1	1.154643E2	-1.979967E1
1.956000E1	1.151416E2	-2.049942E1
1.958000E1	1.151307E2	-2.052848E1
1.960000E1	1.151193E2	-2.049894E1
1.962000E1	1.150941E2	-2.048910E1
1.964000E1	1.151531E2	-2.093414E1
1.966000E1	1.151776E2	-2.225627E1
1.968000E1	1.154655E2	-2.367433E1
1.970000E1	1.156211E2	-2.405692E1
1.972000E1	1.154105E2	-2.410684E1
1.974000E1	1.150177E2	-2.427064E1
1.976000E1	1.150466E2	-2.419390E1
1.978000E1	1.149194E2	-2.451522E1
1.980000E1	1.145424E2	-2.504501E1
1.982000E1	1.143838E2	-2.534359E1
1.984000E1	1.144717E2	-2.548260E1
1.986000E1	1.144848E2	-2.577112E1
1.988000E1	1.146120E2	-2.632029E1
1.990000E1	1.146365E2	-2.652148E1
1.992000E1	1.146011E2	-2.653014E1
1.994000E1	1.146225E2	-2.646005E1
1.996000E1	1.146325E2	-2.640078E1
1.998000E1	1.146404E2	-2.644023E1
2.000000E1	1.142359E2	-2.682271E1
2.002000E1	1.139194E2	-2.763530E1
2.004000E1	1.140201E2	-2.822955E1
2.006000E1	1.142630E2	-2.935379E1
2.008000E1	1.144627E2	-3.081511E1
2.010000E1	1.144027E2	-3.170533E1
2.012000E1	1.142011E2	-3.197073E1
2.014000E1	1.141588E2	-3.200587E1
2.016000E1	1.140758E2	-3.235504E1
2.018000E1	1.137624E2	-3.292961E1
2.020000E1	1.137432E2	-3.326967E1
2.022000E1	1.141122E2	-3.349860E1
2.024000E1	1.140987E2	-3.378649E1
2.026000E1	1.139856E2	-3.435380E1
2.028000E1	1.140329E2	-3.509419E1
2.030000E1	1.134948E2	-3.614279E1
2.032000E1	1.130390E2	-3.719198E1
2.034000E1	1.127733E2	-3.827599E1
2.036000E1	1.127020E2	-3.885257E1
2.038000E1	1.127148E2	-3.886953E1
2.040000E1	1.127135E2	-3.898500E1
2.042000E1	1.127701E2	-3.905907E1
2.044000E1	1.125770E2	-3.920505E1
2.046000E1	1.126006E2	-3.931243E1
2.048000E1	1.127626E2	-4.012927E1
2.050000E1	1.127901E2	-4.075665E1
2.052000E1	1.126726E2	-4.104372E1
2.054000E1	1.123911E2	-4.165362E1
2.056000E1	1.123315E2	-4.161410E1
2.058000E1	1.123223E2	-4.157815E1
2.060000E1	1.124135E2	-4.199677E1
2.062000E1	1.123204E2	-4.307268E1
2.064000E1	1.123298E2	-4.409140E1
2.066000E1	1.122400E2	-4.440950E1
2.068000E1	1.120820E2	-4.442545E1
2.070000E1	1.116183E2	-4.453144E1
2.072000E1	1.115852E2	-4.452971E1
2.074000E1	1.113685E2	-4.475250E1
2.076000E1	1.112493E2	-4.516846E1
2.078000E1	1.108742E2	-4.561890E1
2.080000E1	1.107264E2	-4.592035E1
2.082000E1	1.105586E2	-4.610432E1
2.084000E1	1.105638E2	-4.662745E1
2.086000E1	1.105915E2	-4.696462E1
2.088000E1	1.105608E2	-4.702163E1
2.090000E1	1.105179E2	-4.704815E1
2.092000E1	1.104980E2	-4.705933E1
2.094000E1	1.104971E2	-4.708764E1
2.096000E1	1.100807E2	-4.727853E1
2.098000E1	1.096706E2	-4.780889E1
2.100000E1	1.094073E2	-4.874058E1
2.102000E1	1.093267E2	-5.025939E1
2.104000E1	1.094427E2	-5.138207E1
2.106000E1	1.093876E2	-5.198104E1
2.108000E1	1.091510E2	-5.204850E1
2.110000E1	1.088776E2	-5.194977E1
2.112000E1	1.088602E2	-5.254751E1
2.114000E1	1.082180E2	-5.313810E1
2.116000E1	1.080025E2	-5.379657E1
2.118000E1	1.080765E2	-5.422776E1
2.120000E1	1.081550E2	-5.475886E1
2.122000E1	1.081384E2	-5.496094E1
2.124000E1	1.081455E2	-5.532445E1
2.126000E1	1.078203E2	-5.617480E1
2.128000E1	1.071201E2	-5.708903E1
2.130000E1	1.065122E2	-5.822378E1
2.132000E1	1.061642E2	-5.903773E1
2.134000E1	1.060922E2	-5.907663E1
2.136000E1	1.060030E2	-5.912659E1
2.138000E1	1.060908E2	-5.949363E1
2.140000E1	1.060916E2	-5.965655E1
2.142000E1	1.061381E2	-5.978595E1
2.144000E1	1.061829E2	-6.041750E1
2.146000E1	1.060432E2	-6.090538E1
2.148000E1	1.060103E2	-6.103381E1
2.150000E1	1.057217E2	-6.167519E1
2.152000E1	1.052854E2	-6.204980E1
2.154000E1	1.052124E2	-6.208900E1
2.156000E1	1.053159E2	-6.263882E1
2.158000E1	1.051509E2	-6.349039E1
2.160000E1	1.051478E2	-6.427089E1
2.162000E1	1.049130E2	-6.452077E1
2.164000E1	1.047217E2	-6.451195E1
2.166000E1	1.043419E2	-6.447073E1
2.168000E1	1.041689E2	-6.447917E1
2.170000E1	1.037636E2	-6.468966E1
2.172000E1	1.037393E2	-6.468918E1
2.174000E1	1.035892E2	-6.508691E1
2.176000E1	1.032041E2	-6.565789E1
2.178000E1	1.028936E2	-6.600591E1
2.180000E1	1.029376E2	-6.611404E1
2.182000E1	1.030128E2	-6.631132E1
2.184000E1	1.029884E2	-6.634843E1
2.186000E1	1.028400E2	-6.628041E1
2.188000E1	1.027992E2	-6.634905E1
2.190000E1	1.027579E2	-6.636632E1
2.192000E1	1.022588E2	-6.656782E1
2.194000E1	1.018303E2	-6.691227E1
2.196000E1	1.014780E2	-6.775070E1
2.198000E1	1.008628E2	-6.920929E1
2.200000E1	1.006031E2	-7.054011E1
2.202000E1	1.005870E2	-7.104565E1
2.204000E1	1.004890E2	-7.101303E1
2.206000E1	1.000743E2	-7.103894E1
2.208000E1	9.976425E1	-7.140545E1
2.210000E1	9.946833E1	-7.194037E1
2.212000E1	9.891058E1	-7.224071E1
2.214000E1	9.864486E1	-7.284701E1
2.216000E1	9.852597E1	-7.349369E1
2.218000E1	9.844409E1	-7.392940E1
2.220000E1	9.848141E1	-7.415005E1
2.222000E1	9.827589E1	-7.466372E1
2.224000E1	9.782223E1	-7.521832E1
2.226000E1	9.726165E1	-7.602519E1
2.228000E1	9.650898E1	-7.696892E1
2.230000E1	9.617109E1	-7.732188E1
2.232000E1	9.611962E1	-7.730128E1
2.234000E1	9.600377E1	-7.744285E1
2.236000E1	9.604200E1	-7.779963E1
2.238000E1	9.612438E1	-7.785052E1
2.240000E1	9.606869E1	-7.829728E1
2.242000E1	9.575906E1	-7.884490E1
2.244000E1	9.581230E1	-7.909969E1
2.246000E1	9.572372E1	-7.932805E1
2.248000E1	9.530432E1	-7.981965E1
2.250000E1	9.473422E1	-8.042136E1
2.252000E1	9.454015E1	-8.095019E1
2.254000E1	9.462013E1	-8.173068E1
2.256000E1	9.451113E1	-8.232709E1
2.258000E1	9.446999E1	-8.242081E1
2.260000E1	9.414283E1	-8.256641E1
2.262000E1	9.401960E1	-8.256202E1
2.264000E1	9.369012E1	-8.246404E1
2.266000E1	9.318303E1	-8.265789E1
2.268000E1	9.309843E1	-8.280384E1
2.270000E1	9.294910E1	-8.304599E1
2.272000E1	9.257694E1	-8.341289E1
2.274000E1	9.196244E1	-8.393748E1
2.276000E1	9.187520E1	-8.405257E1
2.278000E1	9.191832E1	-8.403093E1
2.280000E1	9.185337E1	-8.406475E1
2.282000E1	9.183056E1	-8.401924E1
2.284000E1	9.164228E1	-8.398473E1
2.286000E1	9.154584E1	-8.399725E1
2.288000E1	9.109968E1	-8.413766E1
2.290000E1	9.070522E1	-8.440690E1
2.292000E1	9.027696E1	-8.517187E1
2.294000E1	8.946200E1	-8.623566E1
2.296000E1	8.876247E1	-8.743587E1
2.298000E1	8.855337E1	-8.795624E1
2.300000E1	8.850053E1	-8.797139E1
2.302000E1	8.835113E1	-8.789291E1
2.304000E1	8.792068E1	-8.825689E1
2.306000E1	8.741049E1	-8.881506E1
2.308000E1	8.710152E1	-8.907832E1
2.310000E1	8.668439E1	-8.932601E1
2.312000E1	8.630905E1	-8.987125E1
2.314000E1	8.594966E1	-9.047746E1
2.316000E1	8.594720E1	-9.081195E1
2.318000E1	8.587829E1	-9.121887E1
2.320000E1	8.565146E1	-9.149563E1
2.322000E1	8.514798E1	-9.201238E1
2.324000E1	8.438520E1	-9.264846E1
2.326000E1	8.390810E1	-9.296994E1
2.328000E1	8.354003E1	-9.308217E1
2.330000E1	8.347187E1	-9.302330E1
2.332000E1	8.334376E1	-9.333479E1
2.334000E1	8.353149E1	-9.376970E1
2.336000E1	8.344739E1	-9.401011E1
2.338000E1	8.313365E1	-9.424024E1
2.340000E1	8.305796E1	-9.458628E1
2.342000E1	8.295170E1	-9.488421E1
2.344000E1	8.260618E1	-9.526729E1
2.346000E1	8.204379E1	-9.562652E1
2.348000E1	8.128092E1	-9.642706E1
2.350000E1	8.090111E1	-9.728956E1
2.352000E1	8.096900E1	-9.775487E1
2.354000E1	8.100188E1	-9.776357E1
2.356000E1	8.091609E1	-9.779498E1
2.358000E1	8.052924E1	-9.784966E1
2.360000E1	8.043792E1	-9.782561E1
2.362000E1	7.991109E1	-9.783449E1
2.364000E1	7.947125E1	-9.794758E1
2.366000E1	7.942987E1	-9.801360E1
2.368000E1	7.918862E1	-9.830099E1
2.370000E1	7.866827E1	-9.868230E1
2.372000E1	7.805169E1	-9.911116E1
2.374000E1	7.799977E1	-9.925313E1
2.376000E1	7.796146E1	-9.925688E1
2.378000E1	7.783721E1	-9.929098E1
2.380000E1	7.784763E1	-9.923792E1
2.382000E1	7.780234E1	-9.925666E1
2.384000E1	7.741101E1	-9.930799E1
2.386000E1	7.702023E1	-9.945719E1
2.388000E1	7.663268E1	-9.985241E1
2.390000E1	7.582898E1	-1.007586E2
2.392000E1	7.485396E1	-1.017430E2
2.394000E1	7.440241E1	-1.024240E2
2.396000E1	7.445665E1	-1.024241E2
2.398000E1	7.438477E1	-1.023998E2
2.400000E1	7.409273E1	-1.025587E2
2.402000E1	7.340926E1	-1.029790E2
2.404000E1	7.281550E1	-1.033487E2
2.406000E1	7.238154E1	-1.035029E2
2.408000E1	7.185144E1	-1.036819E2
2.410000E1	7.146328E1	-1.042725E2
2.412000E1	7.117445E1	-1.048649E2
2.414000E1	7.111753E1	-1.051414E2
2.416000E1	7.094266E1	-1.054087E2
2.418000E1	7.054010E1	-1.056469E2
2.420000E1	6.982639E1	-1.061239E2
2.422000E1	6.912841E1	-1.065123E2
2.424000E1	6.863128E1	-1.066937E2
2.426000E1	6.817436E1	-1.067062E2
2.428000E1	6.811858E1	-1.067245E2
2.430000E1	6.825855E1	-1.072158E2
2.432000E1	6.802793E1	-1.075113E2
2.434000E1	6.778118E1	-1.077703E2
2.436000E1	6.743510E1	-1.079749E2
2.438000E1	6.739780E1	-1.082269E2
2.440000E1	6.711935E1	-1.085893E2
2.442000E1	6.677841E1	-1.087671E2
2.444000E1	6.586120E1	-1.092263E2
2.446000E1	6.474815E1	-1.101300E2
2.448000E1	6.464295E1	-1.108091E2
2.450000E1	6.473803E1	-1.109522E2
2.452000E1	6.479656E1	-1.110175E2
2.454000E1	6.457033E1	-1.110677E2
2.456000E1	6.428855E1	-1.111134E2
2.458000E1	6.397191E1	-1.109591E2
2.460000E1	6.340261E1	-1.109338E2
2.462000E1	6.331812E1	-1.109907E2
2.464000E1	6.293111E1	-1.111858E2
2.466000E1	6.251801E1	-1.114899E2
2.468000E1	6.169774E1	-1.117482E2
2.470000E1	6.153368E1	-1.119959E2
2.472000E1	6.150057E1	-1.119507E2
2.474000E1	6.139846E1	-1.118536E2
2.476000E1	6.140603E1	-1.118184E2
2.478000E1	6.135132E1	-1.117633E2
2.480000E1	6.122138E1	-1.117193E2
2.482000E1	6.076353E1	-1.118078E2
2.484000E1	6.036658E1	-1.119660E2
2.486000E1	5.966036E1	-1.124998E2
2.488000E1	5.844344E1	-1.134165E2
2.490000E1	5.749079E1	-1.140601E2
2.492000E1	5.744485E1	-1.142065E2
2.494000E1	5.739871E1	-1.141072E2
2.496000E1	5.728649E1	-1.140772E2
2.498000E1	5.664550E1	-1.143355E2
2.500000E1	5.581005E1	-1.146122E2
2.502000E1	5.530700E1	-1.148740E2
2.504000E1	5.476558E1	-1.149849E2
2.506000E1	5.426074E1	-1.151969E2
2.508000E1	5.375102E1	-1.156652E2
2.510000E1	5.366256E1	-1.161502E2
2.512000E1	5.345298E1	-1.164937E2
2.514000E1	5.313342E1	-1.165891E2
2.516000E1	5.256372E1	-1.167746E2
2.518000E1	5.170917E1	-1.170701E2
2.520000E1	5.114020E1	-1.172129E2
2.522000E1	5.072030E1	-1.172727E2
2.524000E1	5.035412E1	-1.172548E2
2.526000E1	5.040837E1	-1.175316E2
2.528000E1	5.033002E1	-1.179150E2
2.530000E1	4.997907E1	-1.182918E2
2.532000E1	4.978999E1	-1.184031E2
2.534000E1	4.953075E1	-1.185918E2
2.536000E1	4.928290E1	-1.188825E2
2.538000E1	4.886170E1	-1.191062E2
2.540000E1	4.802275E1	-1.192849E2
2.542000E1	4.682545E1	-1.199796E2
2.544000E1	4.633795E1	-1.206535E2
2.546000E1	4.644897E1	-1.209042E2
2.548000E1	4.658219E1	-1.209373E2
2.550000E1	4.643919E1	-1.209459E2
2.552000E1	4.609601E1	-1.209389E2
2.554000E1	4.596773E1	-1.207947E2
2.556000E1	4.536225E1	-1.206061E2
2.558000E1	4.527460E1	-1.206890E2
2.560000E1	4.483379E1	-1.208264E2
2.562000E1	4.450196E1	-1.209905E2
2.564000E1	4.376159E1	-1.212051E2
2.566000E1	4.327304E1	-1.212949E2
2.568000E1	4.326143E1	-1.213409E2
2.570000E1	4.320568E1	-1.212419E2
2.572000E1	4.316199E1	-1.212199E2
2.574000E1	4.319189E1	-1.211596E2
2.576000E1	4.313654E1	-1.210880E2
2.578000E1	4.265962E1	-1.210754E2
2.580000E1	4.222635E1	-1.210907E2
2.582000E1	4.149117E1	-1.213862E2
2.584000E1	4.022672E1	-1.219110E2
2.586000E1	3.891904E1	-1.224803E2
2.588000E1	3.869658E1	-1.227044E2
2.590000E1	3.871620E1	-1.226607E2
2.592000E1	3.866266E1	-1.226383E2
2.594000E1	3.818092E1	-1.227217E2
2.596000E1	3.719649E1	-1.228999E2
2.598000E1	3.665317E1	-1.229948E2
2.600000E1	3.616753E1	-1.230292E2
2.602000E1	3.559252E1	-1.231492E2
2.604000E1	3.501804E1	-1.233832E2
2.606000E1	3.464782E1	-1.238241E2
2.608000E1	3.456404E1	-1.241210E2
2.610000E1	3.421903E1	-1.242124E2
2.612000E1	3.374539E1	-1.243950E2
2.614000E1	3.281317E1	-1.246146E2
2.616000E1	3.210238E1	-1.246978E2
2.618000E1	3.167651E1	-1.247208E2
2.620000E1	3.119503E1	-1.245144E2
2.622000E1	3.100529E1	-1.246515E2
2.624000E1	3.092528E1	-1.251869E2
2.626000E1	3.051621E1	-1.253732E2
2.628000E1	3.040496E1	-1.254899E2
2.630000E1	2.998431E1	-1.256191E2
2.632000E1	2.974410E1	-1.258454E2
2.634000E1	2.927698E1	-1.259504E2
2.636000E1	2.875118E1	-1.260276E2
2.638000E1	2.723139E1	-1.263590E2
2.640000E1	2.612920E1	-1.270869E2
2.642000E1	2.612041E1	-1.274158E2
2.644000E1	2.618395E1	-1.274659E2
2.646000E1	2.614722E1	-1.274684E2
2.648000E1	2.588979E1	-1.274053E2
2.650000E1	2.566456E1	-1.274278E2
2.652000E1	2.506739E1	-1.271323E2
2.654000E1	2.469796E1	-1.271436E2
2.656000E1	2.437682E1	-1.272205E2
2.658000E1	2.411572E1	-1.273213E2
2.660000E1	2.355826E1	-1.274672E2
2.662000E1	2.303881E1	-1.275323E2
2.664000E1	2.263105E1	-1.276444E2
2.666000E1	2.260003E1	-1.275457E2
2.668000E1	2.258410E1	-1.275438E2
2.670000E1	2.258461E1	-1.274700E2
2.672000E1	2.250466E1	-1.273931E2
2.674000E1	2.188157E1	-1.270573E2
2.676000E1	2.145002E1	-1.270660E2
2.678000E1	2.083187E1	-1.272893E2
2.680000E1	1.971571E1	-1.276990E2
2.682000E1	1.842601E1	-1.279899E2
2.684000E1	1.797926E1	-1.281288E2
2.686000E1	1.798161E1	-1.281227E2
2.688000E1	1.794702E1	-1.281093E2
2.690000E1	1.755848E1	-1.282018E2
2.692000E1	1.671267E1	-1.282117E2
2.694000E1	1.593109E1	-1.281463E2
2.696000E1	1.541291E1	-1.281657E2
2.698000E1	1.490024E1	-1.281032E2
2.700000E1	1.445207E1	-1.282314E2
2.702000E1	1.407150E1	-1.284954E2
2.704000E1	1.385717E1	-1.288348E2
2.706000E1	1.362474E1	-1.289463E2
2.708000E1	1.321288E1	-1.290124E2
2.710000E1	1.258567E1	-1.290831E2
2.712000E1	1.172675E1	-1.289967E2
2.714000E1	1.120359E1	-1.288564E2
2.716000E1	1.068419E1	-1.286449E2
2.718000E1	1.029702E1	-1.286185E2
2.720000E1	1.026476E1	-1.290701E2
2.722000E1	9.852374E0	-1.292551E2
2.724000E1	9.775240E0	-1.293513E2
2.726000E1	9.335988E0	-1.293701E2
2.728000E1	8.914153E0	-1.294661E2
2.730000E1	8.536535E0	-1.295373E2
2.732000E1	8.039803E0	-1.295786E2
2.734000E1	6.609356E0	-1.296986E2
2.736000E1	5.199419E0	-1.301129E2
2.738000E1	5.098556E0	-1.304374E2
2.740000E1	5.212747E0	-1.305546E2
2.742000E1	5.275039E0	-1.305701E2
2.744000E1	5.150230E0	-1.305387E2
2.746000E1	4.804288E0	-1.304012E2
2.748000E1	4.425004E0	-1.299672E2
2.750000E1	4.049183E0	-1.298410E2
2.752000E1	3.698995E0	-1.298530E2
2.754000E1	3.318564E0	-1.298986E2
2.756000E1	2.827684E0	-1.300012E2
2.758000E1	2.267181E0	-1.299856E2
2.760000E1	1.784749E0	-1.300653E2
2.762000E1	1.694951E0	-1.298818E2
2.764000E1	1.666975E0	-1.297753E2
2.766000E1	1.631511E0	-1.296636E2
2.768000E1	1.591638E0	-1.296278E2
2.770000E1	1.210356E0	-1.294211E2
2.772000E1	6.572073E-1	-1.292881E2
2.774000E1	-6.556977E-3	-1.293227E2
2.776000E1	-1.172648E0	-1.295278E2
2.778000E1	-2.416301E0	-1.296621E2
2.780000E1	-3.224960E0	-1.297532E2
2.782000E1	-3.232167E0	-1.297464E2
2.784000E1	-3.222844E0	-1.297341E2
2.786000E1	-3.316151E0	-1.297745E2
2.788000E1	-4.073473E0	-1.296704E2
2.790000E1	-5.051251E0	-1.292343E2
2.792000E1	-5.605547E0	-1.292583E2
2.794000E1	-6.270624E0	-1.290895E2
2.796000E1	-6.777772E0	-1.290735E2
2.798000E1	-7.250664E0	-1.291351E2
2.800000E1	-7.675853E0	-1.293371E2
2.802000E1	-7.961960E0	-1.295179E2
2.804000E1	-8.307493E0	-1.295108E2
2.806000E1	-8.779203E0	-1.294644E2
2.808000E1	-9.367445E0	-1.292102E2
2.810000E1	-9.812803E0	-1.290599E2
2.812000E1	-1.037197E1	-1.287362E2
2.814000E1	-1.086351E1	-1.283706E2
2.816000E1	-1.137069E1	-1.286009E2
2.818000E1	-1.173793E1	-1.288421E2
2.820000E1	-1.165324E1	-1.291299E2
2.822000E1	-1.186644E1	-1.291411E2
2.824000E1	-1.230519E1	-1.290726E2
2.826000E1	-1.271239E1	-1.291078E2
2.828000E1	-1.317462E1	-1.290572E2
2.830000E1	-1.438717E1	-1.290133E2
2.832000E1	-1.616768E1	-1.289580E2
2.834000E1	-1.659743E1	-1.292365E2
2.836000E1	-1.614158E1	-1.292709E2
2.838000E1	-1.604158E1	-1.293148E2
2.840000E1	-1.600787E1	-1.293066E2
2.842000E1	-1.628548E1	-1.291503E2
2.844000E1	-1.668490E1	-1.287459E2
2.846000E1	-1.702767E1	-1.286495E2
2.848000E1	-1.748855E1	-1.284696E2
2.850000E1	-1.796843E1	-1.283646E2
2.852000E1	-1.839195E1	-1.283375E2
2.854000E1	-1.873781E1	-1.283556E2
2.856000E1	-1.917518E1	-1.282550E2
2.858000E1	-1.946241E1	-1.277392E2
2.860000E1	-1.919789E1	-1.276637E2
2.862000E1	-1.928421E1	-1.274570E2
2.864000E1	-1.934487E1	-1.274796E2
2.866000E1	-1.967123E1	-1.271289E2
2.868000E1	-2.014649E1	-1.269615E2
2.870000E1	-2.115629E1	-1.270049E2
2.872000E1	-2.241594E1	-1.271292E2
2.874000E1	-2.332322E1	-1.270868E2
2.876000E1	-2.362303E1	-1.269774E2
2.878000E1	-2.365720E1	-1.269341E2
2.880000E1	-2.369964E1	-1.269469E2
2.882000E1	-2.411012E1	-1.270394E2
2.884000E1	-2.460090E1	-1.267098E2
2.886000E1	-2.555117E1	-1.262856E2
2.888000E1	-2.631890E1	-1.261204E2
2.890000E1	-2.698509E1	-1.258562E2
2.892000E1	-2.735106E1	-1.258204E2
2.894000E1	-2.758239E1	-1.257906E2
2.896000E1	-2.798791E1	-1.259499E2
2.898000E1	-2.845364E1	-1.260565E2
2.900000E1	-2.884175E1	-1.260955E2
2.902000E1	-2.908916E1	-1.259827E2
2.904000E1	-2.954678E1	-1.257296E2
2.906000E1	-2.990895E1	-1.254134E2
2.908000E1	-3.058740E1	-1.249638E2
2.910000E1	-3.110634E1	-1.245560E2
2.912000E1	-3.178076E1	-1.246261E2
2.914000E1	-3.226771E1	-1.247592E2
2.916000E1	-3.218546E1	-1.251186E2
2.918000E1	-3.231548E1	-1.251507E2
2.920000E1	-3.291966E1	-1.249118E2
2.922000E1	-3.338519E1	-1.249374E2
2.924000E1	-3.393771E1	-1.247484E2
2.926000E1	-3.528173E1	-1.245218E2
2.928000E1	-3.684587E1	-1.242805E2
2.930000E1	-3.734656E1	-1.244064E2
2.932000E1	-3.686714E1	-1.245371E2
2.934000E1	-3.684445E1	-1.245872E2
2.936000E1	-3.680605E1	-1.246304E2
2.938000E1	-3.691728E1	-1.245193E2
2.940000E1	-3.726814E1	-1.241910E2
2.942000E1	-3.753085E1	-1.240527E2
2.944000E1	-3.789142E1	-1.238361E2
2.946000E1	-3.843550E1	-1.235409E2
2.948000E1	-3.877754E1	-1.235027E2
2.950000E1	-3.894909E1	-1.235141E2
2.952000E1	-3.941117E1	-1.235252E2
2.954000E1	-3.973309E1	-1.229422E2
2.956000E1	-3.957567E1	-1.228270E2
2.958000E1	-3.949632E1	-1.225807E2
2.960000E1	-3.961822E1	-1.224454E2
2.962000E1	-3.987489E1	-1.219968E2
2.964000E1	-4.025439E1	-1.218289E2
2.966000E1	-4.113415E1	-1.215674E2
2.968000E1	-4.262684E1	-1.215915E2
2.970000E1	-4.384080E1	-1.212881E2
2.972000E1	-4.401777E1	-1.212570E2
2.974000E1	-4.391290E1	-1.211286E2
2.976000E1	-4.391600E1	-1.210827E2
2.978000E1	-4.428153E1	-1.211801E2
2.980000E1	-4.475220E1	-1.209308E2
2.982000E1	-4.542773E1	-1.202885E2
2.984000E1	-4.624847E1	-1.197583E2
2.986000E1	-4.701642E1	-1.195179E2
2.988000E1	-4.743635E1	-1.192819E2
2.990000E1	-4.767763E1	-1.191132E2
2.992000E1	-4.811879E1	-1.191839E2
2.994000E1	-4.874708E1	-1.192644E2
2.996000E1	-4.921727E1	-1.192550E2
2.998000E1	-4.930998E1	-1.190686E2
3.000000E1	-4.944703E1	-1.189162E2
3.002000E1	-4.984473E1	-1.186227E2
3.004000E1	-5.041910E1	-1.180832E2
3.006000E1	-5.102259E1	-1.173783E2
3.008000E1	-5.176895E1	-1.171881E2
3.010000E1	-5.239063E1	-1.170508E2
3.012000E1	-5.227633E1	-1.174618E2
3.014000E1	-5.235990E1	-1.175085E2
3.016000E1	-5.276439E1	-1.172259E2
3.018000E1	-5.320563E1	-1.170475E2
3.020000E1	-5.371738E1	-1.167883E2
3.022000E1	-5.485176E1	-1.163207E2
3.024000E1	-5.635098E1	-1.159015E2
3.026000E1	-5.681168E1	-1.158883E2
3.028000E1	-5.642123E1	-1.160398E2
3.030000E1	-5.642344E1	-1.160233E2
3.032000E1	-5.641169E1	-1.160613E2
3.034000E1	-5.647750E1	-1.159506E2
3.036000E1	-5.670818E1	-1.154678E2
3.038000E1	-5.700630E1	-1.152598E2
3.040000E1	-5.725065E1	-1.150909E2
3.042000E1	-5.773406E1	-1.146356E2
3.044000E1	-5.800861E1	-1.143941E2
3.046000E1	-5.807065E1	-1.143205E2
3.048000E1	-5.844955E1	-1.143145E2
3.050000E1	-5.867816E1	-1.138088E2
3.052000E1	-5.856844E1	-1.135683E2
3.054000E1	-5.824454E1	-1.133360E2
3.056000E1	-5.836086E1	-1.132124E2
3.058000E1	-5.854045E1	-1.129269E2
3.060000E1	-5.880714E1	-1.125648E2
3.062000E1	-5.946925E1	-1.120681E2
3.064000E1	-6.087149E1	-1.116851E2
3.066000E1	-6.216394E1	-1.114614E2
3.068000E1	-6.238930E1	-1.113120E2
3.070000E1	-6.235825E1	-1.112251E2
3.072000E1	-6.232628E1	-1.111125E2
3.074000E1	-6.269356E1	-1.111537E2
3.076000E1	-6.297499E1	-1.108453E2
3.078000E1	-6.345018E1	-1.103868E2
3.080000E1	-6.409830E1	-1.096547E2
3.082000E1	-6.478472E1	-1.091473E2
3.084000E1	-6.534659E1	-1.088984E2
3.086000E1	-6.560966E1	-1.084657E2
3.088000E1	-6.598686E1	-1.083834E2
3.090000E1	-6.661495E1	-1.082985E2
3.092000E1	-6.719619E1	-1.082174E2
3.094000E1	-6.735929E1	-1.080207E2
3.096000E1	-6.739270E1	-1.079217E2
3.098000E1	-6.743547E1	-1.078423E2
3.100000E1	-6.793880E1	-1.073478E2
3.102000E1	-6.853238E1	-1.065617E2
3.104000E1	-6.920070E1	-1.058875E2
3.106000E1	-6.990374E1	-1.053540E2
3.108000E1	-6.994851E1	-1.057360E2
3.110000E1	-7.001351E1	-1.059835E2
3.112000E1	-7.026053E1	-1.058153E2
3.114000E1	-7.070640E1	-1.054637E2
3.116000E1	-7.106401E1	-1.051666E2
3.118000E1	-7.193107E1	-1.047361E2
3.120000E1	-7.310231E1	-1.040550E2
3.122000E1	-7.416807E1	-1.034703E2
3.124000E1	-7.418555E1	-1.035922E2
3.126000E1	-7.393812E1	-1.038305E2
3.128000E1	-7.393706E1	-1.038469E2
3.130000E1	-7.394439E1	-1.038183E2
3.132000E1	-7.404587E1	-1.035834E2
3.134000E1	-7.416990E1	-1.030170E2
3.136000E1	-7.437847E1	-1.029867E2
3.138000E1	-7.471264E1	-1.025382E2
3.140000E1	-7.504101E1	-1.019948E2
3.142000E1	-7.517460E1	-1.019209E2
3.144000E1	-7.543737E1	-1.018516E2
3.146000E1	-7.580796E1	-1.016228E2
3.148000E1	-7.592056E1	-1.011375E2
3.150000E1	-7.555508E1	-1.010984E2
3.152000E1	-7.559376E1	-1.007400E2
3.154000E1	-7.561635E1	-1.006946E2
3.156000E1	-7.574272E1	-1.001933E2
3.158000E1	-7.593818E1	-9.984859E1
3.160000E1	-7.694774E1	-9.917923E1
3.162000E1	-7.820034E1	-9.852496E1
3.164000E1	-7.901330E1	-9.796360E1
3.166000E1	-7.901621E1	-9.792482E1
3.168000E1	-7.889534E1	-9.779780E1
3.170000E1	-7.884715E1	-9.767425E1
3.172000E1	-7.927788E1	-9.747578E1
3.174000E1	-7.953376E1	-9.695719E1
3.176000E1	-7.992192E1	-9.626710E1
3.178000E1	-8.046096E1	-9.550634E1
3.180000E1	-8.110251E1	-9.490982E1
3.182000E1	-8.154062E1	-9.452369E1
3.184000E1	-8.158272E1	-9.429546E1
3.186000E1	-8.206822E1	-9.414881E1
3.188000E1	-8.282168E1	-9.378575E1
3.190000E1	-8.332133E1	-9.370336E1
3.192000E1	-8.335069E1	-9.349113E1
3.194000E1	-8.337444E1	-9.340952E1
3.196000E1	-8.348657E1	-9.303908E1
3.198000E1	-8.401691E1	-9.238690E1
3.200000E1	-8.430649E1	-9.158104E1
3.202000E1	-8.496422E1	-9.084681E1
3.204000E1	-8.539369E1	-9.057302E1
3.206000E1	-8.549735E1	-9.096699E1
3.208000E1	-8.560216E1	-9.095502E1
3.210000E1	-8.591321E1	-9.056864E1
3.212000E1	-8.624984E1	-9.008080E1
3.214000E1	-8.657436E1	-8.972727E1
3.216000E1	-8.762397E1	-8.899432E1
3.218000E1	-8.871663E1	-8.806153E1
3.220000E1	-8.922147E1	-8.777496E1
3.222000E1	-8.904897E1	-8.808495E1
3.224000E1	-8.885262E1	-8.814721E1
3.226000E1	-8.877073E1	-8.816942E1
3.228000E1	-8.877282E1	-8.813688E1
3.230000E1	-8.882812E1	-8.766241E1
3.232000E1	-8.891594E1	-8.737098E1
3.234000E1	-8.917657E1	-8.715125E1
3.236000E1	-8.936711E1	-8.647727E1
3.238000E1	-8.949876E1	-8.605782E1
3.240000E1	-8.971413E1	-8.594909E1
3.242000E1	-9.007022E1	-8.586455E1
3.244000E1	-9.019927E1	-8.540036E1
3.246000E1	-9.001974E1	-8.511006E1
3.248000E1	-8.967641E1	-8.491925E1
3.250000E1	-8.968420E1	-8.473581E1
3.252000E1	-8.975545E1	-8.444969E1
3.254000E1	-8.984316E1	-8.399614E1
3.256000E1	-9.024746E1	-8.336191E1
3.258000E1	-9.140490E1	-8.238140E1
3.260000E1	-9.245530E1	-8.165099E1
3.262000E1	-9.256179E1	-8.141104E1
3.264000E1	-9.247537E1	-8.140860E1
3.266000E1	-9.235517E1	-8.122704E1
3.268000E1	-9.267494E1	-8.110563E1
3.270000E1	-9.302223E1	-8.071845E1
3.272000E1	-9.318582E1	-8.014115E1
3.274000E1	-9.340980E1	-7.936298E1
3.276000E1	-9.401875E1	-7.854741E1
3.278000E1	-9.451014E1	-7.810220E1
3.280000E1	-9.465525E1	-7.759755E1
3.282000E1	-9.475886E1	-7.737304E1
3.284000E1	-9.537267E1	-7.695762E1
3.286000E1	-9.603670E1	-7.657698E1
3.288000E1	-9.622524E1	-7.634478E1
3.290000E1	-9.610998E1	-7.627716E1
3.292000E1	-9.605267E1	-7.620754E1
