	mass A		
t	x	y	
0.000000E0	2.548685E-2	-2.548685E-2
2.000000E-2	6.408211E-2	2.438847E-1
4.000000E-2	3.896228E-1	5.602944E-1
6.000000E-2	7.603886E-1	4.800661E-1
8.000000E-2	9.279358E-1	3.281662E-1
1.000000E-1	1.282832E0	3.343105E-1
1.200000E-1	1.569324E0	4.009795E-1
1.400000E-1	1.784101E0	4.499560E-1
1.600000E-1	1.735397E0	4.707358E-1
1.800000E-1	1.709107E0	5.652217E-1
2.000000E-1	1.668884E0	6.766717E-1
2.200000E-1	1.685217E0	6.575817E-1
2.400000E-1	2.112104E0	4.599640E-1
2.600000E-1	2.328560E0	8.982654E-2
2.800000E-1	2.599608E0	-1.628461E-1
3.000000E-1	3.022033E0	-1.185620E-1
3.200000E-1	3.467432E0	2.037037E-1
3.400000E-1	4.011394E0	3.565382E-1
3.600000E-1	4.533180E0	4.141702E-1
3.800000E-1	4.810618E0	3.148903E-1
4.000000E-1	4.856078E0	1.827262E-1
4.200000E-1	4.781676E0	3.148346E-2
4.400000E-1	4.746945E0	-3.584338E-2
4.600000E-1	4.839992E0	2.865995E-2
4.800000E-1	4.901710E0	7.540984E-2
5.000000E-1	4.970347E0	-3.890106E-2
5.200000E-1	4.997285E0	-5.546321E-1
5.400000E-1	5.140843E0	-1.011785E0
5.600000E-1	5.472859E0	-1.056322E0
5.800000E-1	5.842843E0	-7.720884E-1
6.000000E-1	5.998825E0	-1.339182E-1
6.200000E-1	5.875461E0	5.958338E-2
6.400000E-1	5.830313E0	-1.375151E-2
6.600000E-1	5.823224E0	-3.411591E-1
6.800000E-1	5.980767E0	-5.550893E-1
7.000000E-1	6.305649E0	-4.442942E-1
7.200000E-1	6.796280E0	-1.910444E-1
7.400000E-1	7.292791E0	1.573841E-1
7.600000E-1	7.691989E0	2.776908E-1
7.800000E-1	8.050895E0	2.927094E-1
8.000000E-1	8.193972E0	-1.104971E-1
8.200000E-1	8.479871E0	-6.070971E-1
8.400000E-1	8.693438E0	-1.154946E0
8.600000E-1	8.729027E0	-1.394456E0
8.800000E-1	8.944036E0	-1.225788E0
9.000000E-1	9.063784E0	-5.733983E-1
9.200000E-1	9.087454E0	5.336968E-2
9.400000E-1	9.333578E0	5.242657E-1
9.600000E-1	9.601872E0	6.455939E-1
9.800000E-1	9.728922E0	4.847047E-1
1.000000E0	1.004951E1	1.456310E-2
1.020000E0	1.031452E1	-3.510464E-1
1.040000E0	1.067973E1	-5.048817E-1
1.060000E0	1.066802E1	-5.057890E-1
1.080000E0	1.065949E1	-5.032455E-1
1.100000E0	1.067992E1	-4.896572E-1
1.120000E0	1.069726E1	-4.840976E-1
1.140000E0	1.072146E1	-4.748211E-1
1.160000E0	1.083376E1	-4.829167E-1
1.180000E0	1.105574E1	-4.212322E-1
1.200000E0	1.130173E1	-5.649876E-1
1.220000E0	1.132750E1	-6.664820E-1
1.240000E0	1.127351E1	-7.717602E-1
1.260000E0	1.126523E1	-7.478859E-1
1.280000E0	1.172430E1	-6.989981E-1
1.300000E0	1.214239E1	-5.865949E-1
1.320000E0	1.248904E1	-4.216585E-1
1.340000E0	1.245447E1	-2.325134E-1
1.360000E0	1.235718E1	3.009297E-2
1.380000E0	1.236787E1	8.705928E-2
1.400000E0	1.239138E1	5.677905E-2
1.420000E0	1.234088E1	-4.276358E-2
1.440000E0	1.231635E1	-1.614993E-1
1.460000E0	1.241306E1	-1.555284E-1
1.480000E0	1.284755E1	-1.452874E-1
1.500000E0	1.333341E1	-1.258727E-1
1.520000E0	1.323704E1	-1.686878E-1
1.540000E0	1.298679E1	-3.280469E-1
1.560000E0	1.309477E1	-3.587361E-1
1.580000E0	1.323812E1	-2.699669E-1
1.600000E0	1.330746E1	8.499590E-2
1.620000E0	1.349598E1	1.593921E-1
1.640000E0	1.350837E1	1.250415E-1
1.660000E0	1.363904E1	1.672743E-1
1.680000E0	1.394824E1	1.525405E-1
1.700000E0	1.404649E1	-1.555386E-2
1.720000E0	1.435927E1	-4.052287E-1
1.740000E0	1.480823E1	-8.496916E-1
1.760000E0	1.518052E1	-1.473764E0
1.780000E0	1.543867E1	-1.976696E0
1.800000E0	1.580243E1	-1.990718E0
1.820000E0	1.564626E1	-1.567087E0
1.840000E0	1.568164E1	-9.665787E-1
1.860000E0	1.617841E1	-7.267039E-1
1.880000E0	1.671534E1	-6.758007E-1
1.900000E0	1.718044E1	-8.648833E-1
1.920000E0	1.782008E1	-1.072817E0
1.940000E0	1.826865E1	-1.075213E0
1.960000E0	1.854227E1	-7.670144E-1
1.980000E0	1.867381E1	-3.952325E-1
2.000000E0	1.888858E1	-2.389138E-1
2.020000E0	1.892236E1	-2.110169E-1
2.040000E0	1.923334E1	-5.147772E-1
2.060000E0	1.939517E1	-8.799475E-1
2.080000E0	1.941393E1	-1.047265E0
2.100000E0	1.961911E1	-9.142178E-1
2.120000E0	1.991217E1	-7.590806E-1
2.140000E0	1.999478E1	-4.880402E-1
2.160000E0	1.996631E1	-4.858431E-1
2.180000E0	1.996259E1	-7.587424E-1
2.200000E0	2.031629E1	-1.040248E0
2.220000E0	2.068410E1	-1.241060E0
2.240000E0	2.094990E1	-1.013915E0
2.260000E0	2.108026E1	-6.920280E-1
2.280000E0	2.102011E1	-4.362691E-1
2.300000E0	2.096485E1	-7.621078E-1
2.320000E0	2.072715E1	-1.192962E0
2.340000E0	2.055331E1	-1.558810E0
2.360000E0	2.058162E1	-1.542851E0
2.380000E0	2.087632E1	-1.183191E0
2.400000E0	2.101982E1	-9.499754E-1
2.420000E0	2.103211E1	-7.560560E-1
2.440000E0	2.093876E1	-7.320710E-1
2.460000E0	2.089348E1	-7.142106E-1
2.480000E0	2.084599E1	-6.997349E-1
2.500000E0	2.091611E1	-6.238851E-1
2.520000E0	2.110250E1	-4.053213E-1
2.540000E0	2.108882E1	-4.101599E-1
2.560000E0	2.108333E1	-3.516166E-1
2.580000E0	2.107230E1	-2.518571E-1
2.600000E0	2.102622E1	-7.835600E-2
2.620000E0	2.139891E1	-1.761714E-1
2.640000E0	2.186067E1	-4.248741E-1
2.660000E0	2.211035E1	-8.811115E-1
2.680000E0	2.208757E1	-1.117129E0
2.700000E0	2.223740E1	-1.218568E0
2.720000E0	2.257824E1	-1.036893E0
2.740000E0	2.287870E1	-7.758794E-1
2.760000E0	2.325127E1	-3.575443E-1
2.780000E0	2.363797E1	-1.591147E-1
2.800000E0	2.403473E1	-1.206120E-1
2.820000E0	2.412076E1	-1.635453E-1
2.840000E0	2.442044E1	-2.044432E-1
2.860000E0	2.455836E1	-1.481125E-1
2.880000E0	2.464477E1	-6.721691E-2
2.900000E0	2.462630E1	1.245682E-1
2.920000E0	2.470515E1	2.831932E-1
2.940000E0	2.488660E1	2.230739E-1
2.960000E0	2.554929E1	-2.855053E-1
2.980000E0	2.604675E1	-7.627897E-1
3.000000E0	2.614917E1	-8.638410E-1
3.020000E0	2.620687E1	-8.476955E-1
3.040000E0	2.644657E1	-6.525902E-1
3.060000E0	2.690007E1	-6.335475E-1
3.080000E0	2.757869E1	-7.006822E-1
3.100000E0	2.859384E1	-8.520286E-1
3.120000E0	2.911800E1	-9.164462E-1
3.140000E0	2.922578E1	-6.235522E-1
3.160000E0	2.902137E1	-2.323978E-1
3.180000E0	2.916036E1	-1.381083E-2
3.200000E0	2.929373E1	-1.182818E-1
3.220000E0	2.894164E1	-6.241405E-1
3.240000E0	2.853644E1	-1.234992E0
3.260000E0	2.869364E1	-1.411368E0
3.280000E0	2.937547E1	-1.253490E0
3.300000E0	2.964030E1	-7.079013E-1
3.320000E0	2.962722E1	-8.725801E-3
3.340000E0	2.940884E1	3.827689E-1
3.360000E0	2.945022E1	4.138207E-1
3.380000E0	2.958538E1	2.708755E-1
3.400000E0	2.995696E1	-1.784617E-2
3.420000E0	3.011404E1	-1.143239E-1
3.440000E0	3.015458E1	-1.208114E-1
3.460000E0	3.014365E1	-1.328312E-1
3.480000E0	3.020037E1	-3.576968E-1
3.500000E0	3.010975E1	-6.374972E-1
3.520000E0	3.012361E1	-7.294009E-1
3.540000E0	3.021065E1	-7.063563E-1
3.560000E0	3.025356E1	-6.974349E-1
3.580000E0	3.037047E1	-8.004900E-1
3.600000E0	3.064751E1	-9.801295E-1
3.620000E0	3.092809E1	-9.318955E-1
3.640000E0	3.091678E1	-8.144006E-1
3.660000E0	3.107713E1	-4.470508E-1
3.680000E0	3.138054E1	-2.491525E-1
3.700000E0	3.170460E1	-1.350929E-1
3.720000E0	3.183668E1	-1.883648E-1
3.740000E0	3.206506E1	-3.362885E-1
3.760000E0	3.227128E1	-3.998831E-1
3.780000E0	3.241370E1	-2.431548E-1
3.800000E0	3.259277E1	-1.756802E-3
3.820000E0	3.270545E1	1.788072E-1
3.840000E0	3.269708E1	2.524054E-1
3.860000E0	3.272975E1	3.163089E-1
3.880000E0	3.279440E1	3.003874E-1
3.900000E0	3.316505E1	3.344162E-2
3.920000E0	3.366556E1	-2.953944E-1
3.940000E0	3.405221E1	-6.031918E-1
3.960000E0	3.423870E1	-5.640255E-1
3.980000E0	3.476697E1	-5.484400E-1
4.000000E0	3.530424E1	-3.766910E-1
4.020000E0	3.558403E1	-1.654736E-1
4.040000E0	3.557560E1	5.137241E-2
4.060000E0	3.552519E1	4.654514E-2
4.080000E0	3.553299E1	-1.385658E-2
4.100000E0	3.556690E1	-1.857327E-1
4.120000E0	3.551644E1	-4.937821E-1
4.140000E0	3.566728E1	-1.030671E0
4.160000E0	3.586426E1	-1.325161E0
4.180000E0	3.620208E1	-1.378248E0
4.200000E0	3.662740E1	-1.172674E0
4.220000E0	3.673417E1	-6.021775E-1
4.240000E0	3.666673E1	-5.174771E-1
4.260000E0	3.666677E1	-5.864213E-1
4.280000E0	3.681098E1	-8.507081E-1
4.300000E0	3.696987E1	-9.170661E-1
4.320000E0	3.733830E1	-8.276289E-1
4.340000E0	3.773917E1	-5.621872E-1
4.360000E0	3.822492E1	-2.582126E-1
4.380000E0	3.881839E1	-1.917932E-1
4.400000E0	3.899778E1	-4.722291E-1
4.420000E0	3.887570E1	-1.094269E0
4.440000E0	3.910695E1	-1.464478E0
4.460000E0	3.929179E1	-1.605093E0
4.480000E0	3.949675E1	-1.548943E0
4.500000E0	3.965396E1	-1.339134E0
4.520000E0	3.982687E1	-1.053957E0
4.540000E0	3.985119E1	-6.380295E-1
4.560000E0	3.994463E1	-2.922663E-1
4.580000E0	4.028938E1	-8.447465E-2
4.600000E0	4.064341E1	-1.401522E-1
4.620000E0	4.093533E1	-4.033316E-1
4.640000E0	4.107292E1	-7.758493E-1
4.660000E0	4.144991E1	-1.072615E0
4.680000E0	4.142584E1	-1.122979E0
4.700000E0	4.141479E1	-1.066450E0
4.720000E0	4.146680E1	-7.999238E-1
4.740000E0	4.143529E1	-7.495366E-1
4.760000E0	4.140668E1	-7.594229E-1
4.780000E0	4.149848E1	-7.910308E-1
4.800000E0	4.159963E1	-8.063448E-1
4.820000E0	4.185326E1	-8.451610E-1
4.840000E0	4.189391E1	-9.052964E-1
4.860000E0	4.186656E1	-1.009253E0
4.880000E0	4.190598E1	-1.099411E0
4.900000E0	4.201428E1	-1.164556E0
4.920000E0	4.242672E1	-1.166372E0
4.940000E0	4.293102E1	-1.106964E0
4.960000E0	4.327379E1	-9.545684E-1
4.980000E0	4.315558E1	-6.285925E-1
5.000000E0	4.316330E1	-4.006769E-1
5.020000E0	4.326672E1	-3.817720E-1
5.040000E0	4.330453E1	-4.307455E-1
5.060000E0	4.326073E1	-5.810061E-1
5.080000E0	4.333460E1	-6.925564E-1
5.100000E0	4.349537E1	-7.504220E-1
5.120000E0	4.385535E1	-5.739730E-1
5.140000E0	4.419015E1	-4.406660E-1
5.160000E0	4.418779E1	-5.120573E-1
5.180000E0	4.409739E1	-8.173073E-1
5.200000E0	4.417678E1	-9.847223E-1
5.220000E0	4.427602E1	-8.131214E-1
5.240000E0	4.434346E1	-4.694872E-1
5.260000E0	4.453490E1	-1.631472E-1
5.280000E0	4.480796E1	-2.414950E-2
5.300000E0	4.488109E1	-1.006355E-1
5.320000E0	4.486442E1	-2.405769E-1
5.340000E0	4.499175E1	-6.074785E-1
5.360000E0	4.550744E1	-1.106206E0
5.380000E0	4.604693E1	-1.544803E0
5.400000E0	4.664949E1	-2.018624E0
5.420000E0	4.675781E1	-2.131343E0
5.440000E0	4.659481E1	-1.902364E0
5.460000E0	4.666271E1	-1.349034E0
5.480000E0	4.688155E1	-9.695575E-1
5.500000E0	4.762186E1	-6.733909E-1
5.520000E0	4.830507E1	-8.162491E-1
5.540000E0	4.899793E1	-9.586925E-1
5.560000E0	4.932909E1	-9.358158E-1
5.580000E0	4.937226E1	-8.348960E-1
5.600000E0	4.946627E1	-7.416801E-1
5.620000E0	4.959918E1	-7.682174E-1
5.640000E0	4.962852E1	-9.993013E-1
5.660000E0	4.970276E1	-1.067285E0
5.680000E0	4.990685E1	-9.494787E-1
5.700000E0	5.007848E1	-7.703410E-1
5.720000E0	5.013474E1	-5.958491E-1
5.740000E0	5.026275E1	-5.122604E-1
5.760000E0	5.043006E1	-5.215952E-1
5.780000E0	5.053092E1	-6.155594E-1
5.800000E0	5.073382E1	-9.825291E-1
5.820000E0	5.119704E1	-1.126582E0
5.840000E0	5.174149E1	-1.172162E0
5.860000E0	5.178634E1	-1.137685E0
5.880000E0	5.180889E1	-1.124120E0
5.900000E0	5.176270E1	-1.114957E0
5.920000E0	5.172483E1	-1.066535E0
5.940000E0	5.157071E1	-1.148684E0
5.960000E0	5.117977E1	-1.353088E0
5.980000E0	5.104692E1	-1.594617E0
6.000000E0	5.135007E1	-1.478422E0
6.020000E0	5.155412E1	-1.360195E0
6.040000E0	5.169069E1	-1.276805E0
6.060000E0	5.161605E1	-1.084296E0
6.080000E0	5.157701E1	-1.016729E0
6.100000E0	5.155834E1	-9.629348E-1
6.120000E0	5.152855E1	-1.025312E0
6.140000E0	5.159925E1	-1.006453E0
6.160000E0	5.172480E1	-8.727608E-1
6.180000E0	5.166423E1	-8.108837E-1
6.200000E0	5.169294E1	-8.211630E-1
6.220000E0	5.172791E1	-8.181428E-1
6.240000E0	5.173152E1	-8.945810E-1
6.260000E0	5.204999E1	-1.098498E0
6.280000E0	5.249625E1	-1.136862E0
6.300000E0	5.297319E1	-1.284197E0
6.320000E0	5.330558E1	-1.506544E0
6.340000E0	5.346567E1	-1.446071E0
6.360000E0	5.343073E1	-1.234480E0
6.380000E0	5.326110E1	-1.145032E0
6.400000E0	5.345522E1	-1.077960E0
6.420000E0	5.428251E1	-9.611059E-1
6.440000E0	5.482364E1	-8.286051E-1
6.460000E0	5.547519E1	-7.942542E-1
6.480000E0	5.549298E1	-6.854420E-1
6.500000E0	5.550388E1	-5.808534E-1
6.520000E0	5.553057E1	-5.413317E-1
6.540000E0	5.554438E1	-4.786322E-1
6.560000E0	5.563357E1	-4.621821E-1
6.580000E0	5.613181E1	-5.377302E-1
6.600000E0	5.665337E1	-7.902301E-1
6.620000E0	5.704171E1	-1.193800E0
6.640000E0	5.713560E1	-1.304046E0
6.660000E0	5.716657E1	-1.244138E0
6.680000E0	5.727820E1	-9.660740E-1
6.700000E0	5.775289E1	-9.473712E-1
6.720000E0	5.884605E1	-1.009156E0
6.740000E0	5.982114E1	-1.061788E0
6.760000E0	5.984624E1	-9.475049E-1
6.780000E0	5.963160E1	-6.395325E-1
6.800000E0	5.960947E1	-5.046199E-1
6.820000E0	5.976860E1	-6.604825E-1
6.840000E0	5.960853E1	-1.191679E0
6.860000E0	5.936214E1	-1.501283E0
6.880000E0	5.949823E1	-1.647764E0
6.900000E0	5.971572E1	-1.328402E0
6.920000E0	5.979819E1	-8.426894E-1
6.940000E0	5.990818E1	-3.784733E-1
6.960000E0	5.988058E1	-1.454412E-1
6.980000E0	5.990025E1	-1.111312E-1
7.000000E0	6.001845E1	-3.202056E-1
7.020000E0	6.022423E1	-6.694376E-1
7.040000E0	6.033744E1	-7.285689E-1
7.060000E0	6.037486E1	-7.952847E-1
7.080000E0	6.040307E1	-9.838668E-1
7.100000E0	6.032166E1	-1.029188E0
7.120000E0	6.025215E1	-1.053199E0
7.140000E0	6.027122E1	-1.169329E0
7.160000E0	6.054261E1	-1.266974E0
7.180000E0	6.066691E1	-1.272664E0
7.200000E0	6.074339E1	-1.287060E0
7.220000E0	6.082028E1	-1.320091E0
7.240000E0	6.090709E1	-1.349981E0
7.260000E0	6.087499E1	-1.206387E0
7.280000E0	6.084723E1	-8.712291E-1
7.300000E0	6.101934E1	-5.815946E-1
7.320000E0	6.128452E1	-4.475791E-1
7.340000E0	6.171477E1	-4.485803E-1
7.360000E0	6.209988E1	-6.002166E-1
7.380000E0	6.236981E1	-7.145215E-1
7.400000E0	6.261788E1	-6.250117E-1
7.420000E0	6.293120E1	-5.306638E-1
7.440000E0	6.289507E1	-4.232993E-1
7.460000E0	6.282270E1	-1.505241E-1
7.480000E0	6.271321E1	3.853434E-2
7.500000E0	6.291934E1	2.794877E-2
7.520000E0	6.309081E1	-1.084028E-1
7.540000E0	6.322653E1	-2.666590E-1
7.560000E0	6.377264E1	-6.343764E-1
7.580000E0	6.427435E1	-9.579985E-1
7.600000E0	6.460870E1	-1.004397E0
7.620000E0	6.497659E1	-9.003810E-1
7.640000E0	6.555423E1	-7.627626E-1
7.660000E0	6.599281E1	-6.794468E-1
7.680000E0	6.594335E1	-5.077235E-1
7.700000E0	6.586954E1	-4.051383E-1
7.720000E0	6.587139E1	-4.054155E-1
7.740000E0	6.584926E1	-4.774776E-1
7.760000E0	6.583661E1	-6.910315E-1
7.780000E0	6.569593E1	-9.953986E-1
7.800000E0	6.588991E1	-1.379552E0
7.820000E0	6.634891E1	-1.579926E0
7.840000E0	6.683262E1	-1.462967E0
7.860000E0	6.694355E1	-9.750011E-1
7.880000E0	6.673569E1	-7.226102E-1
7.900000E0	6.677382E1	-7.155961E-1
7.920000E0	6.705156E1	-9.531565E-1
7.940000E0	6.716667E1	-1.002594E0
7.960000E0	6.755164E1	-7.465936E-1
7.980000E0	6.793903E1	-3.172997E-1
8.000000E0	6.838535E1	-9.391252E-2
8.020000E0	6.883091E1	-2.621732E-2
8.040000E0	6.886059E1	-2.645055E-1
8.060000E0	6.888201E1	-7.826774E-1
8.080000E0	6.902528E1	-1.127188E0
8.100000E0	6.941338E1	-1.371294E0
8.120000E0	6.963142E1	-1.509162E0
8.140000E0	7.000655E1	-1.388406E0
8.160000E0	6.996005E1	-9.679172E-1
8.180000E0	6.982261E1	-3.360483E-1
8.200000E0	7.012393E1	3.647584E-2
8.220000E0	7.082725E1	6.661815E-2
8.240000E0	7.124109E1	-2.791774E-1
8.260000E0	7.147284E1	-8.234548E-1
8.280000E0	7.155852E1	-1.245591E0
8.300000E0	7.152635E1	-1.203779E0
8.320000E0	7.158836E1	-9.850821E-1
8.340000E0	7.160488E1	-7.495824E-1
8.360000E0	7.158284E1	-6.957900E-1
8.380000E0	7.159335E1	-7.215276E-1
8.400000E0	7.170315E1	-7.640735E-1
8.420000E0	7.188079E1	-7.226062E-1
8.440000E0	7.230467E1	-6.706939E-1
8.460000E0	7.232062E1	-6.169029E-1
8.480000E0	7.231960E1	-5.545294E-1
8.500000E0	7.232898E1	-5.549594E-1
8.520000E0	7.239856E1	-6.189789E-1
8.540000E0	7.288964E1	-7.251336E-1
8.560000E0	7.343381E1	-7.212636E-1
8.580000E0	7.393635E1	-6.826618E-1
8.600000E0	7.386606E1	-3.726860E-1
8.620000E0	7.382403E1	-8.428738E-2
8.640000E0	7.391813E1	5.091963E-3
8.660000E0	7.393287E1	-3.116795E-2
8.680000E0	7.386257E1	-2.450210E-1
8.700000E0	7.380368E1	-5.036055E-1
8.720000E0	7.391394E1	-6.665141E-1
8.740000E0	7.426866E1	-5.708886E-1
8.760000E0	7.475878E1	-4.392181E-1
8.780000E0	7.490697E1	-2.943832E-1
8.800000E0	7.471574E1	-4.916115E-1
8.820000E0	7.460596E1	-8.006693E-1
8.840000E0	7.478516E1	-9.560136E-1
8.860000E0	7.488090E1	-7.429629E-1
8.880000E0	7.501513E1	-3.464660E-1
8.900000E0	7.508682E1	-2.416452E-1
8.920000E0	7.512273E1	-1.702105E-1
8.940000E0	7.514844E1	-2.007406E-1
8.960000E0	7.521639E1	-4.570234E-1
8.980000E0	7.542754E1	-6.502700E-1
9.000000E0	7.576480E1	-8.891732E-1
9.020000E0	7.625812E1	-1.235938E0
9.040000E0	7.653117E1	-1.521944E0
9.060000E0	7.699001E1	-1.509372E0
9.080000E0	7.719618E1	-1.370779E0
9.100000E0	7.711446E1	-1.249723E0
9.120000E0	7.709786E1	-1.144654E0
9.140000E0	7.745331E1	-1.027811E0
9.160000E0	7.818625E1	-1.015700E0
9.180000E0	7.899460E1	-1.039224E0
9.200000E0	7.950080E1	-7.656153E-1
9.220000E0	7.951161E1	-3.655436E-1
9.240000E0	7.954888E1	-1.267972E-1
9.260000E0	7.967529E1	-2.062020E-1
9.280000E0	7.990624E1	-6.561491E-1
9.300000E0	8.007040E1	-1.050545E0
9.320000E0	8.008303E1	-1.052691E0
9.340000E0	8.014860E1	-7.668728E-1
9.360000E0	8.040467E1	-4.738870E-1
9.380000E0	8.064689E1	-2.888554E-1
9.400000E0	8.061989E1	-4.037436E-1
9.420000E0	8.072575E1	-7.572408E-1
9.440000E0	8.101964E1	-1.098811E0
9.460000E0	8.148401E1	-1.212954E0
9.480000E0	8.181873E1	-1.075462E0
9.500000E0	8.173624E1	-8.638746E-1
9.520000E0	8.164784E1	-8.390466E-1
9.540000E0	8.154382E1	-1.107538E0
9.560000E0	8.132835E1	-1.484418E0
9.580000E0	8.117711E1	-1.782615E0
9.600000E0	8.128950E1	-1.733174E0
9.620000E0	8.152608E1	-1.450977E0
9.640000E0	8.166754E1	-1.168556E0
9.660000E0	8.166487E1	-9.549194E-1
9.680000E0	8.161545E1	-9.574639E-1
9.700000E0	8.161240E1	-9.634200E-1
9.720000E0	8.157415E1	-9.848740E-1
9.740000E0	8.162668E1	-9.601751E-1
9.760000E0	8.170551E1	-7.853055E-1
9.780000E0	8.170366E1	-6.710459E-1
9.800000E0	8.172796E1	-6.080040E-1
9.820000E0	8.172650E1	-5.870459E-1
9.840000E0	8.168936E1	-5.651974E-1
9.860000E0	8.178086E1	-6.001589E-1
9.880000E0	8.219943E1	-7.291963E-1
9.900000E0	8.257898E1	-8.788567E-1
9.920000E0	8.276059E1	-1.029900E0
9.940000E0	8.282124E1	-9.714536E-1
9.960000E0	8.280278E1	-8.802871E-1
9.980000E0	8.290391E1	-8.843276E-1
1.000000E1	8.328686E1	-1.008167E0
1.002000E1	8.364250E1	-9.212068E-1
1.004000E1	8.395181E1	-7.440235E-1
1.006000E1	8.434480E1	-5.478881E-1
1.008000E1	8.458603E1	-5.159647E-1
1.010000E1	8.508092E1	-5.485013E-1
1.012000E1	8.520300E1	-5.499829E-1
1.014000E1	8.521579E1	-5.418580E-1
1.016000E1	8.513743E1	-4.401752E-1
1.018000E1	8.515640E1	-2.415384E-1
1.020000E1	8.522132E1	-1.549097E-1
1.022000E1	8.558672E1	-1.360242E-1
1.024000E1	8.587460E1	-3.742606E-1
1.026000E1	8.609051E1	-9.362648E-1
1.028000E1	8.658283E1	-1.324401E0
1.030000E1	8.700437E1	-1.464604E0
1.032000E1	8.723384E1	-1.364736E0
1.034000E1	8.745226E1	-1.370466E0
1.036000E1	8.809311E1	-1.386506E0
1.038000E1	8.869216E1	-1.410763E0
1.040000E1	8.917407E1	-1.249877E0
1.042000E1	8.928299E1	-8.157718E-1
1.044000E1	8.922192E1	-4.500140E-1
1.046000E1	8.921605E1	-2.987427E-1
1.048000E1	8.905910E1	-5.215355E-1
1.050000E1	8.901376E1	-1.010149E0
1.052000E1	8.916783E1	-1.472870E0
1.054000E1	8.952417E1	-1.562448E0
1.056000E1	8.987471E1	-1.366553E0
1.058000E1	8.975906E1	-8.080344E-1
1.060000E1	8.955784E1	-3.958641E-1
1.062000E1	8.959304E1	-3.663708E-1
1.064000E1	8.970511E1	-4.594106E-1
1.066000E1	8.990971E1	-5.698964E-1
1.068000E1	9.019956E1	-4.910587E-1
1.070000E1	9.039754E1	-3.500986E-1
1.072000E1	9.036291E1	-4.188769E-1
1.074000E1	9.030531E1	-8.896502E-1
1.076000E1	9.031733E1	-1.328838E0
1.078000E1	9.039262E1	-1.383730E0
1.080000E1	9.042775E1	-1.279025E0
1.082000E1	9.044060E1	-1.219462E0
1.084000E1	9.062312E1	-1.308280E0
1.086000E1	9.077533E1	-1.508967E0
1.088000E1	9.097492E1	-1.468847E0
1.090000E1	9.090757E1	-1.185023E0
1.092000E1	9.101730E1	-7.234779E-1
1.094000E1	9.138032E1	-5.144855E-1
1.096000E1	9.144656E1	-5.978475E-1
1.098000E1	9.149602E1	-6.450661E-1
1.100000E1	9.159567E1	-6.304715E-1
1.102000E1	9.200244E1	-5.116393E-1
1.104000E1	9.209540E1	-3.112257E-1
1.106000E1	9.240027E1	-1.661584E-1
1.108000E1	9.241053E1	7.288907E-3
1.110000E1	9.234583E1	-2.323172E-2
1.112000E1	9.240121E1	-9.378520E-2
1.114000E1	9.274630E1	-2.180913E-1
1.116000E1	9.312704E1	-1.862708E-1
1.118000E1	9.345849E1	-1.451339E-1
1.120000E1	9.373116E1	-2.309330E-1
1.122000E1	9.402908E1	-4.539256E-1
1.124000E1	9.432316E1	-8.530311E-1
1.126000E1	9.483225E1	-1.103604E0
1.128000E1	9.530007E1	-1.092079E0
1.130000E1	9.554703E1	-7.162624E-1
1.132000E1	9.545230E1	-2.833345E-1
1.134000E1	9.543209E1	-1.433655E-1
1.136000E1	9.544118E1	-1.717128E-1
1.138000E1	9.543373E1	-3.525187E-1
1.140000E1	9.525643E1	-6.365684E-1
1.142000E1	9.513443E1	-8.964790E-1
1.144000E1	9.516817E1	-1.102708E0
1.146000E1	9.541937E1	-1.101964E0
1.148000E1	9.592290E1	-1.051181E0
1.150000E1	9.634172E1	-7.528870E-1
1.152000E1	9.626744E1	-6.102595E-1
1.154000E1	9.621984E1	-8.294910E-1
1.156000E1	9.630255E1	-1.091125E0
1.158000E1	9.632483E1	-1.054957E0
1.160000E1	9.637033E1	-8.921609E-1
1.162000E1	9.638444E1	-8.303165E-1
1.164000E1	9.639255E1	-8.956185E-1
1.166000E1	9.639274E1	-9.748007E-1
1.168000E1	9.646494E1	-1.182516E0
1.170000E1	9.689874E1	-1.294470E0
1.172000E1	9.774865E1	-1.225597E0
1.174000E1	9.865975E1	-1.164748E0
1.176000E1	9.927030E1	-1.049629E0
1.178000E1	9.963168E1	-8.557044E-1
1.180000E1	9.930960E1	-5.691622E-1
1.182000E1	9.919823E1	-5.990520E-1
1.184000E1	9.937619E1	-9.530664E-1
1.186000E1	9.975919E1	-1.183086E0
1.188000E1	9.984971E1	-1.139215E0
1.190000E1	1.000037E2	-8.897274E-1
1.192000E1	1.000224E2	-5.379710E-1
1.194000E1	1.001060E2	-2.709231E-1
1.196000E1	1.001233E2	-1.665440E-1
1.198000E1	1.004468E2	-9.445984E-2
1.200000E1	1.007478E2	-2.233224E-1
1.202000E1	1.008424E2	-3.134143E-1
1.204000E1	1.008497E2	-6.407347E-1
1.206000E1	1.008378E2	-8.751567E-1
1.208000E1	1.009300E2	-9.287494E-1
1.210000E1	1.009719E2	-9.123327E-1
1.212000E1	1.009614E2	-9.290790E-1
1.214000E1	1.010476E2	-1.059025E0
1.216000E1	1.014659E2	-1.313255E0
1.218000E1	1.019655E2	-1.395133E0
1.220000E1	1.019699E2	-1.271632E0
1.222000E1	1.019542E2	-1.005638E0
1.224000E1	1.018401E2	-8.622942E-1
1.226000E1	1.018762E2	-8.794708E-1
1.228000E1	1.018870E2	-9.533644E-1
1.230000E1	1.017014E2	-1.224728E0
1.232000E1	1.015362E2	-1.646328E0
1.234000E1	1.017580E2	-1.639607E0
1.236000E1	1.021310E2	-1.281159E0
1.238000E1	1.026415E2	-4.872056E-1
1.240000E1	1.028609E2	6.022549E-2
1.242000E1	1.026696E2	1.490057E-1
1.244000E1	1.024730E2	-2.528970E-1
1.246000E1	1.026802E2	-6.394486E-1
1.248000E1	1.027983E2	-7.391727E-1
1.250000E1	1.028808E2	-6.923292E-1
1.252000E1	1.029266E2	-6.431087E-1
1.254000E1	1.029770E2	-6.317995E-1
1.256000E1	1.031414E2	-6.257676E-1
1.258000E1	1.031617E2	-7.145618E-1
1.260000E1	1.032744E2	-7.532326E-1
1.262000E1	1.038145E2	-7.012193E-1
1.264000E1	1.045005E2	-7.187292E-1
1.266000E1	1.049951E2	-6.708178E-1
1.268000E1	1.050323E2	-6.065743E-1
1.270000E1	1.048759E2	-4.387701E-1
1.272000E1	1.047034E2	-4.407084E-1
1.274000E1	1.048372E2	-4.995117E-1
1.276000E1	1.053095E2	-5.163201E-1
1.278000E1	1.056984E2	-7.451556E-1
1.280000E1	1.059669E2	-9.738318E-1
1.282000E1	1.062771E2	-1.168105E0
1.284000E1	1.063313E2	-1.188180E0
1.286000E1	1.064238E2	-1.152499E0
1.288000E1	1.065105E2	-1.076418E0
1.290000E1	1.065686E2	-1.000182E0
1.292000E1	1.067124E2	-9.352477E-1
1.294000E1	1.069623E2	-9.659573E-1
1.296000E1	1.074134E2	-9.996548E-1
1.298000E1	1.078644E2	-1.013585E0
1.300000E1	1.084139E2	-9.647214E-1
1.302000E1	1.090199E2	-8.511688E-1
1.304000E1	1.095262E2	-7.798861E-1
1.306000E1	1.099430E2	-7.473801E-1
1.308000E1	1.103327E2	-8.600801E-1
1.310000E1	1.105443E2	-1.206634E0
1.312000E1	1.103520E2	-1.456796E0
1.314000E1	1.101482E2	-1.348952E0
1.316000E1	1.102656E2	-1.127424E0
1.318000E1	1.102434E2	-9.510885E-1
1.320000E1	1.097272E2	-9.482555E-1
1.322000E1	1.092527E2	-1.037538E0
1.324000E1	1.092657E2	-1.194285E0
1.326000E1	1.097172E2	-1.249306E0
1.328000E1	1.101592E2	-1.145250E0
1.330000E1	1.105151E2	-6.815368E-1
1.332000E1	1.105840E2	-4.312827E-1
1.334000E1	1.104617E2	-7.988272E-1
1.336000E1	1.104695E2	-1.245789E0
1.338000E1	1.104760E2	-1.192902E0
1.340000E1	1.105805E2	-9.449056E-1
1.342000E1	1.105853E2	-9.624925E-1
1.344000E1	1.106168E2	-1.003061E0
1.346000E1	1.106257E2	-1.086723E0
1.348000E1	1.105673E2	-1.149902E0
1.350000E1	1.106062E2	-1.202277E0
1.352000E1	1.108105E2	-1.236132E0
1.354000E1	1.108208E2	-1.203415E0
1.356000E1	1.110430E2	-1.164157E0
1.358000E1	1.112082E2	-1.096886E0
1.360000E1	1.113601E2	-9.391321E-1
1.362000E1	1.113510E2	-8.873199E-1
1.364000E1	1.114568E2	-6.948020E-1
1.366000E1	1.119644E2	-3.317574E-1
1.368000E1	1.123984E2	-3.680411E-1
1.370000E1	1.126496E2	-4.975326E-1
1.372000E1	1.127842E2	-6.369005E-1
1.374000E1	1.131004E2	-7.921355E-1
1.376000E1	1.131383E2	-8.514525E-1
1.378000E1	1.131734E2	-8.558811E-1
1.380000E1	1.132872E2	-8.823373E-1
1.382000E1	1.133421E2	-9.951699E-1
1.384000E1	1.135143E2	-1.035457E0
1.386000E1	1.137509E2	-9.855492E-1
1.388000E1	1.139726E2	-8.477159E-1
1.390000E1	1.143105E2	-6.857814E-1
1.392000E1	1.145871E2	-4.341782E-1
1.394000E1	1.150585E2	-3.570937E-1
1.396000E1	1.155176E2	-4.040041E-1
1.398000E1	1.157938E2	-7.016627E-1
1.400000E1	1.159566E2	-1.059955E0
1.402000E1	1.160016E2	-1.225926E0
1.404000E1	1.160828E2	-1.189596E0
1.406000E1	1.164075E2	-1.212496E0
1.408000E1	1.165305E2	-1.135473E0
1.410000E1	1.165717E2	-1.168987E0
1.412000E1	1.163397E2	-1.486612E0
1.414000E1	1.161417E2	-1.843707E0
1.416000E1	1.163149E2	-2.056876E0
1.418000E1	1.165075E2	-1.923251E0
1.420000E1	1.167248E2	-1.608436E0
1.422000E1	1.168625E2	-1.207021E0
1.424000E1	1.168058E2	-1.073454E0
1.426000E1	1.167946E2	-1.099635E0
1.428000E1	1.169094E2	-1.337115E0
1.430000E1	1.169415E2	-1.503684E0
1.432000E1	1.171917E2	-1.285600E0
1.434000E1	1.175458E2	-9.180662E-1
1.436000E1	1.181212E2	-6.970984E-1
1.438000E1	1.187234E2	-6.406781E-1
1.440000E1	1.189013E2	-7.217694E-1
1.442000E1	1.188876E2	-9.485235E-1
1.444000E1	1.189695E2	-1.291864E0
1.446000E1	1.190125E2	-1.482360E0
1.448000E1	1.192231E2	-1.691509E0
1.450000E1	1.194857E2	-1.644173E0
1.452000E1	1.196025E2	-1.462625E0
1.454000E1	1.196977E2	-1.001691E0
1.456000E1	1.197177E2	-5.031318E-1
1.458000E1	1.200890E2	-2.746492E-1
1.460000E1	1.206799E2	-3.554552E-1
1.462000E1	1.208945E2	-8.765012E-1
1.464000E1	1.210314E2	-1.236879E0
1.466000E1	1.210085E2	-1.253218E0
1.468000E1	1.209764E2	-1.199387E0
1.470000E1	1.209632E2	-1.128513E0
1.472000E1	1.209800E2	-1.077418E0
1.474000E1	1.209440E2	-1.080912E0
1.476000E1	1.209536E2	-1.061752E0
1.478000E1	1.211358E2	-1.026232E0
1.480000E1	1.212817E2	-1.061571E0
1.482000E1	1.213150E2	-1.069432E0
1.484000E1	1.213401E2	-1.109972E0
1.486000E1	1.213589E2	-1.124012E0
1.488000E1	1.214756E2	-1.212446E0
1.490000E1	1.218934E2	-1.120261E0
1.492000E1	1.223835E2	-1.076683E0
1.494000E1	1.227938E2	-9.001036E-1
1.496000E1	1.227129E2	-6.641570E-1
1.498000E1	1.227122E2	-4.310548E-1
1.500000E1	1.227764E2	-4.194200E-1
1.502000E1	1.228070E2	-4.925588E-1
1.504000E1	1.227093E2	-7.239928E-1
1.506000E1	1.226590E2	-9.428718E-1
1.508000E1	1.227579E2	-1.043503E0
1.510000E1	1.232354E2	-1.037107E0
1.512000E1	1.237741E2	-1.017254E0
1.514000E1	1.237217E2	-8.630208E-1
1.516000E1	1.235882E2	-9.238046E-1
1.518000E1	1.235812E2	-9.871968E-1
1.520000E1	1.235706E2	-1.007826E0
1.522000E1	1.235787E2	-9.369688E-1
1.524000E1	1.238019E2	-7.868413E-1
1.526000E1	1.238090E2	-6.316230E-1
1.528000E1	1.238376E2	-4.972722E-1
1.530000E1	1.238432E2	-4.775143E-1
1.532000E1	1.239050E2	-5.315151E-1
1.534000E1	1.240216E2	-8.433499E-1
1.536000E1	1.243769E2	-1.270927E0
1.538000E1	1.248222E2	-1.567189E0
1.540000E1	1.251206E2	-1.823730E0
1.542000E1	1.250887E2	-1.885514E0
1.544000E1	1.250760E2	-1.894420E0
1.546000E1	1.252657E2	-1.739606E0
1.548000E1	1.255447E2	-1.553778E0
1.550000E1	1.257977E2	-1.600214E0
1.552000E1	1.258691E2	-1.600452E0
1.554000E1	1.259768E2	-1.621869E0
1.556000E1	1.262858E2	-1.591224E0
1.558000E1	1.268356E2	-1.555549E0
1.560000E1	1.273891E2	-1.538252E0
1.562000E1	1.278508E2	-1.510559E0
1.564000E1	1.279265E2	-1.430921E0
1.566000E1	1.282279E2	-1.141074E0
1.568000E1	1.286632E2	-9.024509E-1
1.570000E1	1.289107E2	-9.351566E-1
1.572000E1	1.289706E2	-1.240146E0
1.574000E1	1.291164E2	-1.596426E0
1.576000E1	1.292836E2	-1.794831E0
1.578000E1	1.295764E2	-1.647691E0
1.580000E1	1.297912E2	-1.558298E0
1.582000E1	1.300300E2	-1.527731E0
1.584000E1	1.301364E2	-1.469593E0
1.586000E1	1.300419E2	-1.472233E0
1.588000E1	1.299727E2	-1.402542E0
1.590000E1	1.300168E2	-1.295266E0
1.592000E1	1.302254E2	-1.095284E0
1.594000E1	1.300695E2	-1.221819E0
1.596000E1	1.298583E2	-1.612380E0
1.598000E1	1.300365E2	-2.093187E0
1.600000E1	1.300728E2	-2.048464E0
1.602000E1	1.302095E2	-1.669194E0
1.604000E1	1.303002E2	-1.227453E0
1.606000E1	1.303641E2	-9.425227E-1
1.608000E1	1.303621E2	-1.040934E0
1.610000E1	1.303210E2	-1.317008E0
1.612000E1	1.304084E2	-1.458687E0
1.614000E1	1.304783E2	-1.288308E0
1.616000E1	1.304529E2	-1.041925E0
1.618000E1	1.305437E2	-9.388313E-1
1.620000E1	1.305405E2	-9.474509E-1
1.622000E1	1.303872E2	-1.097533E0
1.624000E1	1.306142E2	-1.293104E0
1.626000E1	1.310328E2	-1.217150E0
1.628000E1	1.313117E2	-1.055257E0
1.630000E1	1.314424E2	-9.738465E-1
1.632000E1	1.314880E2	-9.816056E-1
1.634000E1	1.316553E2	-1.040048E0
1.636000E1	1.317264E2	-9.995221E-1
1.638000E1	1.318589E2	-7.517245E-1
1.640000E1	1.322321E2	-5.992161E-1
1.642000E1	1.325624E2	-8.199730E-1
1.644000E1	1.328594E2	-1.271608E0
1.646000E1	1.331648E2	-1.449958E0
1.648000E1	1.333900E2	-1.269199E0
1.650000E1	1.335841E2	-9.721299E-1
1.652000E1	1.337163E2	-7.302239E-1
1.654000E1	1.336977E2	-5.051034E-1
1.656000E1	1.337132E2	-4.600884E-1
1.658000E1	1.338789E2	-4.443470E-1
1.660000E1	1.341154E2	-5.315435E-1
1.662000E1	1.341623E2	-7.578495E-1
1.664000E1	1.344694E2	-9.767985E-1
1.666000E1	1.348661E2	-1.219202E0
1.668000E1	1.352265E2	-1.446005E0
1.670000E1	1.356179E2	-1.568879E0
1.672000E1	1.360529E2	-1.653421E0
1.674000E1	1.362931E2	-1.704516E0
1.676000E1	1.362589E2	-1.632610E0
1.678000E1	1.361830E2	-1.585123E0
1.680000E1	1.361943E2	-1.574847E0
1.682000E1	1.362214E2	-1.563052E0
1.684000E1	1.362099E2	-1.503536E0
1.686000E1	1.360239E2	-1.565856E0
1.688000E1	1.358550E2	-1.791692E0
1.690000E1	1.359290E2	-1.850782E0
1.692000E1	1.364789E2	-1.829963E0
1.694000E1	1.371671E2	-1.589831E0
1.696000E1	1.377962E2	-1.173013E0
1.698000E1	1.378785E2	-5.571350E-1
1.700000E1	1.375843E2	-4.237684E-1
1.702000E1	1.376951E2	-6.829261E-1
1.704000E1	1.378393E2	-1.274697E0
1.706000E1	1.378446E2	-1.590822E0
1.708000E1	1.377785E2	-1.540837E0
1.710000E1	1.377850E2	-1.221562E0
1.712000E1	1.377404E2	-1.080716E0
1.714000E1	1.375681E2	-9.327538E-1
1.716000E1	1.376057E2	-9.699572E-1
1.718000E1	1.379788E2	-1.011278E0
1.720000E1	1.385458E2	-1.108822E0
1.722000E1	1.392971E2	-1.259379E0
1.724000E1	1.397302E2	-1.305928E0
1.726000E1	1.397655E2	-1.607798E0
1.728000E1	1.395487E2	-1.772828E0
1.730000E1	1.395941E2	-1.710539E0
1.732000E1	1.398391E2	-1.479960E0
1.734000E1	1.398367E2	-1.388320E0
1.736000E1	1.398679E2	-1.477835E0
1.738000E1	1.399284E2	-1.637912E0
1.740000E1	1.400686E2	-1.598882E0
1.742000E1	1.401777E2	-1.508370E0
1.744000E1	1.402008E2	-1.490967E0
1.746000E1	1.402669E2	-1.436760E0
1.748000E1	1.402138E2	-1.359266E0
1.750000E1	1.402873E2	-1.245799E0
1.752000E1	1.403717E2	-1.085546E0
1.754000E1	1.404116E2	-1.070365E0
1.756000E1	1.406057E2	-1.027918E0
1.758000E1	1.410489E2	-9.777067E-1
1.760000E1	1.414887E2	-8.521497E-1
1.762000E1	1.421011E2	-8.176928E-1
1.764000E1	1.426274E2	-9.866455E-1
1.766000E1	1.430208E2	-1.205542E0
1.768000E1	1.429406E2	-1.221774E0
1.770000E1	1.428204E2	-1.240219E0
1.772000E1	1.428185E2	-1.264658E0
1.774000E1	1.428076E2	-1.517343E0
1.776000E1	1.427604E2	-1.833372E0
1.778000E1	1.426440E2	-2.129619E0
1.780000E1	1.427190E2	-2.229902E0
1.782000E1	1.430222E2	-2.059300E0
1.784000E1	1.435334E2	-1.619361E0
1.786000E1	1.440330E2	-8.409356E-1
1.788000E1	1.438867E2	-3.357677E-1
1.790000E1	1.436974E2	-2.320035E-1
1.792000E1	1.438276E2	-5.303338E-1
1.794000E1	1.439540E2	-1.149261E0
1.796000E1	1.437986E2	-1.676407E0
1.798000E1	1.439980E2	-1.927149E0
1.800000E1	1.441925E2	-1.827839E0
1.802000E1	1.443556E2	-1.618094E0
1.804000E1	1.443200E2	-1.581406E0
1.806000E1	1.443354E2	-1.998546E0
1.808000E1	1.444663E2	-2.503122E0
1.810000E1	1.447658E2	-2.593751E0
1.812000E1	1.449118E2	-2.524545E0
1.814000E1	1.449830E2	-2.438340E0
1.816000E1	1.451203E2	-2.313632E0
1.818000E1	1.453811E2	-2.191994E0
1.820000E1	1.458269E2	-2.150388E0
1.822000E1	1.464163E2	-1.947280E0
1.824000E1	1.469104E2	-1.698567E0
1.826000E1	1.473863E2	-1.560246E0
1.828000E1	1.478415E2	-1.512472E0
1.830000E1	1.481157E2	-1.609949E0
1.832000E1	1.483189E2	-1.798873E0
1.834000E1	1.482549E2	-1.933494E0
1.836000E1	1.482873E2	-1.975996E0
1.838000E1	1.484521E2	-1.860015E0
1.840000E1	1.486513E2	-1.737006E0
1.842000E1	1.487716E2	-1.650868E0
1.844000E1	1.488517E2	-1.608542E0
1.846000E1	1.490040E2	-1.525102E0
1.848000E1	1.491595E2	-1.545041E0
1.850000E1	1.493529E2	-1.642901E0
1.852000E1	1.496033E2	-1.817497E0
1.854000E1	1.499411E2	-2.100167E0
1.856000E1	1.504397E2	-2.227580E0
1.858000E1	1.504218E2	-2.281580E0
1.860000E1	1.502495E2	-2.239349E0
1.862000E1	1.502673E2	-2.182318E0
1.864000E1	1.502532E2	-2.110122E0
1.866000E1	1.502228E2	-2.138245E0
1.868000E1	1.500799E2	-2.286348E0
1.870000E1	1.500057E2	-2.518344E0
1.872000E1	1.499952E2	-2.570220E0
1.874000E1	1.500885E2	-2.499521E0
1.876000E1	1.500847E2	-2.213747E0
1.878000E1	1.501473E2	-1.871013E0
1.880000E1	1.502455E2	-1.753505E0
1.882000E1	1.502366E2	-1.687080E0
1.884000E1	1.502819E2	-1.807122E0
1.886000E1	1.503571E2	-1.756913E0
1.888000E1	1.504881E2	-1.546868E0
1.890000E1	1.505450E2	-1.296919E0
1.892000E1	1.505885E2	-1.127702E0
1.894000E1	1.505937E2	-1.119556E0
1.896000E1	1.505588E2	-1.301544E0
1.898000E1	1.507887E2	-1.674129E0
1.900000E1	1.511562E2	-1.942722E0
1.902000E1	1.515973E2	-2.150210E0
1.904000E1	1.519668E2	-2.160701E0
1.906000E1	1.519535E2	-2.122215E0
1.908000E1	1.519525E2	-1.901991E0
1.910000E1	1.519798E2	-1.721339E0
1.912000E1	1.522877E2	-1.486544E0
1.914000E1	1.528199E2	-1.343543E0
1.916000E1	1.532056E2	-1.304806E0
1.918000E1	1.536149E2	-1.464716E0
1.920000E1	1.536111E2	-1.704260E0
1.922000E1	1.536744E2	-1.780983E0
1.924000E1	1.536683E2	-1.737874E0
1.926000E1	1.537348E2	-1.709556E0
1.928000E1	1.541177E2	-1.745275E0
1.930000E1	1.543574E2	-1.933972E0
1.932000E1	1.547296E2	-2.018225E0
1.934000E1	1.547526E2	-2.018331E0
1.936000E1	1.548430E2	-2.030948E0
1.938000E1	1.549901E2	-2.056857E0
1.940000E1	1.553781E2	-2.125730E0
1.942000E1	1.555466E2	-2.156907E0
1.944000E1	1.559538E2	-2.146089E0
1.946000E1	1.565445E2	-2.274837E0
1.948000E1	1.573154E2	-2.305983E0
1.950000E1	1.578815E2	-2.241772E0
1.952000E1	1.580016E2	-1.934144E0
1.954000E1	1.578598E2	-1.607093E0
1.956000E1	1.580385E2	-1.419489E0
1.958000E1	1.580836E2	-1.539978E0
1.960000E1	1.578629E2	-1.993543E0
1.962000E1	1.576518E2	-2.426255E0
1.964000E1	1.578627E2	-2.607384E0
1.966000E1	1.582622E2	-2.471306E0
1.968000E1	1.583886E2	-2.194069E0
1.970000E1	1.583018E2	-1.660565E0
1.972000E1	1.581733E2	-1.319316E0
1.974000E1	1.581745E2	-1.286548E0
1.976000E1	1.582339E2	-1.275705E0
1.978000E1	1.584291E2	-1.422506E0
1.980000E1	1.587189E2	-1.454674E0
1.982000E1	1.587132E2	-1.476710E0
1.984000E1	1.586722E2	-1.557025E0
1.986000E1	1.586683E2	-2.015305E0
1.988000E1	1.585807E2	-2.129579E0
1.990000E1	1.587052E2	-2.106539E0
1.992000E1	1.587118E2	-2.094213E0
1.994000E1	1.588218E2	-2.242052E0
1.996000E1	1.590378E2	-2.427809E0
1.998000E1	1.591531E2	-2.581918E0
2.000000E1	1.592178E2	-2.482746E0
2.002000E1	1.591435E2	-2.092947E0
2.004000E1	1.593664E2	-1.705471E0
2.006000E1	1.596182E2	-1.515448E0
2.008000E1	1.598235E2	-1.593282E0
2.010000E1	1.599149E2	-1.639816E0
2.012000E1	1.601283E2	-1.705440E0
2.014000E1	1.604249E2	-1.582212E0
2.016000E1	1.606589E2	-1.474207E0
2.018000E1	1.607158E2	-1.401181E0
2.020000E1	1.608182E2	-1.176433E0
2.022000E1	1.607572E2	-1.134518E0
2.024000E1	1.607743E2	-1.116913E0
2.026000E1	1.608300E2	-1.219502E0
2.028000E1	1.611670E2	-1.485300E0
2.030000E1	1.616432E2	-1.824913E0
2.032000E1	1.620156E2	-1.954760E0
2.034000E1	1.623142E2	-1.975456E0
2.036000E1	1.628107E2	-1.883152E0
2.038000E1	1.632702E2	-1.811419E0
2.040000E1	1.634638E2	-1.809454E0
2.042000E1	1.634565E2	-1.659335E0
2.044000E1	1.634749E2	-1.591856E0
2.046000E1	1.634990E2	-1.581745E0
2.048000E1	1.635458E2	-1.687791E0
2.050000E1	1.635587E2	-1.764234E0
2.052000E1	1.634351E2	-2.073017E0
2.054000E1	1.636368E2	-2.442725E0
2.056000E1	1.639918E2	-2.606371E0
2.058000E1	1.645212E2	-2.353596E0
2.060000E1	1.646667E2	-1.980033E0
2.062000E1	1.644455E2	-1.949493E0
2.064000E1	1.644473E2	-2.177009E0
2.066000E1	1.645531E2	-2.305648E0
2.068000E1	1.646135E2	-2.240845E0
2.070000E1	1.647334E2	-2.095999E0
2.072000E1	1.647999E2	-2.088831E0
2.074000E1	1.650909E2	-2.132515E0
2.076000E1	1.655856E2	-2.093063E0
2.078000E1	1.659008E2	-2.000360E0
2.080000E1	1.662572E2	-2.007563E0
2.082000E1	1.668381E2	-2.035175E0
2.084000E1	1.673565E2	-2.243277E0
2.086000E1	1.676123E2	-2.520362E0
2.088000E1	1.675988E2	-2.779251E0
2.090000E1	1.673937E2	-2.672528E0
2.092000E1	1.673974E2	-2.388989E0
2.094000E1	1.675243E2	-2.124014E0
2.096000E1	1.678090E2	-1.902717E0
2.098000E1	1.680692E2	-1.822371E0
2.100000E1	1.681398E2	-1.874493E0
2.102000E1	1.682372E2	-1.875780E0
2.104000E1	1.684321E2	-1.879516E0
2.106000E1	1.687745E2	-1.908595E0
2.108000E1	1.689292E2	-1.931260E0
2.110000E1	1.690040E2	-2.153809E0
2.112000E1	1.689392E2	-2.427163E0
2.114000E1	1.690171E2	-2.559163E0
2.116000E1	1.691117E2	-2.393979E0
2.118000E1	1.691485E2	-2.333850E0
2.120000E1	1.692157E2	-2.366920E0
2.122000E1	1.693907E2	-2.531050E0
2.124000E1	1.694058E2	-2.549531E0
2.126000E1	1.695450E2	-2.588040E0
2.128000E1	1.699144E2	-2.633962E0
2.130000E1	1.700386E2	-2.522182E0
2.132000E1	1.701298E2	-2.446942E0
2.134000E1	1.701499E2	-2.340972E0
2.136000E1	1.701488E2	-2.274393E0
2.138000E1	1.701779E2	-2.148429E0
2.140000E1	1.701623E2	-2.136190E0
2.142000E1	1.700984E2	-2.157320E0
2.144000E1	1.701190E2	-2.246238E0
2.146000E1	1.703276E2	-2.152992E0
2.148000E1	1.708354E2	-1.934513E0
2.150000E1	1.713958E2	-1.581938E0
2.152000E1	1.713286E2	-1.104807E0
2.154000E1	1.710810E2	-9.272482E-1
2.156000E1	1.712127E2	-1.258477E0
2.158000E1	1.712837E2	-2.048621E0
2.160000E1	1.712557E2	-2.597042E0
2.162000E1	1.713655E2	-2.390672E0
2.164000E1	1.716282E2	-1.865113E0
2.166000E1	1.718545E2	-1.501622E0
2.168000E1	1.721455E2	-1.410461E0
2.170000E1	1.722315E2	-1.628996E0
2.172000E1	1.723986E2	-1.915330E0
2.174000E1	1.727464E2	-2.179263E0
2.176000E1	1.731643E2	-2.365688E0
2.178000E1	1.733770E2	-2.520061E0
2.180000E1	1.733691E2	-2.516596E0
2.182000E1	1.733705E2	-2.486138E0
2.184000E1	1.734715E2	-2.504232E0
2.186000E1	1.739844E2	-2.507629E0
2.188000E1	1.742309E2	-2.518695E0
2.190000E1	1.742652E2	-2.523691E0
2.192000E1	1.743597E2	-2.557365E0
2.194000E1	1.747644E2	-2.571507E0
2.196000E1	1.752528E2	-2.494139E0
2.198000E1	1.758601E2	-2.409483E0
2.200000E1	1.763172E2	-2.206470E0
2.202000E1	1.764622E2	-2.001774E0
2.204000E1	1.767351E2	-1.747833E0
2.206000E1	1.771351E2	-1.598171E0
2.208000E1	1.773281E2	-1.755243E0
2.210000E1	1.773897E2	-2.074356E0
2.212000E1	1.774812E2	-2.292541E0
2.214000E1	1.775762E2	-2.251976E0
2.216000E1	1.779218E2	-2.107791E0
2.218000E1	1.782378E2	-1.978377E0
2.220000E1	1.784568E2	-2.081772E0
2.222000E1	1.785650E2	-2.057265E0
2.224000E1	1.784246E2	-2.117811E0
2.226000E1	1.783306E2	-2.078731E0
2.228000E1	1.782972E2	-2.007370E0
2.230000E1	1.785686E2	-1.808599E0
2.232000E1	1.787189E2	-1.607435E0
2.234000E1	1.785748E2	-1.781583E0
2.236000E1	1.783927E2	-2.259831E0
2.238000E1	1.785218E2	-2.612604E0
2.240000E1	1.787482E2	-2.553707E0
2.242000E1	1.788707E2	-2.334379E0
2.244000E1	1.788572E2	-1.983860E0
2.246000E1	1.788577E2	-1.916717E0
2.248000E1	1.788739E2	-2.015619E0
2.250000E1	1.788850E2	-2.294175E0
2.252000E1	1.789123E2	-2.229347E0
2.254000E1	1.789310E2	-1.988411E0
2.256000E1	1.789198E2	-1.975285E0
2.258000E1	1.789151E2	-1.978465E0
2.260000E1	1.789249E2	-2.004888E0
2.262000E1	1.788638E2	-2.052955E0
2.264000E1	1.790965E2	-2.209175E0
2.266000E1	1.794462E2	-2.152080E0
2.268000E1	1.797811E2	-2.125682E0
2.270000E1	1.799707E2	-2.049796E0
2.272000E1	1.801399E2	-2.008203E0
2.274000E1	1.803678E2	-2.001820E0
2.276000E1	1.804662E2	-1.925497E0
2.278000E1	1.804776E2	-1.696528E0
2.280000E1	1.807818E2	-1.526169E0
2.282000E1	1.811682E2	-1.805984E0
2.284000E1	1.816946E2	-2.134181E0
2.286000E1	1.819922E2	-2.321793E0
2.288000E1	1.820514E2	-2.195889E0
2.290000E1	1.820802E2	-1.912680E0
2.292000E1	1.821005E2	-1.602737E0
2.294000E1	1.822414E2	-1.374665E0
2.296000E1	1.823943E2	-1.371616E0
2.298000E1	1.826349E2	-1.481544E0
2.300000E1	1.826411E2	-1.738370E0
2.302000E1	1.828555E2	-1.923838E0
2.304000E1	1.833432E2	-2.172958E0
2.306000E1	1.839122E2	-2.328872E0
2.308000E1	1.844980E2	-2.503225E0
2.310000E1	1.849263E2	-2.616394E0
2.312000E1	1.849824E2	-2.624342E0
2.314000E1	1.850116E2	-2.607682E0
2.316000E1	1.851246E2	-2.543435E0
2.318000E1	1.853577E2	-2.329820E0
2.320000E1	1.857919E2	-2.137584E0
2.322000E1	1.858104E2	-1.940815E0
2.324000E1	1.855597E2	-1.981930E0
2.326000E1	1.855080E2	-2.117546E0
2.328000E1	1.857535E2	-2.196892E0
2.330000E1	1.861939E2	-2.188963E0
2.332000E1	1.865953E2	-2.079023E0
2.334000E1	1.866117E2	-1.913159E0
2.336000E1	1.863768E2	-1.919434E0
2.338000E1	1.865124E2	-2.102191E0
2.340000E1	1.865365E2	-2.203520E0
2.342000E1	1.865478E2	-2.089054E0
2.344000E1	1.865565E2	-1.880123E0
2.346000E1	1.865688E2	-1.718187E0
2.348000E1	1.866057E2	-1.569255E0
2.350000E1	1.866596E2	-1.492558E0
2.352000E1	1.865999E2	-1.446087E0
2.354000E1	1.867076E2	-1.460592E0
2.356000E1	1.872106E2	-1.593215E0
2.358000E1	1.877994E2	-1.953643E0
2.360000E1	1.880204E2	-2.570398E0
2.362000E1	1.879197E2	-3.017877E0
2.364000E1	1.878368E2	-3.010801E0
2.366000E1	1.878190E2	-2.540609E0
2.368000E1	1.878421E2	-1.985934E0
2.370000E1	1.879892E2	-1.829414E0
2.372000E1	1.881800E2	-2.082694E0
2.374000E1	1.881658E2	-2.322583E0
2.376000E1	1.881639E2	-2.379063E0
2.378000E1	1.882754E2	-2.216800E0
2.380000E1	1.882881E2	-1.998126E0
2.382000E1	1.882836E2	-1.977733E0
2.384000E1	1.882110E2	-1.961554E0
2.386000E1	1.881788E2	-1.854250E0
2.388000E1	1.881804E2	-1.878492E0
2.390000E1	1.882862E2	-1.816458E0
2.392000E1	1.883542E2	-1.735507E0
2.394000E1	1.887138E2	-1.564703E0
2.396000E1	1.891866E2	-1.509335E0
2.398000E1	1.896190E2	-1.454465E0
2.400000E1	1.900849E2	-1.481327E0
