	mass A		
t	x	y	
0.000000E0	2.550112E-2	-2.550112E-2
2.000000E-2	-1.517235E-1	-3.874438E-1
4.000000E-2	-2.386989E-1	-7.536170E-1
6.000000E-2	-7.404197E-2	-1.058101E0
8.000000E-2	4.328221E-1	-1.083328E0
1.000000E-1	1.059354E0	-8.672258E-1
1.200000E-1	9.202812E-1	-5.738815E-1
1.400000E-1	6.837948E-1	-5.628019E-1
1.600000E-1	7.143182E-1	-8.249884E-1
1.800000E-1	9.155667E-1	-9.538668E-1
2.000000E-1	1.124197E0	-8.021801E-1
2.200000E-1	1.265404E0	-5.571243E-1
2.400000E-1	1.773015E0	-3.849529E-1
2.600000E-1	2.276249E0	-3.490262E-1
2.800000E-1	2.606358E0	-3.864128E-1
3.000000E-1	2.873395E0	-8.035521E-1
3.200000E-1	2.977873E0	-1.130360E0
3.400000E-1	3.065414E0	-1.420722E0
3.600000E-1	3.136430E0	-1.580390E0
3.800000E-1	3.299629E0	-1.468918E0
4.000000E-1	3.455584E0	-1.116964E0
4.200000E-1	3.676151E0	-7.925250E-1
4.400000E-1	3.735459E0	-5.074423E-1
4.600000E-1	3.907773E0	-3.327461E-1
4.800000E-1	4.398650E0	-3.856984E-1
5.000000E-1	4.931628E0	-4.595971E-1
5.200000E-1	5.184108E0	-6.568275E-1
5.400000E-1	5.254437E0	-7.692624E-1
5.600000E-1	5.218662E0	-9.423113E-1
5.800000E-1	5.206211E0	-1.048437E0
6.000000E-1	5.241625E0	-1.032357E0
6.200000E-1	5.249920E0	-8.751168E-1
6.400000E-1	5.210506E0	-8.851800E-1
6.600000E-1	5.218852E0	-9.313371E-1
6.800000E-1	5.275600E0	-9.647698E-1
7.000000E-1	5.355703E0	-9.731750E-1
7.200000E-1	5.373164E0	-9.833904E-1
7.400000E-1	5.417711E0	-1.042884E0
7.600000E-1	5.499621E0	-1.069366E0
7.800000E-1	5.642079E0	-1.139094E0
8.000000E-1	5.912498E0	-1.052576E0
8.200000E-1	6.360764E0	-1.013685E0
8.400000E-1	6.674890E0	-8.312680E-1
8.600000E-1	6.660376E0	-7.308492E-1
8.800000E-1	6.567042E0	-5.097078E-1
9.000000E-1	6.619698E0	-4.324838E-1
9.200000E-1	6.636141E0	-4.468993E-1
9.400000E-1	6.603205E0	-4.402397E-1
9.600000E-1	6.605032E0	-5.329424E-1
9.800000E-1	6.840125E0	-6.367957E-1
1.000000E0	7.204665E0	-6.398623E-1
1.020000E0	7.573337E0	-4.935645E-1
1.040000E0	7.801010E0	-3.624713E-1
1.060000E0	7.717221E0	-4.966770E-1
1.080000E0	7.598926E0	-7.999907E-1
1.100000E0	7.679434E0	-9.303695E-1
1.120000E0	7.787056E0	-7.531460E-1
1.140000E0	7.898052E0	-3.138768E-1
1.160000E0	8.037335E0	4.572999E-2
1.180000E0	8.288888E0	5.626700E-2
1.200000E0	8.598492E0	-1.992403E-2
1.220000E0	8.578366E0	-2.823893E-1
1.240000E0	8.706151E0	-7.641805E-1
1.260000E0	9.053488E0	-1.062049E0
1.280000E0	9.547439E0	-1.272919E0
1.300000E0	1.003220E1	-1.437234E0
1.320000E0	1.046656E1	-1.520456E0
1.340000E0	1.017591E1	-1.433490E0
1.360000E0	1.016765E1	-1.236599E0
1.380000E0	1.042359E1	-8.995666E-1
1.400000E0	1.096391E1	-6.331394E-1
1.420000E0	1.179925E1	-5.498387E-1
1.440000E0	1.230198E1	-5.331449E-1
1.460000E0	1.267971E1	-5.303860E-1
1.480000E0	1.272229E1	-5.015574E-1
1.500000E0	1.274070E1	-5.098183E-1
1.520000E0	1.290245E1	-5.965056E-1
1.540000E0	1.292374E1	-7.088055E-1
1.560000E0	1.294864E1	-7.021864E-1
1.580000E0	1.295309E1	-6.633053E-1
1.600000E0	1.305411E1	-5.477001E-1
1.620000E0	1.340679E1	-4.283866E-1
1.640000E0	1.359799E1	-3.925936E-1
1.660000E0	1.368799E1	-4.695903E-1
1.680000E0	1.379793E1	-6.516529E-1
1.700000E0	1.419445E1	-8.612510E-1
1.720000E0	1.473853E1	-9.753147E-1
1.740000E0	1.517260E1	-1.011795E0
1.760000E0	1.506637E1	-9.881949E-1
1.780000E0	1.487116E1	-9.956447E-1
1.800000E0	1.487919E1	-1.016902E0
1.820000E0	1.475721E1	-1.172930E0
1.840000E0	1.448430E1	-1.384620E0
1.860000E0	1.438003E1	-1.571897E0
1.880000E0	1.456832E1	-1.465536E0
1.900000E0	1.476304E1	-1.291726E0
1.920000E0	1.485402E1	-1.068220E0
1.940000E0	1.491339E1	-8.805571E-1
1.960000E0	1.485548E1	-7.939872E-1
1.980000E0	1.484703E1	-7.359169E-1
2.000000E0	1.486588E1	-6.954468E-1
2.020000E0	1.491070E1	-6.599558E-1
2.040000E0	1.493355E1	-6.137807E-1
2.060000E0	1.498320E1	-4.812842E-1
2.080000E0	1.502043E1	-3.307900E-1
2.100000E0	1.499094E1	-2.800864E-1
2.120000E0	1.497001E1	-2.009367E-1
2.140000E0	1.519567E1	-4.072288E-1
2.160000E0	1.556499E1	-6.886809E-1
2.180000E0	1.588613E1	-8.822932E-1
2.200000E0	1.602846E1	-1.023365E0
2.220000E0	1.616817E1	-9.428048E-1
2.240000E0	1.644707E1	-8.352293E-1
2.260000E0	1.654901E1	-7.911162E-1
2.280000E0	1.670937E1	-7.552780E-1
2.300000E0	1.696436E1	-5.588596E-1
2.320000E0	1.727566E1	-5.060929E-1
2.340000E0	1.774371E1	-5.646340E-1
2.360000E0	1.817120E1	-6.330223E-1
2.380000E0	1.835777E1	-6.312783E-1
2.400000E0	1.849807E1	-5.798675E-1
2.420000E0	1.859777E1	-4.643189E-1
2.440000E0	1.849644E1	-3.534506E-1
2.460000E0	1.842948E1	-2.626356E-1
2.480000E0	1.876201E1	-2.387108E-1
2.500000E0	1.926085E1	-6.235838E-1
2.520000E0	1.966973E1	-1.077745E0
2.540000E0	2.006768E1	-1.242500E0
2.560000E0	2.015188E1	-1.162561E0
2.580000E0	2.032421E1	-9.995208E-1
2.600000E0	2.053245E1	-1.012049E0
2.620000E0	2.118011E1	-1.020214E0
2.640000E0	2.212505E1	-1.051782E0
2.660000E0	2.259673E1	-9.277527E-1
2.680000E0	2.247575E1	-6.356698E-1
2.700000E0	2.224820E1	-3.820632E-1
2.720000E0	2.235316E1	-4.107166E-1
2.740000E0	2.239322E1	-7.675602E-1
2.760000E0	2.227365E1	-1.289134E0
2.780000E0	2.222967E1	-1.580579E0
2.800000E0	2.245370E1	-1.414977E0
2.820000E0	2.262355E1	-1.027139E0
2.840000E0	2.267431E1	-4.325078E-1
2.860000E0	2.258715E1	-8.423763E-2
2.880000E0	2.256014E1	-4.659396E-2
2.900000E0	2.265479E1	-2.457588E-1
2.920000E0	2.290289E1	-4.858832E-1
2.940000E0	2.308202E1	-4.823902E-1
2.960000E0	2.317396E1	-5.456837E-1
2.980000E0	2.313196E1	-6.258480E-1
3.000000E0	2.301060E1	-8.159138E-1
3.020000E0	2.286814E1	-1.057363E0
3.040000E0	2.296492E1	-1.111169E0
3.060000E0	2.335275E1	-1.098278E0
3.080000E0	2.338414E1	-1.081598E0
3.100000E0	2.339157E1	-1.114462E0
3.120000E0	2.342244E1	-1.162429E0
3.140000E0	2.350749E1	-1.165656E0
3.160000E0	2.363249E1	-1.006451E0
3.180000E0	2.367272E1	-6.441850E-1
3.200000E0	2.393138E1	-2.641915E-1
3.220000E0	2.435469E1	-1.635365E-1
3.240000E0	2.442396E1	-1.811493E-1
3.260000E0	2.461487E1	-2.791584E-1
3.280000E0	2.494982E1	-4.012617E-1
3.300000E0	2.534726E1	-4.590616E-1
3.320000E0	2.546415E1	-4.545415E-1
3.340000E0	2.561471E1	-3.637127E-1
3.360000E0	2.555931E1	-2.824456E-1
3.380000E0	2.555713E1	-1.975651E-1
3.400000E0	2.566953E1	-1.801108E-1
3.420000E0	2.606724E1	-3.634081E-1
3.440000E0	2.635917E1	-8.052442E-1
3.460000E0	2.663843E1	-1.091351E0
3.480000E0	2.684887E1	-1.112515E0
3.500000E0	2.725949E1	-1.010549E0
3.520000E0	2.777067E1	-7.864129E-1
3.540000E0	2.821711E1	-6.994801E-1
3.560000E0	2.857550E1	-6.749547E-1
3.580000E0	2.842314E1	-5.773882E-1
3.600000E0	2.841742E1	-5.008102E-1
3.620000E0	2.847278E1	-4.966141E-1
3.640000E0	2.849589E1	-5.312633E-1
3.660000E0	2.848464E1	-6.900041E-1
3.680000E0	2.828894E1	-9.878155E-1
3.700000E0	2.826806E1	-1.503458E0
3.720000E0	2.859012E1	-1.803845E0
3.740000E0	2.911934E1	-1.723096E0
3.760000E0	2.962347E1	-1.163860E0
3.780000E0	2.936430E1	-8.442690E-1
3.800000E0	2.932335E1	-1.013198E0
3.820000E0	2.940953E1	-1.397398E0
3.840000E0	2.948365E1	-1.469085E0
3.860000E0	2.967441E1	-1.283343E0
3.880000E0	2.996563E1	-9.550285E-1
3.900000E0	3.056625E1	-7.455921E-1
3.920000E0	3.116336E1	-6.519923E-1
3.940000E0	3.167755E1	-6.108523E-1
3.960000E0	3.178453E1	-8.300830E-1
3.980000E0	3.194888E1	-1.299195E0
4.000000E0	3.210755E1	-1.735116E0
4.020000E0	3.204435E1	-2.038758E0
4.040000E0	3.217549E1	-1.943639E0
4.060000E0	3.230234E1	-1.478956E0
4.080000E0	3.243668E1	-9.379263E-1
4.100000E0	3.259443E1	-4.885524E-1
4.120000E0	3.292947E1	-2.981600E-1
4.140000E0	3.327174E1	-3.636542E-1
4.160000E0	3.348566E1	-6.672332E-1
4.180000E0	3.377242E1	-1.014705E0
4.200000E0	3.393557E1	-1.288998E0
4.220000E0	3.387463E1	-1.268150E0
4.240000E0	3.384564E1	-1.232889E0
4.260000E0	3.382996E1	-1.140869E0
4.280000E0	3.378628E1	-1.086474E0
4.300000E0	3.377418E1	-1.097105E0
4.320000E0	3.386798E1	-1.102976E0
4.340000E0	3.397998E1	-1.091539E0
4.360000E0	3.417115E1	-1.042145E0
4.380000E0	3.429665E1	-1.109237E0
4.400000E0	3.429596E1	-1.130388E0
4.420000E0	3.431293E1	-1.159339E0
4.440000E0	3.462278E1	-1.185316E0
4.460000E0	3.487012E1	-1.029763E0
4.480000E0	3.524302E1	-9.292000E-1
4.500000E0	3.521826E1	-6.752235E-1
4.520000E0	3.518156E1	-5.016753E-1
4.540000E0	3.521328E1	-4.032017E-1
4.560000E0	3.520417E1	-4.262837E-1
4.580000E0	3.515238E1	-5.071119E-1
4.600000E0	3.513948E1	-7.504245E-1
4.620000E0	3.541306E1	-9.459304E-1
4.640000E0	3.580091E1	-9.669280E-1
4.660000E0	3.603681E1	-6.760196E-1
4.680000E0	3.638425E1	-3.993444E-1
4.700000E0	3.628429E1	-4.645450E-1
4.720000E0	3.616787E1	-9.625839E-1
4.740000E0	3.624067E1	-1.238687E0
4.760000E0	3.624485E1	-1.173626E0
4.780000E0	3.637243E1	-7.193351E-1
4.800000E0	3.648769E1	-3.449481E-1
4.820000E0	3.658768E1	-2.363981E-1
4.840000E0	3.689635E1	-1.973918E-1
4.860000E0	3.687304E1	-3.781957E-1
4.880000E0	3.696573E1	-7.968260E-1
4.900000E0	3.729192E1	-1.113739E0
4.920000E0	3.779269E1	-1.158768E0
4.940000E0	3.788180E1	-1.218663E0
4.960000E0	3.796289E1	-1.227763E0
4.980000E0	3.788120E1	-1.258250E0
5.000000E0	3.790112E1	-1.272764E0
5.020000E0	3.837585E1	-1.319153E0
5.040000E0	3.880137E1	-1.346846E0
5.060000E0	3.882533E1	-1.385651E0
5.080000E0	3.886440E1	-1.396747E0
5.100000E0	3.934646E1	-1.434957E0
5.120000E0	4.007868E1	-1.367430E0
5.140000E0	4.094021E1	-1.289554E0
5.160000E0	4.123931E1	-1.096596E0
5.180000E0	4.128862E1	-1.027722E0
5.200000E0	4.139903E1	-9.199831E-1
5.220000E0	4.180722E1	-9.289448E-1
5.240000E0	4.191765E1	-1.076024E0
5.260000E0	4.189699E1	-1.380981E0
5.280000E0	4.197194E1	-1.551519E0
5.300000E0	4.197907E1	-1.525074E0
5.320000E0	4.210035E1	-1.370729E0
5.340000E0	4.228465E1	-1.387421E0
5.360000E0	4.271361E1	-1.534858E0
5.380000E0	4.284734E1	-1.658866E0
5.400000E0	4.284119E1	-1.615147E0
5.420000E0	4.274923E1	-1.419335E0
5.440000E0	4.284336E1	-1.141266E0
5.460000E0	4.314475E1	-1.010944E0
5.480000E0	4.304809E1	-1.335533E0
5.500000E0	4.273394E1	-1.967982E0
5.520000E0	4.268743E1	-2.238636E0
5.540000E0	4.290579E1	-2.001785E0
5.560000E0	4.308917E1	-1.515380E0
5.580000E0	4.328485E1	-1.170909E0
5.600000E0	4.327549E1	-1.072660E0
5.620000E0	4.318700E1	-1.152313E0
5.640000E0	4.311154E1	-1.323018E0
5.660000E0	4.312275E1	-1.348183E0
5.680000E0	4.321896E1	-1.129188E0
5.700000E0	4.328796E1	-9.296908E-1
5.720000E0	4.332508E1	-8.575287E-1
5.740000E0	4.332617E1	-9.197668E-1
5.760000E0	4.330420E1	-9.892834E-1
5.780000E0	4.339695E1	-1.119716E0
5.800000E0	4.381129E1	-1.059397E0
5.820000E0	4.410671E1	-1.013265E0
5.840000E0	4.434289E1	-1.027626E0
5.860000E0	4.452877E1	-1.065205E0
5.880000E0	4.455597E1	-1.048951E0
5.900000E0	4.463657E1	-9.806071E-1
5.920000E0	4.473214E1	-9.296281E-1
5.940000E0	4.522982E1	-8.318645E-1
5.960000E0	4.548251E1	-9.035428E-1
5.980000E0	4.588429E1	-9.610409E-1
6.000000E0	4.614566E1	-9.203617E-1
6.020000E0	4.650345E1	-8.307196E-1
6.040000E0	4.656154E1	-7.564080E-1
6.060000E0	4.651778E1	-4.891937E-1
6.080000E0	4.649063E1	-3.258294E-1
6.100000E0	4.669782E1	-2.040492E-1
6.120000E0	4.687503E1	-2.308939E-1
6.140000E0	4.698109E1	-3.650900E-1
6.160000E0	4.698965E1	-5.783430E-1
6.180000E0	4.744113E1	-9.811301E-1
6.200000E0	4.790132E1	-1.305194E0
6.220000E0	4.832025E1	-1.486759E0
6.240000E0	4.847018E1	-1.499680E0
6.260000E0	4.862156E1	-1.575402E0
6.280000E0	4.902732E1	-1.628029E0
6.300000E0	4.933680E1	-1.614185E0
6.320000E0	4.949639E1	-1.603949E0
6.340000E0	4.968577E1	-1.419055E0
6.360000E0	4.997844E1	-1.244214E0
6.380000E0	5.028223E1	-9.296085E-1
6.400000E0	5.025321E1	-9.347240E-1
6.420000E0	4.993245E1	-1.053010E0
6.440000E0	4.998964E1	-1.311850E0
6.460000E0	5.042013E1	-1.494593E0
6.480000E0	5.096144E1	-1.496958E0
6.500000E0	5.134216E1	-1.241964E0
6.520000E0	5.116904E1	-9.128682E-1
6.540000E0	5.111562E1	-9.241604E-1
6.560000E0	5.110620E1	-1.075976E0
6.580000E0	5.109521E1	-1.123131E0
6.600000E0	5.106902E1	-9.560862E-1
6.620000E0	5.103617E1	-5.970014E-1
6.640000E0	5.117756E1	-2.987310E-1
6.660000E0	5.155677E1	-2.860919E-1
6.680000E0	5.163416E1	-4.699764E-1
6.700000E0	5.156677E1	-9.990960E-1
6.720000E0	5.170394E1	-1.516750E0
6.740000E0	5.200371E1	-1.905715E0
6.760000E0	5.208404E1	-2.085847E0
6.780000E0	5.202915E1	-2.026502E0
6.800000E0	5.204067E1	-1.778884E0
6.820000E0	5.217429E1	-1.417793E0
6.840000E0	5.217362E1	-1.301799E0
6.860000E0	5.242223E1	-1.207643E0
6.880000E0	5.269435E1	-1.185247E0
6.900000E0	5.267463E1	-1.185375E0
6.920000E0	5.266630E1	-1.142574E0
6.940000E0	5.276162E1	-1.012321E0
6.960000E0	5.308020E1	-7.771825E-1
6.980000E0	5.312323E1	-6.003624E-1
7.000000E0	5.313247E1	-5.357645E-1
7.020000E0	5.311410E1	-5.081935E-1
7.040000E0	5.308940E1	-4.035771E-1
7.060000E0	5.324648E1	-1.380681E-1
7.080000E0	5.361013E1	6.133054E-3
7.100000E0	5.379363E1	4.317219E-2
7.120000E0	5.412261E1	-3.846141E-2
7.140000E0	5.433247E1	-2.003119E-1
7.160000E0	5.468990E1	-2.326770E-1
7.180000E0	5.529278E1	-4.531440E-1
7.200000E0	5.576270E1	-8.700797E-1
7.220000E0	5.602524E1	-1.123131E0
7.240000E0	5.595272E1	-9.987021E-1
7.260000E0	5.602155E1	-6.354724E-1
7.280000E0	5.613024E1	-2.952781E-1
7.300000E0	5.615025E1	-2.430927E-1
7.320000E0	5.613232E1	-2.589620E-1
7.340000E0	5.602762E1	-5.051473E-1
7.360000E0	5.603563E1	-8.266710E-1
7.380000E0	5.615017E1	-1.077325E0
7.400000E0	5.648274E1	-1.066839E0
7.420000E0	5.692294E1	-7.873759E-1
7.440000E0	5.696335E1	-5.424017E-1
7.460000E0	5.693657E1	-6.278366E-1
7.480000E0	5.701112E1	-1.070919E0
7.500000E0	5.705084E1	-1.343050E0
7.520000E0	5.705188E1	-1.302212E0
7.540000E0	5.713398E1	-1.030910E0
7.560000E0	5.714179E1	-9.027981E-1
7.580000E0	5.716434E1	-9.475810E-1
7.600000E0	5.727058E1	-1.079712E0
7.620000E0	5.745649E1	-1.316663E0
7.640000E0	5.806378E1	-1.518094E0
7.660000E0	5.888289E1	-1.625209E0
7.680000E0	5.958892E1	-1.531041E0
7.700000E0	6.020758E1	-1.358742E0
7.720000E0	6.012676E1	-1.140347E0
7.740000E0	5.980875E1	-1.016899E0
7.760000E0	5.978806E1	-1.226140E0
7.780000E0	6.016730E1	-1.296027E0
7.800000E0	6.049174E1	-1.221661E0
7.820000E0	6.053744E1	-1.055461E0
7.840000E0	6.067955E1	-9.620192E-1
7.860000E0	6.090526E1	-8.336418E-1
7.880000E0	6.114402E1	-6.264495E-1
7.900000E0	6.116837E1	-4.855651E-1
7.920000E0	6.122505E1	-4.622769E-1
7.940000E0	6.158593E1	-5.166134E-1
7.960000E0	6.170853E1	-7.508203E-1
7.980000E0	6.171225E1	-1.024931E0
8.000000E0	6.173113E1	-1.101467E0
8.020000E0	6.179682E1	-1.067524E0
8.040000E0	6.179456E1	-1.011706E0
8.060000E0	6.177588E1	-1.011903E0
8.080000E0	6.195988E1	-1.142621E0
8.100000E0	6.218138E1	-1.215109E0
8.120000E0	6.264678E1	-1.167116E0
8.140000E0	6.266163E1	-1.039491E0
8.160000E0	6.261527E1	-9.535298E-1
8.180000E0	6.258328E1	-9.445230E-1
8.200000E0	6.260448E1	-9.227019E-1
8.220000E0	6.258960E1	-9.480420E-1
8.240000E0	6.248985E1	-1.133408E0
8.260000E0	6.233019E1	-1.419892E0
8.280000E0	6.242019E1	-1.467238E0
8.300000E0	6.284835E1	-1.146186E0
8.320000E0	6.326443E1	-4.342748E-1
8.340000E0	6.335252E1	1.816017E-1
8.360000E0	6.330907E1	2.991483E-1
8.380000E0	6.320059E1	1.320627E-2
8.400000E0	6.324478E1	-6.023608E-1
8.420000E0	6.329031E1	-8.761764E-1
8.440000E0	6.330032E1	-9.810920E-1
8.460000E0	6.338013E1	-9.186710E-1
8.480000E0	6.353534E1	-6.907812E-1
8.500000E0	6.395967E1	-3.878964E-1
8.520000E0	6.397683E1	-5.040002E-1
8.540000E0	6.400733E1	-7.345016E-1
8.560000E0	6.439863E1	-9.510471E-1
8.580000E0	6.490830E1	-1.036734E0
8.600000E0	6.539478E1	-1.027745E0
8.620000E0	6.555484E1	-8.816875E-1
8.640000E0	6.532148E1	-7.028416E-1
8.660000E0	6.519824E1	-6.377259E-1
8.680000E0	6.531093E1	-6.709735E-1
8.700000E0	6.584546E1	-9.489394E-1
8.720000E0	6.635825E1	-1.242382E0
8.740000E0	6.684496E1	-1.259240E0
8.760000E0	6.685257E1	-1.208184E0
8.780000E0	6.678022E1	-1.168657E0
8.800000E0	6.687748E1	-1.064674E0
8.820000E0	6.704498E1	-9.969283E-1
8.840000E0	6.740720E1	-9.243556E-1
8.860000E0	6.792999E1	-9.094472E-1
8.880000E0	6.848434E1	-8.342972E-1
8.900000E0	6.879872E1	-7.283434E-1
8.920000E0	6.905031E1	-5.485140E-1
8.940000E0	6.942922E1	-5.076807E-1
8.960000E0	6.986105E1	-6.615781E-1
8.980000E0	7.010663E1	-9.424188E-1
9.000000E0	7.017285E1	-1.184382E0
9.020000E0	7.051902E1	-1.243133E0
9.040000E0	7.067705E1	-1.069481E0
9.060000E0	7.070642E1	-8.741732E-1
9.080000E0	7.073993E1	-8.003419E-1
9.100000E0	7.058181E1	-7.326665E-1
9.120000E0	7.050468E1	-6.134724E-1
9.140000E0	7.021300E1	-6.093703E-1
9.160000E0	7.007181E1	-7.917726E-1
9.180000E0	7.009825E1	-1.006950E0
9.200000E0	7.053147E1	-1.032342E0
9.220000E0	7.089962E1	-9.878571E-1
9.240000E0	7.094890E1	-9.701523E-1
9.260000E0	7.092767E1	-9.577510E-1
9.280000E0	7.088846E1	-9.723100E-1
9.300000E0	7.085229E1	-1.019191E0
9.320000E0	7.088274E1	-1.012749E0
9.340000E0	7.094966E1	-9.801793E-1
9.360000E0	7.098057E1	-9.833277E-1
9.380000E0	7.097545E1	-9.893694E-1
9.400000E0	7.097455E1	-1.010211E0
9.420000E0	7.090256E1	-1.035586E0
9.440000E0	7.085329E1	-1.112602E0
9.460000E0	7.099899E1	-1.110741E0
9.480000E0	7.138673E1	-1.034777E0
9.500000E0	7.159155E1	-9.580047E-1
9.520000E0	7.165558E1	-9.605100E-1
9.540000E0	7.164974E1	-9.276818E-1
9.560000E0	7.175747E1	-8.131137E-1
9.580000E0	7.197197E1	-5.308253E-1
9.600000E0	7.220398E1	-9.935859E-2
9.620000E0	7.261255E1	-8.423228E-3
9.640000E0	7.280267E1	-1.864942E-1
9.660000E0	7.313223E1	-5.347222E-1
9.680000E0	7.344230E1	-8.902362E-1
9.700000E0	7.352064E1	-1.051405E0
9.720000E0	7.349915E1	-1.029281E0
9.740000E0	7.359148E1	-7.557006E-1
9.760000E0	7.389455E1	-3.423934E-1
9.780000E0	7.413531E1	-2.131524E-1
9.800000E0	7.431187E1	-1.155080E-1
9.820000E0	7.441361E1	-1.066847E-1
9.840000E0	7.475633E1	-1.858528E-1
9.860000E0	7.519034E1	-2.273572E-1
9.880000E0	7.531661E1	-2.405249E-1
9.900000E0	7.570075E1	-3.330508E-1
9.920000E0	7.632673E1	-7.628826E-1
9.940000E0	7.678181E1	-1.105231E0
9.960000E0	7.698098E1	-1.295641E0
9.980000E0	7.700658E1	-1.225012E0
1.000000E1	7.696426E1	-9.955495E-1
1.002000E1	7.704057E1	-9.015258E-1
1.004000E1	7.704277E1	-9.446378E-1
1.006000E1	7.695619E1	-1.095771E0
1.008000E1	7.696799E1	-1.109374E0
1.010000E1	7.729354E1	-1.056825E0
1.012000E1	7.774226E1	-9.210934E-1
1.014000E1	7.844515E1	-6.042223E-1
1.016000E1	7.887505E1	-1.949843E-1
1.018000E1	7.854845E1	-3.215143E-2
1.020000E1	7.853486E1	-2.477037E-1
1.022000E1	7.870796E1	-6.677551E-1
1.024000E1	7.865609E1	-8.147821E-1
1.026000E1	7.869553E1	-7.065915E-1
1.028000E1	7.871624E1	-5.358716E-1
1.030000E1	7.864727E1	-4.948427E-1
1.032000E1	7.857690E1	-4.574360E-1
1.034000E1	7.837952E1	-3.781937E-1
1.036000E1	7.844190E1	-3.609108E-1
1.038000E1	7.894491E1	-4.110312E-1
1.040000E1	7.974944E1	-5.016204E-1
1.042000E1	8.029514E1	-6.620469E-1
1.044000E1	8.064875E1	-1.012589E0
1.046000E1	8.033704E1	-1.318127E0
1.048000E1	8.019588E1	-1.398023E0
1.050000E1	8.030198E1	-1.141244E0
1.052000E1	8.046878E1	-7.078927E-1
1.054000E1	8.055126E1	-6.598680E-1
1.056000E1	8.066642E1	-8.786854E-1
1.058000E1	8.071732E1	-1.035922E0
1.060000E1	8.100604E1	-9.612607E-1
1.062000E1	8.121525E1	-6.708122E-1
1.064000E1	8.120593E1	-5.928295E-1
1.066000E1	8.117192E1	-6.069082E-1
1.068000E1	8.112795E1	-5.854503E-1
1.070000E1	8.113309E1	-5.125393E-1
1.072000E1	8.125765E1	-3.058305E-1
1.074000E1	8.128341E1	-2.770028E-1
1.076000E1	8.137573E1	-1.378744E-1
1.078000E1	8.173191E1	-3.930722E-2
1.080000E1	8.216845E1	8.583421E-2
1.082000E1	8.259897E1	2.675777E-1
1.084000E1	8.332329E1	3.915439E-1
1.086000E1	8.375650E1	3.255670E-1
1.088000E1	8.366798E1	1.980093E-1
1.090000E1	8.354773E1	-3.624857E-3
1.092000E1	8.360740E1	-3.055059E-1
1.094000E1	8.362751E1	-5.927748E-1
1.096000E1	8.350459E1	-8.062970E-1
1.098000E1	8.355270E1	-9.498160E-1
1.100000E1	8.359301E1	-9.857316E-1
1.102000E1	8.400954E1	-8.062376E-1
1.104000E1	8.459633E1	-4.021228E-1
1.106000E1	8.494424E1	1.666369E-1
1.108000E1	8.457348E1	4.299881E-1
1.110000E1	8.457964E1	3.395717E-1
1.112000E1	8.477408E1	-1.926233E-1
1.114000E1	8.482042E1	-8.635144E-1
1.116000E1	8.481693E1	-1.157114E0
1.118000E1	8.500544E1	-1.027528E0
1.120000E1	8.512544E1	-6.528158E-1
1.122000E1	8.503337E1	-5.312011E-1
1.124000E1	8.500377E1	-6.766673E-1
1.126000E1	8.511350E1	-1.099000E0
1.128000E1	8.539688E1	-1.324125E0
1.130000E1	8.594624E1	-1.298979E0
1.132000E1	8.686495E1	-1.018684E0
1.134000E1	8.758723E1	-8.566650E-1
1.136000E1	8.803948E1	-6.547111E-1
1.138000E1	8.808236E1	-4.830124E-1
1.140000E1	8.783192E1	-4.021602E-1
1.142000E1	8.802311E1	-6.117819E-1
1.144000E1	8.837158E1	-9.434633E-1
1.146000E1	8.839906E1	-1.034264E0
1.148000E1	8.843908E1	-9.181942E-1
1.150000E1	8.847847E1	-7.441294E-1
1.152000E1	8.869930E1	-4.506975E-1
1.154000E1	8.884230E1	-3.659466E-1
1.156000E1	8.885432E1	-3.110114E-1
1.158000E1	8.887730E1	-2.633340E-1
1.160000E1	8.908919E1	-7.422471E-2
1.162000E1	8.954848E1	-5.672331E-2
1.164000E1	8.971867E1	-2.389456E-1
1.166000E1	8.981182E1	-4.817529E-1
1.168000E1	8.985823E1	-8.521809E-1
1.170000E1	8.985836E1	-9.314834E-1
1.172000E1	8.994860E1	-7.845763E-1
1.174000E1	8.994376E1	-6.467266E-1
1.176000E1	8.998706E1	-6.561311E-1
1.178000E1	9.013514E1	-7.325690E-1
1.180000E1	9.032303E1	-7.332258E-1
1.182000E1	9.040436E1	-6.194868E-1
1.184000E1	9.035735E1	-5.022727E-1
1.186000E1	9.033447E1	-4.741948E-1
1.188000E1	9.026033E1	-5.290342E-1
1.190000E1	9.001124E1	-7.559255E-1
1.192000E1	8.983135E1	-9.813358E-1
1.194000E1	8.992983E1	-1.005830E0
1.196000E1	9.010803E1	-8.763152E-1
1.198000E1	9.027231E1	-5.634638E-1
1.200000E1	9.059145E1	-4.698424E-2
1.202000E1	9.064208E1	4.406866E-1
1.204000E1	9.066996E1	6.070289E-1
1.206000E1	9.072154E1	4.644405E-1
1.208000E1	9.085593E1	1.783826E-1
1.210000E1	9.083830E1	8.209035E-2
1.212000E1	9.083222E1	1.141047E-1
1.214000E1	9.099266E1	2.922324E-1
1.216000E1	9.115870E1	2.219690E-1
1.218000E1	9.122028E1	-2.521185E-1
1.220000E1	9.122938E1	-5.372446E-1
1.222000E1	9.162318E1	-5.627691E-1
1.224000E1	9.216483E1	-4.325705E-1
1.226000E1	9.265992E1	-3.180225E-1
1.228000E1	9.285008E1	-2.598352E-1
1.230000E1	9.287875E1	-5.664507E-2
1.232000E1	9.285805E1	1.341007E-1
1.234000E1	9.291119E1	2.540365E-1
1.236000E1	9.322149E1	3.254666E-1
1.238000E1	9.330795E1	4.148993E-2
1.240000E1	9.376694E1	-2.994929E-1
1.242000E1	9.414513E1	-6.376134E-1
1.244000E1	9.436148E1	-6.670465E-1
1.246000E1	9.441098E1	-5.959284E-1
1.248000E1	9.444662E1	-4.442182E-1
1.250000E1	9.449490E1	-4.222710E-1
1.252000E1	9.492762E1	-3.760678E-1
1.254000E1	9.545877E1	-3.249303E-1
1.256000E1	9.597532E1	-2.045123E-1
1.258000E1	9.633454E1	-3.446237E-2
1.260000E1	9.685498E1	-5.440756E-3
1.262000E1	9.735737E1	-3.903167E-3
1.264000E1	9.767129E1	-2.952355E-1
1.266000E1	9.783165E1	-6.187160E-1
1.268000E1	9.794433E1	-7.329371E-1
1.270000E1	9.796210E1	-6.374419E-1
1.272000E1	9.795701E1	-3.684918E-1
1.274000E1	9.797580E1	-2.583799E-1
1.276000E1	9.794888E1	1.321318E-2
1.278000E1	9.783441E1	6.019885E-2
1.280000E1	9.740252E1	-9.066832E-2
1.282000E1	9.721057E1	-4.368474E-1
1.284000E1	9.756371E1	-5.649956E-1
1.286000E1	9.801154E1	-5.176865E-1
1.288000E1	9.837568E1	-2.901016E-1
1.290000E1	9.846472E1	-1.668973E-1
1.292000E1	9.836628E1	-1.685092E-1
1.294000E1	9.830454E1	-3.040958E-1
1.296000E1	9.832204E1	-3.944075E-1
1.298000E1	9.837311E1	-4.013540E-1
1.300000E1	9.838003E1	-4.017143E-1
1.302000E1	9.841774E1	-3.829785E-1
1.304000E1	9.845483E1	-4.144270E-1
1.306000E1	9.845980E1	-4.664251E-1
1.308000E1	9.841778E1	-5.042433E-1
1.310000E1	9.833986E1	-6.257978E-1
1.312000E1	9.843820E1	-6.755859E-1
1.314000E1	9.862775E1	-6.308489E-1
1.316000E1	9.877063E1	-5.158706E-1
1.318000E1	9.895601E1	-4.252510E-1
1.320000E1	9.901868E1	-3.900081E-1
1.322000E1	9.905931E1	-2.977454E-1
1.324000E1	9.908258E1	-1.253066E-1
1.326000E1	9.919364E1	2.765982E-1
1.328000E1	9.944262E1	5.921641E-1
1.330000E1	9.992544E1	5.446765E-1
1.332000E1	1.003366E2	3.183399E-1
1.334000E1	1.006292E2	1.038721E-1
1.336000E1	1.006209E2	5.531837E-2
1.338000E1	1.004539E2	1.320381E-1
1.340000E1	1.004397E2	1.851870E-1
1.342000E1	1.008039E2	4.287490E-2
1.344000E1	1.009775E2	-7.742468E-2
1.346000E1	1.010495E2	-7.389168E-2
1.348000E1	1.011127E2	9.054349E-2
1.350000E1	1.013130E2	3.005549E-1
1.352000E1	1.018381E2	5.705832E-1
1.354000E1	1.023186E2	6.592277E-1
1.356000E1	1.027933E2	6.212384E-1
1.358000E1	1.029960E2	3.194821E-1
1.360000E1	1.032178E2	-1.138703E-2
1.362000E1	1.034391E2	-3.106853E-1
1.364000E1	1.035806E2	-5.048402E-1
1.366000E1	1.036707E2	-5.477375E-1
1.368000E1	1.036403E2	-5.345715E-1
1.370000E1	1.034753E2	-6.019990E-1
1.372000E1	1.031784E2	-7.911136E-1
1.374000E1	1.031418E2	-9.679728E-1
1.376000E1	1.035173E2	-8.978849E-1
1.378000E1	1.040919E2	-5.084010E-1
1.380000E1	1.047931E2	-3.349408E-2
1.382000E1	1.049289E2	3.553773E-1
1.384000E1	1.048422E2	5.371920E-1
1.386000E1	1.049132E2	5.101588E-1
1.388000E1	1.050937E2	2.313541E-1
1.390000E1	1.051722E2	6.698725E-2
1.392000E1	1.052129E2	4.233081E-3
1.394000E1	1.051798E2	2.385797E-2
1.396000E1	1.051547E2	3.582868E-2
1.398000E1	1.051213E2	5.379130E-2
1.400000E1	1.049797E2	1.031509E-1
1.402000E1	1.050141E2	1.422481E-1
1.404000E1	1.054297E2	2.201006E-1
1.406000E1	1.059938E2	1.939004E-1
1.408000E1	1.065932E2	1.018163E-1
1.410000E1	1.071581E2	-4.647640E-2
1.412000E1	1.072206E2	-2.463887E-1
1.414000E1	1.070785E2	-3.000188E-1
1.416000E1	1.071037E2	-3.047298E-1
1.418000E1	1.073410E2	-1.916644E-1
1.420000E1	1.072890E2	-1.090774E-1
1.422000E1	1.072719E2	-1.395192E-1
1.424000E1	1.072764E2	-1.768595E-1
1.426000E1	1.072985E2	-1.125693E-1
1.428000E1	1.075201E2	7.058715E-3
1.430000E1	1.076012E2	3.768516E-2
1.432000E1	1.076145E2	2.618615E-2
1.434000E1	1.075980E2	2.243948E-2
1.436000E1	1.075612E2	7.763580E-2
1.438000E1	1.075951E2	1.068906E-1
1.440000E1	1.075900E2	1.552936E-1
1.442000E1	1.076460E2	1.758193E-1
1.444000E1	1.077914E2	2.371930E-1
1.446000E1	1.080122E2	3.295719E-1
1.448000E1	1.082034E2	3.329560E-1
1.450000E1	1.086502E2	3.883261E-1
1.452000E1	1.091622E2	4.588195E-1
1.454000E1	1.096604E2	7.100946E-1
1.456000E1	1.098433E2	8.436897E-1
1.458000E1	1.097167E2	8.693946E-1
1.460000E1	1.096811E2	8.179449E-1
1.462000E1	1.096600E2	7.453735E-1
1.464000E1	1.096523E2	6.924783E-1
1.466000E1	1.096618E2	2.910617E-1
1.468000E1	1.096815E2	-1.726257E-1
1.470000E1	1.097911E2	-5.118207E-1
1.472000E1	1.098863E2	-4.488647E-1
1.474000E1	1.103957E2	2.072507E-1
1.476000E1	1.103778E2	9.390542E-1
1.478000E1	1.102136E2	1.252266E0
1.480000E1	1.102511E2	1.118678E0
1.482000E1	1.104327E2	6.780611E-1
1.484000E1	1.103537E2	4.603057E-1
1.486000E1	1.103668E2	4.536953E-1
1.488000E1	1.104889E2	5.568845E-1
1.490000E1	1.107693E2	4.424648E-1
1.492000E1	1.109992E2	1.511842E-1
1.494000E1	1.110859E2	-2.795269E-1
1.496000E1	1.111681E2	-2.994554E-1
1.498000E1	1.112267E2	-3.656566E-1
1.500000E1	1.112692E2	-4.239722E-1
1.502000E1	1.116712E2	-4.512929E-1
1.504000E1	1.123587E2	-5.003338E-1
1.506000E1	1.133160E2	-4.815216E-1
1.508000E1	1.136521E2	-6.974987E-2
1.510000E1	1.138981E2	5.335191E-1
1.512000E1	1.138631E2	6.472936E-1
1.514000E1	1.142421E2	5.189711E-1
1.516000E1	1.144557E2	-6.468712E-2
1.518000E1	1.144908E2	-3.208453E-1
1.520000E1	1.144629E2	-2.834084E-1
1.522000E1	1.144723E2	2.914439E-2
1.524000E1	1.145517E2	1.707836E-1
1.526000E1	1.148197E2	2.917545E-1
1.528000E1	1.149106E2	4.462926E-1
1.530000E1	1.149929E2	5.600428E-1
1.532000E1	1.150879E2	5.595836E-1
1.534000E1	1.155845E2	4.550117E-1
1.536000E1	1.159427E2	2.860455E-1
1.538000E1	1.161390E2	7.777531E-2
1.540000E1	1.162730E2	-1.086054E-1
1.542000E1	1.163133E2	-1.908397E-1
1.544000E1	1.165203E2	-7.695578E-2
1.546000E1	1.164935E2	4.118282E-2
1.548000E1	1.164298E2	4.008923E-2
1.550000E1	1.163739E2	-9.968129E-3
1.552000E1	1.163851E2	-2.699514E-2
1.554000E1	1.163676E2	-4.427515E-2
1.556000E1	1.161947E2	-1.316340E-1
1.558000E1	1.161110E2	-3.275884E-1
1.560000E1	1.161838E2	-4.173194E-1
1.562000E1	1.162682E2	-2.933414E-1
1.564000E1	1.163553E2	-1.060230E-1
1.566000E1	1.164280E2	8.116965E-2
1.568000E1	1.164566E2	3.050596E-1
1.570000E1	1.163988E2	3.860576E-1
1.572000E1	1.163344E2	3.638295E-1
1.574000E1	1.163469E2	2.829267E-1
1.576000E1	1.164294E2	3.929182E-1
1.578000E1	1.165481E2	6.645015E-1
1.580000E1	1.165667E2	9.554124E-1
1.582000E1	1.166705E2	1.037736E0
1.584000E1	1.167249E2	9.247804E-1
1.586000E1	1.169660E2	5.021109E-1
1.588000E1	1.172972E2	2.988364E-1
1.590000E1	1.176255E2	3.344307E-1
1.592000E1	1.178955E2	3.622033E-1
1.594000E1	1.180201E2	3.721173E-1
1.596000E1	1.181787E2	2.610121E-1
1.598000E1	1.183017E2	2.234492E-1
1.600000E1	1.185121E2	3.726494E-1
1.602000E1	1.188788E2	8.470328E-1
1.604000E1	1.192794E2	9.325678E-1
1.606000E1	1.196599E2	9.535738E-1
1.608000E1	1.198255E2	9.063989E-1
1.610000E1	1.202035E2	8.203344E-1
1.612000E1	1.202564E2	8.158769E-1
1.614000E1	1.202768E2	8.836995E-1
1.616000E1	1.202701E2	9.947063E-1
1.618000E1	1.206240E2	9.519852E-1
1.620000E1	1.210269E2	6.435935E-1
1.622000E1	1.213524E2	3.524802E-1
1.624000E1	1.213851E2	3.840184E-1
1.626000E1	1.213765E2	4.371327E-1
1.628000E1	1.214524E2	5.022174E-1
1.630000E1	1.219434E2	5.294415E-1
1.632000E1	1.229431E2	4.478027E-1
1.634000E1	1.239988E2	4.381610E-1
1.636000E1	1.244660E2	5.116130E-1
1.638000E1	1.242027E2	8.504153E-1
1.640000E1	1.239749E2	9.917496E-1
1.642000E1	1.240799E2	9.298051E-1
1.644000E1	1.241297E2	4.843563E-1
1.646000E1	1.238713E2	1.198843E-1
1.648000E1	1.238750E2	3.395066E-3
1.650000E1	1.238994E2	1.103347E-1
1.652000E1	1.238920E2	4.094859E-1
1.654000E1	1.239211E2	6.163054E-1
1.656000E1	1.241145E2	8.730093E-1
1.658000E1	1.241339E2	1.063695E0
1.660000E1	1.242255E2	1.121575E0
1.662000E1	1.243558E2	1.059187E0
1.664000E1	1.244475E2	1.005826E0
1.666000E1	1.245744E2	7.904129E-1
1.668000E1	1.245813E2	5.172679E-1
1.670000E1	1.245145E2	4.840020E-1
1.672000E1	1.245129E2	5.546019E-1
1.674000E1	1.244490E2	5.958645E-1
1.676000E1	1.244457E2	4.758521E-1
1.678000E1	1.246259E2	3.373495E-1
1.680000E1	1.247272E2	2.367218E-1
1.682000E1	1.248309E2	2.352942E-1
1.684000E1	1.249166E2	2.397384E-1
1.686000E1	1.249444E2	3.151272E-1
1.688000E1	1.250030E2	4.520767E-1
1.690000E1	1.249777E2	7.462028E-1
1.692000E1	1.251925E2	1.103381E0
1.694000E1	1.255107E2	1.251891E0
1.696000E1	1.258536E2	1.247475E0
1.698000E1	1.261331E2	1.026655E0
1.700000E1	1.262767E2	9.515014E-1
1.702000E1	1.264691E2	9.977199E-1
1.704000E1	1.265403E2	1.086763E0
1.706000E1	1.266474E2	1.228904E0
1.708000E1	1.267797E2	1.279774E0
1.710000E1	1.268230E2	1.407300E0
1.712000E1	1.269174E2	1.406420E0
1.714000E1	1.269768E2	1.344421E0
1.716000E1	1.270642E2	1.322124E0
1.718000E1	1.275491E2	1.161767E0
1.720000E1	1.280417E2	8.849345E-1
1.722000E1	1.283354E2	7.096364E-1
1.724000E1	1.285315E2	6.585265E-1
1.726000E1	1.290584E2	7.090610E-1
1.728000E1	1.295317E2	8.428787E-1
1.730000E1	1.297756E2	1.067243E0
1.732000E1	1.296104E2	1.133806E0
1.734000E1	1.295882E2	1.111352E0
1.736000E1	1.295629E2	1.053240E0
1.738000E1	1.295672E2	9.415830E-1
1.740000E1	1.295304E2	8.146536E-1
1.742000E1	1.294984E2	5.789196E-1
1.744000E1	1.296369E2	2.391730E-1
1.746000E1	1.300475E2	5.526022E-2
1.748000E1	1.305579E2	1.466299E-1
1.750000E1	1.306489E2	5.056039E-1
1.752000E1	1.303163E2	5.305573E-1
1.754000E1	1.303183E2	3.311348E-1
1.756000E1	1.304749E2	2.314735E-1
1.758000E1	1.305654E2	3.952809E-1
1.760000E1	1.307269E2	6.900247E-1
1.762000E1	1.311513E2	8.657342E-1
1.764000E1	1.317197E2	9.587969E-1
1.766000E1	1.322339E2	9.984561E-1
1.768000E1	1.324378E2	1.001382E0
1.770000E1	1.326728E2	9.223690E-1
1.772000E1	1.328057E2	6.185362E-1
1.774000E1	1.328541E2	2.161697E-1
1.776000E1	1.329829E2	-5.289442E-2
1.778000E1	1.330877E2	1.929276E-2
1.780000E1	1.332971E2	3.365953E-1
1.782000E1	1.332823E2	8.752598E-1
1.784000E1	1.334021E2	1.304541E0
1.786000E1	1.338497E2	1.460927E0
1.788000E1	1.342298E2	1.421446E0
1.790000E1	1.344378E2	1.063245E0
1.792000E1	1.346682E2	7.718078E-1
1.794000E1	1.347297E2	7.414022E-1
1.796000E1	1.347040E2	7.855488E-1
1.798000E1	1.347177E2	8.316937E-1
1.800000E1	1.347380E2	8.970242E-1
1.802000E1	1.347229E2	9.544040E-1
1.804000E1	1.347724E2	9.488077E-1
1.806000E1	1.347987E2	9.586350E-1
1.808000E1	1.348488E2	9.491407E-1
1.810000E1	1.348956E2	9.416920E-1
1.812000E1	1.350016E2	9.313207E-1
1.814000E1	1.351143E2	8.989391E-1
1.816000E1	1.352337E2	8.772763E-1
1.818000E1	1.355214E2	8.786533E-1
1.820000E1	1.358403E2	9.469402E-1
1.822000E1	1.360897E2	1.091181E0
1.824000E1	1.361650E2	1.223047E0
1.826000E1	1.361140E2	1.189481E0
1.828000E1	1.361300E2	1.115489E0
1.830000E1	1.361259E2	1.062518E0
1.832000E1	1.360276E2	9.874233E-1
1.834000E1	1.360708E2	9.737442E-1
1.836000E1	1.363412E2	9.449341E-1
1.838000E1	1.367335E2	1.020135E0
1.840000E1	1.371228E2	1.208728E0
1.842000E1	1.371476E2	1.513159E0
1.844000E1	1.370707E2	1.529776E0
1.846000E1	1.370627E2	1.103548E0
1.848000E1	1.371488E2	5.206099E-1
1.850000E1	1.371516E2	3.635312E-1
1.852000E1	1.372773E2	6.252204E-1
1.854000E1	1.374018E2	1.087410E0
1.856000E1	1.375332E2	1.327488E0
1.858000E1	1.379175E2	1.368086E0
1.860000E1	1.378257E2	1.124912E0
1.862000E1	1.379417E2	8.251339E-1
1.864000E1	1.382656E2	8.182334E-1
1.866000E1	1.387573E2	8.867449E-1
1.868000E1	1.391082E2	9.698990E-1
1.870000E1	1.391876E2	9.274220E-1
1.872000E1	1.391325E2	8.629742E-1
1.874000E1	1.390856E2	7.004993E-1
1.876000E1	1.392352E2	5.903471E-1
1.878000E1	1.398894E2	6.439372E-1
1.880000E1	1.403749E2	5.808615E-1
1.882000E1	1.403615E2	4.385776E-1
1.884000E1	1.403307E2	3.880702E-1
1.886000E1	1.405322E2	4.497533E-1
1.888000E1	1.411142E2	6.395303E-1
1.890000E1	1.418202E2	7.739984E-1
1.892000E1	1.420470E2	1.049056E0
1.894000E1	1.423096E2	1.308464E0
1.896000E1	1.425037E2	1.421148E0
1.898000E1	1.426224E2	1.317559E0
1.900000E1	1.429586E2	1.008020E0
1.902000E1	1.430175E2	7.710039E-1
1.904000E1	1.430921E2	8.228531E-1
1.906000E1	1.433779E2	9.921255E-1
1.908000E1	1.437901E2	9.869268E-1
1.910000E1	1.441313E2	9.822503E-1
1.912000E1	1.441631E2	9.683482E-1
1.914000E1	1.439244E2	1.058821E0
1.916000E1	1.437661E2	1.175934E0
1.918000E1	1.440598E2	1.350837E0
1.920000E1	1.442210E2	1.357051E0
1.922000E1	1.440974E2	1.086943E0
1.924000E1	1.439301E2	4.726558E-1
1.926000E1	1.440028E2	2.665688E-1
1.928000E1	1.441624E2	5.063636E-1
1.930000E1	1.443335E2	9.603650E-1
1.932000E1	1.443593E2	1.317338E0
1.934000E1	1.443716E2	1.339019E0
1.936000E1	1.443253E2	1.107647E0
1.938000E1	1.443193E2	9.433616E-1
1.940000E1	1.443641E2	1.004809E0
1.942000E1	1.444427E2	1.228372E0
1.944000E1	1.443870E2	1.233057E0
1.946000E1	1.443702E2	1.168163E0
1.948000E1	1.443714E2	1.111101E0
1.950000E1	1.443338E2	1.024644E0
1.952000E1	1.444648E2	8.190498E-1
1.954000E1	1.448149E2	8.307628E-1
1.956000E1	1.451007E2	9.682028E-1
1.958000E1	1.453670E2	1.232304E0
1.960000E1	1.455223E2	1.267230E0
1.962000E1	1.455801E2	1.310957E0
1.964000E1	1.455891E2	1.353422E0
1.966000E1	1.456368E2	1.521546E0
1.968000E1	1.458600E2	1.885764E0
1.970000E1	1.460275E2	2.046301E0
1.972000E1	1.463958E2	1.892494E0
1.974000E1	1.468902E2	1.399352E0
1.976000E1	1.472174E2	9.384768E-1
1.978000E1	1.474424E2	7.881695E-1
1.980000E1	1.474347E2	9.875607E-1
1.982000E1	1.474509E2	1.530410E0
1.984000E1	1.476400E2	1.983457E0
1.986000E1	1.478305E2	2.173069E0
1.988000E1	1.480044E2	2.139407E0
1.990000E1	1.480527E2	1.918191E0
1.992000E1	1.482303E2	1.749934E0
1.994000E1	1.486343E2	1.563223E0
1.996000E1	1.489599E2	1.515695E0
1.998000E1	1.492561E2	1.537503E0
2.000000E1	1.497502E2	1.394401E0
2.002000E1	1.502486E2	1.005692E0
2.004000E1	1.507563E2	6.022429E-1
2.006000E1	1.507913E2	5.206329E-1
2.008000E1	1.507386E2	5.554655E-1
2.010000E1	1.508057E2	7.353829E-1
2.012000E1	1.508198E2	7.486293E-1
2.014000E1	1.508418E2	8.218038E-1
2.016000E1	1.508843E2	8.354912E-1
2.018000E1	1.511962E2	8.600511E-1
2.020000E1	1.515711E2	9.907261E-1
2.022000E1	1.522111E2	1.244312E0
2.024000E1	1.526286E2	1.537271E0
2.026000E1	1.524434E2	1.629049E0
2.028000E1	1.524007E2	1.346254E0
2.030000E1	1.524632E2	9.505455E-1
2.032000E1	1.524990E2	9.512471E-1
2.034000E1	1.525734E2	1.137927E0
2.036000E1	1.526030E2	1.380275E0
2.038000E1	1.525479E2	1.515284E0
2.040000E1	1.525148E2	1.539057E0
2.042000E1	1.524613E2	1.482868E0
2.044000E1	1.526781E2	1.418132E0
2.046000E1	1.532633E2	1.321358E0
2.048000E1	1.538794E2	1.123247E0
2.050000E1	1.541811E2	6.634278E-1
2.052000E1	1.540899E2	2.163975E-1
2.054000E1	1.540348E2	1.558895E-1
2.056000E1	1.540184E2	5.408141E-1
2.058000E1	1.540803E2	9.733061E-1
2.060000E1	1.542427E2	1.086234E0
2.062000E1	1.543145E2	9.515027E-1
2.064000E1	1.543909E2	7.405579E-1
2.066000E1	1.544732E2	7.358732E-1
2.068000E1	1.548418E2	7.686383E-1
2.070000E1	1.549469E2	9.186339E-1
2.072000E1	1.549748E2	9.895425E-1
2.074000E1	1.549634E2	1.064171E0
2.076000E1	1.549668E2	1.163595E0
2.078000E1	1.550227E2	1.234257E0
2.080000E1	1.551008E2	1.250572E0
2.082000E1	1.552082E2	1.343460E0
2.084000E1	1.554068E2	1.459925E0
2.086000E1	1.557506E2	1.731176E0
2.088000E1	1.561722E2	1.967795E0
2.090000E1	1.565498E2	2.106130E0
2.092000E1	1.569820E2	1.992024E0
2.094000E1	1.573450E2	1.718064E0
2.096000E1	1.573757E2	1.531892E0
2.098000E1	1.574086E2	1.504516E0
2.100000E1	1.574473E2	1.404915E0
2.102000E1	1.575248E2	1.220022E0
2.104000E1	1.575016E2	9.363271E-1
2.106000E1	1.572785E2	6.250120E-1
2.108000E1	1.572151E2	3.402806E-1
2.110000E1	1.572779E2	3.247875E-1
2.112000E1	1.575624E2	5.748099E-1
2.114000E1	1.580464E2	1.084436E0
2.116000E1	1.581768E2	1.741216E0
2.118000E1	1.580729E2	2.042366E0
2.120000E1	1.580654E2	2.030984E0
2.122000E1	1.581179E2	1.728276E0
2.124000E1	1.582074E2	1.361553E0
2.126000E1	1.582223E2	1.329061E0
2.128000E1	1.582391E2	1.376896E0
2.130000E1	1.584856E2	1.358317E0
2.132000E1	1.587047E2	1.240644E0
2.134000E1	1.587708E2	8.604777E-1
2.136000E1	1.588541E2	5.035198E-1
2.138000E1	1.590843E2	2.855971E-1
2.140000E1	1.594919E2	3.011372E-1
2.142000E1	1.597281E2	2.820542E-1
2.144000E1	1.599221E2	3.079594E-1
2.146000E1	1.602834E2	4.538162E-1
2.148000E1	1.608006E2	7.917694E-1
2.150000E1	1.612942E2	1.365340E0
2.152000E1	1.616053E2	1.768909E0
2.154000E1	1.619908E2	1.820626E0
2.156000E1	1.624577E2	1.670107E0
2.158000E1	1.625828E2	1.384138E0
2.160000E1	1.626601E2	1.259106E0
2.162000E1	1.626600E2	1.295334E0
2.164000E1	1.627047E2	1.351814E0
2.166000E1	1.627788E2	1.404179E0
2.168000E1	1.629480E2	1.527992E0
2.170000E1	1.630241E2	1.673401E0
2.172000E1	1.630966E2	1.766984E0
2.174000E1	1.632766E2	1.883506E0
2.176000E1	1.636083E2	1.853179E0
2.178000E1	1.638508E2	1.646203E0
2.180000E1	1.640791E2	1.312957E0
2.182000E1	1.645209E2	1.102049E0
2.184000E1	1.648436E2	9.330312E-1
2.186000E1	1.648311E2	9.338315E-1
2.188000E1	1.647710E2	9.667827E-1
2.190000E1	1.647032E2	1.023967E0
2.192000E1	1.647270E2	1.042576E0
2.194000E1	1.646395E2	9.384728E-1
2.196000E1	1.644517E2	7.140685E-1
2.198000E1	1.643128E2	4.595912E-1
2.200000E1	1.644163E2	4.883143E-1
2.202000E1	1.645046E2	6.533564E-1
2.204000E1	1.645042E2	9.103219E-1
2.206000E1	1.644339E2	1.157241E0
2.208000E1	1.644452E2	1.159817E0
2.210000E1	1.643998E2	1.164158E0
2.212000E1	1.643705E2	1.074078E0
2.214000E1	1.643679E2	1.039656E0
2.216000E1	1.644513E2	1.051266E0
2.218000E1	1.644834E2	1.313407E0
2.220000E1	1.646497E2	1.597321E0
2.222000E1	1.646943E2	1.709570E0
2.224000E1	1.647125E2	1.543765E0
2.226000E1	1.649833E2	1.145685E0
2.228000E1	1.653196E2	8.411028E-1
2.230000E1	1.657193E2	8.221436E-1
2.232000E1	1.659525E2	8.955237E-1
2.234000E1	1.660819E2	1.036157E0
2.236000E1	1.661949E2	9.897412E-1
2.238000E1	1.663114E2	9.364805E-1
2.240000E1	1.663798E2	9.873299E-1
2.242000E1	1.667759E2	1.125471E0
2.244000E1	1.671372E2	1.307996E0
2.246000E1	1.675661E2	1.459144E0
2.248000E1	1.678072E2	1.553293E0
2.250000E1	1.681698E2	1.557023E0
2.252000E1	1.682311E2	1.576529E0
2.254000E1	1.682626E2	1.564582E0
2.256000E1	1.682808E2	1.600576E0
2.258000E1	1.683411E2	1.685849E0
2.260000E1	1.683860E2	1.664420E0
2.262000E1	1.687080E2	1.627968E0
2.264000E1	1.689117E2	1.446555E0
2.266000E1	1.692109E2	1.083962E0
2.268000E1	1.696606E2	7.237084E-1
2.270000E1	1.701364E2	5.896059E-1
2.272000E1	1.705126E2	6.303881E-1
2.274000E1	1.708283E2	6.040527E-1
2.276000E1	1.711012E2	5.843473E-1
2.278000E1	1.711679E2	5.315664E-1
2.280000E1	1.713549E2	6.079549E-1
2.282000E1	1.715604E2	7.801143E-1
2.284000E1	1.717586E2	1.127739E0
2.286000E1	1.717922E2	1.129779E0
2.288000E1	1.717630E2	1.025692E0
2.290000E1	1.717811E2	8.336560E-1
2.292000E1	1.720869E2	8.460140E-1
2.294000E1	1.725192E2	1.013978E0
2.296000E1	1.728075E2	1.144744E0
2.298000E1	1.726605E2	1.130591E0
2.300000E1	1.724777E2	1.031542E0
2.302000E1	1.724823E2	9.544808E-1
2.304000E1	1.724580E2	1.080259E0
2.306000E1	1.723426E2	1.331833E0
2.308000E1	1.724498E2	1.527099E0
2.310000E1	1.725928E2	1.518717E0
2.312000E1	1.728933E2	1.399632E0
2.314000E1	1.730787E2	1.353013E0
2.316000E1	1.730370E2	1.320446E0
2.318000E1	1.730777E2	1.040505E0
2.320000E1	1.734381E2	5.398303E-1
2.322000E1	1.734416E2	1.908894E-1
2.324000E1	1.734408E2	1.355240E-1
2.326000E1	1.734402E2	3.853666E-1
2.328000E1	1.734605E2	6.429891E-1
2.330000E1	1.734856E2	7.390353E-1
2.332000E1	1.738449E2	8.099424E-1
2.334000E1	1.741086E2	8.364962E-1
2.336000E1	1.741700E2	8.520114E-1
2.338000E1	1.742810E2	9.119492E-1
2.340000E1	1.745219E2	9.296303E-1
2.342000E1	1.747951E2	9.908091E-1
2.344000E1	1.749228E2	1.205791E0
2.346000E1	1.749279E2	1.316808E0
2.348000E1	1.749248E2	1.414352E0
2.350000E1	1.749292E2	1.478877E0
2.352000E1	1.750549E2	1.536621E0
2.354000E1	1.751184E2	1.702634E0
2.356000E1	1.752445E2	1.826765E0
2.358000E1	1.756486E2	1.970572E0
2.360000E1	1.760611E2	1.933796E0
2.362000E1	1.764280E2	1.850953E0
2.364000E1	1.768237E2	1.882186E0
2.366000E1	1.772032E2	1.721390E0
2.368000E1	1.774601E2	1.355121E0
2.370000E1	1.775690E2	1.063288E0
2.372000E1	1.775526E2	8.325411E-1
2.374000E1	1.775387E2	8.544942E-1
2.376000E1	1.775730E2	1.103672E0
2.378000E1	1.775658E2	1.398478E0
2.380000E1	1.775223E2	1.467325E0
2.382000E1	1.775338E2	1.280793E0
2.384000E1	1.776449E2	1.070910E0
2.386000E1	1.778789E2	9.517946E-1
2.388000E1	1.782901E2	1.206739E0
2.390000E1	1.784269E2	1.728993E0
2.392000E1	1.782744E2	2.096131E0
2.394000E1	1.782086E2	2.082558E0
2.396000E1	1.783011E2	1.708187E0
2.398000E1	1.783930E2	1.052689E0
2.400000E1	1.785248E2	5.252769E-1
