	mass A		
t	x	y	
0.000000E0	5.098289E-2	-2.549145E-2
2.000000E-2	4.909171E-2	-5.714714E-2
4.000000E-2	6.105454E-2	-2.571241E-1
6.000000E-2	6.774157E-2	-2.279078E-1
8.000000E-2	7.898982E-2	-2.391950E-1
1.000000E-1	1.489796E-1	-4.890570E-1
1.200000E-1	1.433730E-1	-5.486399E-1
1.400000E-1	1.534540E-1	-5.040817E-1
1.600000E-1	1.574265E-1	-4.500288E-1
1.800000E-1	1.351243E-1	-4.663949E-1
2.000000E-1	1.456753E-1	-3.951301E-1
2.200000E-1	1.163521E-1	-3.771430E-1
2.400000E-1	1.339143E-1	-4.564012E-1
2.600000E-1	2.483802E-1	-4.514079E-1
2.800000E-1	3.211561E-1	-4.577945E-1
3.000000E-1	5.446515E-1	-4.443953E-1
3.200000E-1	6.104631E-1	-4.428873E-1
3.400000E-1	6.729467E-1	-3.915495E-1
3.600000E-1	6.829276E-1	-1.307816E-1
3.800000E-1	6.713982E-1	-3.465796E-2
4.000000E-1	6.804927E-1	-3.338344E-3
4.200000E-1	6.663832E-1	8.423180E-2
4.400000E-1	6.564753E-1	9.485060E-2
4.600000E-1	7.177876E-1	9.222955E-2
4.800000E-1	8.302728E-1	4.769814E-2
5.000000E-1	9.126111E-1	3.922201E-2
5.200000E-1	1.031126E0	2.778916E-2
5.400000E-1	1.095508E0	2.032774E-2
5.600000E-1	1.097770E0	2.638473E-2
5.800000E-1	1.126046E0	1.436588E-1
6.000000E-1	1.131352E0	1.146541E-1
6.200000E-1	1.123456E0	9.518518E-2
6.400000E-1	1.168016E0	1.858897E-1
6.600000E-1	1.206543E0	2.080482E-1
6.800000E-1	1.217471E0	1.951939E-1
7.000000E-1	1.207935E0	1.529831E-1
7.200000E-1	1.221563E0	-6.411090E-2
7.400000E-1	1.193446E0	-1.820344E-1
7.600000E-1	1.098353E0	-1.200472E-1
7.800000E-1	1.043976E0	-1.509952E-1
8.000000E-1	1.034186E0	-1.373990E-1
8.200000E-1	1.044780E0	-1.044155E-1
8.400000E-1	1.056902E0	-9.159287E-2
8.600000E-1	1.081183E0	-6.245524E-2
8.800000E-1	1.078436E0	-4.325044E-2
9.000000E-1	1.084074E0	-5.634292E-2
9.200000E-1	1.091412E0	-6.622497E-2
9.400000E-1	1.094805E0	-1.225569E-1
9.600000E-1	1.105450E0	-2.181319E-1
9.800000E-1	1.117056E0	-1.782828E-1
1.000000E0	1.161226E0	-2.505453E-1
1.020000E0	1.200674E0	-3.351209E-1
1.040000E0	1.197951E0	-3.518851E-1
1.060000E0	1.195705E0	-3.411643E-1
1.080000E0	1.175357E0	-3.653990E-1
1.100000E0	1.169517E0	-3.233150E-1
1.120000E0	1.155715E0	-2.901649E-1
1.140000E0	1.149960E0	-3.741403E-1
1.160000E0	1.169936E0	-4.457126E-1
1.180000E0	1.174804E0	-4.679940E-1
1.200000E0	1.204113E0	-5.222572E-1
1.220000E0	1.229229E0	-5.620409E-1
1.240000E0	1.238830E0	-5.627798E-1
1.260000E0	1.232936E0	-4.368077E-1
1.280000E0	1.178026E0	-3.011802E-1
1.300000E0	1.159490E0	-3.456644E-1
1.320000E0	1.147965E0	-3.567994E-1
1.340000E0	1.183639E0	-2.760778E-1
1.360000E0	1.181540E0	-1.873741E-1
1.380000E0	1.247805E0	-1.206338E-1
1.400000E0	1.260618E0	2.277672E-2
1.420000E0	1.350223E0	5.772473E-2
1.440000E0	1.546892E0	5.130371E-2
1.460000E0	1.578589E0	4.923648E-2
1.480000E0	1.590892E0	1.718509E-1
1.500000E0	1.602411E0	1.399494E-1
1.520000E0	1.636601E0	1.159429E-1
1.540000E0	1.639452E0	9.633098E-2
1.560000E0	1.663278E0	8.427587E-2
1.580000E0	1.671801E0	1.518857E-2
1.600000E0	1.683104E0	-4.692928E-2
1.620000E0	1.683749E0	-2.281920E-2
1.640000E0	1.700280E0	1.058315E-2
1.660000E0	1.690526E0	1.464631E-2
1.680000E0	1.683003E0	1.250411E-2
1.700000E0	1.734596E0	1.265110E-1
1.720000E0	1.777609E0	2.289410E-1
1.740000E0	1.756863E0	1.851045E-1
1.760000E0	1.784243E0	1.486668E-1
1.780000E0	1.721623E0	7.570647E-4
1.800000E0	1.704261E0	-1.137929E-1
1.820000E0	1.662907E0	-2.084994E-1
1.840000E0	1.651026E0	-2.635304E-1
1.860000E0	1.671110E0	-2.238381E-1
1.880000E0	1.710368E0	-1.922591E-1
1.900000E0	1.697148E0	-2.921607E-1
1.920000E0	1.713306E0	-3.497518E-1
1.940000E0	1.822882E0	-4.103976E-1
1.960000E0	1.809696E0	-4.306114E-1
1.980000E0	1.786703E0	-4.461894E-1
2.000000E0	1.764253E0	-3.284246E-1
2.020000E0	1.735910E0	-3.744612E-1
2.040000E0	1.733734E0	-4.660421E-1
2.060000E0	1.727076E0	-4.784581E-1
2.080000E0	1.794760E0	-5.384671E-1
2.100000E0	1.850984E0	-5.469657E-1
2.120000E0	1.950295E0	-5.322063E-1
2.140000E0	2.028474E0	-4.833369E-1
2.160000E0	2.082051E0	-4.222245E-1
2.180000E0	2.103023E0	-3.445115E-1
2.200000E0	2.049693E0	-4.199591E-1
2.220000E0	2.010217E0	-4.207480E-1
2.240000E0	2.049452E0	-3.601296E-1
2.260000E0	2.080133E0	-3.803786E-1
2.280000E0	2.100114E0	-4.065030E-1
2.300000E0	2.122394E0	-4.175570E-1
2.320000E0	2.127389E0	-4.246356E-1
2.340000E0	2.144790E0	-4.312112E-1
2.360000E0	2.122860E0	-4.303067E-1
2.380000E0	2.115177E0	-4.228124E-1
2.400000E0	2.114075E0	-4.352830E-1
2.420000E0	2.112352E0	-4.259447E-1
2.440000E0	2.111395E0	-4.180682E-1
2.460000E0	2.117747E0	-4.259108E-1
2.480000E0	2.151591E0	-3.547048E-1
2.500000E0	2.156960E0	-3.265812E-1
2.520000E0	2.195898E0	-3.312209E-1
2.540000E0	2.257775E0	-2.210729E-1
2.560000E0	2.233200E0	-1.469965E-1
2.580000E0	2.215960E0	-1.010426E-1
2.600000E0	2.255293E0	-7.803445E-3
2.620000E0	2.280301E0	5.873855E-2
2.640000E0	2.270203E0	4.911778E-2
2.660000E0	2.246110E0	-1.326884E-2
2.680000E0	2.222315E0	-7.558877E-2
2.700000E0	2.226863E0	-4.937849E-2
2.720000E0	2.208264E0	-5.006215E-3
2.740000E0	2.244604E0	-1.893148E-2
2.760000E0	2.452613E0	-8.888522E-2
2.780000E0	2.733703E0	-4.905323E-2
2.800000E0	3.013179E0	-4.992237E-2
2.820000E0	3.209852E0	-1.746901E-1
2.840000E0	3.199246E0	-1.382443E-1
2.860000E0	3.068670E0	-8.364430E-2
2.880000E0	2.982529E0	-9.153804E-2
2.900000E0	3.037386E0	-6.415591E-2
2.920000E0	3.078664E0	-2.483926E-2
2.940000E0	3.093276E0	-3.940454E-2
2.960000E0	3.161904E0	-5.411344E-2
2.980000E0	3.243057E0	-1.135590E-1
3.000000E0	3.467485E0	-1.299747E-1
3.020000E0	3.711603E0	-2.366315E-1
3.040000E0	3.721223E0	-2.153234E-1
3.060000E0	3.760126E0	3.611774E-2
3.080000E0	3.674847E0	2.671545E-2
3.100000E0	3.601687E0	-5.478606E-3
3.120000E0	3.616929E0	6.271494E-3
3.140000E0	3.620130E0	1.222280E-2
3.160000E0	3.628401E0	5.322305E-3
3.180000E0	3.629375E0	1.397899E-2
3.200000E0	3.638691E0	3.415998E-3
3.220000E0	3.638522E0	-1.632145E-2
3.240000E0	3.634578E0	-3.586885E-2
3.260000E0	3.582908E0	-2.655548E-2
3.280000E0	3.567110E0	-1.949359E-2
3.300000E0	3.542962E0	-2.405594E-2
3.320000E0	3.563593E0	-2.353953E-2
3.340000E0	3.579673E0	-2.323090E-2
3.360000E0	3.593245E0	-2.356816E-2
3.380000E0	3.597193E0	-2.612498E-2
3.400000E0	3.608921E0	-2.780824E-2
3.420000E0	3.614014E0	-3.486305E-2
3.440000E0	3.577593E0	-2.858932E-2
3.460000E0	3.550317E0	-2.433883E-2
3.480000E0	3.561274E0	-2.566252E-2
3.500000E0	3.574047E0	-2.529326E-2
3.520000E0	3.582870E0	-2.509822E-2
3.540000E0	3.675666E0	6.058156E-2
3.560000E0	3.672612E0	4.612759E-2
3.580000E0	3.703319E0	7.270292E-2
3.600000E0	3.752657E0	1.030441E-1
3.620000E0	3.743806E0	5.422679E-2
3.640000E0	3.829432E0	8.066511E-3
3.660000E0	3.948278E0	2.046976E-2
3.680000E0	4.172649E0	4.764307E-2
3.700000E0	4.407264E0	-1.648902E-1
3.720000E0	4.487922E0	-1.390493E-1
3.740000E0	4.489275E0	-5.564170E-2
3.760000E0	4.475275E0	2.665315E-2
3.780000E0	4.519332E0	2.423260E-2
3.800000E0	4.613553E0	1.937796E-1
3.820000E0	4.789493E0	3.364365E-1
3.840000E0	4.929065E0	2.084208E-1
3.860000E0	5.339305E0	1.544531E-1
3.880000E0	5.621062E0	7.731427E-2
3.900000E0	5.644316E0	2.992756E-2
3.920000E0	5.595650E0	-2.790438E-2
3.940000E0	5.309879E0	3.713643E-2
3.960000E0	5.270714E0	4.030621E-2
3.980000E0	5.249623E0	2.313173E-2
4.000000E0	5.201225E0	-2.178260E-2
4.020000E0	5.165834E0	1.870191E-3
4.040000E0	5.160691E0	6.416660E-3
4.060000E0	5.188200E0	-3.587303E-3
4.080000E0	5.355353E0	-2.123572E-2
4.100000E0	5.391235E0	-5.309832E-2
4.120000E0	5.464086E0	-5.909465E-2
4.140000E0	5.475259E0	-6.641254E-2
4.160000E0	5.485550E0	-5.663494E-2
4.180000E0	5.435343E0	-3.426808E-2
4.200000E0	5.464840E0	-1.883531E-2
4.220000E0	5.487235E0	-4.158221E-2
4.240000E0	5.517197E0	-3.784393E-2
4.260000E0	5.547695E0	-3.523727E-2
4.280000E0	5.547949E0	-4.172255E-2
4.300000E0	5.565056E0	-2.782782E-2
4.320000E0	5.552523E0	-4.251164E-2
4.340000E0	5.436630E0	-1.141148E-1
4.360000E0	5.457088E0	-3.153313E-2
4.380000E0	5.486404E0	-2.858898E-2
4.400000E0	5.526250E0	-4.299541E-2
4.420000E0	5.550116E0	-1.392568E-2
4.440000E0	5.571288E0	-1.471332E-2
4.460000E0	5.580635E0	-4.912746E-2
4.480000E0	5.578546E0	-4.198897E-2
4.500000E0	5.582694E0	-7.463312E-2
4.520000E0	5.581028E0	-1.195729E-1
4.540000E0	5.627855E0	-8.798252E-2
4.560000E0	5.671229E0	-1.022522E-1
4.580000E0	5.716106E0	-1.402176E-1
4.600000E0	5.789920E0	-5.589213E-2
4.620000E0	5.907887E0	-1.951069E-2
4.640000E0	5.963283E0	3.372011E-2
4.660000E0	6.001139E0	1.010677E-1
4.680000E0	6.024571E0	2.232103E-1
4.700000E0	6.072068E0	1.618776E-1
4.720000E0	6.169790E0	1.092212E-1
4.740000E0	6.312592E0	6.611219E-2
4.760000E0	6.416339E0	5.437584E-3
4.780000E0	6.482076E0	-4.671446E-2
4.800000E0	6.523449E0	-5.407754E-2
4.820000E0	6.557386E0	-2.952586E-2
4.840000E0	6.610726E0	2.027414E-1
4.860000E0	6.633012E0	2.949275E-1
4.880000E0	6.648738E0	3.482720E-1
4.900000E0	6.661170E0	4.315155E-1
4.920000E0	6.689272E0	5.315701E-1
4.940000E0	6.755168E0	5.387742E-1
4.960000E0	6.816478E0	5.236009E-1
4.980000E0	6.778620E0	5.215911E-1
5.000000E0	6.788147E0	3.602733E-1
5.020000E0	6.736609E0	2.131131E-1
5.040000E0	6.681083E0	1.660686E-1
5.060000E0	6.656512E0	1.312114E-1
5.080000E0	6.600623E0	7.357595E-2
5.100000E0	6.580899E0	5.750460E-2
5.120000E0	6.580160E0	3.390427E-2
5.140000E0	6.594843E0	2.432160E-2
5.160000E0	6.602448E0	1.707086E-2
5.180000E0	6.606400E0	1.080585E-2
5.200000E0	6.621073E0	1.213379E-2
5.220000E0	6.615818E0	7.984463E-3
5.240000E0	6.544994E0	-5.707676E-2
5.260000E0	6.547494E0	-3.889611E-2
5.280000E0	6.559617E0	-2.925245E-2
5.300000E0	6.592594E0	-3.273730E-2
5.320000E0	6.602516E0	-3.894608E-3
5.340000E0	6.605929E0	-1.080883E-2
5.360000E0	6.607903E0	-5.160816E-2
5.380000E0	6.609771E0	-5.084272E-2
5.400000E0	6.607272E0	-9.565788E-2
5.420000E0	6.608477E0	-1.756871E-1
5.440000E0	6.651728E0	-1.005427E-1
5.460000E0	6.692135E0	-1.381587E-1
5.480000E0	6.702072E0	-3.037141E-1
5.500000E0	6.711758E0	-3.188686E-1
5.520000E0	6.702565E0	-3.645137E-1
5.540000E0	6.699682E0	-3.579072E-1
5.560000E0	6.731054E0	-2.635499E-1
5.580000E0	6.746303E0	-3.008096E-2
5.600000E0	6.740964E0	-1.042715E-1
5.620000E0	6.780401E0	-1.241464E-1
5.640000E0	6.838425E0	-9.992627E-2
5.660000E0	6.935968E0	-1.205432E-2
5.680000E0	7.093524E0	1.316367E-2
5.700000E0	7.176886E0	5.087610E-2
5.720000E0	7.154263E0	2.006486E-1
5.740000E0	7.149921E0	2.721330E-1
5.760000E0	7.159697E0	3.351376E-1
5.780000E0	7.154401E0	3.749216E-1
5.800000E0	7.148287E0	4.112872E-1
5.820000E0	7.157393E0	4.092531E-1
5.840000E0	7.162911E0	4.118018E-1
5.860000E0	7.171421E0	4.372785E-1
5.880000E0	7.234053E0	4.958501E-1
5.900000E0	7.250907E0	4.678774E-1
5.920000E0	7.220429E0	4.865880E-1
5.940000E0	7.232152E0	5.432298E-1
5.960000E0	7.248105E0	5.676370E-1
5.980000E0	7.255492E0	6.074465E-1
6.000000E0	7.237633E0	5.701931E-1
6.020000E0	7.228466E0	5.011352E-1
6.040000E0	7.187640E0	3.723921E-1
6.060000E0	7.172706E0	3.408191E-1
6.080000E0	7.140897E0	3.553070E-1
6.100000E0	7.083743E0	3.079746E-1
6.120000E0	7.028196E0	3.115162E-1
6.140000E0	7.040133E0	3.425898E-1
6.160000E0	7.058678E0	3.658428E-1
6.180000E0	7.070228E0	3.909220E-1
6.200000E0	7.094175E0	4.079012E-1
6.220000E0	7.109778E0	4.067605E-1
6.240000E0	7.125927E0	4.068959E-1
6.260000E0	7.135260E0	4.002541E-1
6.280000E0	7.121488E0	3.390147E-1
6.300000E0	7.110136E0	2.732592E-1
6.320000E0	7.137206E0	2.986688E-1
6.340000E0	7.204778E0	2.541027E-1
6.360000E0	7.204162E0	1.262687E-1
6.380000E0	7.224389E0	5.595826E-2
6.400000E0	7.228243E0	3.645926E-2
6.420000E0	7.225091E0	1.562995E-2
6.440000E0	7.215086E0	7.096850E-2
6.460000E0	7.197725E0	1.385748E-1
6.480000E0	7.187228E0	8.623345E-2
6.500000E0	7.182745E0	5.402690E-2
6.520000E0	7.235566E0	-1.224918E-2
6.540000E0	7.278647E0	-8.019606E-2
6.560000E0	7.263051E0	-7.151124E-2
6.580000E0	7.248488E0	-6.481554E-2
6.600000E0	7.231712E0	-5.273016E-2
6.620000E0	7.211776E0	7.416986E-2
6.640000E0	7.167165E0	1.215560E-1
6.660000E0	7.169033E0	9.452878E-2
6.680000E0	7.171420E0	9.138934E-2
6.700000E0	7.178975E0	1.279466E-1
6.720000E0	7.197423E0	1.361135E-1
6.740000E0	7.233327E0	1.879964E-1
6.760000E0	7.310076E0	2.353013E-1
6.780000E0	7.315463E0	2.998358E-1
6.800000E0	7.295987E0	3.557329E-1
6.820000E0	7.288137E0	4.354213E-1
6.840000E0	7.276457E0	4.792959E-1
6.860000E0	7.262409E0	4.820477E-1
6.880000E0	7.241533E0	4.178187E-1
6.900000E0	7.219686E0	3.896194E-1
6.920000E0	7.221718E0	4.109999E-1
6.940000E0	7.234338E0	4.593140E-1
6.960000E0	7.257408E0	5.146002E-1
6.980000E0	7.261291E0	5.248141E-1
7.000000E0	7.248179E0	5.219795E-1
7.020000E0	7.257794E0	5.429510E-1
7.040000E0	7.284129E0	6.786360E-1
7.060000E0	7.256401E0	5.430654E-1
7.080000E0	7.229535E0	4.065267E-1
7.100000E0	7.209955E0	3.771143E-1
7.120000E0	7.175743E0	3.431881E-1
7.140000E0	7.148467E0	2.846020E-1
7.160000E0	7.130917E0	2.678310E-1
7.180000E0	7.142702E0	2.512176E-1
7.200000E0	7.167819E0	2.836734E-1
7.220000E0	7.246986E0	2.652401E-1
7.240000E0	7.276602E0	9.656607E-2
7.260000E0	7.276905E0	3.791790E-2
7.280000E0	7.271492E0	3.744870E-2
7.300000E0	7.255637E0	1.747313E-2
7.320000E0	7.245360E0	2.970302E-2
7.340000E0	7.241029E0	1.843617E-1
7.360000E0	7.251697E0	1.146774E-1
7.380000E0	7.265588E0	-4.505578E-2
7.400000E0	7.292460E0	-5.735373E-3
7.420000E0	7.323198E0	-4.164339E-2
7.440000E0	7.341223E0	-3.457348E-2
7.460000E0	7.322047E0	-4.345979E-2
7.480000E0	7.304347E0	-3.082647E-2
7.500000E0	7.239806E0	3.936689E-2
7.520000E0	7.169098E0	9.787722E-2
7.540000E0	7.170765E0	7.813152E-2
7.560000E0	7.178080E0	7.585179E-2
7.580000E0	7.191812E0	7.149418E-2
7.600000E0	7.207579E0	5.699160E-2
7.620000E0	7.222335E0	7.049360E-2
7.640000E0	7.210980E0	5.153138E-2
7.660000E0	7.215604E0	3.321190E-2
7.680000E0	7.203203E0	1.963166E-2
7.700000E0	7.195826E0	2.298208E-2
7.720000E0	7.196901E0	1.620240E-2
7.740000E0	7.195305E0	2.033960E-2
7.760000E0	7.214092E0	5.189842E-2
7.780000E0	7.227326E0	6.451416E-2
7.800000E0	7.266660E0	9.351932E-2
7.820000E0	7.294909E0	1.413061E-1
7.840000E0	7.297903E0	1.344319E-1
7.860000E0	7.318255E0	1.802874E-1
7.880000E0	7.305256E0	1.683352E-1
7.900000E0	7.288612E0	1.281754E-1
7.920000E0	7.271528E0	1.190043E-1
7.940000E0	7.258142E0	8.518679E-2
7.960000E0	7.257523E0	-4.523013E-2
7.980000E0	7.256900E0	5.410775E-2
8.000000E0	7.285269E0	1.023957E-1
8.020000E0	7.303323E0	9.451250E-2
8.040000E0	7.308855E0	9.231863E-2
8.060000E0	7.366527E0	6.602906E-2
8.080000E0	7.532792E0	2.773369E-2
8.100000E0	7.729137E0	3.135034E-2
8.120000E0	7.813954E0	-1.133655E-1
8.140000E0	7.710767E0	-3.722549E-1
8.160000E0	7.689249E0	-4.004138E-1
8.180000E0	7.688097E0	-3.480749E-1
8.200000E0	7.689570E0	-3.660653E-1
8.220000E0	7.676097E0	-3.147176E-1
8.240000E0	7.673961E0	-1.647866E-1
8.260000E0	7.717086E0	-1.641865E-1
8.280000E0	7.859604E0	-2.396630E-1
8.300000E0	7.945244E0	-2.454061E-1
8.320000E0	8.047269E0	-1.328598E-1
8.340000E0	8.064962E0	-1.956655E-1
8.360000E0	8.052909E0	-1.385638E-1
8.380000E0	8.029803E0	2.261867E-2
8.400000E0	8.071974E0	1.743001E-2
8.420000E0	8.079832E0	1.917804E-2
8.440000E0	8.066820E0	6.553109E-2
8.460000E0	8.072388E0	4.756499E-2
8.480000E0	8.121764E0	8.650211E-2
8.500000E0	8.142219E0	7.270725E-2
8.520000E0	8.151121E0	5.699401E-2
8.540000E0	8.104656E0	3.040218E-2
8.560000E0	8.075433E0	1.792310E-2
8.580000E0	8.092855E0	2.835356E-2
8.600000E0	8.109440E0	9.800524E-3
8.620000E0	8.123482E0	1.698629E-2
8.640000E0	8.130179E0	2.002611E-2
8.660000E0	8.146628E0	1.059317E-2
8.680000E0	8.146042E0	1.603313E-2
8.700000E0	8.148855E0	1.338124E-2
8.720000E0	8.147572E0	6.692606E-3
8.740000E0	8.141630E0	1.595772E-2
8.760000E0	8.130876E0	5.955577E-3
8.780000E0	8.143528E0	1.396821E-2
8.800000E0	8.145156E0	1.588947E-2
8.820000E0	8.160607E0	2.382567E-2
8.840000E0	8.203593E0	7.833004E-2
8.860000E0	8.245424E0	1.527507E-1
8.880000E0	8.234731E0	1.327801E-1
8.900000E0	8.252503E0	9.393173E-2
8.920000E0	8.232585E0	7.986751E-2
8.940000E0	8.261472E0	5.295133E-2
8.960000E0	8.357161E0	-6.489012E-2
8.980000E0	8.347455E0	-4.312403E-2
9.000000E0	8.389017E0	-9.670502E-2
9.020000E0	8.409829E0	-2.269137E-1
9.040000E0	8.517636E0	-9.408984E-2
9.060000E0	8.684742E0	4.685961E-2
9.080000E0	8.715971E0	1.082102E-1
9.100000E0	8.750443E0	1.711623E-1
9.120000E0	8.811293E0	4.441137E-1
9.140000E0	8.903692E0	4.734807E-1
9.160000E0	9.055983E0	2.447129E-1
9.180000E0	9.126427E0	1.916355E-1
9.200000E0	9.180461E0	3.613277E-2
9.220000E0	9.186730E0	3.462024E-5
9.240000E0	9.190885E0	-7.705726E-2
9.260000E0	9.151268E0	-1.605834E-2
9.280000E0	9.031368E0	1.349326E-1
9.300000E0	9.050279E0	1.116420E-1
9.320000E0	9.066442E0	1.064063E-1
9.340000E0	9.096859E0	1.124385E-1
9.360000E0	9.142306E0	9.829263E-2
9.380000E0	9.174466E0	6.768996E-2
9.400000E0	9.188871E0	5.529353E-2
9.420000E0	9.196445E0	1.237670E-2
9.440000E0	9.117869E0	-3.141200E-2
9.460000E0	9.138404E0	-5.276379E-3
9.480000E0	9.132502E0	-2.037019E-2
9.500000E0	9.140979E0	-1.109472E-2
9.520000E0	9.141546E0	-3.997309E-5
9.540000E0	9.158618E0	7.826902E-4
9.560000E0	9.156094E0	4.078562E-3
9.580000E0	9.140327E0	-6.267218E-3
9.600000E0	9.124211E0	-1.024931E-2
9.620000E0	9.108884E0	-4.912311E-3
9.640000E0	9.100379E0	-8.417994E-3
9.660000E0	9.092619E0	-6.763853E-4
9.680000E0	9.100189E0	1.556734E-2
9.700000E0	9.115972E0	4.795158E-3
9.720000E0	9.125818E0	8.896793E-3
9.740000E0	9.132221E0	6.216112E-3
9.760000E0	9.133533E0	8.601472E-3
9.780000E0	9.137286E0	5.347191E-3
9.800000E0	9.159410E0	-2.802262E-2
9.820000E0	9.170565E0	-7.050504E-2
9.840000E0	9.196330E0	-6.300765E-2
9.860000E0	9.277843E0	-4.381808E-2
9.880000E0	9.389688E0	-1.303674E-1
9.900000E0	9.447789E0	-9.160966E-2
9.920000E0	9.465812E0	-2.081168E-2
9.940000E0	9.425908E0	2.262784E-2
9.960000E0	9.378599E0	8.041911E-2
9.980000E0	9.357181E0	2.854296E-1
1.000000E1	9.331566E0	3.666388E-1
1.002000E1	9.325364E0	1.796803E-1
1.004000E1	9.437195E0	8.378414E-2
1.006000E1	9.550823E0	1.104750E-1
1.008000E1	9.836637E0	1.240681E-1
1.010000E1	1.000795E1	8.217012E-2
1.012000E1	1.008811E1	9.322333E-2
1.014000E1	1.008410E1	3.714759E-1
1.016000E1	1.010113E1	5.037643E-1
1.018000E1	1.013549E1	5.079947E-1
1.020000E1	1.014856E1	5.108299E-1
1.022000E1	1.014997E1	5.131175E-1
1.024000E1	1.017253E1	4.607606E-1
1.026000E1	1.016886E1	3.986613E-1
1.028000E1	1.015649E1	4.169632E-1
1.030000E1	1.012870E1	3.647672E-1
1.032000E1	1.007288E1	3.006524E-1
1.034000E1	1.003827E1	3.422433E-1
1.036000E1	1.007160E1	3.744735E-1
1.038000E1	1.003621E1	3.955872E-1
1.040000E1	1.006194E1	3.932114E-1
1.042000E1	1.008904E1	4.100469E-1
1.044000E1	1.010882E1	4.227222E-1
1.046000E1	1.012028E1	4.266356E-1
1.048000E1	1.012869E1	4.352559E-1
1.050000E1	1.013938E1	4.374722E-1
1.052000E1	1.009930E1	3.984262E-1
1.054000E1	1.007431E1	3.704517E-1
1.056000E1	1.008379E1	3.851823E-1
1.058000E1	1.011355E1	4.172189E-1
1.060000E1	1.012315E1	4.228937E-1
1.062000E1	1.014388E1	4.430400E-1
1.064000E1	1.015316E1	4.343809E-1
1.066000E1	1.015304E1	4.251351E-1
1.068000E1	1.015271E1	4.276529E-1
1.070000E1	1.015957E1	3.444952E-1
1.072000E1	1.016113E1	3.090083E-1
1.074000E1	1.019493E1	3.211850E-1
1.076000E1	1.023303E1	1.617164E-1
1.078000E1	1.024596E1	-3.750637E-2
1.080000E1	1.022857E1	-4.459322E-2
1.082000E1	1.024625E1	6.823053E-3
1.084000E1	1.023955E1	7.444143E-2
1.086000E1	1.028497E1	2.131654E-1
1.088000E1	1.030446E1	2.700050E-1
1.090000E1	1.027634E1	2.331904E-1
1.092000E1	1.030205E1	2.406681E-1
1.094000E1	1.037767E1	2.810842E-1
1.096000E1	1.048695E1	4.258725E-1
1.098000E1	1.052456E1	4.399370E-1
1.100000E1	1.057367E1	4.497390E-1
1.102000E1	1.056431E1	6.844791E-1
1.104000E1	1.055146E1	6.645093E-1
1.106000E1	1.057563E1	6.161941E-1
1.108000E1	1.059388E1	5.840611E-1
1.110000E1	1.061309E1	5.600419E-1
1.112000E1	1.063470E1	5.261623E-1
1.114000E1	1.063795E1	5.332859E-1
1.116000E1	1.068798E1	6.286588E-1
1.118000E1	1.070602E1	6.019547E-1
1.120000E1	1.071582E1	5.670545E-1
1.122000E1	1.070803E1	5.835269E-1
1.124000E1	1.074092E1	6.129650E-1
1.126000E1	1.073091E1	6.020668E-1
1.128000E1	1.072122E1	5.702688E-1
1.130000E1	1.070930E1	5.299296E-1
1.132000E1	1.064072E1	3.500193E-1
1.134000E1	1.065288E1	3.821562E-1
1.136000E1	1.063919E1	4.055238E-1
1.138000E1	1.062569E1	3.424690E-1
1.140000E1	1.055188E1	3.394560E-1
1.142000E1	1.056456E1	3.730401E-1
1.144000E1	1.057444E1	3.993590E-1
1.146000E1	1.059326E1	4.132013E-1
1.148000E1	1.060704E1	4.235516E-1
1.150000E1	1.062013E1	4.327532E-1
1.152000E1	1.062526E1	4.366504E-1
1.154000E1	1.060327E1	3.931196E-1
1.156000E1	1.061550E1	4.069497E-1
1.158000E1	1.059110E1	3.648940E-1
1.160000E1	1.065709E1	2.974841E-1
1.162000E1	1.068051E1	2.943190E-1
1.164000E1	1.072195E1	1.884446E-1
1.166000E1	1.071078E1	1.293356E-2
1.168000E1	1.074691E1	3.906975E-2
1.170000E1	1.076805E1	4.053418E-2
1.172000E1	1.073602E1	1.900627E-2
1.174000E1	1.073355E1	2.329215E-1
1.176000E1	1.071271E1	2.927110E-1
1.178000E1	1.070697E1	3.253082E-1
1.180000E1	1.075093E1	2.816580E-1
1.182000E1	1.078681E1	2.426114E-1
1.184000E1	1.078071E1	2.890523E-1
1.186000E1	1.076188E1	3.173638E-1
1.188000E1	1.075905E1	3.463154E-1
1.190000E1	1.071246E1	4.537739E-1
1.192000E1	1.069272E1	4.572876E-1
1.194000E1	1.064790E1	5.320989E-1
1.196000E1	1.065603E1	5.297348E-1
1.198000E1	1.066669E1	5.103382E-1
1.200000E1	1.067484E1	5.135010E-1
1.202000E1	1.072134E1	5.750470E-1
1.204000E1	1.077722E1	6.438763E-1
1.206000E1	1.076563E1	6.276011E-1
1.208000E1	1.074987E1	6.009515E-1
1.210000E1	1.074702E1	6.085256E-1
1.212000E1	1.074148E1	6.356527E-1
1.214000E1	1.073587E1	6.040521E-1
1.216000E1	1.072872E1	5.667833E-1
1.218000E1	1.072600E1	5.269949E-1
1.220000E1	1.072329E1	4.155949E-1
1.222000E1	1.071630E1	5.207156E-1
1.224000E1	1.071081E1	5.112265E-1
1.226000E1	1.071653E1	5.304830E-1
1.228000E1	1.071518E1	5.236294E-1
1.230000E1	1.072049E1	5.416495E-1
1.232000E1	1.079491E1	7.499588E-1
1.234000E1	1.077824E1	8.021656E-1
1.236000E1	1.075725E1	7.014245E-1
1.238000E1	1.069220E1	5.058898E-1
1.240000E1	1.068430E1	4.896869E-1
1.242000E1	1.065790E1	3.950662E-1
1.244000E1	1.065520E1	3.462843E-1
1.246000E1	1.065275E1	3.051847E-1
1.248000E1	1.066273E1	3.398667E-1
1.250000E1	1.069142E1	3.353745E-1
1.252000E1	1.077933E1	1.111792E-1
1.254000E1	1.076948E1	7.193518E-2
1.256000E1	1.075923E1	4.913201E-2
1.258000E1	1.075531E1	7.957102E-2
1.260000E1	1.073292E1	1.263550E-1
1.262000E1	1.075431E1	1.768416E-1
1.264000E1	1.073259E1	7.038102E-2
1.266000E1	1.075134E1	1.420617E-2
1.268000E1	1.080398E1	-7.663125E-3
1.270000E1	1.079831E1	-1.803750E-2
1.272000E1	1.084405E1	-3.422834E-2
1.274000E1	1.082917E1	-3.485302E-2
1.276000E1	1.079232E1	-9.416918E-3
1.278000E1	1.077299E1	5.594049E-3
1.280000E1	1.063335E1	4.255299E-2
1.282000E1	1.063556E1	7.142614E-2
1.284000E1	1.065179E1	5.682367E-2
1.286000E1	1.066606E1	4.893488E-2
1.288000E1	1.067603E1	3.897190E-2
1.290000E1	1.068295E1	3.751953E-2
1.292000E1	1.069272E1	3.433966E-2
1.294000E1	1.069750E1	2.899598E-2
1.296000E1	1.070264E1	2.729936E-2
1.298000E1	1.069273E1	5.683215E-2
1.300000E1	1.070443E1	3.338951E-2
1.302000E1	1.069867E1	4.443222E-2
1.304000E1	1.070148E1	4.791553E-2
1.306000E1	1.070460E1	4.065038E-2
1.308000E1	1.070676E1	4.374116E-2
1.310000E1	1.075972E1	1.007718E-1
1.312000E1	1.079579E1	1.463605E-1
1.314000E1	1.078766E1	1.234888E-1
1.316000E1	1.078212E1	1.557184E-1
1.318000E1	1.077261E1	1.365609E-1
1.320000E1	1.077110E1	1.745651E-1
1.322000E1	1.077067E1	1.455297E-1
1.324000E1	1.075751E1	1.220050E-1
1.326000E1	1.075580E1	1.013426E-1
1.328000E1	1.078501E1	4.233261E-2
1.330000E1	1.079248E1	6.122381E-2
1.332000E1	1.078295E1	5.805673E-2
1.334000E1	1.086796E1	2.593813E-2
1.336000E1	1.097209E1	2.520392E-2
1.338000E1	1.117451E1	3.772938E-2
1.340000E1	1.138150E1	-7.286477E-2
1.342000E1	1.142587E1	-1.903700E-1
1.344000E1	1.128368E1	-1.396561E-1
1.346000E1	1.114101E1	-1.326999E-1
1.348000E1	1.116245E1	-1.112989E-1
1.350000E1	1.119628E1	5.358734E-2
1.352000E1	1.119191E1	-8.054739E-3
1.354000E1	1.120129E1	-6.963689E-2
1.356000E1	1.122221E1	-6.139226E-2
1.358000E1	1.134439E1	-6.953241E-2
1.360000E1	1.151358E1	-1.586389E-1
1.362000E1	1.145621E1	-1.334734E-1
1.364000E1	1.134637E1	-3.971780E-2
1.366000E1	1.130258E1	2.793949E-2
1.368000E1	1.121234E1	2.918797E-2
1.370000E1	1.122682E1	3.843244E-2
1.372000E1	1.123385E1	3.708281E-2
1.374000E1	1.124415E1	3.473796E-2
1.376000E1	1.123974E1	4.175866E-2
1.378000E1	1.124510E1	3.950525E-2
1.380000E1	1.124068E1	4.079877E-2
1.382000E1	1.124774E1	2.917300E-2
1.384000E1	1.121791E1	3.372456E-2
1.386000E1	1.115041E1	2.610399E-2
1.388000E1	1.117487E1	2.123998E-2
1.390000E1	1.119528E1	1.513444E-2
1.392000E1	1.120750E1	1.214810E-2
1.394000E1	1.122218E1	1.354407E-2
1.396000E1	1.122175E1	2.667235E-3
1.398000E1	1.123886E1	1.683886E-2
1.400000E1	1.122865E1	1.171700E-2
1.402000E1	1.121179E1	7.791735E-3
1.404000E1	1.121706E1	1.120830E-2
1.406000E1	1.121721E1	1.679451E-2
1.408000E1	1.122209E1	1.377915E-2
1.410000E1	1.122390E1	1.917158E-2
1.412000E1	1.126574E1	4.437308E-2
1.414000E1	1.126324E1	2.792570E-2
1.416000E1	1.130185E1	4.492855E-2
1.418000E1	1.129305E1	6.102928E-2
1.420000E1	1.134510E1	2.244143E-2
1.422000E1	1.138721E1	1.338030E-2
1.424000E1	1.145238E1	4.191261E-2
1.426000E1	1.159273E1	-2.572588E-2
1.428000E1	1.176788E1	-2.163612E-1
1.430000E1	1.178195E1	-1.677818E-1
1.432000E1	1.176998E1	-7.896455E-2
1.434000E1	1.176595E1	-1.280460E-2
1.436000E1	1.182799E1	1.210302E-1
1.438000E1	1.185656E1	2.239591E-1
1.440000E1	1.185525E1	1.691867E-1
1.442000E1	1.199011E1	1.275206E-1
1.444000E1	1.229964E1	1.189611E-1
1.446000E1	1.256587E1	1.144983E-1
1.448000E1	1.271671E1	1.177077E-1
1.450000E1	1.266951E1	4.875366E-2
1.452000E1	1.241830E1	1.521461E-2
1.454000E1	1.231333E1	1.480423E-3
1.456000E1	1.228876E1	-1.197251E-2
1.458000E1	1.222438E1	1.757491E-2
1.460000E1	1.219506E1	-1.376572E-2
1.462000E1	1.221224E1	-6.127901E-3
1.464000E1	1.222076E1	-1.906876E-3
1.466000E1	1.223261E1	3.533231E-3
1.468000E1	1.224577E1	1.412798E-2
1.470000E1	1.224814E1	9.866435E-3
1.472000E1	1.223785E1	3.087265E-3
1.474000E1	1.223506E1	6.772259E-3
1.476000E1	1.221329E1	-3.228144E-3
1.478000E1	1.221251E1	-1.009526E-2
1.480000E1	1.221714E1	-1.374164E-2
1.482000E1	1.222285E1	-9.881193E-3
1.484000E1	1.222360E1	-1.077253E-2
1.486000E1	1.223620E1	-5.595957E-3
1.488000E1	1.223676E1	-1.395788E-3
1.490000E1	1.219574E1	-5.214443E-3
1.492000E1	1.220185E1	-6.172570E-3
1.494000E1	1.217718E1	-3.401677E-3
1.496000E1	1.219010E1	-2.120506E-2
1.498000E1	1.220114E1	-1.504929E-2
1.500000E1	1.221009E1	-1.314621E-2
1.502000E1	1.221442E1	-1.006498E-2
1.504000E1	1.222233E1	-1.409076E-2
1.506000E1	1.223075E1	-1.993943E-2
1.508000E1	1.227464E1	-7.041098E-2
1.510000E1	1.227359E1	-5.824974E-2
1.512000E1	1.231968E1	-1.029567E-1
1.514000E1	1.234475E1	-1.883463E-1
1.516000E1	1.234423E1	-2.386525E-1
1.518000E1	1.234444E1	-1.805733E-1
1.520000E1	1.244993E1	-3.852086E-2
1.522000E1	1.247229E1	7.823406E-2
1.524000E1	1.247918E1	2.707903E-1
1.526000E1	1.245826E1	2.925221E-1
1.528000E1	1.243492E1	3.363131E-1
1.530000E1	1.269013E1	3.514846E-1
1.532000E1	1.291594E1	3.369562E-1
1.534000E1	1.301202E1	3.411088E-1
1.536000E1	1.302408E1	2.923243E-1
1.538000E1	1.287488E1	3.451875E-1
1.540000E1	1.284371E1	4.311438E-1
1.542000E1	1.283030E1	4.933151E-1
1.544000E1	1.282191E1	5.422525E-1
1.546000E1	1.283078E1	5.674719E-1
1.548000E1	1.284503E1	6.200755E-1
1.550000E1	1.294498E1	6.548571E-1
1.552000E1	1.294223E1	7.162730E-1
1.554000E1	1.292020E1	6.565946E-1
1.556000E1	1.286936E1	5.764147E-1
1.558000E1	1.279423E1	3.589873E-1
1.560000E1	1.275622E1	3.483374E-1
1.562000E1	1.274204E1	3.461361E-1
1.564000E1	1.275904E1	3.664171E-1
1.566000E1	1.272098E1	3.318836E-1
1.568000E1	1.271943E1	3.559874E-1
1.570000E1	1.274081E1	3.744743E-1
1.572000E1	1.273072E1	3.847798E-1
1.574000E1	1.274326E1	4.028676E-1
1.576000E1	1.275650E1	4.156878E-1
1.578000E1	1.275808E1	4.145357E-1
1.580000E1	1.275447E1	4.018276E-1
1.582000E1	1.275936E1	4.134755E-1
1.584000E1	1.276566E1	3.960284E-1
1.586000E1	1.275898E1	3.943650E-1
1.588000E1	1.276614E1	4.003811E-1
1.590000E1	1.276300E1	3.969492E-1
1.592000E1	1.276380E1	3.917249E-1
1.594000E1	1.276793E1	3.673273E-1
1.596000E1	1.277369E1	3.239015E-1
1.598000E1	1.281184E1	3.263610E-1
1.600000E1	1.284128E1	2.765798E-1
1.602000E1	1.284400E1	1.137408E-1
1.604000E1	1.283628E1	-2.173435E-2
1.606000E1	1.283766E1	3.727342E-2
1.608000E1	1.284924E1	4.302957E-2
1.610000E1	1.283759E1	8.475422E-2
1.612000E1	1.284689E1	1.239305E-1
1.614000E1	1.283585E1	6.023915E-2
1.616000E1	1.286744E1	1.559508E-2
1.618000E1	1.292389E1	-4.387020E-3
1.620000E1	1.292714E1	-3.659128E-2
1.622000E1	1.292425E1	-9.095336E-3
1.624000E1	1.291624E1	-1.156269E-2
1.626000E1	1.290243E1	2.505880E-2
1.628000E1	1.287467E1	9.102809E-2
1.630000E1	1.286982E1	1.261214E-1
1.632000E1	1.285411E1	1.904465E-1
1.634000E1	1.285107E1	1.752682E-1
1.636000E1	1.289023E1	2.025238E-1
1.638000E1	1.294111E1	2.569458E-1
1.640000E1	1.293495E1	3.280269E-1
1.642000E1	1.290764E1	3.679891E-1
1.644000E1	1.289372E1	3.618426E-1
1.646000E1	1.286232E1	3.331240E-1
1.648000E1	1.286057E1	3.755923E-1
1.650000E1	1.286057E1	4.062365E-1
1.652000E1	1.286722E1	4.637580E-1
1.654000E1	1.289434E1	4.873234E-1
1.656000E1	1.292316E1	5.484967E-1
1.658000E1	1.293338E1	6.151308E-1
1.660000E1	1.293061E1	7.103675E-1
1.662000E1	1.291758E1	5.618712E-1
1.664000E1	1.285100E1	3.145022E-1
1.666000E1	1.278417E1	2.940291E-1
1.668000E1	1.280178E1	3.292661E-1
1.670000E1	1.276567E1	3.272970E-1
1.672000E1	1.278501E1	3.554378E-1
1.674000E1	1.278693E1	3.765142E-1
1.676000E1	1.278714E1	3.631441E-1
1.678000E1	1.278717E1	3.322427E-1
1.680000E1	1.279490E1	3.490144E-1
1.682000E1	1.281291E1	3.398465E-1
1.684000E1	1.285628E1	3.146416E-1
1.686000E1	1.287023E1	3.124385E-1
1.688000E1	1.286247E1	1.899619E-1
1.690000E1	1.285550E1	-6.439074E-3
1.692000E1	1.286265E1	-3.559781E-2
1.694000E1	1.288009E1	-2.564848E-2
1.696000E1	1.287449E1	1.774001E-2
1.698000E1	1.290038E1	9.763763E-2
1.700000E1	1.289829E1	9.234901E-2
1.702000E1	1.288824E1	4.248131E-2
1.704000E1	1.289149E1	3.913533E-2
1.706000E1	1.291763E1	-3.227125E-2
1.708000E1	1.290861E1	-9.086198E-2
1.710000E1	1.289759E1	-7.527035E-2
1.712000E1	1.288626E1	-7.789689E-2
1.714000E1	1.287845E1	3.405527E-4
1.716000E1	1.286764E1	1.862822E-2
1.718000E1	1.284054E1	4.377271E-2
1.720000E1	1.281890E1	7.248253E-2
1.722000E1	1.281323E1	6.265161E-2
1.724000E1	1.282150E1	6.071765E-2
1.726000E1	1.281917E1	6.104188E-2
1.728000E1	1.282699E1	5.159979E-2
1.730000E1	1.283216E1	5.770392E-2
1.732000E1	1.283196E1	5.113497E-2
1.734000E1	1.283860E1	4.736161E-2
1.736000E1	1.283817E1	4.872587E-2
1.738000E1	1.286448E1	8.497183E-2
1.740000E1	1.288708E1	1.312934E-1
1.742000E1	1.291105E1	1.413192E-1
1.744000E1	1.293485E1	1.859038E-1
1.746000E1	1.293729E1	1.661650E-1
1.748000E1	1.292026E1	1.509423E-1
1.750000E1	1.292246E1	1.501955E-1
1.752000E1	1.287993E1	7.729642E-4
1.754000E1	1.284533E1	-3.246246E-2
1.756000E1	1.287603E1	4.079480E-2
1.758000E1	1.287593E1	4.158130E-2
1.760000E1	1.291358E1	5.666992E-2
1.762000E1	1.296461E1	1.329024E-1
1.764000E1	1.296883E1	1.455142E-1
1.766000E1	1.296294E1	1.608359E-1
1.768000E1	1.294904E1	1.629435E-1
1.770000E1	1.295506E1	-1.613683E-2
1.772000E1	1.293938E1	-2.497332E-1
1.774000E1	1.295551E1	-2.214018E-1
1.776000E1	1.293077E1	-3.423951E-1
1.778000E1	1.290294E1	-5.142870E-1
1.780000E1	1.289518E1	-5.325375E-1
1.782000E1	1.288654E1	-4.766119E-1
1.784000E1	1.287490E1	-3.629847E-1
1.786000E1	1.292075E1	-3.065510E-1
1.788000E1	1.291349E1	-3.644852E-1
1.790000E1	1.293772E1	-4.184058E-1
1.792000E1	1.298374E1	-4.663507E-1
1.794000E1	1.298695E1	-5.611329E-1
1.796000E1	1.296930E1	-5.340158E-1
1.798000E1	1.296416E1	-5.154110E-1
1.800000E1	1.294720E1	-5.003153E-1
1.802000E1	1.288682E1	-4.269802E-1
1.804000E1	1.284056E1	-3.795833E-1
1.806000E1	1.282885E1	-3.472253E-1
1.808000E1	1.279241E1	-3.499442E-1
1.810000E1	1.281246E1	-3.713450E-1
1.812000E1	1.281891E1	-3.951995E-1
1.814000E1	1.278679E1	-3.971888E-1
1.816000E1	1.280769E1	-3.937191E-1
1.818000E1	1.282343E1	-4.256093E-1
1.820000E1	1.281128E1	-4.252624E-1
1.822000E1	1.282161E1	-4.268127E-1
1.824000E1	1.282733E1	-4.264525E-1
1.826000E1	1.283099E1	-4.251500E-1
1.828000E1	1.283429E1	-4.295658E-1
1.830000E1	1.284871E1	-4.319832E-1
1.832000E1	1.284219E1	-4.216340E-1
1.834000E1	1.285176E1	-4.230418E-1
1.836000E1	1.285542E1	-4.263140E-1
1.838000E1	1.285592E1	-4.226799E-1
1.840000E1	1.284162E1	-4.156808E-1
1.842000E1	1.284590E1	-4.229966E-1
1.844000E1	1.287688E1	-3.669463E-1
1.846000E1	1.288325E1	-3.646353E-1
1.848000E1	1.292490E1	-3.158096E-1
1.850000E1	1.294949E1	-2.928617E-1
1.852000E1	1.294976E1	-2.956436E-1
1.854000E1	1.295493E1	-3.100619E-1
1.856000E1	1.294176E1	-3.312174E-1
1.858000E1	1.296135E1	-3.912881E-1
1.860000E1	1.306507E1	-5.405518E-1
1.862000E1	1.315957E1	-5.113913E-1
1.864000E1	1.333559E1	-5.651208E-1
1.866000E1	1.353951E1	-6.482946E-1
1.868000E1	1.364944E1	-4.403272E-1
1.870000E1	1.375522E1	-3.768649E-1
1.872000E1	1.382382E1	-3.580380E-1
1.874000E1	1.387128E1	-1.314972E-1
1.876000E1	1.383780E1	7.410113E-2
1.878000E1	1.389031E1	-1.706652E-1
1.880000E1	1.395978E1	-4.310690E-1
1.882000E1	1.397221E1	-5.178578E-1
1.884000E1	1.395719E1	-5.156649E-1
1.886000E1	1.392310E1	-5.304682E-1
1.888000E1	1.383187E1	-4.881573E-1
1.890000E1	1.376974E1	-4.035868E-1
1.892000E1	1.375132E1	-3.792487E-1
1.894000E1	1.374744E1	-3.561452E-1
1.896000E1	1.375644E1	-3.498208E-1
1.898000E1	1.376925E1	-3.685524E-1
1.900000E1	1.378897E1	-3.697375E-1
1.902000E1	1.378755E1	-3.953471E-1
1.904000E1	1.374618E1	-4.322579E-1
1.906000E1	1.376009E1	-4.351683E-1
1.908000E1	1.377188E1	-4.365510E-1
1.910000E1	1.378456E1	-4.377288E-1
1.912000E1	1.378533E1	-4.267551E-1
1.914000E1	1.379467E1	-4.252206E-1
1.916000E1	1.379014E1	-4.399515E-1
1.918000E1	1.379541E1	-4.389029E-1
1.920000E1	1.378453E1	-4.518122E-1
1.922000E1	1.377380E1	-4.556806E-1
1.924000E1	1.378464E1	-4.519212E-1
1.926000E1	1.377727E1	-4.578198E-1
1.928000E1	1.377434E1	-4.509381E-1
1.930000E1	1.378630E1	-4.498796E-1
1.932000E1	1.378457E1	-4.475546E-1
1.934000E1	1.379343E1	-4.380464E-1
1.936000E1	1.379670E1	-4.334589E-1
1.938000E1	1.379799E1	-4.251347E-1
1.940000E1	1.380191E1	-4.327589E-1
1.942000E1	1.380383E1	-4.433291E-1
1.944000E1	1.381525E1	-4.567236E-1
1.946000E1	1.384778E1	-4.828537E-1
1.948000E1	1.396354E1	-4.482279E-1
1.950000E1	1.411883E1	-4.864038E-1
1.952000E1	1.431906E1	-5.751832E-1
1.954000E1	1.439045E1	-5.494500E-1
1.956000E1	1.440647E1	-4.327043E-1
1.958000E1	1.441417E1	-3.869600E-1
1.960000E1	1.437997E1	-2.778003E-1
1.962000E1	1.432549E1	-5.204997E-2
1.964000E1	1.434681E1	-1.364324E-1
1.966000E1	1.443286E1	-2.667098E-1
1.968000E1	1.450950E1	-2.010993E-1
1.970000E1	1.478096E1	-1.197452E-1
1.972000E1	1.501780E1	-1.114314E-1
1.974000E1	1.515460E1	-7.202223E-2
1.976000E1	1.515608E1	8.415343E-2
1.978000E1	1.516019E1	2.483684E-1
1.980000E1	1.519341E1	3.193018E-1
1.982000E1	1.516937E1	5.222730E-1
1.984000E1	1.518973E1	5.196909E-1
1.986000E1	1.520823E1	3.777844E-1
1.988000E1	1.523521E1	2.518303E-1
1.990000E1	1.515502E1	2.317534E-1
1.992000E1	1.519298E1	2.756941E-1
1.994000E1	1.515579E1	2.751823E-1
1.996000E1	1.512134E1	2.913624E-1
1.998000E1	1.515144E1	3.303542E-1
2.000000E1	1.516702E1	3.383119E-1
2.002000E1	1.518277E1	3.625950E-1
2.004000E1	1.521305E1	3.773330E-1
2.006000E1	1.522309E1	3.870375E-1
2.008000E1	1.522595E1	4.000626E-1
2.010000E1	1.524245E1	4.012168E-1
2.012000E1	1.522499E1	3.829419E-1
2.014000E1	1.520965E1	3.891706E-1
2.016000E1	1.521104E1	3.844871E-1
2.018000E1	1.520821E1	3.984325E-1
2.020000E1	1.520678E1	3.964746E-1
2.022000E1	1.522823E1	4.029791E-1
2.024000E1	1.522991E1	4.056197E-1
2.026000E1	1.523595E1	4.084525E-1
2.028000E1	1.523016E1	4.088278E-1
2.030000E1	1.521810E1	3.507493E-1
2.032000E1	1.522355E1	3.588655E-1
2.034000E1	1.524541E1	2.825697E-1
2.036000E1	1.528730E1	2.774339E-1
2.038000E1	1.530344E1	1.863344E-1
2.040000E1	1.534532E1	-4.742385E-2
2.042000E1	1.535782E1	-5.703227E-2
2.044000E1	1.534747E1	-6.531484E-2
2.046000E1	1.534772E1	-3.813036E-2
2.048000E1	1.531564E1	1.153347E-1
2.050000E1	1.535135E1	1.487258E-1
2.052000E1	1.534486E1	5.947700E-2
2.054000E1	1.539524E1	3.336541E-2
2.056000E1	1.551382E1	4.894510E-2
2.058000E1	1.565157E1	1.079377E-1
2.060000E1	1.580041E1	6.526544E-2
2.062000E1	1.581411E1	6.996359E-2
2.064000E1	1.577663E1	1.797383E-1
2.066000E1	1.570559E1	1.885083E-1
2.068000E1	1.566068E1	2.071063E-1
2.070000E1	1.567552E1	1.607351E-1
2.072000E1	1.565155E1	3.524761E-2
2.074000E1	1.567653E1	2.367579E-2
2.076000E1	1.571310E1	1.151380E-1
2.078000E1	1.571925E1	9.195233E-2
2.080000E1	1.575826E1	1.059345E-1
2.082000E1	1.576374E1	1.432092E-1
2.084000E1	1.577167E1	1.262438E-1
2.086000E1	1.579170E1	1.702171E-1
2.088000E1	1.583681E1	2.209976E-1
2.090000E1	1.582155E1	1.829884E-1
2.092000E1	1.578113E1	7.217913E-2
2.094000E1	1.576595E1	-3.293941E-2
2.096000E1	1.567184E1	-1.048168E-1
2.098000E1	1.567714E1	-1.155124E-1
2.100000E1	1.568129E1	-9.522881E-2
2.102000E1	1.562101E1	-9.798914E-2
2.104000E1	1.559617E1	-1.011229E-1
2.106000E1	1.551121E1	-7.275163E-2
2.108000E1	1.545438E1	-5.994649E-2
2.110000E1	1.541910E1	-5.607064E-2
2.112000E1	1.539254E1	-3.871259E-2
2.114000E1	1.536926E1	-4.277270E-2
2.116000E1	1.535152E1	-4.239378E-2
2.118000E1	1.533959E1	-4.073574E-2
2.120000E1	1.532170E1	-1.157404E-1
2.122000E1	1.532377E1	-2.102746E-1
2.124000E1	1.533096E1	-1.656859E-1
2.126000E1	1.537567E1	-1.629711E-1
2.128000E1	1.541347E1	-4.135307E-1
2.130000E1	1.540650E1	-4.487306E-1
2.132000E1	1.538801E1	-4.575986E-1
2.134000E1	1.538624E1	-4.312912E-1
2.136000E1	1.536424E1	-3.201491E-1
2.138000E1	1.534707E1	-2.855677E-1
2.140000E1	1.533581E1	-3.812413E-1
2.142000E1	1.535537E1	-4.271123E-1
2.144000E1	1.539678E1	-5.249368E-1
2.146000E1	1.542369E1	-6.349729E-1
2.148000E1	1.541122E1	-6.196327E-1
2.150000E1	1.537349E1	-5.585754E-1
2.152000E1	1.536207E1	-3.634517E-1
2.154000E1	1.533320E1	-3.534306E-1
2.156000E1	1.529487E1	-3.176331E-1
2.158000E1	1.527729E1	-3.224787E-1
2.160000E1	1.527525E1	-3.313518E-1
2.162000E1	1.531758E1	-3.479437E-1
2.164000E1	1.533507E1	-3.276564E-1
2.166000E1	1.538071E1	-3.068248E-1
2.168000E1	1.539669E1	-2.619914E-1
2.170000E1	1.538341E1	-1.709598E-1
2.172000E1	1.538495E1	-9.202278E-2
2.174000E1	1.539496E1	-4.317254E-3
2.176000E1	1.539942E1	3.496602E-2
2.178000E1	1.538164E1	5.277858E-2
2.180000E1	1.538083E1	3.320311E-3
2.182000E1	1.535810E1	-6.273754E-2
2.184000E1	1.535897E1	-5.166926E-2
2.186000E1	1.537559E1	-2.310062E-3
2.188000E1	1.537801E1	1.535047E-2
2.190000E1	1.538050E1	2.192986E-2
2.192000E1	1.541821E1	7.090708E-2
2.194000E1	1.541349E1	1.709715E-1
2.196000E1	1.542961E1	2.462177E-1
2.198000E1	1.542481E1	3.063853E-1
2.200000E1	1.538236E1	2.182080E-1
2.202000E1	1.534600E1	-9.277368E-3
2.204000E1	1.528209E1	-9.223849E-2
2.206000E1	1.528212E1	-8.707409E-2
2.208000E1	1.528217E1	-1.635852E-1
2.210000E1	1.529235E1	-1.375178E-1
2.212000E1	1.530945E1	-1.132257E-1
2.214000E1	1.533951E1	-3.265355E-1
2.216000E1	1.539804E1	-4.452612E-1
2.218000E1	1.538954E1	-4.864689E-1
2.220000E1	1.541167E1	-4.908241E-1
2.222000E1	1.539447E1	-4.070521E-1
2.224000E1	1.538682E1	-3.532698E-1
2.226000E1	1.534845E1	-3.568987E-1
2.228000E1	1.535634E1	-4.242953E-1
2.230000E1	1.537051E1	-4.462773E-1
2.232000E1	1.540283E1	-5.066416E-1
2.234000E1	1.541723E1	-5.368184E-1
2.236000E1	1.543226E1	-5.116622E-1
2.238000E1	1.543695E1	-5.127011E-1
2.240000E1	1.539089E1	-4.725335E-1
2.242000E1	1.534770E1	-4.112775E-1
2.244000E1	1.530116E1	-4.146798E-1
2.246000E1	1.526600E1	-4.069075E-1
2.248000E1	1.525192E1	-4.051087E-1
2.250000E1	1.527543E1	-4.187522E-1
2.252000E1	1.529703E1	-4.166454E-1
2.254000E1	1.530595E1	-4.362106E-1
2.256000E1	1.531868E1	-4.257633E-1
2.258000E1	1.531873E1	-4.266302E-1
2.260000E1	1.531798E1	-4.306211E-1
2.262000E1	1.531925E1	-4.343617E-1
2.264000E1	1.531623E1	-4.216586E-1
2.266000E1	1.531833E1	-4.232940E-1
2.268000E1	1.532323E1	-4.369183E-1
2.270000E1	1.533180E1	-4.049581E-1
2.272000E1	1.534103E1	-3.954003E-1
2.274000E1	1.534191E1	-3.682110E-1
2.276000E1	1.536821E1	-3.331806E-1
2.278000E1	1.538490E1	-3.326203E-1
2.280000E1	1.538923E1	-3.100680E-1
2.282000E1	1.541696E1	-2.734964E-1
2.284000E1	1.542374E1	-1.480658E-1
2.286000E1	1.543118E1	-7.805328E-2
2.288000E1	1.542700E1	-2.235999E-2
2.290000E1	1.541435E1	-7.795349E-2
2.292000E1	1.539145E1	-2.156784E-1
2.294000E1	1.540614E1	-1.149862E-1
2.296000E1	1.543233E1	-5.796683E-2
2.298000E1	1.554391E1	-1.322350E-1
2.300000E1	1.569419E1	-6.831395E-2
2.302000E1	1.596915E1	-5.028620E-2
2.304000E1	1.620872E1	-1.794326E-1
2.306000E1	1.626855E1	-1.940078E-1
2.308000E1	1.624961E1	-1.497201E-1
2.310000E1	1.597526E1	-1.752440E-1
2.312000E1	1.590507E1	-1.526002E-1
2.314000E1	1.590574E1	-2.077980E-3
2.316000E1	1.585069E1	-7.991177E-2
2.318000E1	1.587650E1	-1.421111E-1
2.320000E1	1.588458E1	-1.433908E-1
2.322000E1	1.592564E1	-1.711557E-1
2.324000E1	1.599357E1	-2.072580E-1
2.326000E1	1.598486E1	-1.510897E-1
2.328000E1	1.593860E1	-5.647084E-2
2.330000E1	1.586387E1	-1.435059E-2
2.332000E1	1.576912E1	2.251923E-3
2.334000E1	1.578192E1	-3.062023E-3
2.336000E1	1.578672E1	-4.436287E-3
2.338000E1	1.580908E1	-1.168861E-2
2.340000E1	1.580608E1	-8.907070E-3
2.342000E1	1.582576E1	2.362802E-3
2.344000E1	1.582723E1	4.698567E-3
2.346000E1	1.581422E1	-9.315137E-3
2.348000E1	1.579767E1	-8.198902E-3
2.350000E1	1.580395E1	-1.896086E-2
2.352000E1	1.579643E1	-1.943526E-2
2.354000E1	1.579316E1	-2.209906E-2
2.356000E1	1.580244E1	-3.069810E-2
2.358000E1	1.580863E1	-3.195772E-2
2.360000E1	1.580805E1	-3.478200E-2
2.362000E1	1.581476E1	-3.629317E-2
2.364000E1	1.581601E1	-3.665583E-2
2.366000E1	1.580814E1	-4.405824E-2
2.368000E1	1.581078E1	-4.178073E-2
2.370000E1	1.580446E1	-3.849854E-2
2.372000E1	1.580568E1	-3.398166E-2
2.374000E1	1.581714E1	-2.524333E-2
2.376000E1	1.582282E1	-2.930517E-2
2.378000E1	1.583963E1	-1.573970E-2
2.380000E1	1.584256E1	-2.169577E-2
2.382000E1	1.585568E1	-8.320111E-3
2.384000E1	1.589554E1	-6.936307E-4
2.386000E1	1.599060E1	-4.622931E-2
2.388000E1	1.617942E1	-2.289532E-2
2.390000E1	1.635154E1	-5.787887E-2
2.392000E1	1.647625E1	-1.754769E-1
2.394000E1	1.651892E1	-1.344208E-1
2.396000E1	1.649701E1	-8.110715E-2
2.398000E1	1.644142E1	-7.347523E-2
2.400000E1	1.637216E1	-6.743920E-2
